,Platform,Year,Genre,Publisher,Studio,GK_licence,Mois,RM_Publisher,RM_Publisher_score,RM_Publisher_rate,RM_Publisher_reviews,RM_Studio,RM_Studio_score,RM_Studio_rate,RM_Studio_reviews,RM_Licence,RM_Licence_score,RM_Licence_rate,RM_Licence_reviews,is_serie,is_top_serie,is_top_studio,is_e3,is_launch_plateform_associated,Sales_cat
0,1.0,2006,1.0,1.0,1.0,1.0,11,3.5,8.3,7.8,229.0,30.01,8.45,8.1,229.0,30.01,8.45,8.1,229.0,1,1,1,1,1,4
1,2.0,1985,2.0,1.0,1.0,2.0,1,1.27,7.0,5.6,5.0,2.17,7.0,6.3,12.0,1.59,7.0,7.1,172.0,1,1,1,0,1,4
2,1.0,2008,3.0,1.0,1.0,2.0,4,0.66,7.85,8.2,116.0,0.01,7.25,7.15,39.5,9.02,7.1,7.35,28.0,1,1,1,0,0,4
3,1.0,2009,1.0,1.0,1.0,1.0,7,0.53,8.15,8.2,42.0,11.9,6.0,8.2,136.0,82.74,7.6,7.05,210.0,1,1,1,1,1,4
4,3.0,1996,4.0,1.0,1.0,3.0,1,0.09,9.0,7.8,22.0,0.06,9.0,8.9,197.0,0.06,9.0,8.9,197.0,1,1,1,0,0,4
5,3.0,1989,5.0,1.0,2.0,4.0,1,2.14,7.1,7.1,8.0,5.58,7.1,7.1,8.0,5.58,7.1,7.1,8.0,1,1,0,0,1,4
6,4.0,2006,2.0,1.0,1.0,2.0,5,0.14,6.9,8.4,73.0,2.13,7.7,7.8,73.0,0.98,5.97,5.98,31.5,0,0,1,0,0,4
7,1.0,2006,6.0,1.0,1.0,5.0,2,0.03,9.2,9.2,11.0,0.3,9.2,9.2,11.0,0.3,9.2,9.2,11.0,1,1,1,0,1,4
8,1.0,2009,2.0,1.0,1.0,2.0,11,2.79,7.65,7.8,50.0,33.0,7.5,7.35,103.0,13.04,8.65,8.45,248.0,0,0,1,1,0,4
9,2.0,1984,7.0,1.0,3.0,6.0,1,1.11,5.4,5.4,24.0,1.11,5.4,5.4,24.0,1.11,5.4,5.4,24.0,0,0,1,0,1,4
10,4.0,2005,8.0,1.0,1.0,7.0,1,0.14,6.5,7.65,1.0,0.43,5.8,8.2,1.0,0.43,5.8,8.2,1.0,0,0,1,1,0,4
11,4.0,2005,3.0,1.0,1.0,2.0,11,0.37,7.05,7.75,85.0,6.67,7.4,7.5,85.0,0.39,7.15,6.65,35.0,1,1,1,1,0,4
12,3.0,1999,4.0,1.0,1.0,3.0,1,7.6,9.47,9.28,1050.0,7.6,9.47,9.28,1050.0,1.83,5.7,5.2,1.0,1,1,1,0,0,4
13,1.0,2007,1.0,1.0,1.0,8.0,5,1.24,6.15,7.3,84.0,7.31,9.08,8.65,564.0,7.31,9.08,8.65,564.0,1,1,1,0,0,4
14,1.0,2009,1.0,1.0,1.0,9.0,10,3.83,8.0,8.25,64.0,0.6,8.0,8.3,59.0,0.6,8.0,8.3,59.0,1,1,1,1,0,4
15,5.0,2010,6.0,2.0,4.0,10.0,11,9.88,8.37,8.28,1307.5,9.88,8.37,8.28,1307.5,9.88,8.37,8.28,1307.5,0,0,0,1,0,4
16,6.0,2013,9.0,3.0,5.0,11.0,9,0.24,6.6,6.67,26.5,11.02,9.16,8.2,1350.0,1.35,8.93,8.18,348.0,1,1,1,1,0,4
17,7.0,2004,9.0,3.0,5.0,11.0,10,1.45,6.93,7.4,65.0,0.04,9.13,8.68,363.5,1.72,9.0,8.6,17.0,1,1,1,0,0,4
18,8.0,1990,2.0,1.0,1.0,2.0,1,1.2,4.5,6.8,5.0,1.2,4.5,6.8,5.0,5.34,4.5,6.9,26.5,1,1,1,0,1,4
19,4.0,2005,6.0,1.0,1.0,12.0,4,0.6,6.2,7.3,613.0,12.27,7.87,8.17,613.0,12.27,7.87,8.17,613.0,0,0,1,0,0,4
20,4.0,2006,4.0,1.0,6.0,3.0,1,0.61,7.25,8.05,158.0,0.49,7.25,7.0,1.0,0.77,4.8,4.85,4.0,1,1,0,0,0,4
21,3.0,1989,2.0,1.0,1.0,2.0,9,1.28,8.0,4.3,3.0,1.61,8.0,4.3,3.0,7.46,8.0,7.5,160.0,1,1,1,0,1,4
22,2.0,1988,2.0,1.0,1.0,2.0,1,2.4,7.0,4.8,4.0,2.4,7.0,4.8,4.0,2.28,7.0,7.1,172.0,1,1,1,0,1,4
23,5.0,2013,9.0,3.0,5.0,11.0,9,0.05,6.53,6.43,47.0,10.57,9.16,8.17,1694.0,1.08,8.83,7.52,177.5,1,1,1,1,0,4
24,7.0,2002,9.0,3.0,5.0,11.0,11,0.05,7.99,8.82,189.5,0.05,7.99,8.82,189.5,13.1,8.57,8.52,331.5,1,1,1,0,0,4
25,9.0,2002,4.0,1.0,1.0,3.0,1,7.07,9.2,9.1,46.0,0.6,8.0,7.9,46.0,6.39,6.0,8.0,46.0,1,1,1,0,0,4
26,4.0,2010,4.0,1.0,7.0,13.0,1,28.62,7.85,7.95,203.0,28.62,7.85,7.95,203.0,28.62,7.85,7.95,203.0,1,1,0,0,0,4
27,4.0,2005,5.0,1.0,1.0,14.0,8,0.73,7.3,7.2,23.0,0.74,7.9,8.7,5.0,0.74,7.9,8.7,5.0,0,0,1,0,0,4
28,7.0,2001,3.0,4.0,8.0,15.0,7,0.17,5.15,6.3,4.0,9.49,8.15,8.5,89.0,9.49,8.15,8.5,89.0,1,1,1,1,0,4
29,5.0,2011,7.0,5.0,9.0,16.0,11,0.1,7.5,5.35,16.0,10.69,8.8,6.9,1946.0,1.4,8.0,6.82,330.0,1,0,1,1,0,4
30,3.0,1998,4.0,1.0,10.0,17.0,1,1.22,7.0,7.42,6.0,1.22,7.0,7.42,6.0,1.22,7.0,7.42,6.0,0,0,0,0,0,4
31,5.0,2010,7.0,5.0,11.0,16.0,11,0.26,5.65,4.87,2.5,1.53,7.8,7.9,289.0,10.69,8.8,6.9,1946.0,1,0,1,1,0,4
32,10.0,2013,4.0,1.0,6.0,3.0,1,2.27,7.25,6.2,70.0,0.05,8.1,8.05,3.0,0.07,7.0,7.8,42.0,1,1,0,0,0,4
33,11.0,2015,7.0,5.0,11.0,16.0,1,0.41,7.6,5.42,188.0,0.43,7.87,6.45,162.5,4.31,7.5,6.25,96.5,1,0,1,1,0,4
34,6.0,2012,7.0,5.0,11.0,18.0,11,0.28,8.0,6.82,330.0,1.4,8.0,6.82,330.0,1.4,8.0,6.82,330.0,1,0,1,1,1,4
35,5.0,2012,7.0,5.0,11.0,18.0,11,0.14,6.13,6.15,7.0,0.89,7.5,4.25,197.0,0.89,7.5,4.25,197.0,1,0,1,1,1,4
36,5.0,2009,7.0,5.0,9.0,16.0,11,0.24,5.9,6.25,4.0,6.72,8.23,8.25,818.0,0.19,7.1,7.32,292.0,1,0,1,1,0,4
37,6.0,2011,7.0,5.0,9.0,16.0,11,0.09,5.1,6.45,3.0,0.89,8.53,5.9,1093.5,0.63,7.8,6.92,171.5,1,0,1,1,0,4
38,7.0,2001,9.0,3.0,12.0,11.0,10,3.31,8.0,8.17,139.0,0.2,7.3,5.95,2.0,0.11,7.3,5.7,7.0,1,1,0,0,0,4
39,1.0,2008,10.0,1.0,13.0,2.0,3,0.65,7.55,7.25,41.0,0.12,5.9,5.05,2.0,11.52,9.4,9.02,1029.0,1,0,0,1,0,4
40,6.0,2010,7.0,5.0,11.0,16.0,11,0.13,5.0,7.7,3.0,0.06,5.0,7.7,3.0,0.89,8.53,5.9,1093.5,1,0,1,1,0,4
41,4.0,2005,8.0,1.0,1.0,19.0,3,1.07,6.75,7.2,33.0,24.76,7.0,6.2,17.0,24.76,7.0,6.2,17.0,1,0,1,1,0,4
42,10.0,2011,3.0,1.0,14.0,2.0,12,10.79,9.0,7.95,291.0,0.63,8.55,8.95,73.0,7.69,9.4,9.0,896.5,1,1,0,1,0,4
43,5.0,2007,7.0,2.0,15.0,20.0,9,0.47,5.53,7.08,29.5,8.49,7.75,8.2,158.0,0.16,7.75,8.2,158.0,1,1,0,1,0,4
44,11.0,2014,9.0,3.0,5.0,11.0,9,1.19,7.97,7.45,65.5,21.4,9.23,8.48,1534.0,21.4,9.23,8.48,1534.0,1,1,1,1,0,4
45,4.0,2009,9.0,1.0,1.0,3.0,1,2.61,7.3,8.0,17.0,3.27,4.65,4.15,17.0,1.61,4.65,5.55,15.0,1,1,1,0,0,4
46,12.0,1996,2.0,1.0,1.0,2.0,3,0.23,8.0,8.7,3.0,5.15,8.0,8.6,100.5,10.55,5.0,8.1,176.0,1,1,1,0,1,4
47,7.0,2004,3.0,4.0,8.0,15.0,2,0.14,4.0,4.0,1.0,14.98,9.25,8.4,107.0,14.98,9.25,8.4,107.0,1,1,1,1,0,4
48,1.0,2007,2.0,1.0,1.0,2.0,11,0.42,8.35,8.1,88.0,5.17,8.67,8.02,679.0,8.42,6.1,6.2,70.0,1,1,1,1,0,4
49,10.0,2014,4.0,1.0,16.0,3.0,1,0.89,7.2,7.15,10.0,0.89,7.2,7.15,10.0,0.79,5.0,7.35,2.0,1,1,0,0,0,4
50,3.0,1992,11.0,1.0,17.0,21.0,1,0.23,8.0,7.22,15.5,0.23,8.0,7.22,15.5,0.23,8.0,7.22,15.5,1,1,0,0,1,4
51,5.0,2008,9.0,3.0,5.0,11.0,4,0.14,6.3,7.6,746.5,0.98,9.1,8.7,746.5,3.54,7.6,7.55,155.5,1,1,1,0,0,4
52,13.0,1997,3.0,4.0,8.0,15.0,4,0.06,6.031713832918268,6.397319447588843,47.69849121939154,0.06,6.124297034186089,6.5221756848539485,46.42567400445214,0.06,6.170468643875925,6.560620330541076,49.119094731634924,1,1,1,0,0,4
53,10.0,2011,2.0,1.0,1.0,2.0,11,1.7,7.35,7.85,29.0,0.95,5.0,5.4,6.0,2.11,6.2,7.1,13.0,1,1,1,1,0,4
54,6.0,2010,3.0,4.0,8.0,15.0,11,0.3,7.5,5.75,1.0,4.2,7.5,6.6,74.0,4.2,7.5,6.6,74.0,1,1,1,1,0,4
55,6.0,2009,7.0,5.0,9.0,16.0,11,0.12,8.17,8.1,672.0,1.15,8.17,8.1,672.0,0.03,6.0,5.7,101.0,1,0,1,1,0,4
56,6.0,2008,9.0,3.0,5.0,11.0,4,0.03,7.57,7.82,115.5,7.72,7.93,7.5,288.5,0.97,7.17,7.53,124.5,1,1,1,0,0,4
57,8.0,1993,2.0,1.0,1.0,2.0,1,5.13,7.0,7.85,48.0,1.76,8.5,7.75,26.0,4.85,5.0,7.4,34.0,1,1,1,0,0,4
58,9.0,2004,4.0,1.0,18.0,22.0,1,0.74,7.6,7.65,81.0,0.74,7.6,7.65,81.0,0.74,7.6,7.65,81.0,1,1,0,0,0,4
59,4.0,2004,2.0,1.0,1.0,2.0,1,0.38,5.5,5.7,8.0,1.23,7.95,8.15,36.0,6.31,9.2,8.4,36.0,1,1,1,0,1,4
60,1.0,2011,6.0,6.0,19.0,23.0,10,0.08,5.1,10.0,1.0,0.08,5.1,10.0,1.0,0.73,5.1,10.0,1.0,1,1,1,1,0,4
61,5.0,2013,7.0,5.0,9.0,16.0,11,0.05,8.1,5.6,1907.0,13.46,8.1,5.5,1907.0,0.89,7.5,4.25,197.0,1,0,1,1,1,4
62,5.0,2010,7.0,2.0,20.0,20.0,9,0.17,3.75,6.85,3.0,0.16,3.75,6.85,3.0,2.63,6.6,6.9,38.0,1,1,0,1,0,4
63,12.0,1996,3.0,1.0,1.0,24.0,6,0.17,8.5,8.28,28.0,31.37,7.0,8.2,138.0,31.37,7.0,8.2,138.0,1,1,1,0,0,4
64,10.0,2012,2.0,1.0,1.0,2.0,8,1.05,7.0,8.15,2.0,1.27,5.9,6.3,2.0,10.79,9.0,7.95,291.0,0,0,1,1,0,4
65,5.0,2012,7.0,2.0,21.0,20.0,11,0.29,6.05,4.9,0.0,2.44,8.6,8.15,244.0,9.88,8.37,8.28,1307.5,1,1,0,1,0,4
66,13.0,1997,4.0,4.0,22.0,25.0,9,0.06,7.6,8.8,146.0,2.45,7.4,8.8,146.0,0.63,7.4,9.5,4.0,1,1,0,1,0,4
67,6.0,2013,7.0,5.0,9.0,16.0,11,0.05,7.77,5.3,972.0,1.72,7.77,4.95,972.0,1.69,2.0,3.2,9.0,1,0,1,1,1,4
68,1.0,2010,6.0,6.0,19.0,23.0,10,0.11,5.23,6.18,7.5,0.11,5.23,6.18,7.5,0.02,6.0,6.8,12.0,1,1,1,1,0,4
69,13.0,1999,3.0,4.0,8.0,15.0,11,4.79,7.4,8.3,29.0,10.95,8.3,7.85,38.0,10.95,8.3,7.85,38.0,1,1,1,0,0,4
70,5.0,2007,7.0,5.0,9.0,16.0,11,0.02,8.13,7.85,162.5,2.02,8.13,7.85,162.5,1.07,7.1,6.5,48.0,1,0,1,1,0,4
71,8.0,1994,2.0,1.0,14.0,26.0,1,0.35,3.0,6.0,15.0,1.46,3.0,5.9,38.0,1.11,3.0,5.4,24.0,1,1,0,0,1,4
72,5.0,2013,6.0,2.0,23.0,27.0,11,0.06,6.0,6.7,35.0,0.06,6.0,6.7,35.0,0.06,6.0,6.7,35.0,0,1,0,1,0,4
73,10.0,2012,8.0,1.0,1.0,28.0,6,0.22,4.7,5.85,6.0,0.09,6.45,6.7,19.0,3.15,8.7,8.8,19.0,1,0,1,1,0,4
74,4.0,2007,6.0,1.0,24.0,2.0,11,0.35,7.25,7.55,12.0,0.06,5.75,6.65,5.0,3.76,8.33,7.9,297.0,1,1,0,0,0,4
75,5.0,2011,4.0,7.0,25.0,29.0,11,0.22,5.87,6.07,40.5,4.01,8.17,7.92,363.5,0.26,9.02,8.28,604.5,0,0,0,1,0,4
76,8.0,1992,3.0,1.0,26.0,30.0,1,4.61,9.25,9.35,381.5,4.61,9.25,9.35,381.5,4.61,9.25,9.35,381.5,1,1,0,0,0,4
77,11.0,2015,1.0,8.0,27.0,31.0,9,0.98,8.0,6.7,4.0,0.98,8.0,6.7,4.0,0.45,6.75,4.78,31.0,1,1,1,1,0,4
78,1.0,2010,6.0,1.0,28.0,32.0,10,0.58,6.07,7.17,10.0,1.04,8.3,7.58,86.0,1.04,8.3,7.58,86.0,1,1,0,1,0,4
79,14.0,2004,7.0,2.0,15.0,20.0,11,0.19,5.85,7.05,8.0,6.43,8.68,8.4,247.0,6.43,8.68,8.4,247.0,1,1,0,1,0,4
80,1.0,2007,6.0,1.0,29.0,2.0,5,0.66,5.5,6.35,6.0,0.04,3.4,2.1,6.0,30.01,8.45,8.1,229.0,1,1,0,0,0,4
81,4.0,2012,4.0,1.0,30.0,33.0,1,4.21,9.25,9.22,1152.0,4.21,9.25,9.22,1152.0,4.21,9.25,9.22,1152.0,1,1,0,0,0,4
82,6.0,2012,9.0,8.0,31.0,31.0,9,0.24,7.75,7.72,3.5,0.55,6.67,6.92,2.0,0.47,9.0,7.7,136.0,1,1,0,0,1,4
83,15.0,2009,8.0,8.0,32.0,34.0,6,0.47,8.6,7.8,50.939571150097464,0.47,8.6,7.8,48.451559454191035,0.47,8.6,7.8,49.943567251461985,0,0,0,0,0,4
84,12.0,1997,7.0,1.0,33.0,35.0,8,4.03,7.9,8.15,181.0,0.71,9.0,7.45,8.0,0.71,9.0,7.45,8.0,0,0,0,0,0,4
85,1.0,2007,1.0,9.0,34.0,36.0,11,0.26,7.2,7.1,40.0,0.47,6.2,6.5,3.0,0.47,6.2,6.5,3.0,0,1,1,0,0,4
86,7.0,2001,4.0,4.0,22.0,25.0,12,0.14,6.25,6.85,3.0,0.87,9.2,8.65,100.0,5.3,8.45,8.8,350.0,1,1,0,0,0,4
87,13.0,1999,4.0,10.0,22.0,25.0,9,0.21,8.1,6.6,9.0,1.14,8.1,7.7,13.0,0.45,8.1,8.7,3.0,1,1,0,1,0,4
88,4.0,2008,4.0,1.0,6.0,3.0,1,0.51,7.4,8.45,63.0,18.36,7.0,7.7,68.0,18.36,7.0,7.7,68.0,0,0,0,0,0,4
89,16.0,1982,5.0,11.0,35.0,37.0,1,0.21,2.0,2.0,1.0,0.21,2.0,2.0,1.0,1.65,6.7,6.7,9.0,1,0,0,0,0,4
90,17.0,2005,9.0,3.0,5.0,11.0,12,0.08,7.4,8.25,18.0,1.95,9.15,8.65,333.0,1.95,9.15,8.65,333.0,1,1,1,0,0,4
91,1.0,2010,2.0,1.0,36.0,2.0,6,1.81,7.9,8.1,69.0,1.81,7.9,8.1,69.0,2.6,6.0,6.7,33.0,1,1,1,1,0,4
92,11.0,2015,7.0,8.0,37.0,38.0,1,0.65,7.75,7.88,84.0,0.02,7.0,6.3,9.0,0.02,7.0,6.3,9.0,0,0,0,0,0,4
93,11.0,2014,7.0,5.0,38.0,16.0,11,0.22,6.77,5.65,1.0,0.22,6.77,5.65,1.0,0.73,6.77,3.45,549.5,1,0,0,1,0,4
94,12.0,1998,9.0,1.0,1.0,39.0,12,1.83,5.7,5.2,1.0,0.38,5.7,7.6,25.0,4.61,9.25,9.35,381.5,0,1,1,0,0,4
95,13.0,1997,2.0,4.0,39.0,40.0,1,5.74,8.9,8.0,60.0,5.74,8.9,8.0,60.0,6.82,7.0,6.9,13.0,1,0,1,0,0,4
96,2.0,1988,2.0,1.0,1.0,2.0,1,2.15,7.0,3.7,3.0,2.15,7.0,3.7,3.0,40.24,7.0,8.4,235.0,1,1,1,0,1,4
97,10.0,2014,10.0,1.0,40.0,41.0,1,0.8,5.25,5.75,6.0,0.05,5.0,7.8,4.0,0.05,5.0,7.8,4.0,1,0,1,1,0,4
98,5.0,2008,7.0,5.0,11.0,16.0,11,0.03,6.0,5.9,49.0,0.03,6.0,5.9,49.0,1.15,8.17,8.1,672.0,1,0,1,1,0,4
99,5.0,2011,7.0,8.0,41.0,42.0,10,0.22,6.25,7.2,4.0,0.71,8.4,8.02,563.0,2.97,8.43,8.28,703.0,1,1,1,1,0,4
100,1.0,2006,9.0,1.0,1.0,39.0,11,2.18,6.45,6.95,12.0,1.2,6.8,7.45,22.0,1.42,8.13,8.6,358.5,0,1,1,1,1,4
101,18.0,2015,7.0,5.0,11.0,16.0,1,0.13,6.8,6.55,1.0,0.36,6.8,5.07,87.5,0.41,7.6,5.42,188.0,1,0,1,1,0,4
102,1.0,2009,6.0,6.0,42.0,23.0,11,0.05,6.15,6.4,19.0,2.04,6.15,6.4,19.0,0.02,6.0,6.8,12.0,1,1,1,0,0,4
103,6.0,2011,7.0,8.0,41.0,42.0,10,0.09,7.92,7.33,74.5,2.83,6.83,6.65,375.5,0.71,8.4,8.02,563.0,1,1,1,1,0,4
104,7.0,2003,3.0,8.0,43.0,43.0,11,0.12,7.6,6.7,30.5,0.18,8.25,6.5,0.0,1.0,4.0,5.5,4.0,1,1,1,1,0,4
105,13.0,1998,10.0,4.0,40.0,44.0,4,0.07,5.0,5.0,1.0,0.58,5.0,7.6,42.0,5.74,8.9,8.0,60.0,1,0,1,0,1,4
106,13.0,1998,2.0,4.0,39.0,40.0,10,7.16,9.6,8.5,99.0,7.58,9.6,7.9,83.0,6.82,7.0,6.9,13.0,1,0,1,0,0,4
107,19.0,2001,10.0,1.0,44.0,45.0,12,2.26,8.6,8.3,102.5,5.55,7.95,8.6,282.0,5.55,7.95,8.6,282.0,1,0,0,1,0,4
108,20.0,2014,3.0,1.0,1.0,46.0,5,0.4,6.3,8.0,10.0,0.89,7.2,7.15,10.0,0.89,7.2,7.15,10.0,1,1,1,1,0,4
109,11.0,2015,4.0,7.0,25.0,47.0,11,0.08,7.55,7.2,39.5,6.56,8.51,7.98,1186.0,1.16,7.97,8.32,410.5,1,0,0,1,0,4
110,19.0,2003,3.0,1.0,1.0,48.0,11,1.04,6.7,7.55,5.0,0.71,7.3,7.8,36.0,0.71,7.3,7.8,36.0,1,1,1,1,0,4
111,1.0,2012,6.0,6.0,19.0,23.0,10,0.21,6.056810319554371,6.402236880680159,49.122339574331896,0.21,6.138100263852236,6.5155702140135,47.53496559449512,0.29,6.185627381999394,6.5565977719144,48.773403744599136,1,1,1,1,1,4
112,6.0,2013,1.0,8.0,45.0,31.0,9,0.82,7.2,6.3,4.0,0.72,7.73,7.02,127.5,0.29,7.9,5.9,136.0,1,1,1,1,1,4
113,7.0,2004,3.0,8.0,45.0,43.0,11,0.11,5.45,8.6,2.0,0.14,7.4,7.75,23.0,1.14,6.0,6.6,58.0,1,1,1,1,0,4
114,7.0,2002,7.0,8.0,46.0,49.0,5,0.12,7.77,6.95,19.5,0.12,7.77,6.95,19.5,2.67,9.2,8.7,19.5,1,0,1,1,0,4
115,6.0,2011,9.0,4.0,39.0,50.0,11,1.15,7.0,6.35,22.0,6.73,9.37,8.45,2117.5,6.73,9.37,8.45,2117.5,1,0,1,0,0,4
116,13.0,1996,2.0,4.0,47.0,40.0,1,0.03,6.074598214285714,6.518080357142857,51.629901960784316,0.03,6.105133928571427,6.627678571428572,32.81127450980392,0.03,6.240669642857141,6.645223214285716,43.85294117647059,1,0,0,0,0,4
117,1.0,2010,1.0,12.0,48.0,51.0,11,0.1,6.039757952973729,6.421583679114796,44.246983408748115,1.26,6.120172890733055,6.541791147994463,32.7447209653092,1.26,6.1493775933609935,6.577461964038736,36.71266968325792,0,0,0,0,0,4
118,5.0,2008,7.0,2.0,49.0,52.0,11,4.31,8.45,6.9,205.0,0.06,8.1,7.45,91.0,6.11,8.8,8.35,682.0,1,0,0,1,0,4
119,6.0,2009,9.0,4.0,39.0,50.0,10,0.34,7.4,7.2,23.0,0.55,6.8,7.1,10.0,4.94,7.93,7.93,997.0,1,0,1,0,0,4
120,6.0,2007,7.0,5.0,9.0,16.0,11,0.01,4.35,5.55,3.0,0.06,8.03,8.0,257.5,2.14,5.7,6.45,6.0,1,0,1,1,0,4
121,6.0,2011,1.0,8.0,45.0,31.0,9,0.1,3.65,4.5,75.0,1.15,7.97,7.52,75.0,1.08,7.65,7.0,108.0,1,1,1,1,0,4
122,4.0,2005,6.0,1.0,1.0,53.0,6,0.39,7.15,6.65,35.0,20.22,7.7,7.7,35.0,20.22,7.7,7.7,35.0,0,0,1,0,0,4
123,6.0,2010,9.0,3.0,50.0,54.0,5,0.07,7.73,7.92,137.0,2.45,7.73,7.92,137.0,0.55,6.7,7.55,28.0,1,1,0,0,0,4
124,11.0,2014,1.0,8.0,27.0,31.0,9,1.51,8.0,6.87,5.0,1.51,8.0,6.87,5.0,0.71,6.15,5.45,4.0,1,1,1,1,0,4
125,1.0,2010,2.0,1.0,14.0,26.0,12,0.48,4.9,5.95,3.0,1.82,8.5,8.5,137.0,0.64,4.3,6.0,5.0,1,1,0,1,1,4
126,6.0,2011,4.0,7.0,25.0,29.0,11,0.05,5.87,6.43,41.5,0.99,8.2,7.85,451.5,3.12,8.99,8.28,279.5,0,0,0,1,0,4
127,2.0,1986,9.0,1.0,1.0,39.0,1,0.92,5.0,5.0,5.0,1.32,5.0,5.0,5.0,1.32,5.0,5.0,5.0,0,1,1,0,0,4
128,6.0,2012,9.0,6.0,19.0,55.0,10,0.18,7.05,6.15,47.0,0.12,7.1,8.02,21.0,0.59,8.6,8.1,425.5,1,1,1,1,1,4
129,14.0,2001,7.0,2.0,15.0,20.0,11,0.25,8.0,8.0,1.0,0.25,8.0,8.0,1.0,0.25,8.0,8.0,1.0,1,1,0,1,1,4
130,9.0,2004,4.0,1.0,1.0,3.0,1,10.49,8.35,8.3,304.0,6.95,8.35,8.3,304.0,1.56,7.55,7.45,7.0,0,0,1,0,0,4
131,7.0,2002,4.0,4.0,22.0,56.0,9,3.65,7.6,7.5,5.0,8.05,8.6,8.45,356.0,8.05,8.6,8.45,356.0,1,0,0,1,0,4
132,3.0,2000,4.0,1.0,1.0,3.0,1,5.27,7.67,8.22,160.5,5.07,7.67,8.22,160.5,5.31,7.0,7.1,7.0,0,0,1,0,0,4
133,5.0,2009,7.0,2.0,15.0,20.0,9,2.63,6.6,6.9,38.0,0.69,8.9,7.45,2.0,0.1,7.4,7.23,160.5,1,1,0,1,0,4
134,5.0,2010,9.0,3.0,50.0,54.0,5,0.13,7.7,6.8,4.0,2.35,7.7,7.75,116.5,1.45,6.93,7.4,65.0,1,1,0,0,0,4
135,19.0,2002,2.0,1.0,1.0,2.0,8,0.36,7.1,7.4,1.0,0.47,7.1,6.7,3.0,5.46,9.0,8.9,286.0,1,1,1,1,0,4
136,8.0,1992,10.0,13.0,51.0,57.0,1,0.93,8.0,7.1,12.0,0.12,8.0,8.3,18.0,0.12,8.0,8.3,18.0,1,0,1,0,0,4
137,15.0,2004,4.0,5.0,52.0,58.0,2,0.26,3.0,5.0,1.0,0.13,9.07,8.95,313.0,0.13,9.07,8.95,313.0,0,0,0,1,0,4
138,13.0,1999,9.0,14.0,53.0,59.0,6,0.31,6.088482551300473,6.434726179584407,48.433114191796484,0.31,6.172187949287684,6.546846163900193,47.18157781906531,0.31,6.21488694288328,6.588625016337767,48.5520937544662,1,0,0,0,0,4
139,5.0,2010,1.0,2.0,33.0,60.0,11,5.13,7.83,6.85,746.0,0.48,7.6,7.85,10.0,0.48,7.6,7.85,10.0,0,0,0,1,0,4
140,5.0,2011,7.0,2.0,49.0,52.0,9,0.03,7.43,7.5,8.0,0.53,7.43,7.48,177.5,0.02,8.57,7.87,241.5,1,0,0,1,0,4
141,5.0,2006,7.0,2.0,49.0,52.0,11,0.07,8.65,6.7,3.0,0.02,8.65,8.6,42.0,0.02,8.65,8.6,42.0,1,0,0,1,0,4
142,7.0,2001,9.0,15.0,54.0,61.0,3,2.38,5.9,5.5,1.0,1.88,5.7,7.4,9.0,0.11,7.0,8.6,18.0,1,1,0,1,0,4
143,21.0,1992,2.0,9.0,55.0,62.0,1,2.6,6.03269493844049,6.3998449612402935,47.56792123629113,4.34,6.126103511171898,6.525690834473301,46.22083748753739,4.34,6.171917464660274,6.563750569995426,48.952018943170486,1,1,1,0,0,4
144,6.0,2008,9.0,15.0,56.0,61.0,6,2.54,5.0,5.4,78.0,1.19,8.35,7.45,78.0,0.46,8.35,8.8,2.0,1,1,0,0,0,4
145,13.0,1998,9.0,15.0,54.0,61.0,10,0.68,8.2,9.05,59.0,0.68,8.2,9.05,59.0,0.68,8.2,9.05,59.0,1,1,0,0,0,4
146,6.0,2013,9.0,16.0,39.0,63.0,6,0.55,7.25,7.75,63.0,1.74,8.0,7.4,204.0,1.74,8.0,7.4,204.0,0,0,1,1,0,4
147,7.0,2006,4.0,17.0,57.0,25.0,10,1.48,4.85,6.85,44.0,1.48,4.85,6.85,44.0,0.19,6.3,6.9,34.0,1,1,1,1,0,4
148,6.0,2008,2.0,4.0,58.0,64.0,11,0.17,7.13,7.37,20.0,0.09,7.13,7.37,20.0,0.09,7.13,7.37,20.0,0,0,0,0,0,4
149,4.0,2009,4.0,1.0,59.0,65.0,7,0.6,8.0,8.3,59.0,0.93,5.7,6.9,13.0,0.71,5.75,5.55,23.0,1,1,0,0,0,4
150,1.0,2007,9.0,18.0,60.0,66.0,11,0.1,6.6,4.25,2.0,0.11,5.1,6.4,2.0,0.11,5.1,6.4,2.0,0,0,1,0,0,4
151,13.0,1998,9.0,19.0,51.0,67.0,1,0.04,8.3,8.3,50.0,0.07,8.3,8.3,50.0,3.77,8.3,8.3,50.0,1,1,1,0,0,4
152,13.0,1996,10.0,4.0,40.0,44.0,8,0.15,6.088847616632856,6.436692444219113,48.18186226964112,0.2,6.17508620689656,6.552464503042644,46.86261604544825,0.2,6.213345588235299,6.59087221095338,48.078425938755714,1,0,1,0,1,4
153,4.0,2006,8.0,12.0,61.0,68.0,9,0.07,5.7,6.3,1.0,0.22,3.95,6.6,1.0,0.22,3.95,6.6,1.0,1,0,0,0,0,4
154,11.0,2014,7.0,5.0,15.0,69.0,9,0.02,6.0,8.5,3.0,12.14,8.3,7.98,879.0,12.14,8.3,7.98,879.0,0,0,0,1,0,4
155,2.0,1988,5.0,1.0,2.0,4.0,1,17.28,9.0,8.9,197.0,17.28,9.0,8.9,197.0,17.28,9.0,8.9,197.0,1,1,0,0,1,4
156,6.0,2009,9.0,6.0,62.0,55.0,11,0.03,7.39,7.0,278.5,1.08,7.39,7.0,278.5,4.83,8.03,7.5,1014.0,1,1,1,1,0,4
157,12.0,1999,10.0,1.0,44.0,70.0,12,0.31,6.75,6.38,8.0,0.31,6.75,6.38,8.0,3.83,9.0,6.38,201.0,1,0,0,1,0,4
158,5.0,2007,11.0,6.0,62.0,55.0,11,0.16,5.0,6.7,2.0,0.01,5.0,5.0,2.0,0.01,5.0,5.0,2.0,1,1,1,1,0,4
159,6.0,2011,9.0,20.0,63.0,71.0,10,0.11,8.73,8.5,783.0,3.5,8.73,8.5,783.0,3.5,8.73,8.5,783.0,1,0,0,1,0,4
160,5.0,2009,3.0,2.0,64.0,72.0,10,6.36,7.43,7.1,450.5,4.06,8.5,7.95,68.0,1.05,8.6,7.8,23.0,1,0,0,1,0,4
161,17.0,2008,4.0,13.0,51.0,73.0,6,0.29,7.0,4.0,2.0,1.35,8.13,7.88,247.0,1.35,6.55,7.9,34.0,1,1,1,0,0,4
162,9.0,2001,2.0,1.0,1.0,2.0,6,0.42,7.1,7.5,286.0,5.46,9.0,8.9,286.0,1.38,7.93,8.6,96.0,1,1,1,0,1,4
163,9.0,2001,3.0,1.0,3.0,74.0,9,1.04,8.3,7.58,86.0,1.38,7.93,8.6,96.0,1.38,7.93,8.6,96.0,1,1,1,0,0,4
164,9.0,2001,2.0,1.0,1.0,2.0,1,3.36,9.0,9.02,507.0,0.45,8.05,7.55,10.0,2.32,8.55,8.3,43.0,1,1,1,0,1,4
165,12.0,1999,12.0,1.0,65.0,3.0,1,3.7,8.0,7.38,90.0,0.36,8.0,7.38,9.0,3.7,8.0,7.38,90.0,1,1,0,0,0,4
166,6.0,2008,7.0,5.0,11.0,16.0,11,0.02,5.1,6.9,15.0,0.02,5.1,6.9,15.0,1.06,7.6,7.55,209.5,1,0,1,1,0,4
167,7.0,2001,2.0,21.0,60.0,40.0,10,0.0,0.0,0.0,0.0,0.63,4.2,5.1,3.0,4.79,7.4,8.3,29.0,1,0,1,0,0,4
168,6.0,2014,6.0,4.0,23.0,27.0,11,2.0,6.55,6.0,3.0,9.2,8.5,8.0,497.5,9.2,8.5,8.0,497.5,0,1,0,1,0,4
169,6.0,2009,4.0,17.0,57.0,25.0,3,0.02,6.03,6.78,112.5,0.69,6.03,6.78,112.5,0.08,6.03,8.1,3.0,1,1,1,1,0,4
170,3.0,1989,5.0,1.0,66.0,2.0,1,1.56,9.0,7.0,8.0,1.56,9.0,7.0,8.0,17.28,9.0,8.9,197.0,0,0,0,0,0,4
171,3.0,1999,6.0,1.0,1.0,3.0,1,23.1,6.0,8.2,136.0,3.7,8.0,8.2,90.0,23.1,6.0,8.2,136.0,1,1,1,0,0,4
172,5.0,2012,9.0,6.0,19.0,55.0,10,6.91,7.13,6.85,55.0,6.91,7.13,6.85,55.0,1.47,5.5,6.1,88.0,1,1,1,1,1,4
173,13.0,2000,4.0,10.0,22.0,25.0,11,0.51,6.95,7.95,58.0,0.58,6.95,7.95,58.0,7.86,8.5,8.4,350.0,1,1,0,0,0,4
174,7.0,2003,4.0,8.0,22.0,25.0,11,0.06,4.2,1.2,0.0,0.77,4.25,4.85,9.0,0.13,4.25,7.9,9.0,1,1,0,1,0,4
175,12.0,1999,2.0,1.0,33.0,26.0,11,1.47,6.75,6.83,19.0,3.65,9.1,9.0,178.5,5.15,8.0,8.6,100.5,1,1,0,0,1,4
176,5.0,2009,9.0,6.0,62.0,55.0,11,7.27,4.45,6.8,6.0,1.01,7.26,7.02,297.5,0.92,8.0,7.6,699.0,1,1,1,1,0,4
177,4.0,2007,5.0,1.0,59.0,75.0,2,0.03,7.93,7.95,104.0,0.84,7.93,7.95,104.0,0.84,7.93,7.95,104.0,0,0,0,0,0,4
178,13.0,1997,9.0,22.0,67.0,76.0,1,1.03,8.53,8.05,373.0,0.19,8.53,7.0,3.0,1.03,8.53,8.05,373.0,1,1,0,1,1,4
179,7.0,2003,1.0,8.0,68.0,77.0,9,0.51,9.4,7.2,0.0,1.09,8.6,7.6,0.0,1.09,8.6,7.6,0.0,1,1,1,1,0,4
180,7.0,2004,4.0,17.0,59.0,65.0,11,0.27,6.7,8.6,1.0,1.54,7.0,7.72,67.5,1.21,7.0,7.4,116.0,1,1,0,1,0,4
181,15.0,2012,4.0,5.0,52.0,78.0,5,0.75,7.13,6.65,148.0,4.83,9.15,8.35,269.0,0.13,8.1,8.5,363.0,1,0,0,0,0,4
182,9.0,2003,2.0,1.0,1.0,2.0,1,1.68,8.73,8.6,152.5,1.68,8.73,8.6,152.5,5.49,8.7,8.1,197.0,1,1,1,0,1,4
183,20.0,2012,2.0,1.0,1.0,2.0,11,0.72,7.6,7.6,140.0,9.82,7.4,7.0,140.0,12.21,8.25,8.05,272.0,0,0,1,1,1,4
184,3.0,1994,2.0,1.0,1.0,79.0,1,0.13,9.0,9.0,201.0,3.83,9.0,9.0,201.0,3.83,9.0,9.0,201.0,1,1,1,0,1,4
185,5.0,2012,9.0,8.0,31.0,31.0,9,0.01,8.15,6.53,16.0,0.51,6.73,6.58,4.0,0.62,7.9,7.2,4.0,1,1,0,0,1,4
186,4.0,2007,9.0,1.0,1.0,39.0,10,1.82,8.5,8.5,137.0,22.72,8.0,6.9,52.0,7.31,9.08,8.65,564.0,0,1,1,0,0,4
187,8.0,1995,2.0,1.0,1.0,26.0,12,0.15,7.5,8.7,3.0,0.62,7.5,8.15,15.0,9.3,8.0,8.95,206.5,1,1,1,0,1,4
188,10.0,2013,8.0,1.0,1.0,80.0,6,0.92,6.05,6.75,1.0,4.44,6.85,7.25,102.0,4.44,6.85,7.25,102.0,0,0,1,0,0,4
189,4.0,2008,1.0,9.0,34.0,36.0,1,0.38,3.4,5.15,3.0,8.06,6.35,6.9,48.0,8.06,6.35,6.9,48.0,0,1,1,0,0,4
190,7.0,2003,7.0,8.0,46.0,49.0,11,7.2,7.5,7.85,86.5,6.83,8.4,7.75,58.0,0.59,8.0,7.3,58.0,1,0,1,1,0,4
191,3.0,1992,2.0,1.0,65.0,81.0,11,1.12,8.5,7.4,8.0,0.06,8.5,7.1,8.0,2.19,8.5,7.53,8.5,1,0,0,0,0,4
192,5.0,2010,4.0,2.0,69.0,82.0,10,1.12,5.5,5.9,14.0,0.04,7.97,8.02,45.0,0.07,7.77,7.75,47.0,1,0,0,1,0,4
193,18.0,2014,7.0,5.0,38.0,16.0,11,0.07,8.5,10.0,1.0,7.6,7.77,6.47,391.0,0.36,6.8,5.07,87.5,1,0,0,1,0,4
194,15.0,1996,8.0,2.0,70.0,83.0,8,0.0,0.0,0.0,0.0,0.0,0.0,0.0,0.0,0.0,0.0,0.0,0.0,0,0,0,0,0,4
195,7.0,2006,6.0,23.0,71.0,84.0,11,2.38,8.7,8.7,39.5,0.07,8.0,8.7,39.5,2.38,8.7,8.7,39.5,1,0,0,0,0,4
196,6.0,2009,9.0,13.0,51.0,67.0,3,0.29,6.55,6.85,141.0,0.76,7.4,7.8,31.0,0.32,7.3,8.15,29.0,1,1,1,0,0,4
197,18.0,2014,9.0,3.0,5.0,11.0,9,1.13,8.0,7.73,38.0,16.38,9.23,8.52,940.5,16.38,9.23,8.52,940.5,1,1,1,1,0,4
198,17.0,2006,9.0,3.0,72.0,11.0,11,0.04,6.57,5.6,7.5,0.04,6.57,5.6,7.5,0.98,9.1,8.7,746.5,1,1,0,0,0,4
199,6.0,2010,1.0,8.0,27.0,31.0,9,0.37,7.75,7.35,4.0,0.56,7.58,6.87,3.5,0.48,6.95,7.0,25.0,1,1,1,0,1,4
200,3.0,1999,2.0,1.0,1.0,85.0,1,5.45,6.0,6.6,57.0,23.1,6.0,8.2,136.0,23.1,6.0,8.2,136.0,1,1,1,0,1,4
201,13.0,1996,9.0,19.0,51.0,67.0,3,0.07,6.2,6.2,5.0,0.3,7.4,7.4,5.0,0.3,7.4,7.4,5.0,1,1,1,0,0,4
202,13.0,1999,1.0,5.0,73.0,86.0,8,0.16,6.0,6.0,1.0,0.08,6.0,6.0,1.0,0.08,6.0,6.0,1.0,1,0,1,0,1,4
203,20.0,2014,10.0,1.0,40.0,41.0,1,11.33,7.0,7.8,51.0,0.63,7.0,8.0,1.0,0.63,7.0,8.0,1.0,1,0,1,1,0,4
204,13.0,1999,12.0,22.0,74.0,87.0,1,0.62,7.45,7.45,87.0,0.62,7.45,7.45,87.0,0.62,7.45,7.45,87.0,0,0,0,0,0,4
205,13.0,1998,2.0,4.0,75.0,88.0,1,1.16,8.3,7.75,10.0,0.93,8.3,7.75,10.0,0.93,8.3,7.75,10.0,1,0,0,0,0,4
206,1.0,2007,7.0,1.0,1.0,39.0,11,11.52,9.4,9.02,1029.0,3.84,5.9,4.4,1029.0,1.59,9.6,8.9,1029.0,0,0,1,0,0,4
207,7.0,2007,6.0,5.0,73.0,84.0,11,9.32,8.23,8.1,688.0,0.63,6.87,6.83,13.0,2.38,8.7,8.7,39.5,1,0,1,0,0,4
208,5.0,2008,4.0,7.0,25.0,47.0,10,0.15,5.8,6.6,12.0,0.15,5.8,6.6,12.0,0.07,5.8,5.62,12.0,1,0,0,0,0,4
209,4.0,2007,4.0,1.0,76.0,89.0,1,1.59,9.6,8.9,47.55820785897907,1.59,9.6,8.9,46.14738646101114,1.59,9.6,8.9,47.53813196229649,1,1,0,0,0,4
210,6.0,2007,9.0,4.0,39.0,50.0,12,0.46,7.33,8.08,30.5,1.85,7.3,8.1,223.0,1.85,7.3,8.1,223.0,1,0,1,0,0,4
211,7.0,2005,1.0,8.0,27.0,77.0,9,0.57,8.6,8.0,7.0,0.57,8.6,8.0,7.0,1.86,7.51,6.55,7.0,1,1,1,1,1,4
212,4.0,2007,9.0,18.0,77.0,66.0,11,0.05,5.95,6.1,2.0,0.05,5.95,6.1,2.0,0.05,5.95,6.1,2.0,0,0,0,0,0,4
213,12.0,1997,3.0,1.0,33.0,90.0,11,8.09,8.3,7.8,75.0,0.71,9.0,7.45,8.0,0.71,9.0,7.45,8.0,0,0,0,0,0,4
214,17.0,2010,4.0,13.0,51.0,73.0,1,0.11,6.3,6.2,4.0,0.07,7.87,6.95,298.0,0.01,8.0,7.8,24.0,1,1,1,0,0,4
215,2.0,1990,5.0,1.0,66.0,2.0,1,18.14,7.25,7.83,226.0,18.14,7.25,7.83,226.0,18.14,7.25,7.83,226.0,0,0,0,0,0,4
216,6.0,2010,9.0,4.0,78.0,91.0,3,3.12,7.4,7.55,974.0,4.45,8.7,8.55,231.0,2.63,8.55,8.35,163.0,1,0,0,1,0,4
217,15.0,2010,12.0,5.0,52.0,92.0,7,0.08,8.3,7.05,597.5,4.09,8.3,7.05,597.5,0.16,8.0,8.15,101.0,1,0,0,0,0,4
218,6.0,2007,11.0,6.0,62.0,55.0,11,0.14,4.95,5.25,2.0,0.33,6.9,7.65,38.0,5.55,8.03,7.68,959.5,1,1,1,1,0,4
219,6.0,2014,1.0,8.0,27.0,31.0,9,1.41,8.0,5.47,4.0,1.41,8.0,5.47,4.0,0.47,6.2,5.5,4.0,1,1,1,1,0,4
220,13.0,1999,3.0,4.0,39.0,40.0,9,1.63,9.0,8.4,83.0,7.58,9.0,7.9,83.0,7.58,9.0,7.9,83.0,0,0,1,0,0,4
221,11.0,2016,1.0,8.0,27.0,31.0,9,0.08,8.5,1.4,0.0,0.08,8.5,1.4,0.0,1.69,8.0,5.0,38.0,1,1,1,1,0,4
222,5.0,2011,9.0,20.0,63.0,71.0,10,0.08,8.7,8.45,572.0,0.32,8.7,8.45,572.0,0.32,8.7,8.45,572.0,1,0,0,1,0,4
223,13.0,2000,9.0,11.0,53.0,59.0,11,0.04,8.0,4.0,1.0,6.27,8.35,7.65,78.0,6.27,8.35,7.65,78.0,1,0,0,0,0,4
224,7.0,2003,3.0,24.0,79.0,93.0,10,0.99,6.95,7.65,25.0,1.35,7.05,7.5,25.0,1.35,7.05,7.5,25.0,0,0,0,0,0,4
225,13.0,2000,1.0,5.0,73.0,86.0,9,3.13,8.7,8.6,3.0,5.02,8.6,8.2,3.0,2.11,8.0,7.7,3.0,1,0,1,0,1,4
226,1.0,2008,8.0,1.0,1.0,28.0,11,1.17,6.9,7.7,50.0,0.61,7.4,8.0,63.0,3.15,8.7,8.8,63.0,1,0,1,1,0,4
227,7.0,2002,9.0,8.0,80.0,94.0,10,0.04,9.2,7.6,1.0,0.57,5.55,7.6,0.0,0.57,5.55,7.6,0.0,0,0,0,0,0,4
228,5.0,2011,3.0,2.0,64.0,72.0,10,6.24,8.55,7.95,264.0,5.51,8.6,8.1,104.0,5.51,8.6,8.1,104.0,1,0,0,1,0,4
229,13.0,1996,9.0,22.0,81.0,76.0,11,1.03,8.53,8.03,921.0,1.03,8.53,8.03,921.0,1.03,8.53,8.03,921.0,1,1,0,1,1,4
230,1.0,2007,6.0,5.0,82.0,84.0,11,6.72,8.23,8.25,818.0,0.3,5.0,4.7,2.0,5.12,8.57,8.37,57.0,1,0,1,0,0,4
231,8.0,1991,9.0,1.0,51.0,39.0,9,1.76,8.5,7.75,26.0,0.28,8.5,8.3,66.0,6.51,6.0,8.3,176.0,0,1,1,0,0,4
232,19.0,2002,9.0,1.0,1.0,39.0,3,0.22,9.0,7.5,35.0,2.91,9.0,8.8,191.0,1.92,9.0,8.7,168.0,0,1,1,1,0,4
233,1.0,2009,1.0,9.0,34.0,95.0,10,0.11,6.5,8.48,151.5,1.29,8.2,8.48,151.5,1.29,8.2,8.48,151.5,0,1,1,0,0,4
234,10.0,2013,9.0,1.0,83.0,96.0,3,0.09,6.0,6.0,1.0,0.2,6.05,6.7,8.0,0.2,6.05,6.7,8.0,1,0,0,0,1,4
235,20.0,2015,7.0,1.0,1.0,97.0,5,0.47,7.05,7.65,25.0,0.06,7.0,7.4,25.0,0.06,7.0,7.4,25.0,0,0,1,1,0,4
236,11.0,2014,9.0,4.0,39.0,63.0,6,0.29,8.2,8.3,11.0,6.83,8.6,8.15,456.0,5.99,9.33,8.62,506.5,0,0,1,1,0,4
237,5.0,2007,6.0,5.0,73.0,84.0,11,4.98,8.07,8.1,67.5,0.49,7.03,7.18,25.0,4.98,8.07,8.1,67.5,1,0,1,0,0,4
238,7.0,2004,1.0,8.0,68.0,77.0,9,0.7,9.0,6.8,6.0,0.7,9.0,6.8,6.0,1.72,8.55,7.6,6.0,1,1,1,1,1,4
239,16.0,1981,2.0,5.0,84.0,98.0,1,0.34,6.112886276873627,6.478469961824459,47.1133296460177,0.34,6.1980540486236935,6.574292746634577,45.50840707964602,0.34,6.23059272654211,6.615235081374369,46.38069690265487,0,0,0,0,0,4
240,7.0,2006,1.0,8.0,27.0,77.0,9,0.03,8.8,6.8,48.248510874082285,0.56,8.8,6.9,46.851849286604796,0.62,8.2,7.8,48.092395068569054,1,1,1,1,1,4
241,7.0,2002,9.0,5.0,11.0,99.0,4,0.5,7.2,7.03,13.0,1.33,7.0,6.7,27.0,1.33,7.0,6.7,27.0,0,0,1,1,0,4
242,13.0,2000,4.0,25.0,85.0,65.0,1,0.26,6.6,8.55,2.0,0.04,6.6,8.55,2.0,1.36,6.6,8.0,6.0,1,1,0,1,0,4
243,11.0,2015,9.0,4.0,86.0,50.0,10,0.08,7.6,6.3,73.5,1.38,7.6,6.65,73.5,1.74,8.0,7.4,204.0,1,0,0,0,0,4
244,6.0,2014,7.0,5.0,38.0,16.0,11,7.6,7.77,6.47,391.0,7.6,7.77,6.47,391.0,7.6,7.77,6.47,391.0,1,0,0,1,0,4
245,7.0,2005,9.0,4.0,78.0,91.0,3,1.14,8.87,8.93,435.5,0.32,7.7,8.3,435.5,0.32,7.7,8.3,435.5,1,0,0,1,0,4
246,20.0,2012,6.0,1.0,1.0,100.0,11,0.46,8.1,5.3,1.0,0.46,8.1,5.3,1.0,0.46,8.1,5.3,1.0,0,0,1,1,1,4
247,1.0,2010,6.0,6.0,42.0,101.0,11,0.03,5.25,6.6,3.5,7.27,4.45,6.8,6.0,7.27,4.45,6.8,6.0,0,0,1,0,0,4
248,7.0,2001,1.0,5.0,73.0,86.0,11,1.67,8.25,7.65,44.0,3.13,8.7,8.6,44.0,0.76,7.97,8.52,25.5,1,0,1,1,1,4
249,7.0,2006,1.0,15.0,87.0,102.0,2,0.01,5.881969696969699,6.2233333333333425,33.97331786542924,0.02,5.954372294372301,6.35341991341992,24.481438515081205,0.14,5.97727272727273,6.357207792207794,29.665893271461716,0,0,1,0,0,4
250,5.0,2006,4.0,3.0,88.0,29.0,3,0.04,3.0,8.0,2.0,0.19,3.0,8.0,2.0,2.86,8.6,8.55,125.0,0,0,0,1,0,4
251,2.0,1987,11.0,1.0,1.0,103.0,1,1.76,5.0,8.0,2.0,3.08,5.0,8.0,2.0,3.08,5.0,8.0,2.0,0,0,1,0,0,4
252,7.0,2005,3.0,8.0,45.0,43.0,11,0.08,3.2,6.4,30.0,0.14,7.55,7.6,30.0,0.08,7.23,7.6,133.0,1,1,1,1,1,4
253,6.0,2006,7.0,4.0,75.0,104.0,11,0.46,7.6,7.5,124.0,2.57,8.55,8.35,124.0,2.57,8.55,8.35,124.0,1,0,0,1,1,4
254,21.0,1991,2.0,9.0,55.0,62.0,1,0.4,4.0,4.0,1.0,0.4,4.0,4.0,1.0,0.4,4.0,4.0,1.0,1,1,1,0,0,4
255,7.0,2005,4.0,17.0,57.0,56.0,3,0.21,7.7,8.5,4.0,0.25,7.7,8.6,8.0,6.4,7.25,8.3,148.0,1,0,1,1,0,4
256,5.0,2013,1.0,8.0,45.0,31.0,9,0.77,7.15,6.8,3.5,1.58,7.27,7.55,127.0,0.48,7.95,7.05,136.0,1,1,1,1,1,4
257,5.0,2014,7.0,5.0,89.0,16.0,11,5.13,7.7,6.1,170.5,0.47,5.87,7.05,37.0,5.13,7.7,6.1,170.5,1,0,0,1,0,4
258,16.0,1980,7.0,11.0,90.0,105.0,1,0.0,0.0,0.0,0.0,0.0,0.0,0.0,0.0,0.0,0.0,0.0,0.0,1,0,0,0,0,4
259,5.0,2008,4.0,2.0,69.0,82.0,10,0.79,5.75,6.05,17.0,0.09,7.17,7.42,61.0,2.66,8.25,8.05,100.0,1,0,0,1,0,4
260,18.0,2015,7.0,2.0,21.0,20.0,10,0.75,8.2,7.75,15.0,9.76,7.9,7.62,791.0,9.76,7.9,7.62,791.0,1,1,0,1,0,4
261,20.0,2013,2.0,1.0,1.0,2.0,11,0.41,6.9,8.15,68.0,2.22,6.85,7.5,51.0,2.27,7.25,6.2,70.0,1,1,1,1,0,4
262,6.0,2009,9.0,22.0,63.0,71.0,8,0.33,7.53,7.45,23.5,0.06,6.15,7.4,5.0,0.21,6.25,7.0,9.0,1,0,0,0,0,4
263,6.0,2011,9.0,6.0,62.0,106.0,11,0.1,4.7,6.0,5.0,1.33,7.3,7.05,5.0,1.24,5.15,5.85,18.0,1,1,1,1,0,4
264,9.0,2001,6.0,26.0,91.0,107.0,12,0.05,5.55,6.5,2.0,0.22,7.15,8.1,1.0,0.15,7.15,8.1,1.0,1,0,0,0,1,4
265,7.0,2004,9.0,15.0,54.0,61.0,11,0.13,4.8,6.15,1.0,0.45,3.9,5.5,1.0,0.62,8.7,8.4,1.0,1,1,0,0,0,4
266,17.0,2006,2.0,4.0,92.0,108.0,4,3.88,7.7,7.3,62.0,3.88,7.7,7.3,62.0,1.85,7.3,8.1,223.0,0,0,0,0,0,4
267,15.0,1995,12.0,5.0,52.0,58.0,12,0.47,4.0,4.0,5.0,2.08,9.0,8.4,23.0,2.08,9.0,8.4,23.0,1,0,0,0,0,4
268,10.0,2011,9.0,1.0,1.0,39.0,12,4.1,8.77,8.13,1016.5,10.79,9.0,7.95,291.0,0.03,9.0,8.3,563.0,0,1,1,0,0,4
269,7.0,2005,1.0,8.0,45.0,31.0,10,0.11,8.2,5.8,2.0,0.25,7.33,7.7,2.0,0.31,6.33,7.67,65.5,1,1,1,0,1,4
270,7.0,2003,6.0,4.0,93.0,109.0,11,2.78,7.85,7.75,60.0,0.43,7.15,7.8,17.0,0.18,7.3,6.4,2.0,0,0,0,1,0,4
271,11.0,2016,7.0,4.0,39.0,50.0,5,0.19,6.0,7.2,15.0,5.99,9.33,8.62,506.5,6.83,8.6,8.15,456.0,1,0,1,1,0,4
272,6.0,2007,3.0,4.0,8.0,15.0,4,0.78,6.85,7.5,2.0,1.41,5.0,4.9,13.0,1.41,5.0,4.9,13.0,1,1,1,1,0,4
273,5.0,2011,9.0,6.0,62.0,106.0,11,0.04,6.0,5.28,9.0,0.57,8.45,7.65,792.5,0.28,7.13,7.4,309.5,1,1,1,1,0,4
274,6.0,2009,10.0,13.0,51.0,57.0,2,0.19,5.0,6.4,20.0,0.25,4.0,6.4,20.0,0.15,6.95,6.95,15.0,1,0,1,0,0,4
275,5.0,2011,1.0,8.0,45.0,31.0,9,0.46,6.0,7.1,5.0,0.8,8.03,7.52,66.0,0.72,7.15,7.5,108.0,1,1,1,1,0,4
276,2.0,1989,9.0,27.0,94.0,110.0,1,0.0,0.0,0.0,0.0,0.0,0.0,0.0,0.0,0.0,0.0,0.0,0.0,0,0,0,0,0,4
277,2.0,1984,3.0,1.0,1.0,111.0,1,1.1,6.6,6.6,18.0,1.11,5.4,5.4,24.0,1.11,5.4,5.4,24.0,0,0,1,0,1,4
278,13.0,1997,9.0,28.0,34.0,112.0,1,2.39,5.0,6.3,3.0,0.26,5.0,6.3,3.0,2.2,5.0,6.3,3.0,1,0,1,0,0,4
279,7.0,2002,1.0,8.0,27.0,77.0,9,0.43,9.2,7.6,1.0,0.21,9.1,6.6,1.0,0.71,8.6,7.65,1.0,1,1,1,1,0,4
280,11.0,2014,9.0,6.0,62.0,113.0,5,0.05,7.73,7.5,130.5,0.11,7.77,7.82,88.0,0.11,7.77,7.82,88.0,1,0,1,1,0,4
281,15.0,1997,7.0,24.0,95.0,114.0,12,0.02,8.5,8.5,2.0,0.02,8.5,8.5,2.0,0.02,8.5,8.5,2.0,1,0,0,0,0,4
282,8.0,1995,2.0,1.0,1.0,115.0,1,1.42,9.5,9.22,169.0,10.55,5.0,8.1,176.0,10.55,5.0,8.1,176.0,1,1,1,0,1,4
283,7.0,2006,1.0,8.0,27.0,31.0,1,0.02,7.2,7.15,1.0,0.31,7.2,6.62,2.5,0.07,3.0,6.1,22.0,1,1,1,0,1,4
284,1.0,2011,9.0,1.0,1.0,39.0,11,1.14,5.6,6.05,6.0,0.94,7.55,7.8,181.0,3.38,8.57,7.5,604.5,0,1,1,1,0,4
285,8.0,1992,10.0,13.0,51.0,57.0,1,0.12,8.0,8.3,18.0,4.61,9.25,9.35,381.5,6.3,9.25,8.3,124.0,1,0,1,0,0,4
286,1.0,2007,6.0,3.0,96.0,116.0,8,0.26,7.5,7.0,45.82505399568034,0.06,4.4,7.0,44.64352566080428,0.06,4.4,7.0,45.60989406561761,1,0,0,0,1,4
287,18.0,2015,4.0,7.0,25.0,47.0,11,0.01,8.58,8.25,1.0,3.88,8.58,8.53,1718.0,0.01,8.58,8.25,1.0,1,0,0,1,0,4
288,15.0,2007,4.0,5.0,52.0,117.0,1,0.06,7.5,6.0,1.0,1.54,8.43,8.92,288.5,1.54,8.43,8.92,288.5,0,0,0,1,0,4
289,5.0,2010,4.0,7.0,97.0,47.0,10,0.14,3.35,3.43,26.5,0.4,6.27,7.05,115.5,0.1,6.27,7.15,2.0,1,0,0,1,0,4
290,7.0,2007,9.0,4.0,78.0,91.0,3,0.13,5.1,5.65,4.0,0.32,7.7,8.3,4.0,4.45,8.7,8.55,231.0,1,0,0,1,0,4
291,5.0,2007,3.0,2.0,64.0,72.0,5,0.37,5.0,5.4,18.5,0.37,5.0,5.4,18.5,1.05,8.6,7.8,23.0,1,0,0,1,0,4
292,7.0,2005,1.0,15.0,87.0,102.0,2,0.02,6.096012184990309,6.461224037662763,45.65814307458143,0.02,6.186172805317104,6.560141235114979,44.52978183663115,0.11,6.217254684759547,6.600561248038451,45.452511415525116,0,0,1,0,0,4
293,13.0,1996,6.0,4.0,40.0,107.0,1,0.02,6.074598214285714,6.518080357142857,51.629901960784316,0.13,6.105133928571427,6.627678571428572,32.81127450980392,3.84,6.240669642857141,6.645223214285716,43.85294117647059,1,0,1,0,1,4
294,7.0,2000,10.0,26.0,40.0,44.0,10,0.81,7.8,8.25,5.0,0.27,6.73,7.25,37.0,5.74,8.9,8.0,60.0,1,0,1,0,1,4
295,11.0,2014,7.0,6.0,62.0,118.0,11,0.38,7.35,6.53,4.0,1.28,8.0,6.47,237.0,3.04,8.7,8.3,645.5,1,1,1,1,0,4
296,12.0,1997,7.0,1.0,1.0,119.0,7,0.71,9.0,7.45,8.0,1.48,9.0,8.18,28.5,2.99,5.0,8.18,28.5,1,0,1,0,0,4
297,11.0,2014,6.0,16.0,23.0,27.0,11,0.19,5.6,5.12,7.0,9.2,8.5,8.0,497.5,9.2,8.5,8.0,497.5,0,1,0,1,0,4
298,2.0,1984,1.0,1.0,3.0,120.0,1,28.31,6.6,6.6,45.0,28.31,6.6,6.6,45.0,28.31,6.6,6.6,45.0,0,0,1,0,1,4
299,6.0,2008,4.0,7.0,25.0,47.0,10,0.11,4.3,5.62,1.5,4.96,8.27,8.23,441.5,0.02,8.27,8.65,95.0,1,0,0,0,0,4
300,4.0,2007,5.0,1.0,59.0,121.0,8,2.62,7.45,7.35,66.0,0.33,8.7,8.2,66.0,0.33,8.7,8.2,66.0,0,0,0,0,0,4
301,5.0,2009,7.0,8.0,95.0,122.0,11,0.11,5.25,6.3,7.0,0.14,8.3,8.85,131.0,3.52,8.47,7.98,261.5,0,0,0,1,0,4
302,7.0,2005,6.0,26.0,98.0,107.0,8,0.08,5.7,7.58,1.0,0.06,6.43,7.12,5.5,0.02,5.0,4.0,2.0,1,0,0,0,1,4
303,1.0,2009,1.0,8.0,45.0,123.0,5,0.79,5.25,6.5,11.0,0.17,6.8,7.0,1.0,0.17,6.8,7.0,1.0,0,0,1,0,0,4
304,11.0,2014,9.0,6.0,19.0,106.0,11,0.28,7.5,7.22,3.0,0.53,7.25,7.0,7.0,4.19,7.83,7.48,573.0,1,1,1,1,0,4
305,3.0,1994,2.0,1.0,99.0,26.0,1,9.3,8.0,8.95,206.5,2.14,8.0,7.1,8.0,1.56,8.0,7.0,8.0,1,1,0,0,1,4
306,7.0,2003,1.0,5.0,73.0,86.0,11,0.7,8.9,7.5,17.0,1.27,7.75,7.8,17.0,1.27,7.75,7.8,17.0,1,0,1,1,0,4
307,6.0,2013,9.0,6.0,19.0,55.0,10,0.19,7.6,7.35,89.0,0.44,7.23,7.0,12.0,0.94,8.33,6.98,580.0,1,1,1,1,1,4
308,10.0,2014,4.0,1.0,51.0,73.0,2,3.22,6.0,8.7,3.0,0.02,6.0,8.7,3.0,0.72,6.0,7.8,53.0,1,1,1,1,0,4
309,6.0,2006,3.0,4.0,100.0,124.0,3,0.04,6.6,6.65,1.0,0.04,6.6,6.65,1.0,0.04,6.6,6.65,1.0,1,0,0,0,1,4
310,15.0,2011,4.0,7.0,25.0,29.0,11,8.84,8.64,8.7,1327.0,8.84,8.64,8.7,1327.0,8.84,8.64,8.7,1327.0,0,0,0,1,0,4
311,7.0,2005,10.0,26.0,40.0,44.0,2,0.02,7.6,6.1,15.0,0.24,7.6,6.1,15.0,0.45,7.6,7.1,4.0,1,0,1,1,1,4
312,2.0,1988,4.0,25.0,85.0,65.0,1,2.56,6.0,4.0,1.0,2.52,6.0,4.0,1.0,2.56,6.0,4.0,1.0,0,0,0,0,0,4
313,6.0,2010,1.0,4.0,101.0,125.0,9,0.12,6.7,7.15,22.0,0.41,6.7,9.5,2.0,0.09,6.7,5.5,2.0,0,0,0,1,0,4
314,11.0,2015,1.0,3.0,102.0,126.0,9,0.41,8.0,7.85,27.0,1.63,8.25,4.72,19.0,1.63,8.25,4.72,19.0,1,0,1,0,1,4
315,7.0,2004,1.0,15.0,103.0,102.0,2,0.1,6.15,6.75,33.0,0.66,6.15,6.75,33.0,2.9,8.65,7.7,1.0,0,0,0,0,0,4
316,4.0,2007,6.0,1.0,1.0,127.0,10,3.76,8.33,7.9,297.0,3.82,6.8,7.0,297.0,3.82,6.8,7.0,297.0,0,0,1,0,0,4
317,13.0,1995,6.0,4.0,40.0,107.0,1,0.07,6.105477410782085,6.471694191344031,46.30825496342738,0.39,6.192767653758562,6.565149962034973,45.062225705329155,0.39,6.223125474563416,6.604986712224803,46.031556948798325,1,0,1,0,1,4
318,3.0,1992,9.0,1.0,1.0,70.0,12,0.23,7.0,8.0,2.0,0.38,7.0,8.0,2.0,0.38,7.0,8.0,2.0,0,1,1,0,0,4
319,4.0,2009,4.0,1.0,104.0,128.0,9,5.84,8.35,8.2,115.0,1.34,8.53,8.1,248.5,1.34,8.53,8.1,248.5,0,1,0,0,0,4
320,1.0,2007,6.0,1.0,1.0,129.0,6,0.34,7.25,7.95,29.0,1.59,9.6,8.9,29.0,1.59,9.6,8.9,29.0,0,0,1,0,0,4
321,10.0,2011,8.0,1.0,105.0,130.0,1,0.21,6.107652813930537,6.467882595817321,45.77475613360922,0.21,6.194403554438579,6.56657391616556,44.85269484678293,0.21,6.2266573916165795,6.606709451575302,45.76973100798108,0,0,1,1,0,4
322,11.0,2015,9.0,20.0,63.0,71.0,6,1.35,8.37,7.67,38.5,0.53,8.87,8.72,571.0,0.32,7.47,7.28,209.0,1,0,0,1,0,4
323,1.0,2011,1.0,9.0,106.0,131.0,11,0.18,6.8,7.25,15.0,0.2,5.1,7.25,15.0,0.2,5.1,7.25,15.0,0,1,0,0,0,4
324,5.0,2008,9.0,5.0,60.0,132.0,6,0.07,2.8,2.0,5.0,0.18,4.8,6.3,2.0,0.18,4.8,6.3,2.0,0,0,1,0,0,4
325,13.0,1996,9.0,19.0,51.0,67.0,1,0.32,7.9,7.9,43.0,0.21,7.3,7.3,15.0,0.21,7.3,7.3,15.0,1,1,1,0,0,4
326,17.0,2007,2.0,4.0,107.0,133.0,2,0.03,6.096028933092221,6.447459915611864,47.86400791034937,0.03,6.181521398432808,6.558079566003666,46.669215557020436,0.03,6.219385171790244,6.594602772754711,47.940870138431116,0,0,0,0,0,4
327,1.0,2013,6.0,6.0,19.0,23.0,10,0.12,7.25,7.5,89.0,0.37,2.55,2.65,1.0,0.16,5.25,5.0,2.0,1,1,1,1,1,4
328,15.0,2002,8.0,8.0,108.0,134.0,9,0.23,7.45,7.4,9.0,1.82,7.25,6.95,8.0,1.82,7.25,6.95,8.0,0,0,0,0,0,4
329,1.0,2007,2.0,1.0,3.0,2.0,9,4.0,6.7,8.5,53.0,2.92,7.15,7.0,53.0,2.8,8.03,7.25,126.5,0,0,1,0,0,4
330,13.0,2001,9.0,8.0,109.0,135.0,11,0.52,7.05,7.1,3.0,0.09,6.05,6.6,2.0,1.73,5.0,6.4,40.0,0,0,0,0,0,4
331,11.0,2015,4.0,26.0,110.0,136.0,5,0.17,7.5,7.63,13.0,0.96,8.6,8.35,532.5,0.96,8.6,8.35,532.5,0,0,0,1,0,4
332,13.0,1999,9.0,22.0,51.0,67.0,11,0.05,7.0,7.7,27.0,0.1,7.0,7.7,27.0,0.27,7.0,7.8,121.0,1,1,1,0,0,4
333,13.0,2000,2.0,4.0,75.0,88.0,10,0.23,7.8,7.7,47.0,5.0,7.8,7.7,47.0,5.0,7.8,7.7,47.0,0,0,0,0,0,4
334,7.0,2004,1.0,8.0,45.0,31.0,10,0.07,7.5,5.6,2.0,0.9,7.42,6.8,2.0,0.14,7.03,6.62,12.0,1,1,1,1,1,4
335,3.0,1998,12.0,1.0,1.0,3.0,12,1.1,8.25,8.5,98.0,1.1,8.25,8.5,98.0,1.37,8.25,8.5,98.0,0,0,1,0,0,4
336,6.0,2013,7.0,8.0,41.0,42.0,10,0.25,8.0,6.58,64.5,7.23,8.17,7.5,1949.0,7.23,8.17,7.5,1949.0,1,1,1,1,1,4
337,4.0,2007,8.0,8.0,111.0,137.0,9,0.08,7.5,8.6,79.0,0.26,7.65,7.95,79.0,0.16,7.65,7.95,79.0,0,0,0,0,0,4
338,4.0,2009,6.0,1.0,112.0,138.0,1,2.3,6.4,8.05,3.0,2.3,6.4,8.05,3.0,2.3,6.4,8.05,3.0,0,0,0,0,0,4
339,7.0,2002,1.0,5.0,73.0,86.0,11,0.11,5.6,5.0,3.0,0.93,8.5,7.65,23.0,0.93,8.5,7.65,23.0,1,0,1,1,1,4
340,17.0,2005,3.0,3.0,50.0,139.0,6,0.09,4.25,7.4,0.0,1.29,6.0,7.3,8.0,1.29,6.0,7.3,8.0,1,0,0,0,1,4
341,12.0,1998,2.0,1.0,33.0,140.0,5,0.38,8.3,7.6,25.0,8.09,8.3,7.8,75.0,8.09,8.3,7.8,75.0,1,0,0,0,0,4
342,7.0,2002,7.0,4.0,113.0,141.0,8,0.25,8.15,8.15,38.0,0.25,8.15,8.15,38.0,0.25,8.15,8.15,38.0,1,0,0,0,0,4
343,1.0,2008,6.0,5.0,82.0,84.0,11,7.37,7.13,7.35,405.5,1.29,6.1,6.63,14.5,0.99,6.0,5.45,15.5,1,0,1,0,0,4
344,6.0,2013,3.0,4.0,8.0,15.0,12,2.58,7.15,6.8,137.0,3.27,5.0,6.4,32.0,3.27,5.0,6.4,32.0,1,1,1,1,0,4
345,7.0,2001,2.0,4.0,39.0,108.0,12,0.06,6.7,8.6,89.0,7.13,8.05,8.6,89.0,7.13,8.05,8.6,89.0,1,0,1,0,0,4
346,12.0,1999,8.0,1.0,114.0,3.0,6,0.41,8.5,9.15,5.5,0.41,8.5,9.15,5.5,5.45,6.0,6.6,57.0,1,1,0,0,0,4
347,6.0,2009,1.0,8.0,27.0,31.0,10,0.58,7.93,7.58,17.0,0.39,6.75,6.75,7.5,0.49,8.2,6.85,83.0,1,1,1,0,1,4
348,7.0,2007,1.0,15.0,87.0,102.0,10,0.16,6.35,6.55,10.0,0.42,6.0,8.15,2.0,0.31,6.0,8.15,2.0,0,1,1,0,0,4
349,11.0,2013,7.0,5.0,9.0,16.0,11,10.21,6.93,4.12,464.5,10.21,6.93,4.12,464.5,10.21,6.93,4.12,464.5,1,0,1,1,1,4
350,7.0,2005,9.0,13.0,51.0,67.0,3,0.04,4.0,4.0,1.0,0.07,6.0,7.0,2.0,0.57,5.8,7.5,10.0,1,1,1,1,0,4
351,11.0,2016,7.0,6.0,115.0,142.0,3,0.08,8.13,5.6,4.0,0.04,8.13,7.75,66.0,0.04,8.13,7.75,66.0,1,0,0,1,0,4
352,7.0,2004,7.0,18.0,116.0,143.0,9,0.07,5.63,6.95,2.5,0.13,5.0,6.1,12.0,0.13,5.0,6.1,12.0,0,0,0,1,0,4
353,15.0,1994,7.0,19.0,117.0,144.0,1,0.78,7.57,6.1,7.0,0.03,7.57,8.3,207.5,0.03,7.57,8.3,207.5,1,0,0,1,1,4
354,7.0,2001,3.0,8.0,118.0,93.0,11,0.42,6.9,7.0,37.0,1.54,6.9,7.6,37.0,1.51,1.0,6.0,2.0,0,0,0,0,0,4
355,4.0,2007,8.0,12.0,119.0,145.0,11,0.04,7.5,7.15,1.0,0.07,7.5,7.15,1.0,0.07,7.5,7.15,1.0,1,0,0,0,0,4
356,19.0,2001,9.0,1.0,1.0,146.0,11,1.92,9.0,8.7,168.0,5.49,8.7,8.1,197.0,5.49,8.7,8.1,197.0,1,0,1,0,1,4
357,7.0,2005,7.0,18.0,37.0,147.0,11,0.05,7.1,7.87,103.0,1.67,4.0,5.6,47.0,1.67,4.0,5.6,47.0,0,0,0,1,0,4
358,13.0,2000,10.0,29.0,120.0,148.0,1,0.11,8.0,8.0,2.0,0.11,8.0,8.0,2.0,0.11,8.0,8.0,2.0,0,0,0,0,0,4
359,13.0,1997,2.0,30.0,109.0,149.0,1,1.54,7.6,7.6,37.0,0.35,6.0,6.0,15.0,0.35,6.0,6.0,15.0,0,0,0,0,0,4
360,7.0,2006,9.0,3.0,72.0,11.0,12,5.08,7.53,7.75,353.5,5.08,7.53,7.75,353.5,7.72,7.93,7.5,288.5,1,1,0,0,0,4
361,7.0,2002,9.0,4.0,121.0,150.0,1,1.41,7.37,8.07,15.0,0.15,7.37,7.0,3.0,0.15,7.37,7.0,3.0,0,0,0,1,0,4
362,13.0,1997,9.0,22.0,67.0,76.0,1,4.63,9.1,8.4,3.0,0.19,9.1,7.0,3.0,4.63,9.1,8.4,3.0,1,1,0,1,1,4
363,7.0,2001,7.0,8.0,122.0,151.0,11,3.73,5.7,6.95,40.0,3.73,5.7,6.95,40.0,0.92,6.1,6.15,11.0,0,0,1,0,0,4
364,7.0,2005,9.0,22.0,123.0,152.0,1,0.12,4.3,5.5,2.0,0.25,5.0,5.5,2.0,0.25,5.0,5.5,2.0,0,0,0,0,0,4
365,5.0,2013,7.0,8.0,41.0,42.0,10,0.23,8.0,4.65,65.0,2.79,8.3,7.87,1516.0,2.79,8.3,7.87,1516.0,1,1,1,1,1,4
366,5.0,2010,1.0,8.0,27.0,31.0,9,0.5,7.0,7.4,6.0,0.53,7.41,7.18,2.0,0.43,7.0,7.0,25.0,1,1,1,0,1,4
367,13.0,2000,9.0,29.0,120.0,153.0,1,0.06,6.7,6.7,3.0,3.58,6.7,6.7,3.0,3.58,6.7,6.7,3.0,0,0,0,0,0,4
368,13.0,1999,2.0,4.0,75.0,88.0,1,1.1,7.0,8.05,71.0,0.13,7.0,6.5,2.0,5.0,7.0,7.7,47.0,0,0,0,0,0,4
369,5.0,2008,7.0,8.0,124.0,122.0,11,0.02,4.0,6.5,1.0,0.02,4.0,6.5,1.0,0.02,4.0,6.5,1.0,0,0,0,0,0,4
370,4.0,2009,1.0,9.0,34.0,95.0,10,0.09,4.5,1.0,1.0,0.04,6.0,6.9,34.0,0.04,6.0,6.9,34.0,0,1,1,0,0,4
371,5.0,2009,9.0,13.0,51.0,67.0,3,0.13,9.03,7.95,186.5,0.13,9.03,7.95,186.5,0.25,5.1,7.85,180.0,1,1,1,0,0,4
372,8.0,1996,2.0,1.0,99.0,154.0,12,1.44,8.25,8.4,25.0,2.35,8.25,8.0,15.0,2.35,8.25,8.0,15.0,1,1,0,0,1,4
373,5.0,2010,9.0,6.0,62.0,55.0,11,0.03,5.53,5.3,11.5,0.16,5.53,5.3,11.5,5.57,8.62,8.53,1451.5,1,1,1,1,0,4
374,2.0,1985,9.0,1.0,125.0,155.0,1,0.82,6.22424,6.681839999999995,38.648305084745765,0.82,6.186799999999996,6.735519999999998,31.48728813559322,0.82,6.304959999999998,6.693919999999998,42.80084745762712,0,0,0,0,0,4
375,5.0,2009,9.0,22.0,63.0,71.0,8,0.03,7.47,7.33,22.5,0.02,6.1,7.45,5.0,0.17,6.2,6.58,10.5,1,0,0,0,0,4
376,4.0,2006,6.0,1.0,126.0,156.0,10,1.62,6.9,7.8,48.40748280219009,1.62,6.9,7.8,47.08746314755019,1.62,6.9,7.8,48.39758528709813,0,0,0,0,0,4
377,7.0,2003,1.0,8.0,45.0,31.0,11,5.29,7.75,7.0,160.0,0.39,8.6,8.15,55.0,0.08,7.8,6.9,14.0,1,1,1,0,1,4
378,18.0,2015,7.0,8.0,37.0,38.0,1,0.55,7.75,6.4,77.5,3.59,5.5,5.6,233.5,3.59,5.5,5.6,233.5,0,0,0,0,0,4
379,5.0,2010,7.0,8.0,41.0,42.0,3,0.67,7.47,6.3,501.0,1.14,7.47,7.7,501.0,1.46,8.1,7.6,197.0,1,1,1,0,0,4
380,4.0,2008,6.0,5.0,82.0,84.0,6,0.11,3.03,3.22,2.5,4.62,8.2,8.03,130.0,2.2,8.57,8.28,59.5,1,0,1,0,0,4
381,18.0,2014,9.0,6.0,19.0,106.0,11,4.03,7.5,7.25,195.5,0.38,7.35,6.53,4.0,0.76,7.83,7.45,350.0,1,1,1,1,0,4
382,6.0,2012,7.0,6.0,62.0,118.0,11,0.16,5.25,5.0,2.0,0.59,8.6,8.1,425.5,1.4,7.67,6.65,286.5,1,1,1,1,0,4
383,10.0,2013,4.0,13.0,51.0,73.0,1,1.98,6.73,6.1,447.5,1.98,6.73,6.1,447.5,0.03,6.73,6.1,447.5,1,1,1,0,0,4
384,5.0,2009,7.0,3.0,127.0,157.0,10,0.15,7.13,7.2,51.0,0.02,7.13,7.37,51.0,0.02,7.13,7.37,51.0,1,0,0,0,0,4
385,7.0,2002,10.0,26.0,40.0,44.0,9,0.11,6.9,8.4,35.0,0.04,4.2,8.4,35.0,4.05,6.75,7.5,35.0,1,0,1,0,1,4
386,11.0,2013,7.0,8.0,41.0,42.0,10,3.69,8.0,6.55,317.5,3.69,8.0,6.55,317.5,3.69,8.0,6.55,317.5,1,1,1,1,1,4
387,6.0,2011,2.0,4.0,128.0,64.0,1,0.06,6.75,7.7,4.0,0.06,6.75,7.7,4.0,5.92,9.25,6.8,1105.0,0,0,0,1,0,4
388,13.0,1998,9.0,3.0,12.0,11.0,10,0.08,8.3,7.65,3.0,0.15,8.3,7.65,3.0,0.11,8.3,5.7,7.0,1,1,0,0,0,4
389,8.0,1994,4.0,10.0,129.0,25.0,1,1.17,7.25,6.8,5.0,1.17,7.25,6.8,5.0,2.45,7.25,7.7,59.5,1,1,0,0,0,4
390,7.0,2004,9.0,5.0,11.0,158.0,6,0.44,5.36,7.12,10.0,0.1,4.2,6.25,2.0,3.13,8.7,8.6,2.0,0,0,1,1,1,4
391,3.0,1990,3.0,1.0,130.0,159.0,1,20.61,9.0,8.9,286.0,1.52,6.0,6.7,3.0,1.52,6.0,6.7,3.0,0,0,0,0,0,4
392,7.0,2002,1.0,8.0,45.0,31.0,11,0.12,5.3,7.2,0.0,0.36,7.6,7.2,0.0,0.19,7.45,6.45,5.0,1,1,1,0,1,4
393,13.0,2000,6.0,4.0,131.0,40.0,11,0.27,7.1,7.6,124.0,0.44,7.15,7.6,124.0,7.13,8.05,8.6,89.0,0,0,0,0,0,4
394,5.0,2008,9.0,20.0,60.0,160.0,9,0.36,5.0,4.5,2.0,1.06,6.85,7.1,53.0,1.06,6.85,7.1,53.0,0,0,1,0,0,4
395,11.0,2015,9.0,15.0,56.0,61.0,9,0.15,6.53,6.1,139.5,0.28,6.53,6.1,139.5,0.28,6.53,6.1,139.5,1,1,0,1,0,4
396,4.0,2009,9.0,1.0,1.0,39.0,12,1.58,5.4,9.0,29.0,22.0,8.0,7.05,29.0,5.17,8.67,8.02,679.0,0,1,1,0,0,4
397,13.0,1998,10.0,31.0,132.0,161.0,1,0.59,8.2,7.55,31.0,0.14,8.2,7.55,31.0,0.62,8.2,7.55,31.0,0,0,0,0,0,4
398,12.0,2000,9.0,1.0,1.0,39.0,11,0.13,8.5,8.12,37.0,2.2,8.5,8.28,69.0,2.22,9.0,9.1,236.0,0,1,1,0,0,4
399,4.0,2008,5.0,1.0,59.0,162.0,9,1.93,6.9,7.6,3.0,0.54,7.47,7.9,220.5,0.54,7.47,7.9,220.5,0,0,0,0,0,4
400,13.0,1998,11.0,29.0,133.0,163.0,1,0.14,6.0160609318996405,6.403268817204285,46.05333068992863,0.14,6.099759856630821,6.523605734767007,42.11122125297383,0.14,6.1246594982078815,6.541229390680994,45.49722442505948,0,0,0,0,0,4
401,5.0,2013,9.0,6.0,19.0,55.0,10,3.89,7.93,7.85,439.0,3.89,7.93,7.85,439.0,0.36,8.5,7.1,257.0,1,1,1,1,1,4
402,4.0,2006,6.0,1.0,134.0,164.0,1,0.52,7.05,7.55,94.0,0.52,7.05,7.55,94.0,0.52,7.05,7.55,94.0,0,0,0,0,0,4
403,7.0,2002,7.0,8.0,131.0,151.0,11,0.12,8.25,5.77,3.0,0.18,5.65,6.25,3.5,0.9,7.05,6.8,25.0,0,0,0,0,0,4
404,7.0,2002,2.0,4.0,75.0,165.0,11,0.05,7.0,7.6,28.0,3.52,7.0,7.6,28.0,3.52,7.0,7.6,28.0,0,0,0,0,0,4
405,1.0,2012,6.0,1.0,28.0,166.0,3,0.2,6.2,6.05,3.0,0.02,6.2,8.0,1.0,0.25,6.0,7.2,5.0,1,1,0,0,0,4
406,7.0,2005,9.0,18.0,135.0,167.0,5,0.06,7.67,8.1,179.0,0.07,5.63,6.95,2.5,0.18,6.15,7.2,8.0,0,0,0,0,0,4
407,7.0,2001,7.0,3.0,136.0,168.0,8,0.26,3.65,7.4,5.0,0.11,3.65,5.7,7.0,0.11,3.65,5.7,7.0,1,0,0,0,1,4
408,7.0,2003,9.0,8.0,137.0,169.0,11,5.13,5.9,6.7,22.0,0.23,8.5,7.6,22.0,1.2,5.45,5.05,8.0,0,0,1,0,0,4
409,11.0,2015,9.0,6.0,138.0,55.0,10,0.02,4.83,3.3,5.0,0.12,4.83,3.75,5.0,0.29,7.87,7.78,170.0,1,1,1,1,0,4
410,18.0,2014,7.0,5.0,15.0,69.0,9,1.74,8.5,7.6,207.5,6.36,7.43,7.1,450.5,5.65,7.2,6.72,481.5,0,0,0,1,0,4
411,7.0,2003,9.0,5.0,139.0,170.0,11,0.14,7.45,8.05,4.0,0.46,6.3,5.95,4.0,0.46,6.3,5.95,4.0,0,0,0,0,0,4
412,1.0,2008,6.0,1.0,1.0,171.0,10,1.29,6.25,5.0,1.0,0.79,6.9,8.3,1.0,0.79,6.9,8.3,1.0,1,1,1,1,0,4
413,17.0,2009,3.0,4.0,8.0,15.0,1,0.95,6.0,6.33,3.5,11.66,8.45,8.35,103.0,11.66,8.45,8.35,103.0,1,1,1,0,0,4
414,10.0,2015,9.0,13.0,51.0,73.0,1,0.01,7.7,7.9,72.0,0.38,7.7,7.9,72.0,3.44,7.0,7.8,46.0,1,1,1,0,0,4
415,13.0,1995,10.0,4.0,140.0,44.0,1,1.27,6.9,8.7,46.30825496342738,1.27,6.9,8.7,45.062225705329155,1.27,6.9,8.7,46.031556948798325,1,0,0,0,1,4
416,18.0,2015,1.0,8.0,27.0,31.0,9,0.82,8.0,5.1,1.5,0.82,8.0,5.1,1.5,0.3,7.23,5.28,100.5,1,1,1,1,0,4
417,6.0,2011,11.0,3.0,141.0,172.0,5,0.05,8.0,8.0,7.0,0.05,8.0,8.0,7.0,0.05,8.0,8.0,7.0,0,0,0,0,0,4
418,11.0,2015,1.0,8.0,27.0,77.0,8,0.27,6.0,6.15,4.0,0.23,5.97,5.17,5.0,1.51,8.0,6.87,5.0,1,1,1,1,0,4
419,10.0,2014,4.0,1.0,142.0,173.0,1,7.45,9.0,8.3,279.0,7.45,9.0,8.3,279.0,7.45,9.0,8.3,279.0,0,0,0,1,0,4
420,13.0,1999,7.0,8.0,143.0,174.0,1,2.67,9.2,8.7,44.05604395604396,2.67,9.2,8.7,34.17912087912088,2.67,9.2,8.7,38.04120879120879,0,0,0,0,0,4
421,2.0,1983,1.0,1.0,1.0,175.0,1,0.0,0.0,0.0,0.0,1.59,7.0,7.1,172.0,1.59,7.0,7.1,172.0,0,0,1,0,1,4
422,8.0,1995,10.0,1.0,144.0,176.0,1,0.81,9.0,8.5,45.0,0.81,9.0,8.5,45.0,0.81,9.0,8.5,45.0,1,0,0,1,1,4
423,13.0,2000,10.0,29.0,145.0,177.0,11,0.12,6.0,6.0,0.0,0.12,6.0,6.0,0.0,0.12,6.0,6.0,0.0,0,0,1,0,0,4
424,17.0,2007,4.0,17.0,57.0,25.0,3,0.11,6.9,7.5,6.0,1.62,6.9,7.8,6.0,0.51,6.0,7.0,23.0,0,0,1,0,0,4
425,17.0,2008,9.0,4.0,92.0,91.0,3,0.02,7.83,8.18,134.0,4.22,7.83,8.18,134.0,4.45,8.7,8.55,231.0,1,0,0,1,0,4
426,8.0,1995,4.0,25.0,85.0,65.0,1,0.43,9.0,8.25,4.5,1.15,9.0,8.25,4.5,2.79,8.0,8.1,103.0,1,1,0,0,0,4
427,5.0,2010,6.0,32.0,71.0,178.0,11,0.58,8.87,8.22,42.0,0.88,8.93,8.27,45.0,0.88,8.93,8.27,45.0,1,0,0,1,0,4
428,7.0,2003,9.0,11.0,146.0,179.0,5,0.01,5.65,7.0,1.0,0.24,5.65,7.0,2.0,0.24,5.65,7.0,2.0,0,0,0,0,0,4
429,20.0,2015,2.0,1.0,1.0,2.0,9,0.56,8.5,7.6,179.5,0.01,7.0,7.5,179.5,1.19,7.05,7.85,96.0,1,1,1,1,0,4
430,6.0,2010,4.0,7.0,97.0,47.0,10,0.11,3.4,3.75,29.0,0.04,6.57,7.17,115.5,0.24,6.57,7.65,3.0,1,0,0,1,0,4
431,1.0,2008,9.0,20.0,60.0,160.0,9,0.21,5.0,4.5,2.0,0.04,6.9,7.15,53.0,0.04,6.9,7.15,53.0,0,0,1,0,0,4
432,4.0,2008,6.0,1.0,1.0,180.0,4,0.1,5.2,7.0,1.0,0.66,7.85,8.2,116.0,0.3,7.85,9.2,11.0,0,0,1,0,0,4
433,7.0,2001,8.0,16.0,40.0,181.0,11,0.0,0.0,0.0,0.0,0.33,8.05,7.9,10.0,0.89,8.3,8.05,14.0,1,0,1,0,0,4
434,4.0,2008,11.0,33.0,147.0,182.0,11,0.34,4.0,4.0,48.44426425401161,0.04,4.0,4.0,46.782946398088086,0.04,4.0,4.0,48.1357972004097,0,0,0,0,0,4
435,19.0,2001,8.0,1.0,1.0,28.0,9,0.31,7.5,7.98,33.5,0.1,5.0,5.5,2.0,0.1,5.0,5.5,2.0,1,0,1,1,0,4
436,4.0,2008,9.0,20.0,77.0,160.0,9,3.38,6.8,7.3,69.0,4.9,7.0,6.65,63.0,4.9,7.0,6.65,63.0,0,0,0,0,0,4
437,4.0,2005,2.0,9.0,148.0,62.0,11,0.07,7.3,8.1,32.0,0.04,6.75,7.9,32.0,0.91,6.75,7.45,34.0,0,1,0,0,0,4
438,6.0,2012,7.0,13.0,51.0,67.0,10,0.8,6.83,7.83,146.0,1.78,6.93,8.05,197.5,0.78,5.4,5.48,139.5,1,1,1,1,0,4
439,18.0,2014,7.0,2.0,21.0,20.0,11,0.48,8.0,7.6,102.0,2.44,8.6,8.15,244.0,2.44,8.6,8.15,244.0,1,1,0,1,0,4
440,7.0,2007,1.0,8.0,45.0,31.0,10,0.05,6.77,6.75,80.5,0.25,7.53,7.58,6.0,0.11,5.6,5.7,3.0,1,1,1,0,1,4
441,13.0,2000,9.0,5.0,73.0,158.0,8,0.11,6.5,6.5,11.0,0.08,6.0,6.0,1.0,0.93,6.0,6.0,1.0,0,0,1,1,0,4
442,13.0,1998,3.0,8.0,31.0,183.0,1,0.04,7.0,6.8,52.0,0.41,7.0,6.8,52.0,0.41,7.0,6.8,52.0,1,1,0,1,0,4
443,12.0,1999,3.0,1.0,149.0,184.0,5,0.25,6.0,6.0,1.0,0.04,6.0,6.0,1.0,0.68,6.0,6.0,1.0,0,0,0,0,0,4
444,4.0,2006,6.0,1.0,150.0,185.0,11,82.74,7.6,7.05,210.0,0.03,7.1,6.55,22.0,0.03,7.1,6.55,22.0,1,0,0,0,0,4
445,6.0,2007,4.0,6.0,151.0,29.0,3,0.01,9.02,8.3,460.0,0.01,9.02,8.3,460.0,4.39,9.02,8.3,460.0,0,0,0,1,0,4
446,2.0,1990,4.0,25.0,152.0,65.0,1,2.56,4.0,4.0,1.0,2.56,4.0,4.0,1.0,2.56,4.0,4.0,1.0,0,0,0,0,0,4
447,6.0,2010,11.0,4.0,153.0,186.0,2,0.03,7.0,7.0,4.0,0.1,7.7,7.6,103.0,0.1,7.7,7.6,103.0,0,0,0,0,0,4
448,5.0,2010,4.0,8.0,154.0,187.0,1,0.5,6.9,7.45,127.5,1.69,8.12,7.98,241.0,2.93,8.7,8.53,642.0,1,0,0,1,0,4
449,5.0,2014,1.0,8.0,27.0,31.0,9,6.59,7.23,5.62,445.5,6.59,7.23,5.62,445.5,6.59,7.23,5.62,445.5,1,1,1,1,0,4
450,7.0,2002,10.0,11.0,148.0,188.0,11,0.09,6.7,7.75,1.0,1.8,8.15,7.65,16.0,0.19,8.15,6.5,12.0,0,0,0,0,0,4
451,7.0,2001,1.0,8.0,27.0,77.0,10,0.15,8.27,8.13,29.0,1.39,8.4,7.3,0.0,1.39,8.4,7.3,0.0,1,1,1,0,1,4
452,2.0,1986,1.0,26.0,1.0,189.0,1,1.05,6.2,6.2,9.0,0.51,6.2,6.2,9.0,0.51,6.2,6.2,9.0,0,0,1,0,0,4
453,5.0,2012,7.0,3.0,127.0,157.0,9,0.43,7.2,7.75,193.0,0.18,6.8,7.25,15.0,0.18,8.2,7.6,428.0,1,0,0,1,0,4
454,10.0,2013,9.0,1.0,1.0,39.0,11,1.77,5.25,6.25,19.0,1.11,8.07,8.5,155.0,4.21,9.25,9.22,1152.0,0,1,1,1,0,4
455,3.0,1994,2.0,1.0,14.0,26.0,1,5.19,3.0,7.9,70.0,1.13,3.0,5.9,38.0,1.13,3.0,5.9,38.0,1,1,0,0,1,4
456,15.0,2002,8.0,8.0,108.0,190.0,3,0.14,6.1,8.1,47.00641389488024,2.16,7.4,7.9,45.229821773186515,2.16,7.4,7.9,46.14320581223748,0,0,0,0,0,4
457,5.0,2012,4.0,8.0,154.0,187.0,3,0.19,6.05,5.85,3.0,0.84,6.4,5.2,150.5,0.4,8.47,8.55,722.5,1,0,0,1,1,4
458,5.0,2008,9.0,5.0,155.0,191.0,1,0.11,2.0,3.75,5.0,0.31,5.25,5.0,6.0,0.31,5.25,5.0,6.0,0,0,0,0,0,4
459,5.0,2012,7.0,6.0,62.0,118.0,11,0.13,5.25,5.25,4.0,0.54,6.37,7.25,16.0,0.49,7.67,6.37,362.0,1,1,1,1,0,4
460,1.0,2010,2.0,33.0,156.0,192.0,1,0.3,4.5,6.85,7.0,0.3,4.5,6.85,7.0,0.6,6.55,6.85,7.0,0,0,0,1,0,4
461,5.0,2008,9.0,29.0,157.0,193.0,10,0.09,7.5,7.3,5.0,0.52,5.77,7.55,23.5,2.19,7.37,7.48,147.0,1,0,0,0,0,4
462,13.0,1995,2.0,6.0,158.0,194.0,1,0.0,0.0,0.0,0.0,0.0,0.0,0.0,0.0,0.0,0.0,0.0,0.0,1,0,0,0,1,4
463,6.0,2009,7.0,4.0,159.0,195.0,2,0.02,6.5,6.95,78.0,0.94,6.5,6.95,78.0,0.94,6.5,6.95,78.0,1,0,0,0,0,4
464,14.0,2002,9.0,6.0,62.0,196.0,11,0.04,7.7,8.0,4.5,0.18,5.55,6.0,1.0,0.18,5.55,6.0,1.0,1,0,1,0,0,4
465,2.0,1987,10.0,1.0,1.0,197.0,1,0.57,7.8,7.8,12.0,2.65,7.8,7.8,12.0,2.65,7.8,7.8,12.0,0,0,1,0,0,4
466,7.0,2002,1.0,29.0,145.0,198.0,10,0.21,7.3,7.7,4.0,0.1,4.35,8.1,4.0,0.1,4.35,8.1,4.0,0,0,1,0,0,4
467,18.0,2015,7.0,2.0,160.0,52.0,8,2.41,8.5,7.55,119.5,0.74,6.57,6.32,204.5,6.24,8.55,7.95,264.0,1,0,0,1,0,4
468,5.0,2012,1.0,3.0,102.0,126.0,10,2.28,8.7,8.37,384.0,0.04,7.5,6.88,3.0,0.28,8.5,6.78,30.0,1,0,1,1,1,4
469,7.0,2007,10.0,11.0,161.0,188.0,11,0.03,5.25,7.25,2.0,0.3,7.4,8.2,169.5,0.15,5.0,5.3,4.0,0,0,0,0,0,4
470,7.0,2005,10.0,34.0,145.0,199.0,11,0.34,7.6,7.05,1.0,0.34,7.6,7.05,1.0,0.34,7.6,7.05,1.0,0,0,1,0,0,4
471,11.0,2014,9.0,20.0,162.0,169.0,9,0.21,6.0,4.4,17.0,0.07,7.36,7.33,152.5,0.18,5.8,6.6,40.0,0,0,0,0,0,4
472,8.0,1993,7.0,1.0,163.0,119.0,1,3.83,9.0,9.0,201.0,3.83,9.0,9.0,201.0,3.83,9.0,9.0,201.0,1,0,0,0,0,4
473,15.0,2000,6.0,8.0,108.0,200.0,8,0.06,6.110118368032238,6.4765270315648635,45.63257227030013,0.16,6.195892377434542,6.574666722632687,44.70636162769287,0.16,6.225219106783105,6.615627098724,45.88855643527896,0,0,0,0,0,4
474,7.0,2002,1.0,15.0,103.0,102.0,3,0.05,6.2,7.8,94.5,0.13,6.2,7.8,94.5,1.75,9.0,8.52,94.5,0,0,0,0,0,4
475,7.0,2001,9.0,13.0,51.0,201.0,12,2.34,7.8,8.13,132.0,1.86,9.0,9.2,161.0,1.86,9.0,9.2,161.0,1,0,1,0,0,4
476,10.0,2015,8.0,1.0,1.0,28.0,9,0.06,4.93,6.45,18.5,4.57,8.3,8.48,210.5,4.68,6.65,7.15,22.0,1,0,1,1,0,4
477,6.0,2010,7.0,8.0,41.0,42.0,3,0.19,6.83,7.45,95.0,0.06,7.53,7.9,446.5,1.35,8.13,7.98,233.0,1,1,1,0,0,4
478,15.0,2014,8.0,8.0,108.0,202.0,9,4.82,6.75,5.67,94.0,0.12,5.75,6.0,0.0,0.07,3.0,5.15,2.0,0,0,0,0,0,4
479,15.0,2011,4.0,8.0,164.0,203.0,12,0.08,4.65,4.8,68.0,0.23,4.65,4.8,68.0,0.23,4.65,4.8,68.0,0,0,0,1,0,4
480,7.0,2003,2.0,9.0,55.0,62.0,2,0.08,7.2,7.7,45.71270364268717,1.6,7.2,7.9,44.72560863994143,1.6,7.2,7.9,45.997345780706574,0,1,1,0,0,4
481,4.0,2008,2.0,1.0,44.0,81.0,9,0.9,5.5,6.2,1.0,0.73,7.3,7.2,23.0,0.73,7.3,7.2,23.0,1,0,0,1,0,4
482,7.0,2002,9.0,22.0,165.0,204.0,10,0.18,7.29,7.45,22.0,1.19,8.2,7.5,67.0,1.19,8.2,7.5,67.0,1,0,0,1,0,4
483,5.0,2009,10.0,13.0,51.0,57.0,2,0.05,7.0,7.0,9.0,0.01,8.0,7.8,24.0,0.66,6.9,7.65,15.0,1,0,1,0,0,4
484,12.0,1996,3.0,1.0,1.0,205.0,9,9.87,8.4,8.53,277.0,11.89,8.97,8.9,577.5,11.89,8.97,8.9,577.5,0,0,1,0,0,4
485,7.0,2003,7.0,4.0,113.0,141.0,11,0.26,5.8,7.8,5.0,3.65,7.6,7.5,5.0,3.65,7.6,7.5,5.0,1,0,0,0,0,4
486,7.0,2005,10.0,29.0,145.0,206.0,11,0.03,4.5,7.4,44.6111833550065,0.03,4.5,7.4,34.02925877763329,0.03,4.5,7.4,39.31014304291288,0,0,1,0,0,4
487,6.0,2009,9.0,4.0,166.0,207.0,5,0.26,7.8,6.9,25.0,1.81,8.4,8.4,25.0,1.81,8.4,8.4,25.0,0,0,0,0,0,4
488,9.0,2001,5.0,11.0,91.0,37.0,12,0.73,7.5,7.85,29.0,0.51,4.7,6.0,29.0,0.22,7.15,8.1,1.0,1,0,0,0,0,4
489,5.0,2007,4.0,2.0,154.0,187.0,11,0.07,7.55,7.6,10.0,0.03,8.0,8.0,50.0,0.03,8.0,8.0,50.0,1,0,0,1,0,4
490,1.0,2006,5.0,1.0,3.0,208.0,1,18.36,7.0,7.7,68.0,0.54,8.5,9.0,68.0,0.54,8.5,9.0,68.0,1,0,1,1,1,4
491,1.0,2007,8.0,12.0,167.0,209.0,3,0.05,6.096220589602905,6.461108527852757,45.66953053083768,0.05,6.183231656281981,6.557158002417978,44.51851283624834,0.05,6.214412722031078,6.597117083604627,45.52531451365449,1,0,0,0,0,4
492,9.0,2002,2.0,1.0,1.0,115.0,1,1.63,8.9,8.7,43.711032388663966,1.63,8.9,8.7,37.134362348178136,1.63,8.9,8.7,42.425607287449395,1,1,1,0,1,4
493,11.0,2013,1.0,8.0,45.0,31.0,9,6.9,8.2,5.65,578.0,6.9,8.2,5.65,578.0,6.9,8.2,5.65,578.0,1,1,1,1,1,4
494,18.0,2014,7.0,8.0,168.0,210.0,3,0.61,6.83,7.77,38.0,0.61,6.83,7.77,38.0,0.61,6.83,7.77,38.0,0,0,0,1,1,4
495,7.0,2004,6.0,9.0,55.0,62.0,11,0.02,5.45,6.15,1.0,0.01,7.2,8.4,1.0,2.96,6.13,6.6,97.5,0,1,1,0,0,4
496,5.0,2008,1.0,9.0,169.0,211.0,3,0.2,7.1,8.0,50.5,0.01,7.88,7.23,50.5,0.01,7.88,7.23,50.5,0,0,0,0,0,4
497,7.0,2003,1.0,15.0,103.0,102.0,2,0.1,4.55,8.4,0.0,0.16,4.55,8.4,0.0,2.99,9.3,8.4,0.0,0,0,0,0,0,4
498,6.0,2012,3.0,8.0,170.0,43.0,11,1.17,5.27,6.08,260.0,0.38,8.03,7.17,308.5,0.19,6.17,6.43,42.5,1,1,0,1,1,4
499,7.0,2001,1.0,4.0,171.0,212.0,3,0.15,5.4,6.0,1.0,0.17,5.4,6.0,1.0,0.17,5.4,6.0,1.0,0,0,0,0,0,4
500,7.0,2004,7.0,5.0,172.0,16.0,11,0.1,7.73,8.0,198.5,0.1,7.73,8.0,198.5,0.1,7.73,8.0,198.5,1,0,0,1,0,4
501,1.0,2011,1.0,35.0,173.0,51.0,2,0.08,6.9,5.67,2.5,0.11,3.9,5.67,2.5,2.39,4.5,5.67,2.5,0,0,0,0,0,4
502,13.0,1999,7.0,4.0,174.0,213.0,1,7.13,8.05,8.6,89.0,7.13,8.05,8.6,89.0,7.13,8.05,8.6,89.0,1,0,0,0,0,4
503,4.0,2007,8.0,6.0,19.0,214.0,10,0.08,5.4,6.5,1.0,0.11,5.4,6.3,1.0,0.18,5.4,6.3,1.0,0,0,1,0,0,4
504,13.0,1998,3.0,36.0,130.0,215.0,1,2.28,6.0,7.8,4.0,1.52,6.0,6.7,3.0,1.52,6.0,6.7,3.0,1,0,0,0,0,4
505,18.0,2013,7.0,5.0,9.0,16.0,11,9.59,6.87,4.25,761.5,9.59,6.87,4.25,761.5,9.59,6.87,4.25,761.5,1,0,1,1,1,4
506,5.0,2012,1.0,8.0,68.0,77.0,8,1.08,7.6,7.3,1.0,1.08,7.6,7.3,1.0,2.25,6.8,7.15,19.0,1,1,1,1,1,4
507,14.0,2002,4.0,6.0,88.0,29.0,6,0.1,5.65,5.25,2.0,0.1,5.65,5.25,2.0,0.1,5.65,5.25,2.0,0,0,0,0,0,4
508,6.0,2011,10.0,20.0,175.0,216.0,4,0.31,6.2,6.45,77.5,0.31,6.2,6.45,77.5,2.0,6.2,6.45,77.5,1,1,0,1,0,4
509,8.0,1990,3.0,1.0,176.0,217.0,6,1.15,6.5,6.5,4.0,1.15,6.5,6.5,4.0,1.15,6.5,6.5,4.0,1,0,0,0,1,4
510,12.0,1997,2.0,1.0,1.0,218.0,5,1.48,9.0,8.18,28.5,1.0,7.5,7.9,4.5,1.0,7.5,7.9,4.5,0,0,1,1,0,4
511,15.0,1996,12.0,19.0,177.0,219.0,10,0.03,6.111244360593879,6.4771954720696066,45.74851592012952,0.03,6.201068821261605,6.578661307521983,45.02693829825508,0.03,6.231226314494323,6.6192601099171755,46.32622773880194,0,0,0,0,0,4
512,1.0,2011,9.0,5.0,47.0,220.0,10,0.07,6.2,7.8,46.89055793991416,0.25,6.2,7.8,45.688006676204104,0.25,6.2,7.8,48.2448736289938,1,0,0,1,0,4
513,6.0,2015,1.0,8.0,27.0,31.0,9,8.49,8.07,5.7,238.5,8.49,8.07,5.7,238.5,8.49,8.07,5.7,238.5,1,1,1,1,0,4
514,6.0,2010,9.0,6.0,62.0,55.0,11,4.42,6.03,6.5,52.0,0.03,5.25,6.6,3.5,5.27,8.58,8.35,1243.0,1,1,1,1,0,4
515,5.0,2007,7.0,3.0,178.0,221.0,8,0.15,7.3,7.3,18.0,0.03,7.75,8.2,18.0,0.03,7.75,8.2,18.0,1,0,0,0,0,4
516,5.0,2009,1.0,8.0,68.0,77.0,9,0.14,3.85,6.75,1.0,0.21,3.85,8.4,1.0,0.18,7.0,6.9,3.0,1,1,1,0,0,4
517,6.0,2010,7.0,8.0,41.0,49.0,10,0.1,5.62,5.65,7.0,2.97,8.43,8.28,703.0,1.16,6.13,6.68,82.5,1,0,1,1,0,4
518,7.0,2002,10.0,29.0,145.0,222.0,11,0.27,7.3,6.75,1.0,0.49,6.4,6.45,1.0,0.49,6.4,6.45,1.0,0,0,1,0,0,4
519,19.0,2002,7.0,1.0,14.0,223.0,11,2.47,7.0,7.7,24.0,3.07,7.0,8.65,24.0,3.07,7.0,8.65,24.0,1,0,0,1,0,4
520,9.0,2003,9.0,29.0,82.0,224.0,5,0.3,4.9,6.45,108.0,1.36,7.5,7.55,4.0,1.36,7.5,7.55,4.0,0,0,1,0,0,4
521,15.0,1994,11.0,37.0,179.0,225.0,8,0.0,0.0,0.0,0.0,0.0,0.0,0.0,0.0,0.06,4.5,7.6,42.0,1,0,0,0,1,4
522,6.0,2010,3.0,8.0,170.0,43.0,11,0.14,7.0,8.1,18.0,0.04,7.0,7.3,78.0,0.85,5.47,6.8,35.0,1,1,0,1,0,4
523,4.0,2007,8.0,6.0,180.0,214.0,10,0.02,5.8,7.0,3.0,0.13,5.8,6.2,3.0,0.01,5.8,6.2,3.0,0,0,0,0,0,4
524,7.0,2003,10.0,29.0,145.0,226.0,10,0.15,5.3,7.35,17.0,2.83,7.0,7.7,4.0,2.83,7.0,7.7,4.0,0,0,1,0,0,4
525,5.0,2008,9.0,18.0,164.0,184.0,9,1.18,6.8,7.4,53.0,0.67,7.15,7.8,29.0,0.09,7.15,7.3,5.0,0,0,0,0,0,4
526,4.0,2006,2.0,1.0,181.0,2.0,12,0.35,7.0,7.6,85.0,0.65,6.0,6.8,85.0,23.42,9.03,8.62,907.5,0,0,0,1,0,4
527,13.0,1997,1.0,4.0,171.0,227.0,1,1.92,6.6,7.3,18.0,0.17,6.6,6.0,1.0,0.17,6.6,6.0,1.0,0,0,0,0,0,4
528,6.0,2011,7.0,4.0,159.0,195.0,2,0.03,7.35,7.35,29.0,0.89,7.35,7.35,29.0,0.89,7.35,7.35,29.0,1,0,0,1,0,4
529,13.0,1998,2.0,4.0,182.0,228.0,1,0.07,7.9,7.5,12.0,0.07,7.9,7.5,12.0,0.07,7.9,7.5,12.0,0,0,0,0,0,4
530,7.0,2001,10.0,29.0,145.0,229.0,11,0.08,7.8,7.2,0.0,3.2,7.5,7.2,1.0,3.2,7.5,7.2,1.0,0,0,1,0,0,4
531,8.0,1992,4.0,25.0,152.0,65.0,1,3.87,7.0,8.0,6.0,3.12,7.0,7.4,116.0,3.87,7.0,8.0,6.0,1,1,0,0,0,4
532,13.0,1996,10.0,14.0,183.0,216.0,1,0.27,7.8,7.8,12.0,0.55,6.6,6.6,26.0,1.34,6.6,6.6,26.0,1,1,0,1,0,4
533,15.0,2011,7.0,8.0,41.0,42.0,10,7.34,8.13,7.5,1113.5,7.34,8.13,7.5,1113.5,7.34,8.13,7.5,1113.5,1,1,1,1,0,4
534,7.0,2001,1.0,8.0,184.0,230.0,7,0.21,7.25,8.1,1.0,1.0,7.25,7.3,3.0,0.53,7.0,7.9,8.0,1,0,0,0,1,4
535,4.0,2009,5.0,1.0,59.0,75.0,10,0.45,4.75,7.0,4.0,3.36,8.6,8.7,4.0,5.26,7.75,8.1,162.0,0,0,0,0,0,4
536,10.0,2011,4.0,1.0,51.0,73.0,1,6.59,8.57,8.45,403.5,0.65,6.53,7.78,42.5,0.13,6.53,7.78,42.5,1,1,1,0,0,4
537,7.0,2003,2.0,4.0,39.0,108.0,10,0.09,6.95,8.2,5.0,4.79,7.4,8.3,29.0,3.64,9.0,8.55,118.0,0,0,1,0,0,4
538,11.0,2014,9.0,4.0,166.0,207.0,3,0.06,5.7,5.22,4.5,2.94,7.75,7.75,259.0,2.94,7.75,7.75,259.0,0,0,0,0,0,4
539,7.0,2003,2.0,4.0,75.0,231.0,11,4.2,5.5,7.5,24.0,3.71,9.1,8.4,24.0,3.71,9.1,8.4,24.0,0,0,0,0,0,4
540,6.0,2009,10.0,26.0,185.0,44.0,10,0.51,7.5,6.65,22.0,1.93,6.9,7.6,3.0,3.87,8.4,8.0,70.0,1,0,1,0,1,4
541,7.0,2003,8.0,8.0,186.0,202.0,1,0.13,5.23,4.25,0.5,0.53,7.85,8.12,7.0,0.05,6.6,6.55,24.0,0,0,0,0,0,4
542,1.0,2007,2.0,9.0,55.0,62.0,2,0.01,5.47,6.85,40.0,0.12,5.47,6.85,40.0,1.05,4.03,5.37,100.0,0,1,1,0,0,4
543,5.0,2011,9.0,29.0,157.0,193.0,11,0.18,6.0,7.05,0.0,0.39,6.7,7.05,51.5,1.69,7.46,7.4,241.0,1,0,0,1,0,4
544,16.0,1980,7.0,11.0,187.0,232.0,1,4.31,6.102650200921301,6.463859649122879,46.501239624878735,4.31,6.190823287268469,6.56118494560429,45.05502856526895,4.31,6.2224767225326065,6.601727923159902,45.990136897704,0,0,0,0,0,4
545,8.0,1992,6.0,1.0,3.0,2.0,1,11.18,8.5,8.9,154.0,2.12,8.5,7.0,7.0,20.61,9.0,8.9,286.0,0,1,1,0,0,4
546,11.0,2013,9.0,6.0,19.0,55.0,10,3.76,7.5,6.62,19.0,3.76,7.5,6.62,19.0,3.89,7.93,7.85,439.0,1,1,1,1,1,4
547,12.0,2000,12.0,1.0,65.0,3.0,1,5.55,7.95,8.6,282.0,1.37,7.95,8.6,282.0,3.63,7.35,6.75,11.0,0,0,0,0,0,4
548,2.0,1986,9.0,1.0,188.0,233.0,1,0.51,6.2,6.2,9.0,0.51,6.2,6.2,9.0,0.51,6.2,6.2,9.0,1,0,0,0,0,4
549,5.0,2011,11.0,3.0,141.0,172.0,5,0.33,5.6,5.5,240.0,3.23,7.78,7.4,240.0,3.23,7.78,7.4,240.0,0,0,0,0,0,4
550,5.0,2006,7.0,5.0,11.0,16.0,11,0.06,6.65,6.85,23.0,1.12,7.8,5.55,9.0,0.33,7.6,6.7,9.0,1,0,1,1,1,4
551,9.0,2002,9.0,1.0,51.0,39.0,9,6.31,9.2,8.4,58.0,2.25,8.2,8.1,58.0,1.86,9.0,9.2,161.0,0,1,1,0,0,4
552,7.0,2001,9.0,19.0,51.0,234.0,7,0.09,8.5,8.2,38.0,0.22,7.63,7.52,32.0,0.22,7.63,7.52,32.0,1,0,1,0,0,4
553,11.0,2015,10.0,20.0,189.0,216.0,4,0.24,7.0,7.2,1.0,0.24,7.0,7.2,1.0,2.11,7.8,7.9,117.0,1,1,0,1,0,4
554,12.0,1998,6.0,1.0,29.0,166.0,2,0.47,6.3,6.3,6.0,0.47,6.3,6.3,6.0,0.47,6.3,6.3,6.0,1,1,0,0,0,4
555,5.0,2011,1.0,8.0,68.0,77.0,9,6.69,7.92,7.75,702.5,0.39,4.9,5.3,702.5,0.39,4.9,5.3,702.5,1,1,1,1,0,4
556,7.0,2006,9.0,18.0,60.0,235.0,9,0.18,5.83,5.35,199.0,0.28,5.55,5.25,4.0,0.28,5.55,5.25,4.0,0,0,1,0,0,4
557,5.0,2010,1.0,8.0,68.0,77.0,7,2.08,7.5,8.18,145.5,0.73,7.73,7.07,5.5,0.73,7.73,7.07,5.5,1,1,1,1,0,4
558,4.0,2010,5.0,1.0,1.0,236.0,11,2.12,7.3,7.85,60.0,2.6,6.0,6.7,33.0,2.6,6.0,6.7,33.0,1,1,1,1,0,4
559,5.0,2010,1.0,8.0,43.0,237.0,5,0.48,6.95,7.0,25.0,1.09,7.97,8.1,95.0,1.09,7.97,8.1,95.0,0,0,1,0,0,4
560,7.0,2004,3.0,8.0,170.0,238.0,9,0.45,8.6,6.8,74.0,0.24,8.4,6.8,74.0,0.15,8.9,8.7,74.0,1,0,0,1,1,4
561,10.0,2014,4.0,38.0,190.0,239.0,1,0.13,6.0,7.0,3.0,0.1,6.0,7.0,3.0,1.89,7.55,8.12,47.0,0,0,0,1,0,4
562,6.0,2009,3.0,8.0,191.0,240.0,9,0.01,5.5,5.1,1.0,0.01,5.5,5.1,1.0,0.01,5.5,5.1,1.0,1,1,0,1,0,4
563,6.0,2011,4.0,17.0,57.0,25.0,2,0.1,3.6,4.17,10.5,2.17,7.73,6.62,801.0,2.17,7.73,6.62,801.0,1,1,1,1,0,4
564,21.0,1992,10.0,39.0,192.0,216.0,1,0.0,0.0,0.0,0.0,0.0,0.0,0.0,0.0,0.0,0.0,0.0,0.0,1,1,0,1,0,4
565,7.0,2005,7.0,5.0,11.0,16.0,11,0.09,6.8,7.35,1.0,0.37,7.6,7.8,1.0,1.21,6.15,6.95,18.0,0,0,1,0,0,4
566,5.0,2008,6.0,5.0,73.0,84.0,11,5.43,7.17,7.42,527.5,1.23,6.0,6.5,18.0,0.79,6.03,6.77,9.5,1,0,1,0,0,4
567,13.0,1998,7.0,8.0,193.0,49.0,10,0.08,6.052373962040321,6.402224199288258,48.78405961445002,0.08,6.132637900355867,6.51672894424675,46.84083913818241,0.08,6.1804003558718685,6.557740213523137,48.53045520816459,1,0,0,1,0,4
568,14.0,2004,4.0,2.0,194.0,82.0,9,0.27,8.35,8.35,21.0,0.27,8.35,8.35,21.0,0.27,8.35,8.35,21.0,1,0,0,1,0,4
569,4.0,2006,9.0,33.0,195.0,241.0,10,0.25,8.1,8.1,48.40748280219009,0.01,8.1,8.1,47.08746314755019,0.01,8.1,8.1,48.39758528709813,0,0,0,0,0,4
570,7.0,2003,9.0,6.0,196.0,196.0,4,0.03,7.7,7.9,113.0,0.25,5.6,7.9,113.0,0.25,5.6,7.9,113.0,1,0,1,0,0,4
571,1.0,2012,9.0,5.0,47.0,88.0,10,0.27,6.3,4.1,45.0,0.95,7.6,6.42,45.0,0.4,3.0,6.3,5.0,1,0,0,0,1,4
572,17.0,2006,7.0,8.0,197.0,49.0,10,0.04,7.2,7.0,3.5,0.2,7.5,7.53,3.5,0.53,6.1,7.05,8.0,1,0,0,1,0,4
573,2.0,1986,2.0,1.0,1.0,242.0,1,6.51,6.0,8.3,176.0,6.51,6.0,8.3,176.0,6.51,6.0,8.3,176.0,1,1,1,0,1,4
574,12.0,1996,9.0,1.0,149.0,184.0,1,5.15,8.0,8.6,100.5,0.06,7.0,5.6,14.0,1.95,9.0,8.12,32.0,0,0,0,0,1,4
575,5.0,2007,9.0,18.0,60.0,66.0,11,5.83,7.0,7.8,63.0,0.07,4.8,6.9,3.0,0.07,4.8,6.9,3.0,0,0,1,0,0,4
576,7.0,2000,3.0,3.0,198.0,139.0,10,1.14,5.1,8.72,145.0,0.56,7.63,8.72,145.0,0.56,7.63,8.72,145.0,1,0,0,0,1,4
577,17.0,2006,10.0,4.0,199.0,37.0,1,0.08,5.05,8.1,0.0,0.08,5.05,8.1,0.0,0.15,5.75,8.1,0.0,1,0,0,0,0,4
578,5.0,2009,12.0,2.0,200.0,20.0,3,0.01,8.35,8.53,107.0,0.39,7.7,7.72,346.5,12.14,8.3,7.98,879.0,1,1,0,1,0,4
579,6.0,2009,9.0,4.0,86.0,91.0,11,0.79,5.95,8.2,185.0,0.79,5.95,8.2,185.0,4.07,8.65,8.6,185.0,1,0,0,1,0,4
580,7.0,2004,1.0,9.0,102.0,243.0,1,0.23,8.33,7.77,3.5,0.54,8.3,8.4,6.5,0.02,6.8,8.4,6.5,0,0,1,0,0,4
581,1.0,2007,1.0,1.0,83.0,244.0,7,0.33,7.8,7.4,4.0,1.61,7.3,7.55,66.0,1.61,7.3,7.55,66.0,0,1,0,0,0,4
582,5.0,2010,7.0,8.0,201.0,49.0,10,0.08,6.27,5.35,2.0,0.08,6.27,5.35,2.0,0.42,6.27,6.82,97.0,1,0,0,1,0,4
583,5.0,2009,1.0,8.0,27.0,31.0,10,0.06,7.43,6.43,154.5,0.22,5.05,6.05,5.0,0.02,7.85,7.1,83.0,1,1,1,0,1,4
584,5.0,2011,1.0,3.0,102.0,126.0,10,0.16,6.85,7.0,1.0,0.2,6.85,7.45,9.0,0.41,8.5,8.55,22.5,1,0,1,0,1,4
585,4.0,2008,8.0,1.0,202.0,245.0,11,3.27,4.65,4.15,17.0,0.22,7.0,8.0,35.0,0.22,7.0,8.0,35.0,0,0,0,0,0,4
586,7.0,2002,9.0,8.0,31.0,135.0,11,3.4,7.9,6.4,14.0,0.91,7.2,7.65,5.5,1.69,5.7,6.9,40.0,0,0,0,0,0,4
587,1.0,2010,2.0,1.0,1.0,2.0,1,3.38,8.57,7.5,604.5,28.62,7.85,7.95,203.0,35.82,7.6,8.0,319.0,1,1,1,0,0,4
588,21.0,1990,9.0,9.0,203.0,246.0,1,0.4,4.0,4.0,1.0,0.4,4.0,4.0,1.0,0.4,4.0,4.0,1.0,1,0,0,0,0,4
589,6.0,2008,1.0,8.0,45.0,31.0,10,0.02,7.07,5.15,10.0,0.15,7.5,6.87,2.5,0.3,5.99,6.47,43.0,1,1,1,0,1,4
590,6.0,2007,2.0,4.0,75.0,231.0,10,1.66,6.45,7.05,85.0,1.24,6.55,7.7,14.0,2.57,8.55,8.35,124.0,0,0,0,0,0,4
591,7.0,2004,1.0,8.0,45.0,247.0,10,0.01,8.2,6.3,3.5,0.45,8.3,7.1,3.5,0.9,7.42,6.8,2.0,1,0,1,0,1,4
592,17.0,2009,2.0,4.0,58.0,64.0,11,0.08,6.9,3.0,20.0,0.09,7.13,7.37,20.0,5.92,9.25,6.8,1105.0,0,0,0,0,0,4
593,11.0,2013,7.0,4.0,159.0,195.0,11,0.07,6.9,6.9,1.0,3.02,8.55,7.65,233.0,2.79,7.7,7.6,153.0,1,0,0,1,1,4
594,5.0,2009,9.0,3.0,204.0,248.0,1,0.12,9.0,7.7,238.0,0.01,7.0,8.0,71.0,0.45,6.0,6.7,39.0,0,0,0,0,0,4
595,17.0,2007,4.0,13.0,51.0,73.0,8,1.06,7.6,7.65,135.0,0.03,8.31,8.2,413.0,0.23,4.0,6.4,20.0,1,1,1,0,0,4
596,7.0,2006,10.0,29.0,145.0,249.0,11,0.07,4.9,6.0,10.0,2.94,7.3,7.4,36.5,2.94,7.3,7.4,36.5,0,0,1,0,0,4
597,7.0,2004,2.0,4.0,75.0,231.0,11,1.81,8.4,8.4,25.0,2.78,8.5,8.6,32.0,2.78,8.5,8.6,32.0,0,0,0,0,0,4
598,4.0,2010,6.0,1.0,205.0,250.0,8,0.58,5.87,6.25,4.5,0.87,7.4,7.85,104.0,0.87,7.4,7.85,104.0,0,0,0,0,0,4
599,5.0,2009,4.0,8.0,154.0,251.0,11,0.05,7.6,6.05,95.0,0.89,6.7,6.15,14.0,0.89,6.7,6.15,14.0,1,0,0,0,0,4
600,7.0,2007,1.0,8.0,68.0,77.0,8,0.23,5.7,4.6,8.0,0.24,5.6,7.9,8.0,0.5,7.53,8.05,8.0,1,1,1,0,0,4
601,19.0,2001,2.0,9.0,55.0,62.0,2,0.09,8.65,8.65,162.0,0.06,8.65,8.3,12.0,0.12,8.65,9.3,4.0,0,1,1,1,1,4
602,2.0,1987,4.0,25.0,206.0,65.0,1,0.0,0.0,0.0,0.0,0.0,0.0,0.0,0.0,0.0,0.0,0.0,0.0,0,0,0,0,0,4
603,6.0,2012,1.0,8.0,68.0,77.0,8,0.87,7.9,6.55,1.0,0.87,7.9,6.55,1.0,0.22,6.25,7.2,4.0,1,1,1,1,1,4
604,19.0,2003,4.0,1.0,207.0,3.0,1,0.17,7.1,8.1,28.0,0.17,7.1,8.1,28.0,2.73,7.1,7.1,28.0,0,0,0,0,0,4
605,1.0,2008,1.0,15.0,208.0,252.0,5,0.01,6.95,7.6,2.0,0.32,6.95,7.6,2.0,0.32,6.95,7.6,2.0,0,0,0,0,0,4
606,5.0,2008,1.0,8.0,68.0,77.0,8,0.23,8.1,7.2,2.0,0.58,8.1,7.2,2.0,0.27,7.2,7.6,2.0,1,1,1,0,0,4
607,7.0,2001,3.0,31.0,209.0,253.0,2,0.06,5.67,7.1,108.0,0.06,5.67,7.1,108.0,1.81,5.67,7.1,108.0,1,0,0,1,1,4
608,12.0,2000,9.0,1.0,33.0,254.0,6,1.0,8.4,7.85,5.0,5.27,7.67,8.22,160.5,5.27,7.67,8.22,160.5,1,0,0,0,0,4
609,1.0,2007,6.0,40.0,210.0,255.0,11,0.25,6.87,7.45,27.5,0.82,7.4,7.27,95.0,0.82,7.4,7.27,95.0,0,0,0,0,0,4
610,2.0,1986,4.0,13.0,85.0,256.0,1,1.0,6.5,6.5,12.0,1.0,6.5,6.5,12.0,1.0,6.5,6.5,12.0,0,0,0,0,0,4
611,6.0,2013,9.0,17.0,211.0,76.0,1,1.76,7.8,7.55,285.5,0.26,7.0,7.0,170.0,0.18,7.25,6.35,131.5,1,1,0,1,1,4
612,5.0,2006,4.0,5.0,212.0,257.0,10,0.02,7.3,7.45,28.0,0.38,6.33,7.03,43.5,0.32,4.4,8.6,43.5,0,0,0,0,1,4
613,7.0,2008,1.0,15.0,213.0,102.0,1,0.5,6.5,7.2,1.0,0.5,6.5,7.2,1.0,1.07,7.32,6.38,87.0,0,0,0,0,0,4
614,12.0,1999,6.0,1.0,24.0,2.0,10,3.63,7.35,6.75,11.0,0.46,7.35,7.1,14.0,11.89,8.97,8.9,577.5,1,1,0,0,0,4
615,6.0,2011,9.0,29.0,157.0,193.0,11,0.1,5.4,6.0,1.0,0.09,6.83,6.73,48.0,0.04,7.12,6.85,127.5,1,0,0,1,0,4
616,14.0,2003,9.0,3.0,5.0,11.0,1,16.15,9.17,7.98,467.5,16.15,9.17,7.98,467.5,0.01,8.43,8.35,276.5,0,0,1,0,0,4
617,1.0,2010,9.0,20.0,60.0,258.0,6,0.28,6.0,6.2,13.0,0.59,6.0,6.2,13.0,0.59,6.0,6.2,13.0,0,0,1,0,0,4
618,7.0,2002,10.0,40.0,210.0,216.0,2,0.12,5.7,6.7,4.5,0.25,4.8,6.7,4.5,0.73,6.0,7.85,4.5,1,1,0,1,0,4
619,6.0,2008,7.0,4.0,75.0,104.0,11,0.15,6.3,5.8,57.0,0.58,6.0,6.6,57.0,4.35,7.8,7.45,92.0,1,0,0,0,0,4
620,5.0,2008,3.0,33.0,214.0,259.0,9,0.17,4.8,5.7,2.0,0.15,7.0,7.8,4.0,0.15,7.0,7.8,4.0,0,0,0,0,0,4
621,13.0,1998,9.0,22.0,67.0,76.0,1,1.16,6.8,6.8,87.0,3.54,6.8,6.8,87.0,3.54,6.8,6.8,87.0,1,1,0,1,1,4
622,6.0,2012,1.0,3.0,102.0,126.0,10,0.93,8.63,8.32,486.0,0.04,8.63,8.32,486.0,0.16,8.53,7.78,64.5,1,0,1,1,1,4
623,5.0,2008,6.0,8.0,71.0,260.0,5,0.1,4.13,5.1,3.0,1.03,8.6,8.05,32.0,1.03,8.6,8.05,32.0,1,0,0,0,0,4
624,5.0,2013,1.0,3.0,102.0,126.0,10,21.4,9.23,8.48,1534.0,0.47,9.23,8.48,1534.0,0.14,7.83,7.38,17.5,1,0,1,0,1,4
625,19.0,2002,6.0,1.0,29.0,261.0,10,2.27,6.8,8.25,56.0,0.07,5.75,8.25,56.0,0.07,5.75,8.25,56.0,1,1,0,1,0,4
626,1.0,2010,6.0,29.0,120.0,262.0,11,0.47,7.07,7.47,52.0,0.1,7.07,7.47,52.0,0.1,7.07,7.47,52.0,0,0,0,0,0,4
627,6.0,2008,3.0,3.0,50.0,139.0,10,0.13,6.75,6.4,1.5,0.76,7.55,7.35,39.0,1.16,7.25,7.8,5.0,1,0,0,0,1,4
628,8.0,1992,4.0,10.0,215.0,25.0,3,0.38,7.0,6.7,159.0,0.76,7.0,6.7,159.0,1.4,7.0,6.7,159.0,1,1,0,0,0,4
629,8.0,1992,4.0,10.0,215.0,25.0,4,0.97,7.0,8.1,9.0,0.97,7.0,8.1,9.0,1.77,7.0,8.1,9.0,1,1,0,0,0,4
630,13.0,1997,4.0,10.0,22.0,25.0,1,0.2,7.0,7.0,1.0,0.2,7.0,7.0,1.0,3.42,7.0,7.0,1.0,1,1,0,0,0,4
631,13.0,1996,3.0,4.0,216.0,263.0,1,6.82,7.0,6.9,13.0,6.82,7.0,6.9,13.0,6.82,7.0,6.9,13.0,1,0,0,1,1,4
632,5.0,2011,7.0,2.0,21.0,20.0,11,0.36,7.8,4.4,1.0,0.36,7.8,4.4,1.0,6.36,7.43,7.1,450.5,1,1,0,1,1,4
633,17.0,2006,3.0,8.0,45.0,264.0,11,0.04,6.3,6.95,10.0,0.47,6.9,6.95,44.0,0.47,6.9,6.95,44.0,1,1,1,1,0,4
634,7.0,2003,8.0,8.0,108.0,265.0,12,0.05,7.6,7.0,20.0,0.07,7.6,8.35,26.0,0.07,7.6,8.35,26.0,0,0,0,0,0,4
635,15.0,1997,11.0,37.0,179.0,225.0,10,2.81,7.3,7.08,40.5,2.81,7.3,7.08,40.5,0.07,4.5,7.6,42.0,0,0,0,0,0,4
636,5.0,2008,7.0,6.0,62.0,266.0,3,0.05,6.6,6.32,305.5,0.51,4.7,5.6,18.0,1.25,7.8,7.2,48.0,1,0,1,0,0,4
637,22.0,1998,2.0,9.0,55.0,62.0,1,0.11,5.0,7.5,55.0,0.43,5.0,7.5,55.0,1.76,5.0,8.2,82.0,0,1,1,1,1,4
638,2.0,1988,1.0,1.0,1.0,267.0,1,7.46,8.0,7.5,160.0,17.28,9.0,8.9,197.0,17.28,9.0,8.9,197.0,0,0,1,0,0,4
639,6.0,2010,1.0,15.0,87.0,102.0,9,0.12,4.03,6.27,3.5,0.02,4.03,6.27,3.5,0.07,4.03,7.0,1.0,0,0,1,0,0,4
640,7.0,2003,10.0,11.0,148.0,188.0,11,0.48,6.2,6.8,128.5,3.09,7.07,7.52,128.5,1.09,6.75,7.95,9.0,0,0,0,0,0,4
641,7.0,2001,3.0,4.0,217.0,268.0,2,0.05,6.4,8.25,97.0,0.05,6.4,8.25,97.0,0.05,6.4,8.25,97.0,1,0,0,0,0,4
642,13.0,1998,9.0,13.0,51.0,269.0,1,0.06,7.5,7.5,13.0,0.06,7.5,7.5,13.0,0.06,7.5,7.5,13.0,1,0,1,0,0,4
643,18.0,2014,6.0,2.0,23.0,27.0,11,0.17,7.15,7.18,18.0,5.42,8.5,8.22,152.5,5.42,8.5,8.22,152.5,0,1,0,1,0,4
644,7.0,2007,3.0,8.0,218.0,43.0,11,0.02,6.0,6.3,11.0,0.3,7.23,7.6,200.0,1.26,7.3,7.2,65.0,1,1,0,1,0,4
645,18.0,2015,1.0,8.0,27.0,77.0,8,0.04,5.77,7.2,11.0,0.2,5.77,5.42,11.0,1.41,8.0,5.47,4.0,1,1,1,1,0,4
646,13.0,1996,5.0,41.0,219.0,4.0,1,0.12,7.0,8.0,2.0,0.5,7.0,8.0,2.0,0.23,7.0,8.0,2.0,1,1,0,0,1,4
647,2.0,1987,10.0,1.0,1.0,270.0,1,4.38,7.6,7.6,97.0,4.38,7.6,7.6,97.0,4.38,7.6,7.6,97.0,0,0,1,0,0,4
648,15.0,1997,12.0,8.0,220.0,271.0,3,0.04,7.5,7.5,8.0,0.05,7.6,7.6,8.0,0.05,7.6,7.6,8.0,0,0,0,0,0,4
649,9.0,2001,11.0,15.0,221.0,112.0,11,2.07,8.1,8.5,49.86247139588101,2.07,8.1,8.5,48.43188405797101,4.16,5.0,8.5,49.87780320366133,1,0,1,0,0,4
650,11.0,2015,3.0,8.0,222.0,43.0,1,7.67,7.0,6.7,123.0,0.67,7.17,6.47,47.5,0.67,7.17,6.47,47.5,1,1,0,1,0,4
651,5.0,2010,1.0,12.0,48.0,51.0,11,0.04,4.5,5.65,10.0,0.41,4.5,5.65,10.0,6.81,4.5,5.65,10.0,0,0,0,0,0,4
652,1.0,2008,9.0,18.0,60.0,132.0,6,2.38,7.0,7.05,63.0,0.17,4.8,5.7,2.0,0.17,4.8,5.7,2.0,0,0,1,0,0,4
653,15.0,1994,6.0,28.0,223.0,272.0,1,0.0,0.0,0.0,0.0,0.0,0.0,0.0,0.0,0.0,0.0,0.0,0.0,0,0,0,0,0,4
654,6.0,2013,9.0,20.0,224.0,71.0,10,0.11,7.1,5.9,2.0,0.11,7.1,5.9,2.0,0.53,8.87,8.72,571.0,1,0,0,1,0,4
655,5.0,2011,9.0,42.0,225.0,273.0,9,0.04,4.15,5.4,3.0,0.3,4.33,4.77,26.0,0.3,4.33,4.77,26.0,1,0,0,1,0,4
656,7.0,2005,6.0,23.0,71.0,84.0,5,0.0,0.0,0.0,0.0,0.43,7.1,7.4,0.0,0.43,7.1,7.4,0.0,1,0,0,0,0,4
657,6.0,2007,9.0,18.0,60.0,66.0,11,4.9,7.0,6.65,63.0,5.83,7.0,7.8,63.0,5.83,7.0,7.8,63.0,0,0,1,0,0,4
658,5.0,2011,6.0,2.0,226.0,274.0,12,0.32,7.67,6.2,240.0,1.64,7.13,6.38,40.5,1.64,7.13,6.38,40.5,0,0,0,0,0,4
659,12.0,1998,10.0,29.0,202.0,275.0,1,0.07,8.3,8.3,3.0,0.1,8.3,8.3,3.0,1.69,7.2,7.2,6.0,0,0,0,0,0,4
660,11.0,2015,9.0,4.0,227.0,276.0,3,1.72,5.65,6.3,158.0,0.76,8.53,8.13,136.0,0.76,8.53,8.13,136.0,0,0,0,1,0,4
661,11.0,2014,1.0,3.0,102.0,126.0,10,5.08,9.23,8.32,395.0,1.33,8.33,7.7,96.5,1.33,8.33,7.7,96.5,1,0,1,1,1,4
662,6.0,2010,1.0,8.0,68.0,77.0,7,0.47,6.7,6.65,6.0,0.66,7.75,7.6,4.5,0.66,7.75,7.6,4.5,1,1,1,1,0,4
663,7.0,2001,6.0,15.0,87.0,277.0,2,0.03,6.113659429129058,6.478671220622964,46.09300044583148,0.12,6.201870374888207,6.579175408636298,45.315292019616585,0.14,6.234712531511773,6.6217109864194805,46.52278198840838,0,0,1,1,0,4
664,5.0,2007,1.0,8.0,68.0,77.0,8,0.08,8.2,7.1,1.0,0.23,5.7,4.6,1.0,0.22,7.17,6.75,2.0,1,1,1,0,0,4
665,15.0,2004,7.0,24.0,95.0,114.0,11,0.17,4.6,5.7,8.0,1.11,7.2,7.85,87.0,0.6,8.73,8.87,150.5,1,0,0,1,0,4
666,7.0,2004,9.0,29.0,228.0,278.0,10,0.2,6.1,8.6,1.0,0.95,7.1,5.7,1.0,0.95,7.1,5.7,1.0,0,0,0,0,0,4
667,7.0,2004,1.0,5.0,73.0,86.0,10,0.3,6.9,4.5,33.0,0.7,8.9,7.5,33.0,3.9,8.17,8.33,33.0,1,0,1,1,0,4
668,6.0,2009,1.0,8.0,68.0,77.0,9,2.83,8.0,7.35,16.0,0.98,7.0,7.1,6.0,0.98,7.0,7.1,6.0,1,1,1,0,0,4
669,5.0,2011,1.0,2.0,33.0,60.0,10,0.41,6.85,7.2,4.0,0.78,7.45,6.75,52.0,6.24,6.15,6.9,13.0,0,0,0,1,0,4
670,3.0,1995,2.0,1.0,65.0,81.0,1,4.12,9.0,8.8,191.0,1.75,7.0,7.6,54.0,1.75,7.0,7.6,54.0,1,0,0,0,0,4
671,4.0,2010,9.0,20.0,77.0,258.0,6,0.11,6.37,6.93,13.5,0.57,6.37,6.93,13.5,0.57,6.37,6.93,13.5,0,0,0,0,0,4
672,3.0,1996,2.0,1.0,99.0,26.0,1,31.37,7.0,8.2,138.0,1.14,7.0,7.3,4.0,3.91,7.0,7.7,20.0,1,1,0,0,1,4
673,3.0,1998,4.0,22.0,85.0,279.0,1,2.29,7.95,7.95,139.0,1.36,8.0,8.0,6.0,1.36,8.0,8.0,6.0,0,0,0,0,0,4
674,5.0,2008,3.0,3.0,50.0,139.0,10,0.07,6.67,6.53,4.5,1.27,6.9,6.35,39.0,0.2,7.35,6.25,5.0,1,0,0,0,1,4
675,1.0,2013,2.0,5.0,229.0,280.0,10,0.47,5.87,7.05,37.0,0.12,4.5,6.05,3.0,0.12,4.5,6.05,3.0,1,0,0,0,0,4
676,7.0,2007,10.0,29.0,145.0,281.0,11,0.09,5.3,8.95,17.0,0.39,5.75,8.95,17.0,0.39,5.75,8.95,17.0,0,0,1,0,0,4
677,1.0,2008,1.0,6.0,19.0,282.0,12,0.09,7.5,7.5,45.88682931064421,0.23,7.5,7.5,44.88565723215836,0.23,7.5,7.5,46.308734155235285,0,0,1,0,0,4
678,7.0,2001,9.0,13.0,51.0,67.0,9,0.05,8.3,7.4,8.0,0.19,8.3,8.12,21.5,1.14,8.7,8.45,89.0,1,1,1,0,0,4
679,5.0,2010,8.0,8.0,32.0,34.0,10,2.83,6.83,6.65,375.5,0.67,6.83,6.3,375.5,0.67,6.83,6.3,375.5,0,0,0,0,0,4
680,10.0,2015,9.0,1.0,230.0,39.0,2,0.04,10.0,7.8,4.0,0.04,10.0,7.8,4.0,1.77,10.0,8.85,345.0,0,1,0,0,0,4
681,18.0,2015,1.0,3.0,102.0,126.0,9,0.02,8.25,7.5,25.5,1.36,8.25,8.35,25.5,1.36,8.25,8.35,25.5,1,0,1,0,1,4
682,1.0,2010,6.0,6.0,19.0,283.0,11,3.5,8.63,8.0,888.0,0.08,8.63,8.0,888.0,0.08,8.63,8.0,888.0,1,1,1,0,0,4
683,12.0,2000,1.0,1.0,231.0,2.0,8,0.16,8.0,8.15,101.0,0.16,8.0,8.15,101.0,2.5,6.0,7.75,55.0,1,1,0,0,0,4
684,13.0,1997,9.0,3.0,232.0,284.0,1,0.0,0.0,0.0,0.0,0.0,0.0,0.0,0.0,0.0,0.0,0.0,0.0,1,1,0,0,0,4
685,7.0,2004,7.0,8.0,122.0,285.0,2,0.12,7.1,7.15,25.0,3.53,7.1,7.15,25.0,3.53,7.1,7.15,25.0,0,0,1,0,0,4
686,4.0,2004,5.0,1.0,3.0,286.0,3,0.06,8.45,6.4,17.0,0.65,8.45,8.6,45.0,0.65,8.45,8.6,45.0,1,0,1,0,0,4
687,13.0,1999,3.0,8.0,45.0,287.0,3,0.77,7.4,7.2,9.0,0.77,7.4,7.2,9.0,0.77,7.4,7.2,9.0,0,0,1,0,0,4
688,8.0,1995,4.0,10.0,215.0,288.0,3,0.89,7.0,8.6,28.0,1.3,7.0,8.1,9.0,1.3,7.0,8.1,9.0,1,0,0,0,0,4
689,13.0,1998,1.0,43.0,233.0,289.0,1,0.43,6.0,6.0,2.0,0.43,6.0,6.0,2.0,0.43,6.0,6.0,2.0,1,0,0,0,0,4
690,5.0,2013,9.0,20.0,234.0,257.0,11,0.32,7.47,7.28,209.0,0.13,7.85,7.28,28.0,0.12,4.83,3.75,5.0,0,0,0,0,0,4
691,15.0,2012,9.0,44.0,235.0,290.0,8,0.02,8.4,8.0,32.0,0.02,8.4,8.0,32.0,0.02,8.4,8.0,32.0,1,0,0,0,0,4
692,4.0,2008,4.0,1.0,44.0,291.0,11,4.68,6.65,7.15,22.0,2.18,6.45,6.95,12.0,2.18,6.45,6.95,12.0,1,1,0,0,0,4
693,6.0,2011,9.0,42.0,225.0,273.0,9,0.1,4.9,6.1,32.5,0.27,4.4,5.15,32.5,2.39,6.7,7.15,347.5,1,0,0,1,0,4
694,15.0,1997,9.0,22.0,81.0,76.0,10,1.32,9.1,5.8,17.0,4.63,9.1,8.4,17.0,5.24,9.1,7.6,139.0,1,1,0,1,1,4
695,6.0,2013,9.0,4.0,78.0,91.0,3,0.05,6.0,6.4,33.0,4.07,8.65,8.6,185.0,0.56,8.2,8.35,161.0,1,0,0,1,0,4
696,14.0,2004,3.0,8.0,45.0,43.0,11,0.08,7.25,7.55,23.0,0.08,7.25,7.55,23.0,0.48,6.6,7.0,9.0,1,1,1,1,0,4
697,6.0,2009,1.0,15.0,87.0,102.0,10,0.08,6.2,6.75,2.0,0.4,6.15,7.85,1.0,0.45,6.0,6.2,44.0,0,1,1,1,0,4
698,1.0,2014,6.0,6.0,19.0,23.0,10,0.34,8.7,8.18,183.0,0.19,2.15,3.65,2.0,0.39,7.5,6.25,15.0,1,1,1,1,0,4
699,10.0,2015,9.0,38.0,190.0,239.0,1,0.1,6.0,7.0,3.0,0.09,6.0,6.0,1.0,1.89,7.55,8.12,47.0,0,0,0,1,0,4
700,2.0,1983,2.0,1.0,1.0,2.0,1,3.2,7.0,4.3,3.0,0.54,7.0,6.6,18.0,1.59,7.0,7.1,172.0,0,1,1,0,0,4
701,7.0,2008,1.0,8.0,45.0,31.0,10,0.02,7.7,7.5,80.0,0.02,7.07,5.15,10.0,0.09,5.76,5.95,14.0,1,1,1,0,1,4
702,6.0,2008,9.0,18.0,164.0,184.0,9,0.04,6.9,7.15,53.0,0.05,7.1,7.87,103.0,1.68,7.3,6.65,2.0,0,0,0,0,0,4
703,6.0,2012,7.0,3.0,127.0,157.0,9,0.23,7.2,7.92,224.5,0.08,7.2,7.92,224.5,0.13,7.2,6.8,4.0,1,0,0,1,0,4
704,13.0,1997,3.0,36.0,236.0,292.0,1,0.0,0.0,0.0,0.0,0.0,0.0,0.0,0.0,0.0,0.0,0.0,0.0,1,0,0,0,0,4
705,10.0,2012,4.0,1.0,3.0,2.0,11,5.19,7.7,7.55,172.0,0.27,7.0,7.5,4.0,9.82,7.4,7.0,140.0,1,1,1,1,0,4
706,6.0,2009,6.0,9.0,237.0,293.0,2,0.01,8.2,3.0,10.5,0.14,6.67,6.15,10.5,0.14,6.67,6.15,10.5,0,1,0,0,0,4
707,1.0,2006,6.0,9.0,34.0,294.0,11,0.33,4.9,6.4,8.0,0.02,4.9,8.4,10.0,0.03,4.43,5.25,5.0,1,0,1,0,1,4
708,9.0,2002,2.0,1.0,44.0,81.0,9,0.19,5.0,6.4,1.0,1.77,7.23,7.65,41.0,1.23,7.23,7.65,41.0,1,0,0,0,0,4
709,9.0,2001,2.0,1.0,1.0,295.0,11,1.86,9.0,9.2,161.0,3.15,8.7,8.8,161.0,1.48,9.0,8.18,28.5,1,0,1,0,0,4
710,6.0,2007,6.0,5.0,73.0,84.0,11,4.62,8.2,8.03,130.0,4.98,8.07,8.1,67.5,4.62,8.2,8.03,130.0,1,0,1,0,0,4
711,1.0,2006,7.0,5.0,238.0,16.0,11,0.01,7.07,7.38,13.0,0.28,5.0,6.4,11.0,0.06,8.03,8.0,257.5,1,0,0,1,1,4
712,1.0,2007,9.0,13.0,51.0,67.0,3,0.01,6.0,6.0,1.0,0.58,6.0,6.0,1.0,0.04,8.3,8.3,50.0,1,1,1,1,0,4
713,23.0,2014,6.0,16.0,23.0,27.0,11,0.14,6.5,2.5,1.0,4.02,8.5,8.3,170.0,4.02,8.5,8.3,170.0,0,1,0,1,0,4
714,7.0,2002,11.0,13.0,51.0,234.0,8,0.23,7.9,8.1,7.0,0.23,7.9,8.1,7.0,0.28,7.9,8.1,7.0,1,0,1,0,0,4
715,13.0,1997,1.0,45.0,239.0,289.0,1,0.0,0.0,0.0,0.0,0.0,0.0,0.0,0.0,0.43,6.0,6.0,2.0,1,0,0,0,0,4
716,19.0,2004,4.0,1.0,3.0,296.0,10,0.22,6.35,5.65,1.0,0.97,8.43,8.82,114.0,0.97,8.43,8.82,114.0,1,1,1,1,0,4
717,6.0,2011,1.0,8.0,68.0,77.0,9,4.19,7.92,7.75,412.5,0.46,6.0,7.1,5.0,0.46,6.0,7.1,5.0,1,1,1,1,0,4
718,1.0,2009,4.0,1.0,51.0,73.0,4,1.48,6.25,7.2,94.0,3.51,7.77,7.03,645.5,0.25,4.0,6.4,20.0,1,1,1,0,0,4
719,17.0,2008,10.0,17.0,57.0,25.0,8,0.13,6.55,5.3,7.0,0.15,6.55,8.7,3.0,0.15,6.55,8.7,3.0,0,0,1,0,0,4
720,9.0,2001,2.0,9.0,55.0,62.0,2,0.33,8.45,8.5,14.0,0.2,8.45,8.2,49.0,2.42,5.0,7.0,163.0,0,1,1,0,0,4
721,9.0,2001,2.0,24.0,98.0,88.0,10,0.1,8.2,8.0,323.0,0.5,8.2,8.0,323.0,3.52,8.2,7.6,28.0,0,0,0,0,0,4
722,2.0,1990,9.0,15.0,87.0,110.0,1,0.93,7.3,7.3,38.0,0.93,7.3,7.3,38.0,4.17,7.3,7.3,38.0,0,0,1,0,0,4
723,4.0,2008,9.0,5.0,77.0,132.0,6,3.78,6.85,7.1,53.0,4.9,7.0,6.65,63.0,4.9,7.0,6.65,63.0,0,0,0,0,0,4
724,7.0,2009,8.0,15.0,87.0,297.0,10,0.07,7.3,5.0,1.0,0.1,7.3,7.5,1.0,0.3,6.5,7.35,1.0,1,0,1,0,0,4
725,20.0,2013,2.0,1.0,1.0,2.0,6,1.77,10.0,8.85,345.0,1.77,10.0,8.85,345.0,5.19,7.7,7.55,172.0,0,0,1,1,0,4
726,7.0,2003,9.0,6.0,19.0,298.0,11,0.11,5.85,6.35,2.0,0.07,7.75,8.25,113.0,0.15,8.25,8.05,198.0,1,0,1,0,1,4
727,4.0,2009,5.0,20.0,240.0,299.0,9,1.31,5.75,8.6,0.0,0.79,6.65,6.65,2.0,0.79,6.65,6.65,2.0,0,0,0,0,0,4
728,3.0,1998,11.0,1.0,1.0,39.0,1,4.88,7.4,7.95,84.0,4.03,7.9,8.15,181.0,6.51,6.0,8.3,176.0,0,1,1,0,0,4
729,5.0,2010,3.0,8.0,170.0,43.0,11,0.09,7.85,7.45,78.0,0.1,7.85,7.45,78.0,0.39,5.5,5.87,12.0,1,1,0,1,0,4
730,5.0,2010,7.0,3.0,241.0,221.0,2,0.09,6.0,6.7,39.0,0.09,6.0,6.7,39.0,0.41,9.37,8.68,657.5,1,0,0,0,0,4
731,18.0,2013,9.0,6.0,19.0,55.0,10,3.34,7.87,7.92,341.5,3.34,7.87,7.92,341.5,3.34,7.87,7.92,341.5,1,1,1,1,1,4
732,7.0,2006,9.0,13.0,51.0,201.0,1,0.02,4.25,2.0,0.0,0.09,5.75,7.35,5.0,2.99,8.97,8.4,231.5,1,0,1,0,0,4
733,5.0,2008,6.0,8.0,71.0,260.0,3,0.3,5.99,6.47,43.0,1.11,5.95,6.3,4.0,1.11,5.95,6.3,4.0,1,0,0,0,0,4
734,16.0,1981,9.0,46.0,34.0,112.0,1,0.0,0.0,0.0,0.0,0.0,0.0,0.0,0.0,0.0,0.0,0.0,0.0,1,0,1,0,0,4
735,5.0,2007,6.0,5.0,71.0,84.0,11,4.53,8.17,8.0,120.0,5.12,8.57,8.37,57.0,4.53,8.17,8.0,120.0,1,0,0,0,0,4
736,3.0,2000,2.0,1.0,1.0,300.0,4,0.1,6.0,6.3,7.0,1.22,6.0,6.7,3.0,1.22,6.0,6.7,3.0,1,0,1,0,0,4
737,2.0,1986,1.0,26.0,242.0,301.0,1,0.41,4.8,4.8,13.0,0.41,4.8,4.8,13.0,0.41,4.8,4.8,13.0,0,0,0,0,0,4
738,1.0,2008,2.0,9.0,55.0,62.0,11,0.33,3.67,5.62,16.5,0.93,4.7,7.0,32.5,0.18,4.7,7.28,16.5,0,1,1,0,0,4
739,4.0,2007,5.0,33.0,243.0,302.0,1,0.06,6.6,5.8,4.0,0.4,6.6,5.8,4.0,0.4,6.6,5.8,4.0,0,0,0,0,0,4
740,6.0,2011,9.0,15.0,87.0,102.0,9,0.21,3.0,8.3,1.0,0.08,3.0,4.0,1.0,0.06,7.5,6.65,136.5,0,1,1,0,0,4
741,5.0,2006,9.0,29.0,157.0,193.0,9,0.05,5.6,6.85,39.0,1.5,6.63,6.85,39.0,1.5,6.63,6.85,39.0,1,0,0,0,0,4
742,14.0,2003,4.0,5.0,154.0,184.0,7,0.05,7.0,6.7,1.0,0.17,8.0,7.9,1.0,0.26,6.7,7.8,1.0,0,0,0,1,0,4
743,3.0,1992,6.0,1.0,65.0,81.0,1,8.76,7.0,9.0,188.0,0.45,7.0,4.0,2.0,0.45,7.0,4.0,2.0,1,0,0,0,0,4
744,3.0,2000,2.0,1.0,14.0,303.0,1,6.39,6.0,8.0,46.0,9.3,8.0,8.95,206.5,9.3,8.0,8.95,206.5,1,1,0,0,1,4
745,6.0,2012,9.0,17.0,165.0,204.0,11,0.12,7.67,7.92,358.0,0.59,5.07,5.28,104.5,0.04,8.07,8.53,218.0,1,0,0,1,0,4
746,3.0,2000,4.0,15.0,87.0,277.0,1,1.88,5.7,7.4,9.0,0.11,6.0,7.1,14.0,0.48,6.0,6.2,9.0,0,0,1,1,0,4
747,7.0,2002,3.0,29.0,217.0,268.0,11,0.02,4.9,7.45,6.0,0.46,6.87,7.45,6.0,2.41,7.6,8.4,0.0,1,0,0,0,0,4
748,18.0,2013,3.0,2.0,64.0,72.0,11,1.61,7.45,6.1,73.0,0.05,7.45,7.9,10.0,4.64,8.55,8.1,87.0,1,0,0,1,1,4
749,5.0,2013,1.0,8.0,27.0,77.0,8,1.07,6.35,6.0,314.0,1.29,7.55,7.22,314.0,0.24,7.75,7.72,3.5,1,1,1,1,1,4
750,4.0,2006,4.0,1.0,44.0,304.0,10,1.2,6.8,7.45,22.0,1.62,6.1,8.1,22.0,1.62,6.1,8.1,22.0,1,1,0,0,0,4
751,9.0,2003,4.0,1.0,104.0,305.0,11,1.62,6.1,8.1,48.97781824201291,1.62,6.1,8.1,47.036252276113224,1.62,6.1,8.1,48.732577387849695,0,1,0,0,0,4
752,5.0,2010,4.0,17.0,57.0,25.0,3,0.73,6.2,6.85,111.0,0.73,6.2,6.85,111.0,0.27,6.2,6.85,111.0,1,1,1,1,0,4
753,12.0,1998,8.0,1.0,244.0,306.0,1,14.64,6.0160609318996405,6.403268817204285,46.05333068992863,0.02,6.099759856630821,6.523605734767007,42.11122125297383,0.02,6.1246594982078815,6.541229390680994,45.49722442505948,0,0,0,0,0,4
754,2.0,1984,1.0,1.0,1.0,307.0,1,4.16,4.0,6.4,25.0,1.1,4.0,6.6,18.0,1.1,4.0,6.6,18.0,0,0,1,0,1,4
755,15.0,2001,8.0,8.0,108.0,308.0,3,1.51,1.0,6.0,2.0,0.05,6.6,6.55,24.0,0.05,6.6,6.55,24.0,0,0,0,0,0,4
756,1.0,2009,1.0,6.0,19.0,309.0,11,5.57,8.62,8.53,1451.5,0.05,8.62,8.53,1451.5,0.05,8.62,8.53,1451.5,0,0,1,1,0,4
757,13.0,2000,7.0,4.0,174.0,310.0,1,0.07,5.7,7.15,3.0,2.88,7.0,8.7,3.0,1.94,7.0,8.7,3.0,1,0,0,0,0,4
758,11.0,2015,7.0,6.0,62.0,311.0,12,0.02,7.2,7.15,138.0,0.62,7.33,6.85,191.5,0.62,7.33,6.85,191.5,1,0,1,1,0,4
759,2.0,1987,1.0,1.0,1.0,312.0,1,3.02,8.1,8.1,8.0,3.02,8.1,8.1,8.0,3.02,8.1,8.1,8.0,0,0,1,0,0,4
760,18.0,2014,1.0,8.0,27.0,31.0,9,3.11,6.75,5.17,58.0,4.82,6.75,5.67,94.0,4.82,6.75,5.67,94.0,1,1,1,1,0,4
761,17.0,2007,7.0,5.0,245.0,16.0,3,0.2,3.67,4.73,27.5,0.05,5.8,8.0,27.5,1.52,7.0,6.2,48.0,1,0,0,1,0,4
762,8.0,1996,4.0,1.0,215.0,2.0,8,11.89,8.97,8.9,577.5,0.62,8.97,8.0,16.0,0.06,9.0,8.9,197.0,1,1,0,0,0,4
763,2.0,1983,6.0,1.0,246.0,313.0,1,3.2,4.3,4.3,3.0,3.2,4.3,4.3,3.0,3.2,4.3,4.3,3.0,0,0,0,0,1,4
764,2.0,1988,3.0,1.0,99.0,314.0,1,5.58,6.038438274665349,6.4453247397124365,45.20609026644916,5.58,6.1251363411006405,6.565458601883979,38.1715606307776,5.58,6.157278135845315,6.600813088745666,43.48178357803154,1,0,0,0,0,4
765,15.0,1992,8.0,47.0,247.0,315.0,1,0.03,6.13,3.85,371.5,0.03,6.13,3.85,371.5,0.03,6.13,3.85,371.5,1,0,0,1,0,4
766,16.0,1981,7.0,48.0,248.0,316.0,1,0.0,0.0,0.0,0.0,0.0,0.0,0.0,0.0,0.0,0.0,0.0,0.0,0,0,0,0,0,4
767,7.0,2004,8.0,15.0,103.0,297.0,9,0.07,3.2,3.0,0.0,0.09,9.0,7.7,0.0,1.81,8.2,7.65,1.0,1,0,0,0,0,4
768,4.0,2006,5.0,1.0,1.0,4.0,3,29.02,5.4,5.7,103.0,0.09,7.0,5.3,4.0,2.08,5.95,4.3,5.0,1,1,1,0,1,4
769,9.0,2003,4.0,10.0,57.0,25.0,9,0.07,6.5,7.45,5.0,1.49,6.5,7.45,5.0,8.05,8.6,8.45,356.0,1,1,1,0,0,4
770,11.0,2016,9.0,6.0,62.0,118.0,2,1.29,7.95,7.5,118.0,1.29,7.95,7.5,118.0,0.98,7.0,7.45,89.0,1,1,1,0,0,4
771,4.0,2010,9.0,33.0,249.0,317.0,1,0.25,6.6,6.4,3.0,0.25,5.7,6.7,3.0,1.92,3.95,4.4,3.0,0,0,0,1,0,4
772,4.0,2006,4.0,17.0,250.0,25.0,11,0.47,7.7,8.3,60.0,0.65,7.7,8.3,60.0,1.48,4.85,6.85,44.0,1,1,0,0,0,4
773,1.0,2010,2.0,1.0,251.0,81.0,10,0.21,7.3,7.9,52.0,0.73,7.0,6.7,38.0,1.96,6.55,7.3,7.0,1,0,0,0,0,4
774,14.0,2001,3.0,2.0,252.0,318.0,11,0.05,8.2,7.7,4.0,0.76,8.2,7.9,18.0,0.76,8.2,7.9,18.0,1,0,0,0,1,4
775,3.0,1989,1.0,1.0,3.0,120.0,1,30.26,9.5,9.35,188.0,4.01,9.5,7.0,7.0,4.01,9.5,7.0,7.0,0,0,1,0,1,4
776,6.0,2011,1.0,3.0,102.0,126.0,10,0.13,6.95,7.3,1.0,0.08,6.95,7.4,7.0,0.19,8.4,8.52,53.0,1,0,1,0,1,4
777,6.0,2009,7.0,3.0,127.0,157.0,10,0.15,7.45,7.45,5.5,0.9,6.93,7.05,20.5,3.44,8.3,7.13,483.5,1,0,0,0,0,4
778,12.0,2000,1.0,5.0,82.0,86.0,1,5.02,8.6,8.2,3.0,5.02,8.6,8.2,3.0,5.02,8.6,8.2,3.0,1,0,1,0,1,4
779,6.0,2008,1.0,15.0,213.0,102.0,1,0.28,7.18,7.55,1.0,0.28,7.18,7.55,1.0,0.01,7.18,6.38,83.5,0,0,0,0,0,4
780,7.0,2002,3.0,8.0,218.0,319.0,10,0.03,8.63,8.52,158.5,0.05,7.0,7.6,22.0,0.05,7.0,7.6,22.0,1,1,0,1,0,4
781,1.0,2010,1.0,1.0,57.0,2.0,2,0.03,6.3,7.25,22.0,0.98,6.3,7.25,22.0,28.62,7.85,7.95,203.0,0,1,1,1,0,4
782,1.0,2008,6.0,32.0,71.0,260.0,5,1.03,8.6,8.05,32.0,0.59,8.0,8.32,26.0,0.59,8.0,8.32,26.0,1,0,0,0,0,4
783,7.0,2003,9.0,49.0,253.0,320.0,3,0.09,7.2,7.75,1.0,1.0,7.2,7.75,1.0,1.0,7.2,7.75,1.0,1,0,0,1,1,4
784,5.0,2011,10.0,20.0,175.0,216.0,4,0.11,7.97,3.0,1.0,2.85,7.97,8.0,58.5,1.93,6.07,6.45,61.0,1,1,0,1,0,4
785,13.0,1998,4.0,10.0,22.0,321.0,9,0.17,7.0,7.7,79.0,2.45,7.4,8.8,146.0,2.45,7.4,8.8,146.0,0,0,0,0,0,4
786,7.0,2002,2.0,29.0,228.0,322.0,5,0.05,6.8,4.5,3.0,0.27,4.05,4.75,3.0,0.41,4.05,3.0,1.0,0,0,0,0,0,4
787,14.0,2002,9.0,2.0,252.0,318.0,1,0.03,7.25,6.5,57.0,0.14,6.2,7.15,7.0,2.12,7.75,7.85,18.0,1,0,0,0,1,4
788,17.0,2005,3.0,8.0,45.0,43.0,11,0.07,3.0,6.1,22.0,0.08,3.2,6.4,22.0,1.32,7.2,7.65,53.0,1,1,1,1,1,4
789,5.0,2011,7.0,50.0,95.0,114.0,4,0.37,8.47,8.23,512.5,3.99,8.47,8.2,342.5,0.14,8.3,8.85,131.0,0,0,0,1,0,4
790,7.0,2005,9.0,13.0,51.0,323.0,3,0.27,6.75,8.1,7.0,0.27,6.75,8.1,7.0,0.27,6.75,8.1,7.0,1,0,1,0,0,4
791,13.0,1997,1.0,51.0,254.0,324.0,1,0.31,6.042070079121586,6.394020668496688,49.29562687356727,0.31,6.127673179396085,6.510931697077347,47.72615059072474,1.15,6.172315517519764,6.551114161149683,49.20948686298713,1,0,0,0,0,4
792,5.0,2006,9.0,13.0,51.0,325.0,9,0.33,7.33,7.85,11.0,0.05,3.6,6.83,7.0,0.05,3.6,6.83,7.0,1,0,1,0,0,4
793,7.0,2003,9.0,29.0,123.0,224.0,1,0.2,6.6,5.4,1.0,0.15,6.6,5.4,1.0,0.15,6.6,5.4,1.0,0,0,0,0,0,4
794,5.0,2010,9.0,3.0,102.0,126.0,10,0.23,5.0,8.12,14.0,0.07,5.0,8.12,14.0,0.39,7.75,8.12,14.0,1,0,1,0,1,4
795,1.0,2009,6.0,52.0,255.0,326.0,6,0.04,8.9,8.8,50.939571150097464,0.04,8.9,8.8,48.451559454191035,0.34,8.9,8.8,49.943567251461985,1,0,0,0,1,4
796,4.0,2006,8.0,8.0,256.0,327.0,10,0.03,6.92,6.6,5.0,0.11,6.0,6.95,1.0,0.11,6.0,6.95,1.0,0,0,0,1,0,4
797,11.0,2015,7.0,8.0,257.0,42.0,3,0.04,5.4,6.45,18.0,0.28,5.4,6.45,18.0,1.98,8.03,7.13,182.0,1,1,0,0,0,4
798,17.0,2010,9.0,15.0,56.0,61.0,6,0.02,4.03,6.27,3.5,0.69,5.25,6.4,6.0,0.69,5.25,6.4,6.0,1,1,0,1,0,4
799,15.0,2010,4.0,5.0,52.0,58.0,12,0.07,4.7,7.7,588.0,1.32,8.8,7.7,588.0,6.28,8.77,7.85,627.0,0,0,0,1,0,4
800,7.0,2002,5.0,29.0,258.0,4.0,11,2.83,7.0,7.7,4.0,0.29,7.0,7.0,1.0,0.19,7.0,7.0,1.0,1,1,0,0,1,4
801,6.0,2008,3.0,8.0,259.0,43.0,11,0.01,6.3,6.23,35.5,0.01,6.3,6.23,35.5,0.13,6.3,6.23,35.5,0,0,1,0,0,4
802,1.0,2007,8.0,15.0,87.0,297.0,9,0.12,5.37,5.25,2.5,0.46,5.37,8.8,2.0,1.04,7.3,7.8,2.0,1,0,1,0,0,4
803,19.0,2003,6.0,1.0,29.0,328.0,11,6.95,8.35,8.3,304.0,0.25,8.1,8.3,304.0,0.25,8.1,8.3,304.0,1,1,0,1,0,4
804,6.0,2010,9.0,3.0,204.0,248.0,1,0.18,7.8,6.95,6.0,0.86,7.8,6.95,6.0,0.41,5.5,6.05,6.0,0,0,0,0,0,4
805,15.0,1998,12.0,8.0,220.0,329.0,10,0.04,7.75,7.2,6.0,2.4,7.75,8.02,32.0,2.4,7.75,8.02,32.0,0,0,0,0,0,4
806,15.0,1994,12.0,5.0,52.0,58.0,1,0.24,5.6,5.6,10.0,0.24,5.6,5.6,10.0,0.24,5.6,5.6,10.0,1,0,0,0,0,4
807,6.0,2010,1.0,8.0,43.0,237.0,5,0.43,7.0,7.0,25.0,0.85,7.97,7.98,69.5,0.85,7.97,7.98,69.5,0,0,1,0,0,4
808,13.0,2002,7.0,3.0,260.0,330.0,1,0.11,6.4,5.9,1.0,0.11,6.4,5.9,1.0,0.87,4.8,6.7,1.0,1,0,0,0,0,4
809,17.0,2010,4.0,17.0,57.0,56.0,9,0.49,5.1,5.15,91.5,0.53,8.4,8.58,53.5,0.98,6.3,7.25,22.0,1,0,1,1,0,4
810,5.0,2009,10.0,29.0,261.0,331.0,5,0.08,6.6,5.9,8.0,0.55,6.6,5.9,8.0,0.1,6.6,7.3,8.0,0,0,0,0,0,4
811,6.0,2011,4.0,26.0,227.0,332.0,10,0.19,5.0,7.1,0.0,0.08,4.65,6.85,1.0,1.84,8.7,8.5,211.0,0,0,0,1,0,4
812,9.0,2001,12.0,15.0,54.0,277.0,10,0.19,5.2,8.58,182.5,6.05,9.37,8.58,182.5,2.38,5.9,5.5,1.0,0,0,0,1,0,4
813,5.0,2007,3.0,8.0,43.0,43.0,11,0.02,7.35,6.65,43.0,0.72,7.53,8.5,72.5,0.05,7.4,6.9,125.5,1,1,1,1,0,4
814,6.0,2010,8.0,8.0,32.0,34.0,10,2.62,6.8,6.32,288.0,0.08,6.8,5.35,2.0,0.08,6.8,5.35,2.0,0,0,0,0,0,4
815,5.0,2010,9.0,6.0,62.0,333.0,4,0.26,4.55,8.3,1451.5,5.57,8.62,8.53,1451.5,5.57,8.62,8.53,1451.5,1,0,1,0,0,4
816,9.0,2005,4.0,1.0,206.0,334.0,1,1.65,7.1,8.0,50.56199677938808,0.17,7.1,8.0,37.569243156199676,0.17,7.1,8.0,43.750402576489535,1,1,0,0,0,4
817,9.0,2004,9.0,29.0,262.0,278.0,10,0.05,7.8,6.85,2.0,0.42,7.8,6.85,2.0,0.42,7.8,6.85,2.0,0,0,0,0,0,4
818,13.0,1998,3.0,26.0,40.0,335.0,5,0.04,7.0,6.9,0.0,0.45,7.0,6.9,0.0,1.07,7.0,6.9,16.0,0,0,1,0,0,4
819,7.0,2003,10.0,26.0,40.0,336.0,8,0.12,6.0,6.0,2.0,0.29,7.2,8.15,49.0,1.59,7.2,8.1,66.0,1,0,1,0,0,4
820,10.0,2013,4.0,1.0,104.0,337.0,8,0.24,5.55,6.25,21.0,0.07,5.55,6.25,21.0,0.07,5.55,6.25,21.0,0,1,0,0,0,4
821,6.0,2007,3.0,8.0,43.0,43.0,11,2.41,5.9,5.65,65.0,0.38,7.5,8.28,55.0,2.41,5.9,5.65,65.0,1,1,1,1,0,4
822,4.0,2008,6.0,3.0,96.0,116.0,7,0.57,7.43,7.62,112.5,4.1,5.3,6.0,112.5,4.1,5.3,6.0,112.5,1,0,0,0,1,4
823,6.0,2013,1.0,3.0,102.0,126.0,10,16.38,9.23,8.52,940.5,0.15,9.23,8.52,940.5,0.03,8.0,7.55,43.0,1,0,1,0,1,4
824,4.0,2005,4.0,1.0,206.0,338.0,1,24.76,7.0,6.2,17.0,0.54,7.0,6.2,17.0,0.54,7.0,6.2,17.0,0,0,0,0,0,4
825,19.0,2002,6.0,53.0,55.0,62.0,11,0.22,1.9,3.6,17.0,0.19,7.0,8.35,17.0,0.12,7.95,8.0,129.0,0,1,1,0,0,4
826,6.0,2013,4.0,5.0,52.0,78.0,5,0.53,2.8,4.78,62.5,1.83,7.23,6.1,570.0,1.06,8.4,8.63,352.0,1,0,0,0,0,4
827,21.0,1992,1.0,39.0,263.0,339.0,1,2.67,6.03269493844049,6.3998449612402935,47.56792123629113,2.67,6.126103511171898,6.525690834473301,46.22083748753739,2.67,6.171917464660274,6.563750569995426,48.952018943170486,1,0,0,1,1,4
828,5.0,2007,3.0,2.0,252.0,318.0,1,6.11,8.8,8.35,682.0,0.03,7.0,7.1,42.0,0.03,7.0,7.1,42.0,0,0,0,0,0,4
829,4.0,2009,4.0,17.0,264.0,56.0,9,0.26,6.8,7.02,34.5,1.55,6.9,8.1,34.5,4.33,7.85,8.6,137.0,1,0,0,1,0,4
830,5.0,2011,6.0,2.0,71.0,178.0,10,4.64,8.55,8.1,87.0,0.58,8.87,8.22,42.0,3.19,7.6,7.6,18.0,1,0,0,1,0,4
831,1.0,2008,6.0,6.0,42.0,340.0,11,0.03,3.5,7.25,2.0,0.68,5.15,6.1,55.0,0.68,5.15,6.1,55.0,1,0,1,0,1,4
832,7.0,2006,7.0,4.0,113.0,141.0,11,0.41,6.0,8.0,5.0,1.69,7.6,7.9,5.0,1.69,7.6,7.9,5.0,1,0,0,0,0,4
833,7.0,2005,9.0,6.0,265.0,341.0,11,0.31,7.25,7.75,7.0,0.33,8.2,8.63,234.0,0.69,8.2,8.63,234.0,0,0,1,1,1,4
834,9.0,2003,2.0,1.0,33.0,26.0,6,0.71,7.3,7.8,36.0,0.77,9.35,9.03,123.0,2.35,9.35,8.0,15.0,1,1,0,0,1,4
835,6.0,2011,9.0,8.0,218.0,43.0,11,2.79,8.3,7.87,1516.0,0.05,7.4,6.9,125.5,0.48,6.83,5.08,108.0,1,1,0,1,0,4
836,11.0,2014,1.0,8.0,27.0,77.0,8,1.04,7.17,6.72,72.0,1.04,7.17,6.72,72.0,0.82,7.2,6.3,4.0,1,1,1,1,0,4
837,12.0,1998,1.0,1.0,266.0,342.0,1,2.22,9.0,9.1,236.0,0.3,5.0,9.1,236.0,0.3,5.0,9.1,236.0,0,0,0,0,0,4
838,5.0,2011,6.0,6.0,19.0,23.0,10,0.02,6.7,7.25,13.0,0.02,6.7,7.25,13.0,0.2,5.0,7.25,13.0,1,1,1,1,0,4
839,7.0,2003,1.0,8.0,27.0,247.0,11,3.49,7.7,6.45,20.0,0.51,7.75,6.85,2.0,0.51,7.75,6.85,2.0,1,0,1,0,1,4
840,6.0,2008,9.0,8.0,122.0,343.0,10,2.59,8.35,7.45,83.0,0.37,6.05,7.1,7.0,0.37,6.05,7.1,7.0,1,0,1,0,0,4
841,5.0,2005,7.0,5.0,9.0,16.0,11,0.02,6.53,7.23,78.0,0.02,6.53,7.23,78.0,0.4,6.2,6.9,18.0,1,0,1,1,1,4
842,5.0,2014,1.0,8.0,27.0,77.0,8,0.46,7.17,6.78,34.0,0.46,7.17,6.78,34.0,0.77,7.15,6.8,3.5,1,1,1,1,0,4
843,5.0,2012,3.0,2.0,267.0,72.0,10,0.6,5.9,4.8,10.0,0.6,5.9,4.8,10.0,0.05,5.9,7.9,10.0,1,0,0,1,0,4
844,4.0,2007,5.0,40.0,268.0,344.0,6,0.09,4.5,8.0,11.0,0.19,7.13,7.15,11.0,0.19,7.13,7.15,11.0,0,0,0,0,0,4
845,18.0,2016,7.0,6.0,115.0,142.0,3,0.01,7.0,6.0,4.0,0.04,7.0,7.7,12.0,0.04,7.0,7.7,12.0,1,0,0,1,0,4
846,6.0,2013,9.0,20.0,234.0,257.0,11,0.27,5.9,6.5,19.0,0.03,5.9,7.0,1.0,0.02,5.23,5.25,2.5,0,0,0,0,0,4
847,10.0,2012,4.0,1.0,3.0,345.0,2,0.1,6.0,6.3,7.0,0.6,8.1,7.55,14.0,0.65,7.55,7.25,41.0,1,0,1,0,0,4
848,11.0,2014,3.0,4.0,100.0,346.0,10,0.06,6.3,7.75,23.0,0.49,7.35,7.5,88.0,0.49,7.35,7.5,88.0,0,0,0,1,1,4
849,8.0,1993,10.0,1.0,51.0,57.0,1,10.55,5.0,8.1,176.0,1.66,5.0,8.3,28.0,4.1,8.0,7.7,97.0,0,0,1,0,0,4
850,6.0,2008,10.0,40.0,210.0,216.0,11,0.1,6.8,7.35,4.0,1.91,2.9,5.8,4.0,0.11,6.65,6.45,5.0,1,1,0,1,0,4
851,13.0,1997,9.0,5.0,269.0,347.0,8,0.36,8.3,8.3,4.0,0.36,8.3,8.3,4.0,0.36,8.3,8.3,4.0,1,0,0,0,0,4
852,3.0,1989,1.0,1.0,1.0,307.0,1,5.34,4.5,6.9,26.5,2.42,4.5,5.5,8.0,2.42,4.5,5.5,8.0,0,0,1,0,1,4
853,9.0,2002,9.0,8.0,131.0,135.0,11,3.33,6.35,7.6,30.0,0.17,5.15,6.3,4.0,0.06,5.75,7.05,40.0,0,0,0,0,0,4
854,13.0,2002,9.0,8.0,109.0,135.0,11,2.61,7.05,6.95,34.0,0.16,6.1,7.0,4.0,2.61,7.05,6.95,34.0,0,0,0,0,0,4
855,8.0,1991,8.0,1.0,108.0,348.0,1,1.14,9.0,8.4,18.0,0.03,6.13,3.85,371.5,0.03,6.13,3.85,371.5,1,0,0,1,0,4
856,18.0,2013,7.0,8.0,41.0,42.0,10,3.53,7.97,6.33,206.5,3.53,7.97,6.33,206.5,3.53,7.97,6.33,206.5,1,1,1,1,1,4
857,5.0,2012,7.0,13.0,51.0,67.0,10,0.13,3.4,2.5,146.0,0.8,6.83,7.83,146.0,0.04,5.27,4.87,59.0,1,1,1,1,0,4
858,11.0,2014,4.0,8.0,154.0,251.0,11,0.23,5.97,5.17,5.0,0.28,5.97,8.6,39.0,0.84,6.4,5.2,150.5,1,0,0,1,0,4
859,4.0,2010,2.0,9.0,270.0,62.0,3,0.4,5.45,6.1,2.0,0.02,5.23,4.8,5.0,0.04,6.0,6.9,34.0,0,1,0,0,0,4
860,7.0,2002,2.0,21.0,271.0,88.0,11,0.21,6.3,6.75,5.0,0.21,6.3,6.75,5.0,2.23,6.7,6.3,2.0,0,0,0,0,0,4
861,1.0,2008,7.0,5.0,238.0,16.0,11,3.65,7.53,7.32,100.0,0.17,5.9,8.1,100.0,7.37,7.13,7.35,405.5,1,0,0,1,0,4
862,7.0,2003,9.0,13.0,51.0,201.0,4,0.1,6.6,7.3,2.0,0.12,5.75,7.0,2.0,2.99,8.97,8.4,231.5,1,0,1,0,0,4
863,6.0,2008,3.0,8.0,170.0,238.0,1,0.21,6.9,8.23,75.5,0.51,8.47,8.23,75.5,0.51,8.47,8.23,75.5,1,0,0,0,1,4
864,16.0,1981,9.0,11.0,272.0,349.0,1,1.05,6.112886276873627,6.478469961824459,47.1133296460177,1.05,6.1980540486236935,6.574292746634577,45.50840707964602,1.05,6.23059272654211,6.615235081374369,46.38069690265487,0,0,0,0,0,4
865,5.0,2013,7.0,3.0,178.0,221.0,3,0.47,9.37,8.87,747.0,2.83,9.37,8.87,747.0,1.55,8.27,8.1,484.0,1,0,0,1,0,4
866,17.0,2004,1.0,4.0,171.0,350.0,5,0.16,5.4,6.95,1.0,2.89,8.5,8.0,1.0,2.89,8.5,8.0,1.0,0,0,0,0,0,4
867,2.0,1986,3.0,1.0,215.0,351.0,1,2.73,4.0,7.5,58.0,2.73,4.0,7.5,58.0,2.73,4.0,7.5,58.0,0,0,0,0,0,4
868,2.0,1985,1.0,1.0,273.0,352.0,1,40.24,7.0,8.4,235.0,40.24,7.0,8.4,235.0,40.24,7.0,8.4,235.0,0,0,0,0,1,4
869,4.0,2006,2.0,1.0,274.0,81.0,12,0.26,7.65,7.95,79.0,1.64,6.5,8.1,37.0,1.64,6.5,8.1,37.0,1,0,0,0,0,4
870,5.0,2006,7.0,6.0,62.0,266.0,11,0.06,6.2,6.85,127.0,0.08,6.9,7.35,1.0,0.41,6.2,5.45,3.0,1,0,1,0,0,4
871,5.0,2014,7.0,5.0,20.0,69.0,9,5.65,7.2,6.72,481.5,0.16,7.2,6.72,481.5,5.65,7.2,6.72,481.5,0,0,0,1,0,4
872,7.0,2003,3.0,24.0,82.0,40.0,11,4.7,6.77,7.75,80.0,0.28,6.5,7.75,0.0,0.59,5.6,6.6,16.0,0,0,1,0,0,4
873,14.0,2005,9.0,3.0,5.0,11.0,6,0.02,3.9,4.4,2.0,0.19,7.2,7.4,35.0,0.04,9.13,8.68,363.5,1,1,1,0,0,4
874,15.0,1994,7.0,18.0,164.0,184.0,2,0.0,0.0,0.0,0.0,0.0,0.0,0.0,0.0,0.0,0.0,0.0,0.0,0,0,0,0,0,4
875,7.0,2003,1.0,8.0,31.0,230.0,5,0.68,7.95,8.0,9.0,0.68,7.95,8.0,9.0,0.68,7.95,8.0,9.0,1,0,0,0,1,4
876,7.0,2003,10.0,8.0,275.0,353.0,6,1.95,8.17,8.37,19.0,1.5,8.9,7.75,1.0,0.25,8.1,8.2,1.0,0,0,0,0,0,4
877,5.0,2008,1.0,8.0,45.0,31.0,10,2.28,8.1,7.2,83.0,2.59,8.35,7.45,83.0,2.59,8.35,7.45,83.0,1,1,1,0,1,4
878,15.0,1999,6.0,33.0,276.0,354.0,11,0.0,0.0,0.0,0.0,0.0,0.0,0.0,0.0,0.0,0.0,0.0,0.0,0,0,0,0,0,4
879,13.0,2001,11.0,29.0,277.0,322.0,10,0.16,6.5,5.9,6.0,0.16,6.5,5.9,6.0,0.37,5.43,6.6,0.0,0,0,0,0,0,4
880,3.0,1989,5.0,1.0,3.0,355.0,1,2.12,7.0,7.0,7.0,1.27,5.6,5.6,5.0,1.27,5.6,5.6,5.0,0,0,1,0,1,4
881,7.0,2004,10.0,11.0,148.0,188.0,11,0.03,8.0,8.0,50.0,1.4,7.45,7.5,19.0,0.04,6.75,7.9,32.0,0,0,0,0,0,4
882,13.0,1997,3.0,4.0,216.0,310.0,1,7.58,7.9,7.9,83.0,2.44,7.5,7.5,6.0,2.44,7.5,7.5,6.0,0,0,0,0,0,4
883,7.0,2002,7.0,6.0,19.0,356.0,12,0.02,7.2,6.7,6.0,0.12,5.45,6.45,2.0,1.76,7.45,6.6,17.0,1,0,1,1,0,4
884,7.0,2004,4.0,5.0,212.0,357.0,10,0.2,6.7,7.55,7.0,0.9,7.1,7.55,7.0,0.9,7.1,7.55,7.0,1,0,0,0,0,4
885,5.0,2013,9.0,20.0,224.0,71.0,10,0.1,6.8,5.95,2.0,2.39,7.53,7.62,257.5,0.38,8.0,8.3,487.0,1,0,0,1,0,4
886,6.0,2008,6.0,5.0,73.0,84.0,11,2.67,7.5,6.9,83.0,0.99,6.0,5.45,15.5,3.65,7.53,7.32,100.0,1,0,1,0,0,4
887,8.0,1993,10.0,31.0,132.0,216.0,1,0.0,0.0,0.0,0.0,0.0,0.0,0.0,0.0,0.0,0.0,0.0,0.0,1,1,0,1,0,4
888,24.0,1995,10.0,9.0,34.0,358.0,1,0.03,7.4,7.4,9.0,0.06,7.4,7.4,9.0,0.06,7.4,7.4,9.0,1,0,1,0,1,4
889,3.0,1998,5.0,1.0,1.0,4.0,1,2.17,8.5,8.25,39.5,1.22,7.0,7.42,6.0,0.36,7.0,8.0,1.0,1,1,1,0,1,4
890,5.0,2008,10.0,40.0,210.0,216.0,11,0.06,2.5,4.52,1.5,0.1,6.8,7.35,4.0,0.08,6.8,7.35,4.0,1,1,0,1,0,4
891,6.0,2014,9.0,6.0,62.0,113.0,5,0.03,8.17,6.7,59.0,0.05,7.73,7.5,130.5,0.05,7.73,7.5,130.5,1,0,1,1,0,4
892,1.0,2008,1.0,1.0,185.0,359.0,8,0.86,7.5,7.85,4.0,1.37,6.9,7.25,22.0,1.37,6.9,7.25,22.0,0,1,1,0,0,4
893,5.0,2013,9.0,17.0,211.0,76.0,1,0.25,7.8,7.27,340.5,0.26,7.0,7.0,170.0,0.94,6.9,7.6,17.0,1,1,0,1,1,4
894,3.0,2001,9.0,1.0,51.0,39.0,10,5.47,9.1,7.8,221.0,1.14,6.15,7.4,5.0,7.6,9.47,9.28,1050.0,0,1,1,0,0,4
895,5.0,2009,3.0,8.0,191.0,240.0,9,2.68,7.47,6.65,221.0,2.68,7.47,6.65,221.0,2.68,7.47,6.65,221.0,1,1,0,1,0,4
896,1.0,2008,6.0,8.0,31.0,272.0,10,2.02,8.6,8.68,647.5,0.48,6.73,6.6,22.5,0.18,3.5,7.0,0.0,0,0,0,0,0,4
897,7.0,2001,7.0,29.0,157.0,360.0,9,0.33,8.1,7.7,6.0,0.51,6.47,6.72,12.0,0.51,6.47,6.72,12.0,1,0,0,0,0,4
898,15.0,2003,8.0,8.0,108.0,361.0,10,0.07,6.95,8.35,26.0,1.68,6.95,6.95,3.0,1.68,6.95,6.95,3.0,0,0,0,0,0,4
899,7.0,2004,3.0,29.0,217.0,362.0,4,0.22,5.2,7.0,0.0,0.5,6.0,8.6,0.0,0.44,6.55,8.1,0.0,0,0,0,0,0,4
900,13.0,1996,6.0,4.0,278.0,363.0,10,0.09,6.111244360593879,6.4771954720696066,45.74851592012952,0.09,6.201068821261605,6.578661307521983,45.02693829825508,0.09,6.231226314494323,6.6192601099171755,46.32622773880194,0,0,0,0,0,4
901,1.0,2009,6.0,33.0,279.0,317.0,9,0.87,5.8,5.5,48.85785172212493,0.11,3.9,2.8,47.55465557501459,0.11,3.9,2.8,48.898423817863396,0,0,0,0,0,4
902,12.0,2000,6.0,1.0,29.0,2.0,5,1.49,8.0,8.68,102.5,2.7,6.95,7.35,29.0,2.14,8.0,8.2,33.5,1,1,0,0,0,4
903,1.0,2008,9.0,18.0,280.0,184.0,9,2.8,6.15,6.75,107.0,0.42,4.8,6.08,24.0,2.8,6.15,6.75,107.0,0,0,0,0,0,4
904,1.0,2008,6.0,40.0,210.0,364.0,10,0.16,5.6,6.68,8.0,0.13,4.97,4.33,1.5,0.13,4.97,4.33,1.5,0,0,0,0,0,4
905,11.0,2015,7.0,5.0,20.0,69.0,9,0.28,5.83,6.2,13.5,1.95,7.0,6.4,117.0,1.95,7.0,6.4,117.0,0,0,0,1,0,4
906,1.0,2011,9.0,18.0,60.0,365.0,3,0.03,5.45,5.4,68.0,1.37,6.95,7.2,34.0,1.37,6.95,7.2,34.0,0,0,1,0,0,4
907,19.0,2001,8.0,18.0,244.0,366.0,11,0.26,6.2,6.85,3.0,2.17,8.5,8.25,39.5,2.17,8.5,8.25,39.5,0,0,0,0,0,4
908,6.0,2012,7.0,3.0,281.0,168.0,5,0.04,7.5,6.88,3.0,0.04,7.5,6.88,3.0,0.03,7.7,8.4,166.0,1,0,0,0,1,4
909,11.0,2013,3.0,8.0,222.0,43.0,11,1.98,8.03,7.13,182.0,1.0,4.0,5.5,4.0,0.08,7.23,7.6,200.0,1,1,0,1,0,4
910,6.0,2008,1.0,8.0,68.0,77.0,8,0.17,4.9,7.1,1.0,0.48,4.9,8.3,1.0,0.08,7.5,8.6,1.0,1,1,1,0,0,4
911,10.0,2013,4.0,1.0,59.0,239.0,4,4.58,7.8,8.05,162.0,1.13,7.15,7.8,40.0,1.13,7.15,7.8,40.0,0,0,0,1,0,4
912,6.0,2009,2.0,4.0,75.0,231.0,10,0.33,6.75,7.0,76.0,0.09,6.8,6.95,57.0,0.55,6.0,5.6,7.0,0,0,0,0,0,4
913,13.0,1999,4.0,15.0,54.0,277.0,3,0.04,9.4,9.2,45.82668329177057,6.03,9.4,9.2,44.82672628772895,1.61,9.4,9.2,46.30944191246023,0,0,0,1,0,4
914,7.0,2004,10.0,40.0,210.0,216.0,10,0.09,7.7,7.3,0.0,0.51,7.6,7.3,0.0,0.41,8.1,8.6,0.0,1,1,0,1,0,4
915,13.0,1999,1.0,4.0,282.0,367.0,1,3.52,7.6,7.6,28.0,3.52,7.6,7.6,28.0,3.52,7.6,7.6,28.0,0,0,0,0,0,4
916,7.0,2005,7.0,8.0,31.0,49.0,1,0.2,7.7,7.3,1.0,1.71,7.65,7.75,53.0,0.42,5.9,6.2,22.0,1,0,0,1,0,4
917,13.0,1998,10.0,29.0,283.0,275.0,1,3.34,7.2,7.2,6.0,3.34,7.2,7.2,6.0,1.69,7.2,7.2,6.0,0,0,0,0,0,4
918,7.0,2007,6.0,33.0,284.0,368.0,10,0.35,5.3,5.8,11.0,0.09,4.5,8.0,11.0,0.09,4.5,8.0,11.0,0,0,0,0,0,4
919,19.0,2002,11.0,1.0,33.0,119.0,9,2.7,9.33,9.07,319.0,0.6,6.55,6.85,7.0,2.99,5.0,6.85,7.0,1,0,0,0,0,4
920,13.0,1998,1.0,8.0,27.0,31.0,1,2.4,7.75,8.02,32.0,0.73,7.75,6.9,37.0,0.73,7.75,6.9,37.0,1,1,1,0,0,4
921,7.0,2001,9.0,29.0,253.0,320.0,3,0.12,5.3,6.05,5.0,0.29,5.3,6.05,5.0,0.27,5.3,6.05,5.0,1,0,0,1,1,4
922,10.0,2013,2.0,1.0,14.0,369.0,1,0.28,6.0,5.75,1.0,6.59,8.57,8.45,403.5,6.59,8.57,8.45,403.5,1,1,0,1,1,4
923,3.0,2001,11.0,1.0,51.0,39.0,10,3.15,8.7,8.8,1.0,0.02,6.2,7.0,1.0,3.36,9.0,9.02,507.0,0,1,1,0,0,4
924,14.0,2005,1.0,8.0,27.0,77.0,8,1.84,8.7,8.6,3.0,1.84,8.7,8.6,3.0,0.39,8.13,7.9,3.0,1,1,1,1,1,4
925,7.0,2004,2.0,5.0,139.0,370.0,6,0.1,4.32,6.05,4.0,1.02,6.0,5.15,2.0,1.02,6.0,5.15,2.0,0,0,0,0,1,4
926,13.0,1999,4.0,4.0,285.0,371.0,6,0.08,7.0,8.8,276.0,1.63,9.0,8.4,276.0,1.63,9.0,8.4,276.0,0,0,0,0,0,4
927,12.0,1997,2.0,31.0,263.0,372.0,12,0.05,8.5,7.7,39.0,1.06,8.5,7.0,1.0,0.05,8.5,7.7,39.0,1,0,0,0,0,4
928,7.0,2004,6.0,4.0,121.0,373.0,1,0.2,4.5,7.1,7.0,0.09,4.5,7.1,7.0,0.09,4.5,7.1,7.0,1,0,0,0,0,4
929,11.0,2014,2.0,4.0,169.0,64.0,11,0.77,6.15,7.35,19.0,0.01,7.47,8.18,115.0,3.42,8.05,8.05,117.0,0,0,0,1,0,4
930,7.0,2001,1.0,8.0,31.0,247.0,11,3.61,6.3,6.85,17.5,0.56,6.3,6.85,17.5,1.25,7.8,6.55,1.0,1,0,0,0,1,4
931,4.0,2009,9.0,33.0,286.0,374.0,2,0.19,5.9,5.9,5.0,0.3,6.0,6.5,5.0,0.3,6.0,6.5,5.0,0,0,0,0,0,4
932,13.0,1999,4.0,10.0,22.0,288.0,8,0.44,8.4,5.0,2.0,1.46,8.4,9.05,75.0,2.31,9.25,9.25,216.5,1,0,0,0,0,4
933,1.0,2010,9.0,5.0,287.0,375.0,1,0.05,6.3,6.8,13.0,0.87,6.0,5.4,12.0,0.87,6.0,5.4,12.0,0,0,0,0,0,4
934,10.0,2013,6.0,1.0,1.0,2.0,11,4.25,9.15,8.55,314.0,4.25,9.15,8.55,314.0,2.22,6.85,7.5,51.0,1,1,1,0,0,4
935,7.0,2004,2.0,4.0,39.0,108.0,12,0.43,7.1,7.4,118.0,3.64,9.0,8.55,118.0,3.64,9.0,8.55,118.0,0,0,1,0,0,4
936,1.0,2007,6.0,6.0,265.0,376.0,11,5.55,8.03,7.68,959.5,1.44,7.6,7.7,959.5,1.44,7.6,7.7,959.5,1,0,1,0,1,4
937,9.0,2004,4.0,17.0,288.0,56.0,12,0.25,7.7,8.6,8.0,1.56,7.55,7.45,7.0,6.4,7.25,8.3,148.0,1,0,0,1,0,4
938,2.0,1984,9.0,1.0,289.0,377.0,1,4.01,7.0,7.0,7.0,4.01,7.0,7.0,7.0,4.01,7.0,7.0,7.0,0,0,0,0,1,4
939,6.0,2011,9.0,4.0,166.0,207.0,6,0.28,6.7,7.3,7.0,0.83,7.65,8.25,18.0,2.94,7.75,7.75,259.0,0,0,0,0,0,4
940,7.0,2001,3.0,54.0,8.0,15.0,1,0.3,5.3,6.3,3.0,0.52,5.3,6.3,3.0,10.95,8.3,7.85,38.0,1,1,1,0,0,4
941,6.0,2009,4.0,26.0,227.0,332.0,10,0.42,6.2,7.4,12.0,0.12,5.77,6.75,17.0,0.12,5.77,6.75,17.0,0,0,0,0,0,4
942,7.0,2005,1.0,8.0,27.0,378.0,7,0.11,4.4,5.65,13.0,0.17,8.7,8.1,13.0,0.68,8.9,7.8,13.0,1,0,1,0,0,4
943,12.0,1998,8.0,1.0,290.0,3.0,11,2.7,6.95,7.35,29.0,2.7,6.95,7.35,29.0,31.37,7.0,8.2,138.0,0,0,0,0,0,4
944,9.0,2005,6.0,29.0,55.0,379.0,1,0.1,6.3,6.2,50.56199677938808,0.29,7.5,7.5,37.569243156199676,0.29,7.5,7.5,43.750402576489535,0,0,1,0,0,4
945,15.0,2012,4.0,5.0,52.0,380.0,9,0.41,6.85,7.4,8.0,2.08,8.5,6.3,586.5,2.08,8.5,6.3,586.5,0,0,0,1,0,4
946,13.0,1996,3.0,4.0,216.0,381.0,1,4.05,7.5,7.5,6.0,2.44,7.5,7.5,6.0,2.44,7.5,7.5,6.0,0,0,0,0,0,4
947,11.0,2015,9.0,17.0,291.0,382.0,12,1.3,7.87,7.85,182.5,1.11,6.0,6.9,81.0,1.62,7.53,7.7,358.0,1,0,0,1,0,4
948,8.0,1993,4.0,10.0,215.0,383.0,11,2.45,7.5,7.7,59.5,2.45,7.5,7.7,59.5,2.45,7.5,7.7,59.5,0,0,0,0,0,4
949,5.0,2007,7.0,8.0,95.0,114.0,10,0.03,6.7,7.55,2.0,2.37,8.87,8.8,403.0,2.37,8.87,8.8,403.0,0,0,0,0,0,4
950,13.0,1995,8.0,4.0,292.0,181.0,1,3.84,6.105477410782085,6.471694191344031,46.30825496342738,3.84,6.192767653758562,6.565149962034973,45.062225705329155,3.84,6.223125474563416,6.604986712224803,46.031556948798325,0,0,0,0,0,4
951,10.0,2014,2.0,1.0,44.0,81.0,5,0.35,4.85,4.55,1.0,1.7,7.35,7.85,29.0,1.7,7.35,7.85,29.0,1,0,0,0,0,4
952,21.0,1994,2.0,9.0,55.0,62.0,1,0.05,7.7,7.7,12.0,0.04,8.2,8.2,217.0,0.04,8.2,8.2,217.0,0,1,1,0,0,4
953,7.0,2001,6.0,26.0,91.0,107.0,12,0.53,8.05,7.45,10.0,4.24,4.3,7.35,5.5,1.45,3.0,7.35,5.5,1,0,0,0,1,4
954,15.0,2001,8.0,8.0,108.0,384.0,11,3.53,7.1,7.15,25.0,2.99,6.1,6.35,4.0,2.99,6.1,6.35,4.0,0,0,0,0,0,4
955,1.0,2007,7.0,1.0,14.0,233.0,8,0.51,8.15,7.95,74.0,2.82,9.7,8.9,74.0,0.84,8.47,8.5,96.5,1,0,0,1,0,4
956,4.0,2010,4.0,1.0,152.0,65.0,2,0.02,8.0,8.1,115.0,1.64,8.0,8.1,115.0,5.84,8.35,8.2,115.0,1,1,0,0,0,4
957,11.0,2014,9.0,7.0,293.0,385.0,10,0.46,7.03,7.6,189.5,0.46,7.03,7.6,189.5,0.46,7.03,7.6,189.5,0,0,0,1,0,4
958,7.0,2003,8.0,15.0,87.0,297.0,9,0.28,8.53,8.68,74.0,0.04,6.7,6.8,74.0,0.15,6.7,6.8,74.0,0,0,1,0,0,4
959,22.0,2000,3.0,9.0,294.0,253.0,1,0.05,5.0,5.0,49.17336199229173,0.05,5.0,5.0,47.802772013044766,0.05,5.0,5.0,49.20360213459828,1,0,0,1,1,4
960,7.0,2002,10.0,9.0,295.0,386.0,5,0.07,6.4,7.5,175.0,0.15,8.65,9.1,175.0,0.23,8.65,7.6,5.0,1,0,1,0,1,4
961,7.0,2004,2.0,4.0,166.0,387.0,9,0.06,5.9,4.4,37.0,0.12,5.9,4.4,37.0,1.21,8.3,8.1,37.0,0,0,0,0,0,4
962,7.0,2008,6.0,5.0,296.0,84.0,11,1.97,7.1,7.33,167.5,0.79,6.03,6.77,9.5,2.67,7.5,6.9,83.0,1,0,0,0,0,4
963,9.0,2002,2.0,9.0,148.0,62.0,3,0.21,8.4,8.2,54.0,0.21,8.4,8.2,54.0,2.24,8.35,7.45,34.0,0,1,0,0,0,4
964,5.0,2006,1.0,8.0,68.0,77.0,9,0.03,6.65,7.4,4.0,1.02,7.4,7.2,4.0,0.03,6.65,7.4,4.0,1,1,1,1,1,4
965,6.0,2010,9.0,3.0,102.0,126.0,10,0.16,6.7,7.65,12.0,0.28,5.73,7.35,4.5,0.32,7.75,7.65,8.5,1,0,1,0,1,4
966,13.0,1999,1.0,43.0,297.0,388.0,1,0.45,5.9864729458917845,6.425400801603205,44.05604395604396,1.53,6.120961923847696,6.589959919839676,34.17912087912088,1.68,6.162114228456913,6.618947895791575,38.04120879120879,1,0,0,0,0,4
967,6.0,2015,7.0,5.0,11.0,16.0,1,14.24,6.0,5.6,48.0,14.24,6.0,5.6,48.0,14.24,6.0,5.6,48.0,1,0,1,1,0,4
968,8.0,1994,2.0,19.0,98.0,389.0,1,0.78,6.1,6.1,7.0,0.78,6.1,6.1,7.0,0.78,6.1,6.1,7.0,0,0,0,0,0,4
969,6.0,2013,11.0,4.0,153.0,390.0,10,0.56,7.35,7.7,60.0,0.02,7.75,7.7,103.0,0.02,7.75,7.7,103.0,0,0,0,1,0,4
970,5.0,2012,9.0,2.0,204.0,184.0,4,2.38,7.15,5.5,16.5,0.33,7.0,7.03,4.5,0.23,4.65,4.8,68.0,0,0,0,1,0,4
971,7.0,2003,3.0,3.0,50.0,139.0,5,0.09,4.0,7.0,1.0,0.08,7.45,7.05,1.0,2.63,5.4,6.45,3.0,1,0,0,0,1,4
972,4.0,2006,4.0,17.0,111.0,391.0,11,5.95,9.1,7.65,314.0,0.23,6.2,7.1,314.0,0.23,6.2,7.1,314.0,1,1,0,0,0,4
973,13.0,2001,9.0,29.0,298.0,392.0,1,0.5,6.4,4.7,4.0,0.5,6.4,4.7,4.0,0.5,6.4,4.7,4.0,0,0,0,0,0,4
974,7.0,2004,9.0,4.0,299.0,150.0,1,0.09,7.3,7.35,6.0,0.14,5.35,7.4,6.0,3.54,6.1,6.1,18.0,0,0,0,1,0,4
975,10.0,2011,5.0,1.0,190.0,75.0,1,3.81,6.0,6.0,1.0,0.93,6.0,6.0,1.0,5.26,7.75,8.1,162.0,0,0,0,0,0,4
976,6.0,2010,9.0,17.0,291.0,382.0,3,0.53,8.4,8.58,53.5,0.02,6.67,6.65,64.0,0.02,6.67,6.65,64.0,1,0,0,0,0,4
977,6.0,2012,4.0,13.0,51.0,393.0,5,0.03,5.75,6.65,2.0,0.03,5.75,6.65,2.0,0.03,5.75,6.65,2.0,0,0,1,0,0,4
978,20.0,2013,9.0,1.0,1.0,39.0,5,1.89,7.55,8.12,47.0,5.19,7.7,7.55,172.0,4.1,8.77,8.13,1016.5,0,1,1,1,0,4
979,7.0,2005,9.0,24.0,300.0,394.0,2,0.15,3.2,10.0,1.0,0.18,3.2,3.18,7.5,0.18,3.2,3.18,7.5,0,0,0,0,0,4
980,1.0,2007,6.0,33.0,284.0,368.0,10,0.34,4.9,5.35,11.0,0.06,7.0,7.5,11.0,0.06,7.0,7.5,11.0,0,0,0,0,0,4
981,20.0,2013,6.0,1.0,28.0,32.0,10,2.06,7.55,7.5,56.0,8.49,6.4,7.15,24.0,8.49,6.4,7.15,24.0,1,1,0,1,0,4
982,6.0,2013,1.0,8.0,27.0,77.0,8,0.8,6.35,6.5,150.0,0.92,7.6,6.7,150.0,0.01,8.15,6.53,16.0,1,1,1,1,1,4
983,8.0,1991,4.0,55.0,215.0,25.0,1,0.0,0.0,0.0,0.0,0.76,6.0,7.0,23.0,1.1,6.0,7.0,23.0,1,1,0,0,0,4
984,12.0,2000,2.0,1.0,44.0,81.0,7,2.52,7.9,9.1,359.0,5.55,7.95,8.6,282.0,0.36,8.0,7.38,9.0,1,0,0,0,0,4
985,14.0,2001,10.0,2.0,301.0,395.0,11,6.43,8.68,8.4,247.0,0.28,6.7,8.5,247.0,0.11,6.0,7.3,86.0,1,0,0,0,1,4
986,6.0,2009,10.0,29.0,261.0,331.0,5,0.04,6.0,6.5,15.0,0.4,6.0,5.9,8.0,0.18,5.4,8.0,8.0,0,0,0,0,0,4
987,3.0,1991,11.0,1.0,1.0,233.0,5,0.28,4.0,8.3,66.0,1.0,4.0,4.7,7.0,2.73,4.0,7.5,58.0,1,0,1,0,0,4
988,13.0,1998,10.0,31.0,302.0,161.0,1,1.86,7.8,7.73,44.0,1.86,7.8,7.73,44.0,0.62,7.8,7.73,44.0,0,0,0,0,0,4
989,7.0,2004,2.0,29.0,228.0,392.0,10,2.37,5.6,6.55,4.0,0.57,7.0,5.75,1.0,0.53,7.0,5.75,1.0,0,0,0,0,0,4
990,9.0,2001,4.0,1.0,231.0,396.0,2,0.27,8.55,8.3,43.0,2.32,8.55,8.3,43.0,2.32,8.55,8.3,43.0,1,0,0,0,0,4
991,21.0,1994,2.0,9.0,55.0,62.0,1,0.05,8.0,8.0,28.0,1.5,7.7,7.7,16.0,1.5,7.7,7.7,16.0,1,1,1,0,0,4
992,2.0,1986,2.0,1.0,303.0,397.0,1,2.65,7.8,7.8,12.0,2.65,7.8,7.8,12.0,2.65,7.8,7.8,12.0,1,0,0,0,0,4
993,7.0,2004,10.0,8.0,275.0,353.0,9,4.53,8.53,8.42,8.5,1.94,7.83,7.77,23.5,1.94,7.83,7.77,23.5,0,0,0,1,0,4
994,14.0,2002,7.0,6.0,304.0,356.0,11,0.02,5.9,7.3,16.0,0.23,4.0,7.3,16.0,0.23,4.0,7.3,16.0,1,0,0,1,0,4
995,7.0,2002,9.0,3.0,305.0,398.0,2,1.22,7.95,8.2,154.0,0.16,7.95,5.7,154.0,0.16,7.95,5.7,154.0,0,0,0,0,0,4
996,6.0,2013,7.0,3.0,178.0,221.0,3,0.15,9.37,8.68,657.5,0.41,9.37,8.68,657.5,0.24,8.27,7.8,386.5,1,0,0,1,0,4
997,5.0,2012,9.0,17.0,165.0,204.0,11,0.11,7.75,7.4,84.5,0.49,5.1,5.15,91.5,0.11,5.1,7.7,11.0,1,0,0,1,0,4
998,9.0,2007,9.0,29.0,306.0,399.0,1,0.25,5.55,5.8,2.5,0.25,5.55,5.8,2.5,0.25,5.55,5.8,2.5,0,0,0,0,0,4
999,5.0,2015,7.0,5.0,11.0,16.0,1,7.3,6.0,5.6,48.0,7.3,6.0,5.6,48.0,7.3,6.0,5.6,48.0,1,0,1,1,0,4
1000,7.0,2004,8.0,8.0,108.0,400.0,11,6.9,7.23,7.6,130.5,0.29,4.0,5.9,13.0,0.29,4.0,5.9,13.0,0,0,0,1,1,4
1001,6.0,2007,1.0,8.0,45.0,31.0,10,3.14,7.65,6.8,43.0,0.25,7.5,8.05,8.0,0.85,7.0,6.7,43.0,1,1,1,0,1,4
1002,7.0,2001,8.0,5.0,164.0,184.0,3,0.15,4.0,7.1,32.0,1.95,9.0,8.12,32.0,0.46,6.3,5.95,4.0,0,0,0,0,0,4
1003,13.0,1998,1.0,8.0,27.0,77.0,1,3.12,7.7,7.7,24.0,0.58,6.9,6.9,37.0,1.35,6.9,6.9,37.0,1,1,1,0,0,4
1004,6.0,2013,4.0,17.0,215.0,56.0,1,2.51,8.0,7.7,644.0,0.11,8.0,7.5,6.0,2.07,8.1,8.25,68.0,1,0,0,1,0,4
1005,14.0,2004,7.0,5.0,116.0,143.0,9,0.11,5.9,6.4,6.0,0.73,7.53,7.4,6.0,0.73,7.53,7.4,6.0,0,0,0,1,0,4
1006,7.0,2001,1.0,15.0,213.0,102.0,11,0.13,6.95,6.7,14.0,0.13,6.95,6.7,14.0,0.16,6.95,6.7,14.0,0,1,0,0,0,4
1007,5.0,2007,7.0,2.0,307.0,401.0,2,0.17,3.95,4.7,2.0,0.17,3.95,4.7,2.0,0.17,3.95,4.7,2.0,1,0,0,1,0,4
1008,2.0,1991,5.0,1.0,251.0,402.0,1,2.85,6.75,8.65,52.0,2.85,6.75,8.65,52.0,2.85,6.75,8.65,52.0,0,0,0,1,0,4
1009,8.0,1993,2.0,13.0,308.0,403.0,1,1.21,7.5,7.5,35.0,1.21,7.5,7.5,35.0,1.21,7.5,7.5,35.0,0,0,0,0,0,4
1010,2.0,1993,2.0,1.0,65.0,81.0,1,2.99,5.0,7.53,8.5,2.19,8.5,7.53,8.5,2.19,8.5,7.53,8.5,1,0,0,0,0,4
1011,4.0,2009,8.0,12.0,61.0,404.0,10,0.19,7.5,6.53,10.0,0.08,6.5,6.65,4.0,0.08,6.5,6.65,4.0,1,0,0,0,0,4
1012,7.0,2008,8.0,15.0,87.0,297.0,9,0.13,7.9,8.8,1.0,0.13,7.9,8.8,1.0,0.5,6.5,7.2,1.0,1,0,1,0,0,4
1013,9.0,2004,6.0,29.0,309.0,405.0,1,0.09,6.5,5.55,7.0,0.09,6.5,5.55,7.0,0.09,6.5,5.55,7.0,0,0,0,0,0,4
1014,13.0,1999,11.0,18.0,310.0,184.0,1,0.55,8.0,8.0,28.0,0.55,8.0,8.0,28.0,0.55,8.0,8.0,28.0,0,0,0,0,0,4
1015,7.0,2002,4.0,26.0,311.0,406.0,2,0.04,8.4,9.05,75.0,0.04,8.4,9.05,75.0,1.46,8.4,9.05,75.0,1,0,0,0,0,4
1016,6.0,2011,7.0,56.0,95.0,114.0,4,0.0,0.0,0.0,0.0,0.37,8.47,8.23,512.5,1.08,7.95,8.35,131.0,0,0,0,1,0,4
1017,1.0,2009,6.0,32.0,71.0,260.0,9,0.23,6.6,6.6,48.85785172212493,0.23,6.6,6.6,47.55465557501459,0.23,6.6,6.6,48.898423817863396,0,0,0,0,0,4
1018,18.0,2015,3.0,2.0,64.0,72.0,9,3.0,7.6,7.5,36.0,4.64,8.55,8.1,87.0,1.37,8.37,8.33,142.0,1,0,0,1,0,4
1019,1.0,2010,2.0,9.0,55.0,62.0,11,0.62,8.13,8.32,248.0,0.76,6.03,6.85,58.5,1.15,4.2,5.5,12.0,0,1,1,0,0,4
1020,12.0,1996,3.0,1.0,183.0,407.0,1,2.65,8.0,7.17,23.5,0.25,8.0,7.0,22.0,0.25,8.0,7.0,22.0,1,0,0,0,0,4
1021,13.0,1998,1.0,8.0,68.0,77.0,1,1.87,6.3,6.3,15.0,0.86,6.3,6.3,15.0,0.86,6.3,6.3,15.0,1,1,1,0,0,4
1022,11.0,2014,4.0,5.0,52.0,78.0,5,0.03,8.57,7.3,264.5,1.45,8.57,7.6,264.5,1.45,8.57,7.6,264.5,1,0,0,0,0,4
1023,23.0,2011,7.0,4.0,39.0,50.0,2,0.02,7.93,7.0,1.0,4.94,7.93,7.93,997.0,4.94,7.93,7.93,997.0,1,0,1,1,1,4
1024,6.0,2014,7.0,5.0,20.0,69.0,9,3.28,7.17,6.57,200.5,9.88,8.37,8.28,1307.5,3.28,7.17,6.57,200.5,0,0,0,1,0,4
1025,7.0,2001,1.0,8.0,45.0,408.0,11,1.86,6.67,7.08,16.0,2.31,8.6,8.5,16.0,1.66,9.15,8.38,222.0,1,0,1,1,1,4
1026,11.0,2016,7.0,5.0,52.0,409.0,5,0.03,8.07,6.0,561.0,0.48,8.07,6.0,561.0,0.48,8.07,6.0,561.0,0,0,0,0,0,4
1027,13.0,1998,9.0,43.0,297.0,410.0,1,0.09,6.0160609318996405,6.403268817204285,46.05333068992863,0.62,6.099759856630821,6.523605734767007,42.11122125297383,1.56,6.1246594982078815,6.541229390680994,45.49722442505948,1,0,0,1,1,4
1028,3.0,2001,9.0,8.0,312.0,135.0,1,0.48,6.1,7.0,3.0,0.12,5.0,5.0,2.0,0.12,5.0,5.0,2.0,0,0,0,0,0,4
1029,1.0,2013,9.0,33.0,249.0,411.0,9,0.07,6.0,3.6,11.5,0.12,6.0,3.6,11.5,0.07,6.0,3.6,11.5,1,0,0,1,0,4
1030,9.0,2002,2.0,21.0,82.0,40.0,2,5.42,5.8,6.85,16.0,0.61,7.2,7.45,18.0,3.39,6.4,7.35,29.0,1,0,1,0,0,4
1031,5.0,2012,9.0,7.0,313.0,412.0,10,1.33,8.03,7.15,285.5,0.03,7.98,7.35,73.0,0.03,7.98,7.35,73.0,0,0,0,1,0,4
1032,7.0,2003,9.0,3.0,5.0,11.0,1,0.15,7.25,7.6,7.0,16.15,9.17,7.98,467.5,16.15,9.17,7.98,467.5,0,0,1,0,0,4
1033,11.0,2015,7.0,4.0,92.0,413.0,2,1.86,7.13,6.98,38.5,0.56,8.2,8.35,161.0,0.56,8.2,8.35,161.0,0,0,0,1,0,4
1034,11.0,2015,4.0,7.0,314.0,29.0,1,0.5,7.25,7.45,109.5,0.5,7.25,7.45,109.5,3.88,8.58,8.53,1718.0,0,0,0,1,0,4
1035,7.0,2008,7.0,5.0,315.0,414.0,11,1.93,7.47,7.02,81.0,1.68,7.3,6.65,2.0,1.68,7.3,6.65,2.0,1,0,0,1,0,4
1036,4.0,2008,8.0,6.0,94.0,415.0,8,1.47,8.5,7.73,263.0,0.57,8.5,7.73,263.0,0.57,8.5,7.73,263.0,0,0,0,0,0,4
1037,15.0,2011,7.0,5.0,9.0,16.0,11,14.76,8.1,5.45,1937.5,14.76,8.1,5.45,1937.5,14.76,8.1,5.45,1937.5,1,0,1,1,0,4
1038,14.0,2004,1.0,8.0,68.0,77.0,8,0.06,3.45,4.0,4.0,1.42,7.17,8.78,7.0,5.23,8.63,8.8,3.5,1,1,1,1,1,4
1039,7.0,2003,4.0,6.0,316.0,416.0,9,0.02,1.65,3.15,2.0,1.1,7.0,8.05,71.0,1.1,7.0,8.05,71.0,1,0,0,0,0,4
1040,15.0,2010,8.0,8.0,32.0,417.0,10,2.33,5.3,7.1,58.0,2.33,5.3,7.1,58.0,2.33,5.3,7.1,58.0,0,0,0,0,0,4
1041,1.0,2009,5.0,20.0,317.0,255.0,10,0.87,8.2,8.3,5.0,0.22,8.2,7.25,5.0,2.52,2.75,3.9,0.0,0,0,0,0,0,4
1042,13.0,1998,2.0,5.0,60.0,418.0,11,0.63,8.5,6.05,3.0,0.63,8.5,6.05,3.0,0.63,8.5,6.05,3.0,0,0,1,0,0,4
1043,4.0,2007,6.0,52.0,318.0,419.0,7,0.14,4.93,7.0,5.0,0.14,4.93,7.0,5.0,0.14,4.93,7.0,5.0,0,0,0,0,0,4
1044,7.0,2004,8.0,16.0,40.0,420.0,10,3.17,7.95,8.1,12.0,0.13,7.2,8.15,17.0,0.13,7.2,8.15,17.0,1,0,1,0,0,4
1045,14.0,2003,3.0,8.0,31.0,43.0,11,3.28,7.75,7.8,80.0,0.1,7.5,7.25,16.0,0.77,7.4,7.2,9.0,1,1,0,1,0,4
1046,4.0,2006,6.0,1.0,319.0,421.0,1,3.33,5.6,5.6,9.0,3.33,5.6,5.6,9.0,3.33,5.6,5.6,9.0,0,0,0,0,0,4
1047,9.0,2001,5.0,29.0,320.0,4.0,11,0.02,7.13,7.23,14.0,0.12,3.0,4.5,4.0,0.81,3.0,8.0,1.0,1,1,0,0,1,4
1048,1.0,2009,1.0,57.0,321.0,422.0,10,0.23,6.017120127287195,6.416451869530627,39.8933506044905,0.11,6.130859188544151,6.552171837708827,32.29706390328152,0.23,6.161694510739854,6.5963723150357945,34.81476683937824,0,0,0,0,0,4
1049,11.0,2014,3.0,6.0,322.0,423.0,12,0.55,7.5,5.62,337.0,0.18,7.67,7.15,97.5,0.18,7.67,7.15,97.5,0,0,1,1,0,4
1050,7.0,2009,1.0,8.0,27.0,31.0,10,3.63,8.55,7.5,95.0,3.63,8.55,7.5,95.0,3.63,8.55,7.5,95.0,1,1,1,0,1,4
1051,1.0,2008,1.0,26.0,323.0,424.0,5,0.19,5.13,6.35,15.0,0.11,5.67,6.03,12.0,0.11,5.67,6.03,12.0,0,0,0,0,0,4
1052,4.0,2007,5.0,1.0,288.0,425.0,1,0.23,6.1,7.4,2.0,1.56,7.55,7.45,7.0,1.56,7.55,7.45,7.0,1,0,0,0,0,4
1053,1.0,2011,2.0,1.0,44.0,81.0,10,0.94,7.55,7.8,181.0,0.53,8.15,8.2,42.0,2.12,7.3,7.85,60.0,1,0,0,0,0,4
1054,8.0,1993,5.0,58.0,324.0,426.0,1,0.18,6.031933001358078,6.3974558623811495,47.68694362017804,0.18,6.124495246717962,6.522283838841079,46.41444114737883,0.18,6.171109099139873,6.561172476233574,49.107195845697326,0,0,0,0,0,4
1055,4.0,2007,9.0,59.0,147.0,427.0,11,0.12,7.66,7.33,23.5,1.47,7.66,7.33,23.5,1.47,7.66,7.33,23.5,0,0,0,0,0,4
1056,7.0,2006,1.0,8.0,27.0,378.0,7,0.45,6.6,6.9,14.0,0.18,7.0,6.5,14.0,1.84,8.7,8.6,14.0,1,0,1,1,0,4
1057,7.0,2005,7.0,4.0,113.0,141.0,10,0.23,6.7,7.75,14.0,3.65,7.6,7.5,5.0,3.65,7.6,7.5,5.0,1,0,0,0,0,4
1058,18.0,2014,1.0,3.0,102.0,126.0,10,0.83,7.8,7.13,163.5,0.87,8.37,6.95,66.0,0.87,8.37,6.95,66.0,1,0,1,1,1,4
1059,6.0,2008,9.0,29.0,157.0,193.0,10,0.06,5.8,7.48,0.0,2.19,7.37,7.48,147.0,2.19,7.37,7.48,147.0,1,0,0,0,0,4
1060,5.0,2013,9.0,42.0,157.0,193.0,8,0.36,7.17,8.02,100.0,2.49,7.57,7.77,467.0,2.49,7.57,7.77,467.0,1,0,0,1,0,4
1061,13.0,1999,6.0,4.0,325.0,428.0,1,2.88,7.0,8.7,44.05604395604396,2.88,7.0,8.7,34.17912087912088,2.88,7.0,8.7,38.04120879120879,0,0,0,0,0,4
1062,6.0,2009,4.0,8.0,154.0,251.0,11,3.99,8.47,8.2,342.5,0.68,8.63,8.4,579.5,2.57,8.09,8.02,265.0,1,0,0,0,0,4
1063,5.0,2015,1.0,8.0,27.0,31.0,9,3.23,8.13,5.7,68.5,3.23,8.13,5.7,68.5,3.23,8.13,5.7,68.5,1,1,1,1,0,4
1064,12.0,1997,10.0,29.0,326.0,275.0,1,0.49,8.5,7.65,14.0,0.49,8.5,7.65,14.0,0.49,8.5,7.65,14.0,0,0,0,0,0,4
1065,13.0,1998,10.0,29.0,283.0,275.0,1,2.38,8.1,8.1,7.0,1.88,8.1,8.1,7.0,2.38,8.1,8.1,7.0,0,0,0,0,0,4
1066,9.0,2001,9.0,8.0,187.0,135.0,11,1.82,7.25,6.95,8.0,0.89,7.25,6.95,8.0,1.73,5.0,6.4,40.0,0,0,0,0,0,4
1067,5.0,2008,3.0,8.0,259.0,43.0,11,3.52,8.47,7.98,261.5,2.08,5.13,5.78,137.0,0.04,6.17,6.0,71.0,0,0,1,0,0,4
1068,9.0,2002,4.0,53.0,327.0,188.0,5,0.05,8.3,8.3,3.0,0.05,8.3,8.3,3.0,0.09,8.3,8.3,3.0,0,0,0,0,0,4
1069,15.0,2010,12.0,3.0,328.0,429.0,9,0.28,5.73,7.35,4.5,0.79,7.25,7.5,26.0,0.79,7.25,7.5,26.0,0,0,0,0,0,4
1070,19.0,2005,9.0,13.0,51.0,67.0,1,0.2,5.35,4.8,5.0,0.03,5.25,7.35,4.0,0.06,6.6,7.9,113.0,1,1,1,1,0,4
1071,23.0,2012,9.0,5.0,329.0,16.0,1,0.06,4.0,10.0,1.0,0.06,4.0,10.0,1.0,1.72,7.77,4.95,972.0,1,0,0,1,0,4
1072,17.0,2007,7.0,18.0,315.0,184.0,10,0.02,7.5,7.4,3.0,0.06,5.65,5.5,1.0,0.1,6.1,5.38,14.0,0,0,0,0,0,4
1073,7.0,2006,6.0,60.0,330.0,430.0,8,0.34,6.7,6.3,46.19023352860926,0.14,6.5,2.7,45.736899125270845,0.14,6.0,2.7,46.94057459272931,0,0,0,0,0,4
1074,13.0,1997,1.0,4.0,331.0,388.0,1,2.79,6.042070079121586,6.394020668496688,49.29562687356727,0.45,6.127673179396085,6.510931697077347,47.72615059072474,0.85,6.172315517519764,6.551114161149683,49.20948686298713,1,0,0,0,0,4
1075,5.0,2012,9.0,20.0,234.0,431.0,6,0.24,6.4,7.0,21.0,0.03,4.43,5.25,5.0,0.03,4.43,5.25,5.0,0,0,0,0,0,4
1076,3.0,1992,5.0,1.0,2.0,432.0,1,2.75,6.7,6.7,23.0,5.58,6.7,6.7,23.0,5.58,6.7,6.7,23.0,0,0,0,1,0,4
1077,13.0,1997,7.0,26.0,40.0,433.0,1,0.19,6.5,6.5,12.0,0.15,6.5,6.5,12.0,0.15,6.5,6.5,12.0,1,0,1,0,0,4
1078,15.0,2003,8.0,8.0,108.0,434.0,5,0.54,8.8,8.2,1.0,0.04,9.2,7.6,1.0,0.04,9.2,7.6,1.0,0,0,0,0,0,4
1079,1.0,2008,9.0,18.0,280.0,184.0,11,0.33,5.77,6.37,30.5,0.04,3.57,5.03,6.0,1.09,6.0,7.3,107.0,0,0,0,0,0,4
1080,1.0,2007,8.0,8.0,122.0,137.0,9,0.04,6.63,6.73,37.5,0.19,7.3,6.8,0.0,0.61,6.45,5.95,6.0,0,0,1,0,0,4
1081,9.0,2002,9.0,1.0,1.0,233.0,11,0.61,7.1,8.1,26.0,6.31,9.2,8.4,26.0,1.76,8.5,7.75,26.0,1,0,1,0,0,4
1082,1.0,2008,1.0,6.0,19.0,435.0,11,0.01,3.5,3.9,6.0,0.05,3.5,7.8,6.0,0.29,6.0,6.5,20.0,0,0,1,0,0,4
1083,7.0,2003,1.0,8.0,45.0,408.0,10,0.03,5.4,6.6,14.0,0.63,7.9,7.0,14.0,0.43,7.78,7.9,13.0,1,0,1,1,1,4
1084,1.0,2008,1.0,29.0,332.0,436.0,6,0.07,6.53,8.12,9.0,0.09,6.53,8.12,9.0,0.09,6.53,8.12,9.0,0,0,0,0,0,4
1085,13.0,2000,1.0,8.0,27.0,77.0,8,0.05,6.6,6.55,24.0,0.25,6.6,6.7,3.0,0.9,6.6,6.7,3.0,1,1,1,1,1,4
1086,6.0,2006,10.0,8.0,333.0,437.0,3,0.02,7.1,8.5,4.0,0.33,7.82,8.1,20.0,0.87,7.93,8.45,13.0,1,0,1,0,1,4
1087,11.0,2013,2.0,16.0,334.0,438.0,11,1.0,6.9,7.9,52.0,0.56,7.35,7.7,60.0,0.56,7.35,7.7,60.0,0,0,0,1,1,4
1088,14.0,2005,7.0,5.0,37.0,147.0,1,1.37,7.8,8.1,95.0,0.24,7.8,8.1,95.0,0.24,7.8,8.1,95.0,0,0,0,1,0,4
1089,2.0,1989,2.0,13.0,335.0,439.0,1,1.51,8.3,8.3,66.0,1.51,8.3,8.3,66.0,1.51,8.3,8.3,66.0,0,0,0,0,0,4
1090,13.0,2001,1.0,5.0,336.0,86.0,10,0.28,4.55,5.85,2.0,0.01,2.0,5.85,0.0,1.18,8.33,7.43,56.5,1,0,0,1,1,4
1091,9.0,2001,11.0,29.0,284.0,440.0,10,0.12,3.0,4.5,4.0,0.21,7.2,7.6,4.0,0.21,7.2,7.6,4.0,0,0,0,0,0,4
1092,15.0,2013,12.0,5.0,52.0,92.0,3,0.09,5.0,6.7,19.0,5.2,8.6,5.8,1245.0,0.16,8.0,8.15,101.0,1,0,0,0,0,4
1093,14.0,2003,3.0,2.0,252.0,318.0,1,0.05,4.6,6.6,18.0,2.1,7.0,7.6,18.0,2.12,7.75,7.85,18.0,0,0,0,0,0,4
1094,7.0,2001,3.0,40.0,337.0,441.0,9,0.18,5.65,6.25,3.5,1.12,8.0,7.95,30.0,1.12,8.0,7.95,30.0,0,0,0,0,0,4
1095,7.0,2003,1.0,8.0,27.0,378.0,7,0.11,5.7,6.4,1.0,1.04,8.1,8.3,1.0,0.24,8.3,8.2,1.0,1,0,1,0,0,4
1096,7.0,2003,2.0,29.0,228.0,392.0,10,0.13,5.9,6.38,2.5,0.27,4.05,4.75,3.0,1.08,4.05,5.35,1.0,0,0,0,0,0,4
1097,11.0,2015,9.0,20.0,225.0,442.0,1,0.43,7.4,7.1,10.0,0.62,6.07,6.45,83.5,0.62,6.07,6.45,83.5,0,0,0,1,0,4
1098,6.0,2007,9.0,4.0,338.0,443.0,9,0.52,4.15,4.85,6.0,0.52,4.15,4.85,6.0,0.52,4.15,4.85,6.0,0,0,0,1,0,4
1099,21.0,1992,10.0,9.0,51.0,57.0,1,4.34,8.3,8.3,124.0,6.3,8.3,8.3,124.0,6.3,8.3,8.3,124.0,1,0,1,0,0,4
1100,7.0,2000,1.0,8.0,339.0,408.0,11,0.52,7.8,7.8,47.93749171417208,0.52,7.8,7.8,46.73472093331566,0.52,7.8,7.8,47.96314463741217,1,0,1,1,1,4
1101,5.0,2012,7.0,3.0,281.0,168.0,5,0.04,8.57,7.97,567.5,1.9,8.57,7.97,567.5,0.64,7.2,8.15,128.0,1,0,0,0,1,4
1102,7.0,2004,1.0,40.0,210.0,444.0,10,0.24,8.25,8.65,49.0,0.17,7.2,7.4,6.0,0.51,7.6,7.3,0.0,0,0,0,0,1,4
1103,5.0,2006,3.0,8.0,45.0,43.0,11,0.03,7.5,7.45,119.0,0.35,7.5,7.9,119.0,0.47,6.9,6.95,44.0,1,1,1,1,0,4
1104,7.0,2002,1.0,8.0,45.0,247.0,11,1.99,7.3,7.0,34.0,0.3,8.2,8.2,34.0,0.36,7.6,7.2,0.0,1,0,1,0,1,4
1105,7.0,2005,10.0,11.0,161.0,188.0,10,0.05,7.8,8.25,3.0,0.13,6.5,7.0,1.5,0.21,4.8,6.8,1.5,0,0,0,0,0,4
1106,16.0,1981,5.0,11.0,40.0,37.0,1,0.24,6.112886276873627,6.478469961824459,47.1133296460177,0.24,6.1980540486236935,6.574292746634577,45.50840707964602,0.24,6.23059272654211,6.615235081374369,46.38069690265487,0,0,1,0,0,4
1107,19.0,2004,6.0,1.0,24.0,445.0,12,0.89,8.0,8.4,97.0,0.26,2.0,8.0,9.0,0.26,2.0,8.0,9.0,1,1,0,0,0,4
1108,8.0,1991,7.0,1.0,1.0,446.0,1,1.98,8.5,9.15,29.0,1.15,8.5,6.5,4.0,1.15,8.5,6.5,4.0,0,0,1,0,0,4
1109,1.0,2011,6.0,26.0,185.0,447.0,11,0.35,5.45,6.9,2.0,0.2,4.4,3.9,2.0,0.2,4.4,3.9,2.0,0,0,1,0,0,4
1110,7.0,2004,4.0,25.0,152.0,65.0,1,0.07,7.9,8.1,103.0,2.79,8.0,8.1,103.0,0.81,8.0,8.0,6.0,1,1,0,0,0,4
1111,5.0,2008,7.0,8.0,340.0,448.0,3,0.09,5.76,5.95,14.0,0.5,4.46,5.62,13.5,0.5,4.46,5.62,13.5,1,0,1,0,0,4
1112,4.0,2007,4.0,17.0,152.0,449.0,9,0.21,7.3,7.65,18.0,0.16,6.85,6.95,2.0,0.16,6.85,6.95,2.0,1,1,0,0,0,4
1113,9.0,2004,2.0,1.0,274.0,81.0,7,0.34,4.8,6.65,12.0,0.34,4.8,6.65,12.0,2.27,6.8,8.25,56.0,1,0,0,0,0,4
1114,1.0,2011,9.0,33.0,60.0,450.0,5,0.23,4.95,7.2,9.0,0.39,6.27,6.58,21.0,0.35,5.3,5.8,11.0,0,0,1,0,0,4
1115,16.0,1982,5.0,11.0,40.0,451.0,1,0.13,6.0,6.0,1.0,1.65,6.7,6.7,9.0,1.65,6.7,6.7,9.0,0,0,1,0,0,4
1116,13.0,1999,7.0,61.0,341.0,452.0,1,0.0,0.0,0.0,0.0,0.0,0.0,0.0,0.0,0.0,0.0,0.0,0.0,1,0,1,0,0,4
1117,2.0,1986,9.0,13.0,51.0,453.0,1,1.0,6.5,6.5,12.0,1.0,6.5,6.5,12.0,1.0,6.5,6.5,12.0,1,0,1,0,0,4
1118,7.0,2002,1.0,8.0,27.0,454.0,11,1.98,7.0,7.2,34.0,0.21,7.5,7.4,0.0,0.9,7.83,8.3,2.0,0,0,1,0,1,4
1119,7.0,2005,1.0,8.0,45.0,247.0,1,0.08,7.1,7.8,21.0,0.28,8.0,6.7,21.0,0.45,8.3,7.1,21.0,1,0,1,0,1,4
1120,7.0,2004,9.0,6.0,62.0,298.0,11,0.1,5.75,6.65,5.0,0.06,5.65,5.0,2.0,0.94,9.1,8.05,198.0,1,0,1,0,1,4
1121,5.0,2010,8.0,2.0,226.0,455.0,11,21.82,5.05,5.7,34.0,0.16,6.65,5.15,2.0,0.16,6.65,5.15,2.0,0,0,0,1,0,4
1122,11.0,2015,11.0,16.0,342.0,456.0,8,4.02,8.5,8.3,170.0,0.64,4.25,4.9,3.0,0.64,4.25,4.9,3.0,0,0,0,1,0,4
1123,14.0,2004,1.0,9.0,102.0,243.0,7,0.02,5.9,6.2,5.5,2.62,8.0,8.7,5.5,0.2,5.0,8.7,5.5,0,0,1,0,0,4
1124,5.0,2006,8.0,2.0,33.0,457.0,11,0.43,8.5,7.75,9.0,0.77,6.53,6.55,80.5,0.77,6.53,6.55,80.5,0,0,0,0,0,4
1125,19.0,2001,12.0,1.0,1.0,458.0,12,0.6,8.0,7.9,102.5,2.26,8.6,8.3,102.5,2.26,8.6,8.3,102.5,1,0,1,1,0,4
1126,15.0,2010,7.0,5.0,11.0,16.0,11,14.64,8.23,6.67,1511.5,14.64,8.23,6.67,1511.5,14.64,8.23,6.67,1511.5,1,0,1,1,0,4
1127,6.0,2011,2.0,9.0,34.0,62.0,11,0.08,5.55,6.3,8.0,0.04,6.12,6.4,48.5,1.37,6.95,7.65,48.0,0,1,1,1,0,4
1128,7.0,2003,1.0,8.0,27.0,454.0,9,0.19,5.2,7.88,14.5,0.43,8.8,7.9,14.5,0.44,8.4,7.3,3.0,0,0,1,0,1,4
1129,13.0,1999,2.0,4.0,285.0,459.0,5,0.15,6.109217675666612,6.476147912124823,45.60114012504597,0.15,6.1964464195874775,6.575367264799643,44.66982346450901,0.15,6.22543518363243,6.615850243166215,45.86185178374402,1,0,0,0,0,4
1130,5.0,2014,1.0,3.0,102.0,126.0,10,2.38,8.27,7.85,59.5,2.38,8.27,7.85,59.5,2.38,8.27,7.85,59.5,1,0,1,1,1,4
1131,7.0,2004,1.0,8.0,68.0,378.0,7,0.38,6.35,7.05,20.0,0.35,8.1,8.2,20.0,0.43,8.8,7.9,20.0,1,0,1,0,0,4
1132,5.0,2010,9.0,17.0,291.0,382.0,3,2.17,7.73,6.62,801.0,0.02,6.4,6.63,58.0,0.02,6.4,6.63,58.0,1,0,0,0,0,4
1133,6.0,2008,6.0,8.0,71.0,260.0,5,0.02,6.85,7.35,10.0,2.48,8.4,8.07,55.0,2.48,8.4,8.07,55.0,1,0,0,0,0,4
1134,7.0,2005,1.0,5.0,73.0,86.0,1,0.07,7.15,4.9,1.0,0.75,7.15,7.15,18.0,0.5,8.2,7.9,18.0,1,0,1,1,1,4
1135,5.0,2011,7.0,7.0,117.0,460.0,12,6.56,8.51,7.98,1186.0,0.56,6.07,6.65,62.5,0.56,6.07,6.65,62.5,0,0,0,1,0,4
1136,4.0,2006,1.0,1.0,57.0,461.0,9,0.14,6.8,8.1,6.0,0.43,5.7,5.55,6.0,0.43,5.7,5.55,6.0,0,1,1,0,0,4
1137,19.0,2003,3.0,1.0,44.0,81.0,10,1.15,7.6,7.9,41.0,7.07,9.2,9.1,41.0,1.77,7.23,7.65,41.0,1,0,0,0,0,4
1138,13.0,1998,3.0,8.0,31.0,462.0,1,1.75,7.5,7.5,4.0,0.3,7.5,7.5,4.0,0.3,7.5,7.5,4.0,0,0,0,0,0,4
1139,1.0,2006,4.0,1.0,343.0,3.0,6,0.11,6.2,8.0,18.0,0.6,6.2,7.3,18.0,1.25,6.2,7.35,18.0,1,1,0,0,0,4
1140,7.0,2004,1.0,8.0,68.0,463.0,12,0.22,5.85,7.55,32.0,0.45,8.6,7.55,32.0,0.35,8.1,8.2,32.0,0,0,1,0,0,4
1141,5.0,2013,7.0,2.0,49.0,52.0,3,0.1,6.0,5.5,11.0,0.16,7.4,7.48,174.5,6.76,8.65,8.05,317.0,1,0,0,1,0,4
1142,3.0,1989,1.0,1.0,1.0,175.0,1,1.99,7.5,7.28,12.5,1.56,7.5,7.0,8.0,1.56,7.5,7.0,8.0,0,0,1,0,1,4
1143,3.0,1998,12.0,15.0,87.0,277.0,1,0.36,7.35,8.08,14.5,0.04,7.35,8.08,14.5,0.04,7.35,8.08,14.5,0,0,1,1,0,4
1144,19.0,2005,1.0,1.0,83.0,464.0,12,0.77,6.85,7.9,61.0,0.04,8.1,8.0,61.0,0.04,8.1,8.0,61.0,1,1,0,0,0,4
1145,7.0,2005,6.0,4.0,344.0,465.0,1,0.17,6.6,8.7,50.56199677938808,0.17,6.6,8.7,37.569243156199676,0.17,6.6,8.7,43.750402576489535,1,0,0,0,0,4
1146,4.0,2007,9.0,29.0,120.0,392.0,10,0.02,3.1,6.6,47.35864844149208,0.03,3.1,6.6,46.229496678589676,0.29,3.1,6.6,47.57901124169648,0,0,0,0,0,4
1147,18.0,2014,7.0,6.0,62.0,118.0,11,3.92,7.5,6.45,410.5,0.45,7.9,6.02,587.0,0.98,8.6,8.1,814.0,1,1,1,1,0,4
1148,1.0,2008,8.0,15.0,87.0,297.0,9,0.08,6.65,6.25,3.0,0.06,7.0,6.25,3.0,0.24,6.1,6.25,3.0,1,0,1,0,0,4
1149,4.0,2011,6.0,5.0,345.0,466.0,11,13.46,8.1,5.5,1907.0,13.46,8.1,5.5,1907.0,13.46,8.1,5.5,1907.0,0,0,0,0,0,4
1150,7.0,2005,9.0,3.0,346.0,467.0,1,0.09,6.17,7.68,3.5,0.09,6.17,7.68,3.5,0.09,6.17,7.68,3.5,0,0,0,0,0,4
1151,5.0,2008,9.0,6.0,62.0,118.0,10,0.13,4.25,6.8,1.0,0.02,6.9,7.1,50.0,0.08,6.9,7.35,1.0,1,1,1,0,0,4
1152,12.0,1998,3.0,62.0,347.0,468.0,7,0.28,3.0,3.0,46.03618002544529,0.48,3.0,3.0,45.58993320610687,0.48,3.0,3.0,46.776558524173026,0,0,0,0,0,4
1153,16.0,1981,7.0,5.0,348.0,469.0,1,0.27,8.0,7.6,24.0,0.27,8.0,7.6,24.0,0.27,8.0,7.6,24.0,0,0,0,0,0,4
1154,13.0,1999,9.0,15.0,103.0,470.0,1,0.58,9.1,7.5,2.0,0.42,9.1,7.5,2.0,0.42,9.1,7.5,2.0,1,0,0,0,0,4
1155,4.0,2008,4.0,17.0,152.0,65.0,2,0.02,5.75,6.7,4.0,0.1,5.75,6.7,4.0,5.21,8.45,8.4,234.0,1,1,0,0,0,4
1156,11.0,2016,9.0,63.0,349.0,471.0,8,0.0,0.0,0.0,0.0,0.0,0.0,0.0,0.0,0.0,0.0,0.0,0.0,0,0,0,1,0,4
1157,19.0,2003,2.0,9.0,55.0,62.0,1,0.03,6.4,8.2,16.0,0.45,8.5,8.5,16.0,1.8,8.15,7.65,16.0,0,1,1,0,0,4
1158,7.0,2004,1.0,64.0,102.0,243.0,1,0.0,0.0,0.0,0.0,0.16,8.3,8.5,0.0,0.01,4.0,8.5,0.0,0,0,1,0,0,4
1159,15.0,1996,4.0,5.0,52.0,78.0,11,0.26,9.0,6.3,6.0,2.08,9.0,8.4,23.0,2.08,9.0,8.4,23.0,1,0,0,0,0,4
1160,19.0,2006,9.0,1.0,1.0,39.0,12,2.8,8.03,7.25,126.5,82.74,7.6,7.05,210.0,0.25,6.0,6.7,20.0,0,1,1,1,1,4
1161,13.0,1996,10.0,4.0,40.0,336.0,1,2.44,7.0,7.5,6.0,0.4,7.0,8.32,37.0,0.4,7.0,8.32,37.0,1,0,1,0,0,4
1162,6.0,2008,9.0,13.0,51.0,201.0,2,0.04,7.0,8.0,171.0,0.47,7.0,8.0,171.0,1.97,6.93,6.23,106.5,1,0,1,0,0,4
1163,16.0,1982,2.0,11.0,1.0,2.0,1,7.81,4.0,7.0,38.0,0.49,4.0,5.5,8.0,0.49,4.0,5.5,8.0,0,1,1,0,0,4
1164,6.0,2007,1.0,15.0,87.0,102.0,10,0.06,4.8,6.8,10.0,0.16,6.35,6.55,10.0,0.08,7.0,6.3,45.0,0,1,1,0,0,4
1165,5.0,2008,10.0,6.0,40.0,336.0,7,0.14,9.0,8.15,6.0,0.12,9.0,8.15,6.0,0.01,5.0,4.5,11.0,1,0,1,0,0,4
1166,5.0,2010,9.0,20.0,60.0,258.0,6,2.49,6.95,7.35,34.0,0.05,6.3,6.8,13.0,0.05,6.3,6.8,13.0,0,0,1,0,0,4
1167,13.0,1999,3.0,8.0,350.0,472.0,1,2.08,9.0,7.6,13.0,0.19,9.0,7.58,8.5,1.52,9.0,6.3,3.0,0,0,0,0,0,4
1168,11.0,2014,7.0,7.0,351.0,473.0,5,0.03,5.8,6.88,141.5,0.03,5.8,6.88,141.5,0.56,6.07,6.65,62.5,1,0,0,1,1,4
1169,1.0,2008,1.0,3.0,96.0,116.0,10,2.45,7.73,7.92,137.0,0.2,7.73,7.92,137.0,0.2,7.73,7.92,137.0,1,0,0,0,1,4
1170,4.0,2008,6.0,5.0,82.0,84.0,11,1.8,7.0,7.1,47.5,0.14,5.83,6.28,27.5,1.93,7.47,7.02,81.0,1,0,1,0,0,4
1171,4.0,2008,8.0,8.0,111.0,137.0,10,1.94,8.35,7.65,83.0,1.47,9.23,9.02,368.0,0.35,6.8,7.02,18.0,0,0,0,0,0,4
1172,13.0,2000,6.0,4.0,352.0,474.0,1,9.49,8.15,8.5,89.0,9.49,8.15,8.5,89.0,9.49,8.15,8.5,89.0,0,0,0,0,0,4
1173,5.0,2012,3.0,8.0,45.0,43.0,11,0.33,5.33,6.02,161.5,0.93,7.7,7.12,151.0,1.16,6.0,6.5,94.0,1,1,1,1,1,4
1174,1.0,2009,6.0,5.0,82.0,84.0,9,0.56,6.07,6.65,62.5,1.58,6.6,6.35,9.0,0.63,7.2,8.12,58.5,1,0,1,0,0,4
1175,4.0,2008,6.0,33.0,353.0,475.0,1,0.14,5.5,4.85,7.5,0.14,5.5,4.85,7.5,0.14,5.5,4.85,7.5,0,0,0,0,0,4
1176,10.0,2012,9.0,17.0,57.0,56.0,6,0.96,7.4,7.7,45.0,0.89,7.4,7.7,45.0,0.69,8.0,7.0,45.0,1,0,1,1,0,4
1177,4.0,2007,9.0,33.0,354.0,241.0,1,0.11,7.2,7.8,1.0,0.11,7.2,7.8,1.0,2.65,7.2,4.95,1.0,0,0,0,0,0,4
1178,4.0,2009,4.0,1.0,206.0,476.0,10,22.0,8.0,7.05,29.0,0.04,8.0,7.6,11.0,0.04,8.0,7.6,11.0,1,1,0,0,0,4
1179,9.0,2002,2.0,24.0,98.0,88.0,9,0.13,9.07,8.95,313.0,1.08,8.0,7.4,313.0,3.71,9.1,8.4,24.0,0,0,0,0,0,4
1180,7.0,2009,1.0,15.0,87.0,102.0,10,2.28,7.17,6.58,232.0,2.28,7.17,6.58,232.0,0.08,7.17,6.58,232.0,0,1,1,1,0,4
1181,7.0,2001,1.0,8.0,27.0,378.0,7,0.04,9.0,7.87,181.0,1.5,7.87,8.17,20.0,0.16,5.5,8.17,20.0,1,0,1,0,0,4
1182,7.0,2002,7.0,65.0,355.0,477.0,9,0.0,0.0,0.0,0.0,0.0,0.0,0.0,0.0,0.0,0.0,0.0,0.0,0,0,0,0,0,4
1183,19.0,2005,6.0,1.0,29.0,478.0,11,0.26,7.45,7.4,35.0,0.98,5.97,5.98,31.5,0.98,5.97,5.98,31.5,1,1,0,1,0,4
1184,6.0,2012,1.0,15.0,87.0,102.0,9,0.11,4.23,5.55,22.0,0.33,6.27,6.75,76.0,0.06,6.75,6.9,22.5,0,1,1,0,0,4
1185,7.0,2000,3.0,3.0,50.0,479.0,11,2.63,5.4,6.45,3.0,0.79,5.4,6.45,3.0,0.79,5.4,6.45,3.0,0,0,0,0,1,4
1186,7.0,2006,10.0,8.0,333.0,437.0,3,0.02,7.3,6.5,2.0,0.33,7.82,8.1,20.0,0.33,7.82,8.1,20.0,1,0,1,0,1,4
1187,2.0,1988,2.0,1.0,1.0,26.0,1,2.42,8.0,5.5,8.0,7.46,8.0,7.5,160.0,1.13,3.0,5.9,38.0,1,1,1,0,1,4
1188,13.0,1995,9.0,4.0,356.0,410.0,1,3.24,6.105477410782085,6.471694191344031,46.30825496342738,3.24,6.192767653758562,6.565149962034973,45.062225705329155,3.24,6.223125474563416,6.604986712224803,46.031556948798325,1,0,0,1,1,4
1189,11.0,2016,4.0,26.0,227.0,332.0,4,0.11,7.5,7.5,6.5,0.18,8.53,7.5,146.5,0.59,8.53,7.5,146.5,0,0,0,1,0,4
1190,8.0,1990,9.0,13.0,51.0,480.0,1,1.43,5.0,6.0,4.0,1.64,6.0,6.0,4.0,1.64,6.0,6.0,4.0,1,0,1,0,1,4
1191,3.0,2001,4.0,25.0,85.0,481.0,1,0.81,7.0,8.0,6.0,4.47,7.0,7.4,55.0,4.47,7.0,7.4,55.0,1,1,0,0,0,4
1192,9.0,2003,6.0,1.0,288.0,3.0,8,1.1,8.6,9.0,46.19905533063428,1.1,8.6,9.0,45.39591767881242,2.54,8.6,9.0,46.679740215924426,1,1,0,0,0,4
1193,11.0,2013,9.0,20.0,234.0,257.0,11,2.3,7.67,7.73,48.0,2.3,7.67,7.73,48.0,2.3,7.67,7.73,48.0,0,0,0,0,0,4
1194,5.0,2010,9.0,3.0,357.0,482.0,8,6.6,9.17,8.92,2043.0,6.6,9.17,8.92,2043.0,0.23,6.63,8.3,62.0,1,0,0,1,0,4
1195,6.0,2012,9.0,7.0,313.0,412.0,10,0.37,7.97,6.53,379.5,0.03,7.98,7.55,80.0,1.73,8.77,8.08,476.0,0,0,0,1,0,4
1196,7.0,2002,3.0,11.0,53.0,483.0,9,1.52,8.7,8.4,78.0,6.27,8.35,7.65,78.0,6.27,8.35,7.65,78.0,0,0,0,0,0,4
1197,14.0,2003,7.0,6.0,19.0,266.0,3,0.14,8.27,7.55,81.5,0.4,6.0,7.55,81.5,0.4,6.0,7.55,81.5,1,0,1,0,0,4
1198,1.0,2008,1.0,11.0,264.0,484.0,9,0.01,4.17,6.55,38.5,0.19,3.85,4.0,38.5,0.19,3.85,4.0,38.5,0,0,0,0,0,4
1199,6.0,2010,7.0,3.0,241.0,221.0,2,0.08,8.27,8.2,459.0,2.21,8.27,8.2,459.0,1.45,9.3,8.78,650.0,1,0,0,0,0,4
1200,12.0,2000,9.0,8.0,131.0,151.0,11,0.41,6.7,7.4,0.0,0.44,7.15,7.6,124.0,0.44,7.15,7.6,124.0,0,0,0,0,0,4
1201,13.0,2001,9.0,5.0,82.0,485.0,10,0.09,6.15,5.5,1.0,1.18,8.33,7.43,56.5,1.18,8.33,7.43,56.5,0,0,1,1,1,4
1202,18.0,2014,9.0,6.0,62.0,113.0,5,4.14,8.0,6.6,774.5,4.14,8.0,6.6,774.5,4.14,8.0,6.6,774.5,1,0,1,1,0,4
1203,6.0,2010,9.0,18.0,164.0,184.0,10,0.78,6.65,7.45,80.0,0.25,3.0,6.2,3.0,0.25,3.0,6.2,3.0,0,0,0,0,0,4
1204,6.0,2011,4.0,26.0,59.0,486.0,1,0.17,4.95,7.35,20.0,2.79,7.65,7.8,50.0,0.02,7.0,6.8,47.0,0,0,0,1,0,4
1205,15.0,1999,12.0,66.0,177.0,487.0,8,0.0,0.0,0.0,0.0,0.7,0.0,7.6,11.0,0.4,6.0,6.4,5.0,0,0,0,0,0,4
1206,4.0,2011,12.0,20.0,358.0,488.0,4,2.85,7.97,8.0,58.5,1.31,5.75,8.6,0.0,0.46,6.67,7.32,18.0,0,0,0,0,0,4
1207,20.0,2015,6.0,1.0,1.0,2.0,3,2.32,8.95,8.85,330.0,0.74,6.8,6.8,11.0,0.48,6.9,7.15,6.0,1,1,1,1,0,4
1208,18.0,2013,9.0,2.0,359.0,325.0,11,9.2,8.5,8.0,497.5,0.28,6.4,7.13,37.5,0.28,6.4,7.13,37.5,1,0,1,1,1,4
1209,1.0,2007,9.0,13.0,360.0,67.0,11,0.35,7.8,8.2,12.0,0.58,5.1,7.05,5.0,2.26,8.67,8.25,573.5,1,1,0,0,0,4
1210,10.0,2015,4.0,1.0,3.0,345.0,1,1.19,7.05,7.85,96.0,2.27,7.25,6.2,70.0,0.27,7.0,7.5,4.0,1,0,1,1,0,4
1211,7.0,2000,4.0,4.0,59.0,489.0,9,0.09,6.05,6.6,2.0,0.09,6.05,6.6,2.0,0.09,6.05,6.6,2.0,0,0,0,0,0,4
1212,15.0,2003,12.0,5.0,52.0,58.0,7,0.05,7.75,6.8,13.5,0.05,8.93,8.9,205.0,0.31,8.93,7.5,11.0,1,0,0,0,0,4
1213,5.0,2006,7.0,6.0,42.0,356.0,3,0.02,6.0,6.5,25.0,0.09,7.3,7.7,25.0,1.36,7.0,7.4,6.0,1,0,1,1,0,4
1214,4.0,2008,11.0,33.0,343.0,490.0,10,2.48,7.83,7.7,163.5,1.61,4.65,5.55,15.0,1.61,4.65,5.55,15.0,0,0,0,0,0,4
1215,7.0,2005,1.0,8.0,27.0,491.0,2,0.05,5.0,7.0,8.0,0.07,7.5,5.6,8.0,0.26,8.9,7.2,8.0,1,0,1,0,0,4
1216,13.0,1996,7.0,30.0,118.0,492.0,1,0.0,0.0,0.0,0.0,0.0,0.0,0.0,0.0,0.0,0.0,0.0,0.0,0,0,0,0,0,4
1217,15.0,2012,7.0,5.0,11.0,18.0,11,14.03,7.93,5.95,1587.0,14.03,7.93,5.95,1587.0,14.03,7.93,5.95,1587.0,1,0,1,1,1,4
1218,6.0,2009,10.0,8.0,45.0,437.0,7,0.32,5.2,4.15,4.0,0.93,5.0,6.8,23.0,1.47,7.98,8.47,42.5,1,0,1,0,0,4
1219,1.0,2008,8.0,8.0,122.0,137.0,10,1.92,7.0,6.8,3.0,0.03,6.33,7.12,19.0,0.03,6.33,7.12,19.0,0,0,1,0,0,4
1220,4.0,2007,9.0,8.0,187.0,93.0,10,1.83,8.3,8.7,131.0,0.96,6.5,6.55,62.0,4.7,6.77,7.75,80.0,0,0,0,0,0,4
1221,8.0,1994,10.0,31.0,183.0,216.0,1,1.93,8.5,8.05,36.0,1.93,8.5,8.05,36.0,1.93,8.5,8.05,36.0,1,1,0,1,0,4
1222,13.0,1998,1.0,43.0,297.0,388.0,1,2.31,6.8,6.8,12.0,0.09,6.8,6.8,12.0,0.87,6.8,6.8,12.0,1,0,0,0,0,4
1223,1.0,2009,7.0,5.0,11.0,493.0,11,13.51,8.8,7.45,1371.5,5.43,7.17,7.42,527.5,5.43,7.17,7.42,527.5,1,0,1,1,0,4
1224,18.0,2016,1.0,8.0,27.0,31.0,9,0.08,8.5,2.4,0.0,0.08,8.5,2.4,0.0,0.18,8.03,5.43,56.5,1,1,1,1,0,4
1225,19.0,2003,1.0,1.0,231.0,494.0,7,0.44,7.1,7.5,214.5,1.76,8.87,8.8,214.5,1.76,8.87,8.8,214.5,1,1,0,0,0,4
1226,13.0,1997,1.0,8.0,27.0,495.0,1,0.16,8.7,8.7,9.0,0.33,7.5,7.5,2.0,0.33,7.5,7.5,2.0,0,0,1,0,0,4
1227,20.0,2014,2.0,1.0,14.0,26.0,2,0.09,8.25,8.05,272.0,12.21,8.25,8.05,272.0,0.01,7.25,7.15,39.5,1,1,0,1,1,4
1228,5.0,2011,7.0,8.0,257.0,343.0,1,0.1,3.35,5.45,3.0,1.09,7.0,7.28,214.0,0.59,8.5,8.38,528.0,1,0,0,1,0,4
1229,17.0,2007,3.0,9.0,237.0,62.0,11,0.15,7.6,7.3,18.0,0.09,5.5,7.3,18.0,2.77,6.95,6.2,44.0,0,1,0,0,0,4
1230,13.0,1997,10.0,8.0,361.0,496.0,1,0.05,8.0,8.0,8.0,0.05,8.0,8.0,8.0,0.05,8.0,8.0,8.0,1,0,0,0,0,4
1231,7.0,2002,1.0,8.0,362.0,93.0,11,1.66,7.93,8.4,13.5,1.66,7.93,8.4,13.5,1.05,6.05,6.45,4.0,0,0,0,0,0,4
1232,13.0,1996,3.0,8.0,80.0,472.0,1,0.05,7.6,7.6,8.0,0.05,7.6,7.6,8.0,0.05,7.6,7.6,8.0,0,0,0,0,0,4
1233,2.0,1984,3.0,1.0,130.0,159.0,1,2.17,6.3,6.3,12.0,2.17,6.3,6.3,12.0,2.17,6.3,6.3,12.0,0,0,0,0,0,4
1234,2.0,1984,7.0,26.0,40.0,111.0,1,0.0,0.0,0.0,0.0,0.77,0.0,4.6,8.0,4.16,4.0,6.4,25.0,1,0,1,0,0,4
1235,13.0,1998,3.0,8.0,80.0,472.0,1,1.74,6.0160609318996405,6.403268817204285,46.05333068992863,1.52,6.099759856630821,6.523605734767007,42.11122125297383,1.52,6.1246594982078815,6.541229390680994,45.49722442505948,0,0,0,0,0,4
1236,13.0,1998,1.0,8.0,27.0,247.0,1,1.62,6.3,6.3,15.0,1.87,6.3,6.3,15.0,1.51,7.7,7.7,3.0,1,0,1,0,1,4
1237,6.0,2010,9.0,3.0,357.0,482.0,8,6.34,9.17,8.98,1725.0,1.55,6.74,7.4,433.5,0.7,7.22,7.73,58.0,1,0,0,1,0,4
1238,6.0,2006,7.0,5.0,11.0,16.0,11,2.71,7.1,6.1,48.0,0.33,7.6,6.7,9.0,2.71,7.1,6.1,48.0,1,0,1,1,1,4
1239,19.0,2002,5.0,11.0,176.0,294.0,8,0.05,7.98,7.63,29.0,1.46,8.7,8.1,29.0,1.46,8.7,8.1,29.0,1,0,0,1,1,4
1240,7.0,2002,9.0,26.0,40.0,37.0,2,0.02,4.7,6.0,45.95096739994699,0.19,4.7,6.0,45.15509320611361,0.51,4.7,6.0,46.44641752805018,1,0,1,0,0,4
1241,18.0,2014,1.0,8.0,27.0,77.0,8,2.03,8.05,6.83,8.5,2.03,8.05,6.83,8.5,2.03,8.05,6.83,8.5,1,1,1,1,0,4
1242,1.0,2010,3.0,9.0,169.0,497.0,2,0.03,6.77,8.0,3.0,0.53,6.77,6.95,31.0,0.53,6.77,6.95,31.0,0,1,0,0,0,4
1243,5.0,2011,9.0,18.0,60.0,365.0,3,0.17,6.95,8.0,20.0,0.02,6.95,7.2,34.0,0.02,6.95,7.2,34.0,0,0,1,0,0,4
1244,15.0,2011,1.0,9.0,363.0,498.0,10,0.47,4.2,7.6,2.0,0.42,7.7,7.85,14.0,0.42,7.7,7.85,14.0,1,0,0,0,0,4
1245,10.0,2013,4.0,67.0,364.0,499.0,1,0.42,5.0,6.9,10.0,0.42,5.0,6.9,10.0,0.42,5.0,6.9,10.0,0,0,0,0,0,4
1246,2.0,1988,9.0,13.0,51.0,500.0,1,1.14,7.0,6.4,45.0,1.0,7.0,6.5,12.0,1.0,7.0,6.5,12.0,1,0,1,0,0,4
1247,13.0,2001,10.0,8.0,310.0,93.0,1,0.16,7.1,7.0,1.0,1.74,7.1,5.7,23.0,1.74,7.1,5.7,23.0,0,0,0,0,0,4
1248,13.0,1997,1.0,8.0,27.0,247.0,1,1.53,5.0,5.0,1.0,0.29,5.0,5.0,1.0,1.0,7.3,7.3,3.0,1,0,1,0,1,4
1249,7.0,2007,9.0,8.0,31.0,93.0,10,1.76,7.55,6.8,43.0,1.1,6.6,6.5,59.5,1.19,6.0,6.92,8.0,0,0,0,0,0,4
1250,13.0,1997,6.0,28.0,223.0,272.0,1,2.39,6.3,6.3,3.0,2.39,6.3,6.3,3.0,2.39,6.3,6.3,3.0,0,0,0,0,0,4
1251,19.0,2003,10.0,26.0,40.0,336.0,8,0.05,8.6,5.0,1.0,1.1,8.6,9.0,1.0,0.34,9.4,8.7,149.0,1,0,1,0,0,4
1252,6.0,2011,7.0,4.0,75.0,104.0,9,1.85,7.65,8.1,167.0,1.88,7.85,8.3,76.0,0.9,7.05,7.4,7.0,1,0,0,1,0,4
1253,7.0,2000,3.0,68.0,365.0,501.0,5,0.06,6.0,6.0,4.0,0.25,6.1,6.1,7.0,0.33,6.3,6.3,6.0,0,0,0,0,1,4
1254,15.0,2010,4.0,17.0,129.0,25.0,8,0.64,7.4,8.62,195.0,0.64,7.4,8.62,195.0,0.4,5.8,7.05,21.0,1,1,0,1,0,4
1255,13.0,1998,1.0,40.0,366.0,502.0,1,0.29,1.0,1.0,2.0,0.29,1.0,1.0,2.0,0.29,1.0,1.0,2.0,1,0,0,0,0,4
1256,7.0,2002,7.0,29.0,157.0,360.0,11,2.18,7.1,8.7,0.0,1.92,8.1,7.3,65.5,1.92,8.1,7.3,65.5,1,0,0,0,0,4
1257,4.0,2010,5.0,20.0,240.0,299.0,10,0.08,5.0,6.5,3.0,2.22,6.95,7.0,15.0,2.22,6.95,7.0,15.0,0,0,0,1,0,4
1258,7.0,2000,1.0,8.0,27.0,77.0,12,0.53,5.1,4.95,1.0,0.7,6.6,6.5,1.0,0.61,6.6,6.5,1.0,1,1,1,1,1,4
1259,12.0,2000,10.0,29.0,275.0,161.0,11,0.83,4.75,7.1,6.0,0.83,4.75,7.1,6.0,1.33,4.75,7.1,6.0,0,0,0,0,0,4
1260,2.0,1985,2.0,1.0,1.0,111.0,1,3.5,3.0,6.1,7.0,0.82,3.0,6.1,7.0,1.52,3.0,6.1,7.0,0,0,1,0,1,4
1261,25.0,1993,2.0,9.0,55.0,62.0,1,0.12,6.9,6.9,38.0,6.03,8.2,8.2,217.0,6.03,8.2,8.2,217.0,0,1,1,0,0,4
1262,2.0,1986,2.0,69.0,367.0,503.0,1,1.1,6.067743517869653,6.410260686755447,49.92408256880734,1.1,6.15134407848633,6.527146461107241,48.49021406727829,1.1,6.197436580238246,6.5708913805185905,49.939908256880734,0,0,0,0,0,4
1263,5.0,2010,9.0,13.0,368.0,325.0,8,0.03,6.6,5.97,42.5,0.1,6.7,8.0,1.0,2.09,7.28,7.75,284.5,1,0,0,1,0,4
1264,6.0,2008,6.0,32.0,71.0,260.0,3,0.0,0.0,0.0,0.0,2.2,8.57,8.28,59.5,2.2,8.6,8.35,42.5,1,0,0,0,0,4
1265,13.0,1998,9.0,26.0,40.0,37.0,1,0.14,6.0,6.0,2.0,0.14,6.0,6.0,2.0,0.78,7.0,7.0,1.0,1,0,1,0,0,4
1266,1.0,2009,6.0,33.0,369.0,504.0,10,0.2,7.1,7.15,5.0,0.38,5.47,4.25,2.0,0.38,5.47,4.25,2.0,0,0,0,0,0,4
1267,19.0,2003,4.0,1.0,57.0,505.0,2,0.44,7.0,6.5,2.0,0.11,7.0,7.2,66.0,0.11,7.0,7.2,66.0,1,1,1,0,0,4
1268,14.0,2002,7.0,8.0,46.0,49.0,11,1.64,8.43,8.58,3.0,6.83,8.4,7.75,58.0,0.97,8.3,8.05,14.0,1,0,1,1,0,4
1269,7.0,2008,1.0,8.0,68.0,77.0,8,2.54,7.77,7.87,9.0,2.54,7.77,7.87,9.0,2.54,7.77,7.87,9.0,1,1,1,0,0,4
1270,4.0,2008,11.0,29.0,286.0,506.0,9,0.4,5.25,5.82,5.0,0.07,4.9,6.0,10.0,0.07,4.9,6.0,10.0,0,0,0,0,0,4
1271,12.0,2000,2.0,1.0,33.0,140.0,4,0.07,8.0,8.25,45.0,1.16,8.0,8.25,45.0,3.65,9.1,9.0,178.5,0,0,0,0,0,4
1272,7.0,2006,6.0,4.0,370.0,465.0,1,0.12,6.1,6.87,8.5,0.12,6.1,6.87,8.5,1.61,5.0,5.8,4.0,1,0,0,0,0,4
1273,5.0,2008,9.0,5.0,11.0,151.0,10,0.13,4.2,6.35,84.0,0.57,5.6,6.35,84.0,0.2,6.05,7.15,12.0,0,0,1,0,0,4
1274,1.0,2010,8.0,8.0,32.0,34.0,11,2.81,8.13,7.58,396.0,2.06,5.4,6.7,58.0,2.06,5.4,6.7,58.0,0,0,0,0,0,4
1275,1.0,2009,1.0,1.0,231.0,507.0,3,0.04,7.05,7.55,94.0,0.52,7.05,7.55,94.0,0.52,7.05,7.55,94.0,0,0,0,0,0,4
1276,4.0,2006,11.0,29.0,371.0,508.0,10,0.21,6.085796301053163,6.432079373234055,48.40748280219009,0.21,6.174174158746477,6.54811584895972,47.08746314755019,0.2,6.213452350372464,6.588063190341674,48.39758528709813,0,0,0,0,0,4
1277,7.0,2006,7.0,17.0,57.0,25.0,8,0.19,6.3,6.9,34.0,0.19,6.3,6.9,34.0,0.23,8.7,7.65,4.0,0,0,1,0,0,4
1278,2.0,1990,1.0,1.0,372.0,509.0,1,4.85,5.0,7.4,34.0,4.85,5.0,7.4,34.0,4.85,5.0,7.4,34.0,0,0,0,0,0,4
1279,12.0,1999,10.0,29.0,202.0,510.0,1,0.13,5.0,5.0,1.0,2.38,8.1,8.1,7.0,2.38,8.1,8.1,7.0,0,0,0,0,0,4
1280,3.0,1997,2.0,1.0,1.0,295.0,2,0.22,6.6,6.6,17.0,1.04,6.6,6.6,17.0,1.04,6.6,6.6,17.0,1,0,1,0,1,4
1281,6.0,2011,4.0,8.0,154.0,187.0,1,0.06,5.4,5.7,400.0,0.14,7.07,7.67,400.0,3.11,8.53,8.6,645.0,1,0,0,1,0,4
1282,7.0,2005,1.0,3.0,373.0,511.0,2,0.09,7.87,8.0,4.0,0.88,7.87,8.0,4.0,0.88,7.87,8.0,4.0,0,0,0,0,0,4
1283,7.0,2004,10.0,8.0,27.0,437.0,4,0.12,6.55,7.5,9.0,0.59,9.0,7.8,9.0,0.68,7.0,8.0,3.0,1,0,1,0,0,4
1284,14.0,2004,9.0,6.0,196.0,512.0,3,1.11,8.0,7.7,33.0,0.23,8.95,8.05,190.0,0.23,8.95,8.05,190.0,1,0,1,0,0,4
1285,4.0,2007,8.0,6.0,19.0,214.0,10,2.88,5.55,7.7,2.0,0.1,5.55,5.6,2.0,2.88,5.55,7.7,2.0,0,0,1,0,0,4
1286,23.0,2012,9.0,6.0,374.0,55.0,1,0.25,5.15,6.45,14.0,0.13,5.15,6.45,14.0,0.57,8.45,7.65,792.5,1,1,1,1,1,4
1287,6.0,2008,10.0,6.0,40.0,336.0,7,0.09,8.0,8.53,6.0,0.07,8.0,8.53,6.0,0.19,5.1,5.15,11.0,1,0,1,0,0,4
1288,12.0,1999,9.0,1.0,375.0,513.0,10,1.16,8.0,8.25,45.0,0.13,8.0,9.2,26.0,0.13,8.0,9.2,26.0,1,1,0,0,0,4
1289,9.0,2003,2.0,29.0,277.0,514.0,4,0.04,4.2,7.1,37.0,0.02,5.25,7.65,37.0,0.02,5.25,7.65,37.0,0,0,0,0,0,4
1290,5.0,2006,10.0,8.0,333.0,437.0,3,1.67,7.88,7.88,21.5,1.67,7.88,7.88,21.5,1.67,7.88,7.88,21.5,1,0,1,0,1,4
1291,6.0,2013,9.0,15.0,163.0,61.0,2,0.1,5.7,7.27,25.0,0.21,5.7,7.27,25.0,0.48,8.0,8.3,181.0,1,1,0,1,0,4
1292,4.0,2008,4.0,17.0,111.0,288.0,3,0.51,7.43,7.97,64.5,0.34,4.7,5.75,2.0,2.31,9.25,9.25,216.5,1,0,0,0,0,4
1293,5.0,2010,9.0,18.0,164.0,184.0,10,0.52,6.55,6.4,18.0,0.03,3.8,4.9,3.0,0.03,3.8,4.9,3.0,0,0,0,0,0,4
1294,1.0,2008,7.0,9.0,34.0,515.0,3,0.18,4.7,7.28,16.5,0.02,4.7,7.28,16.5,0.06,7.9,7.6,1.0,0,0,1,0,1,4
1295,4.0,2007,11.0,33.0,147.0,516.0,10,1.87,4.8,4.8,47.35864844149208,0.02,4.8,4.8,46.229496678589676,0.02,4.8,4.8,47.57901124169648,0,0,0,0,0,4
1296,23.0,2012,2.0,4.0,376.0,517.0,1,0.23,6.6,5.2,50.50295255548768,0.23,6.6,5.2,48.179596823457544,0.23,6.6,5.2,49.25208715129302,0,0,0,0,0,4
1297,13.0,1998,4.0,10.0,22.0,406.0,10,0.14,9.1,9.05,512.0,9.72,9.1,9.05,512.0,9.72,9.1,9.05,512.0,1,0,0,0,0,4
1298,9.0,2004,2.0,29.0,377.0,392.0,10,2.06,5.25,5.3,4.0,0.08,5.25,5.3,4.0,0.21,5.25,5.3,4.0,0,0,0,0,0,4
1299,5.0,2012,7.0,6.0,42.0,518.0,5,0.04,5.0,6.3,47.0,0.63,7.5,7.65,47.0,0.63,7.5,7.65,47.0,1,0,1,1,0,4
1300,5.0,2008,7.0,8.0,41.0,42.0,6,1.23,7.75,7.4,26.0,0.18,5.83,5.35,199.0,0.03,7.5,7.45,119.0,1,1,1,0,0,4
1301,7.0,2003,6.0,40.0,210.0,519.0,11,0.08,6.8,7.1,48.97781824201291,0.01,6.9,6.5,47.036252276113224,0.01,6.9,6.5,48.732577387849695,1,0,0,0,0,4
1302,4.0,2008,2.0,29.0,70.0,520.0,7,1.67,4.4,7.9,11.5,0.27,5.75,5.25,11.5,0.25,5.5,6.62,8.5,0,0,0,0,0,4
1303,5.0,2011,7.0,29.0,378.0,521.0,3,0.08,8.0,7.85,1.0,0.56,6.83,6.78,45.5,0.56,6.83,6.78,45.5,0,0,0,1,0,4
1304,19.0,2001,5.0,11.0,176.0,294.0,11,1.14,6.15,7.4,5.0,2.85,6.75,8.65,52.0,2.85,6.75,8.65,52.0,1,0,0,0,1,4
1305,16.0,1981,2.0,70.0,14.0,26.0,1,0.0,0.0,0.0,0.0,0.0,0.0,0.0,0.0,0.0,0.0,0.0,0.0,1,1,0,0,1,4
1306,13.0,1998,10.0,14.0,192.0,216.0,1,1.24,7.75,8.15,33.0,1.24,7.75,8.15,33.0,0.68,7.75,5.0,4.0,1,1,0,1,0,4
1307,19.0,2005,1.0,1.0,40.0,522.0,8,0.23,8.4,7.5,60.0,0.27,7.05,7.0,30.0,0.27,7.05,7.0,30.0,0,1,1,0,0,4
1308,6.0,2012,4.0,8.0,154.0,187.0,3,0.18,5.97,6.9,37.5,0.64,6.4,5.55,304.5,1.48,8.47,8.5,472.5,1,0,0,1,1,4
1309,1.0,2012,9.0,20.0,234.0,431.0,6,0.76,7.75,7.7,117.0,0.15,5.1,6.6,117.0,0.15,5.1,6.6,117.0,0,0,0,0,0,4
1310,6.0,2012,9.0,8.0,379.0,49.0,10,0.37,9.0,5.45,136.0,0.37,9.0,5.45,136.0,2.62,6.8,6.32,288.0,1,0,0,1,0,4
1311,13.0,1998,10.0,29.0,202.0,275.0,1,1.88,6.0160609318996405,6.403268817204285,46.05333068992863,0.1,6.099759856630821,6.523605734767007,42.11122125297383,1.88,6.1246594982078815,6.541229390680994,45.49722442505948,0,0,0,0,0,4
1312,17.0,2006,10.0,9.0,380.0,523.0,1,0.18,4.45,5.65,14.0,0.1,6.8,6.5,72.0,0.1,8.0,8.15,86.0,0,0,0,0,0,4
1313,10.0,2013,2.0,1.0,123.0,488.0,1,14.35,8.0,7.7,93.0,0.33,7.0,6.7,64.0,0.42,6.5,7.08,15.0,0,0,0,0,0,4
1314,7.0,2004,9.0,13.0,51.0,234.0,4,0.21,8.0,7.62,31.0,0.02,7.0,8.0,2.0,0.12,5.75,7.0,2.0,1,0,1,0,0,4
1315,5.0,2013,4.0,5.0,52.0,78.0,5,0.12,2.5,5.48,19.5,1.67,8.53,8.1,713.0,5.2,8.6,5.8,1245.0,1,0,0,0,0,4
1316,18.0,2015,9.0,20.0,63.0,71.0,6,0.05,8.03,6.73,42.5,0.38,8.0,8.3,487.0,0.27,5.9,6.5,19.0,1,0,0,1,0,4
1317,6.0,2008,7.0,3.0,381.0,221.0,8,0.79,7.25,7.5,26.0,0.48,6.9,7.0,53.0,2.83,9.37,8.87,747.0,1,0,0,0,0,4
1318,7.0,2004,7.0,3.0,50.0,54.0,6,0.1,4.0,6.35,3.5,0.5,7.55,7.1,7.0,0.55,6.7,7.55,28.0,1,1,0,0,0,4
1319,15.0,2011,12.0,6.0,382.0,524.0,11,4.24,7.83,7.25,668.5,0.13,7.83,7.8,668.5,0.21,7.55,8.0,42.0,1,0,0,0,0,4
1320,7.0,2003,9.0,13.0,51.0,67.0,3,0.21,7.93,7.77,20.5,0.21,7.93,7.77,20.5,0.08,6.2,8.8,20.5,1,1,1,0,0,4
1321,1.0,2007,6.0,8.0,383.0,525.0,11,2.06,6.23,6.32,69.5,0.13,6.45,7.05,7.0,0.13,6.45,7.05,7.0,0,0,0,0,0,4
1322,3.0,1996,8.0,26.0,384.0,526.0,1,0.03,6.074598214285714,6.518080357142857,51.629901960784316,0.03,6.105133928571427,6.627678571428572,32.81127450980392,0.03,6.240669642857141,6.645223214285716,43.85294117647059,0,0,0,0,0,4
1323,2.0,1984,6.0,1.0,24.0,527.0,1,1.85,5.968661654135337,6.329969924812036,51.35361842105263,1.85,6.086947368421058,6.4851879699248185,38.00246710526316,1.85,6.0765263157894776,6.476631578947371,44.23684210526316,0,0,0,0,0,4
1324,8.0,1993,10.0,26.0,385.0,188.0,1,0.58,5.0,5.3,4.0,0.58,5.0,5.3,4.0,0.58,5.0,5.3,4.0,0,0,0,0,0,4
1325,3.0,1997,8.0,26.0,386.0,526.0,1,0.05,4.0,8.3,3.0,0.05,4.0,8.3,3.0,1.45,4.0,8.3,3.0,0,0,0,0,0,4
1326,12.0,1999,6.0,26.0,40.0,107.0,1,2.06,8.8,8.15,42.0,7.16,9.6,8.5,99.0,0.2,9.6,8.5,99.0,1,0,1,0,1,4
1327,1.0,2008,5.0,8.0,387.0,528.0,11,2.08,5.13,5.78,137.0,0.12,6.25,7.6,0.0,0.12,6.25,7.6,0.0,0,0,1,0,0,4
1328,4.0,2010,4.0,17.0,111.0,529.0,9,0.07,5.2,5.55,58.0,0.48,5.6,5.55,58.0,0.48,5.6,5.55,58.0,1,1,0,1,0,4
1329,7.0,2005,1.0,5.0,73.0,86.0,1,1.67,4.0,5.6,47.0,0.5,8.2,7.9,47.0,0.49,7.17,7.92,12.5,1,0,1,1,1,4
1330,4.0,2007,6.0,6.0,19.0,530.0,11,4.83,8.03,7.5,1014.0,1.47,8.03,7.5,1014.0,1.47,8.03,7.5,1014.0,0,0,1,0,0,4
1331,4.0,2007,6.0,71.0,388.0,531.0,11,0.84,6.25,7.15,1.0,0.84,6.25,7.15,1.0,0.08,6.4,7.1,1.0,0,0,0,0,0,4
1332,7.0,2007,6.0,4.0,299.0,373.0,4,0.23,6.2,6.4,2.0,1.1,7.6,6.4,2.0,0.65,6.0,7.0,1.0,1,0,0,0,0,4
1333,17.0,2006,3.0,9.0,237.0,62.0,11,0.02,7.5,7.35,3.5,0.03,5.8,4.5,0.0,1.05,5.53,4.9,21.0,0,1,0,0,0,4
1334,15.0,2013,8.0,8.0,108.0,532.0,1,0.08,7.23,7.6,200.0,0.07,3.0,5.15,2.0,0.07,3.0,5.15,2.0,1,0,0,1,0,4
1335,8.0,1996,2.0,1.0,65.0,81.0,9,2.14,8.0,8.2,33.5,2.36,8.5,8.18,15.0,2.36,8.5,8.18,15.0,1,0,0,0,0,4
1336,6.0,2014,7.0,6.0,19.0,118.0,11,3.46,7.57,6.2,247.5,3.92,7.5,6.45,410.5,4.03,7.5,7.25,195.5,1,1,1,1,0,4
1337,5.0,2007,10.0,29.0,145.0,281.0,11,0.05,4.2,5.5,7.0,0.27,4.5,7.03,7.0,0.27,4.5,7.03,7.0,0,0,1,0,0,4
1338,5.0,2010,3.0,2.0,389.0,533.0,11,6.24,6.15,6.9,13.0,6.24,6.15,6.9,13.0,6.24,6.15,6.9,13.0,0,0,0,1,0,4
1339,1.0,2006,6.0,6.0,265.0,534.0,11,0.03,5.63,6.83,2.0,0.26,7.0,7.15,55.0,0.26,7.0,7.15,55.0,1,0,1,0,1,4
1340,6.0,2013,3.0,8.0,222.0,43.0,11,1.4,8.03,6.65,539.0,1.0,4.0,5.5,4.0,0.28,6.0,6.5,94.0,1,1,0,1,0,4
1341,7.0,2004,1.0,8.0,27.0,454.0,9,2.68,8.6,8.67,168.0,0.68,8.9,7.8,168.0,0.18,7.75,7.5,1.0,0,0,1,1,1,4
1342,6.0,2011,7.0,8.0,257.0,343.0,1,1.52,8.83,8.15,499.0,0.92,6.93,7.32,204.0,0.48,7.73,7.62,79.5,1,0,0,1,0,4
1343,7.0,2002,1.0,8.0,27.0,378.0,7,0.08,4.05,8.6,2.0,0.9,7.83,8.3,2.0,1.57,9.0,8.4,2.0,1,0,1,0,0,4
1344,13.0,1999,9.0,28.0,390.0,112.0,10,0.21,6.3,6.3,3.0,0.21,6.3,6.3,3.0,0.33,6.3,6.3,3.0,1,0,0,0,0,4
1345,5.0,2013,9.0,33.0,249.0,411.0,9,0.07,6.031681249999999,6.421793749999991,49.969562243502054,0.07,6.102624999999992,6.533699999999993,37.83105335157319,0.07,6.136274999999996,6.568393750000007,45.56326949384405,1,0,0,1,0,4
1346,1.0,2009,9.0,5.0,60.0,535.0,11,10.69,8.8,6.9,1946.0,1.27,6.85,7.65,69.0,1.27,6.85,7.65,69.0,0,0,1,0,0,4
1347,5.0,2009,6.0,9.0,237.0,293.0,2,0.01,6.25,8.0,1.0,0.11,6.25,6.12,4.0,0.11,6.25,6.12,4.0,0,1,0,0,0,4
1348,1.0,2008,1.0,8.0,68.0,536.0,8,1.89,7.83,6.97,8.0,1.89,7.83,6.97,8.0,1.89,7.83,6.97,8.0,0,0,1,0,1,4
1349,3.0,1988,2.0,13.0,335.0,439.0,1,0.81,5.0,5.0,45.20609026644916,0.81,5.0,5.0,38.1715606307776,0.81,5.0,5.0,43.48178357803154,0,0,0,0,0,4
1350,9.0,2004,2.0,1.0,1.0,537.0,6,0.39,6.9,7.0,45.77177033492823,1.34,8.0,8.2,44.85444976076555,1.34,8.0,8.2,45.8955980861244,0,0,1,0,0,4
1351,13.0,1999,1.0,8.0,11.0,538.0,1,3.21,5.9864729458917845,6.425400801603205,44.05604395604396,0.06,6.120961923847696,6.589959919839676,34.17912087912088,1.1,6.162114228456913,6.618947895791575,38.04120879120879,1,0,1,0,0,4
1352,10.0,2013,4.0,17.0,85.0,65.0,1,1.92,8.0,7.7,644.0,0.32,5.0,7.7,644.0,0.13,5.0,7.7,644.0,1,1,0,1,0,4
1353,7.0,2002,1.0,5.0,391.0,422.0,11,0.04,7.0,8.4,45.226486486486486,0.04,7.0,8.4,38.287837837837834,0.21,7.0,8.4,43.71081081081081,0,0,0,0,0,4
1354,6.0,2010,10.0,29.0,145.0,331.0,5,0.23,4.6,7.28,40.0,0.62,6.75,7.28,40.0,2.07,7.5,7.78,82.5,0,0,1,0,0,4
1355,7.0,2005,1.0,8.0,45.0,247.0,1,1.88,5.0,7.0,8.0,0.08,7.23,7.6,133.0,2.59,7.58,7.75,19.0,1,0,1,0,1,4
1356,9.0,2004,9.0,1.0,274.0,39.0,11,0.43,5.8,8.2,37.0,1.64,6.5,8.1,37.0,2.7,9.33,9.07,319.0,0,1,0,0,0,4
1357,7.0,2004,1.0,8.0,68.0,463.0,2,0.03,6.55,8.8,0.0,0.66,6.55,8.8,0.0,0.66,6.55,8.8,0.0,0,0,1,0,0,4
1358,5.0,2011,2.0,9.0,34.0,62.0,11,3.78,6.3,7.05,11.0,0.47,4.2,7.6,2.0,1.09,4.35,3.95,5.0,0,1,1,1,0,4
1359,8.0,1994,9.0,1.0,3.0,233.0,7,0.7,7.0,7.5,4.0,2.75,7.0,6.7,23.0,2.73,4.0,7.5,58.0,0,0,1,0,0,4
1360,2.0,1987,1.0,26.0,392.0,539.0,1,3.08,8.0,8.0,2.0,3.08,8.0,8.0,2.0,3.08,8.0,8.0,2.0,0,0,0,0,0,4
1361,5.0,2008,9.0,8.0,122.0,343.0,10,1.58,6.27,6.1,28.0,2.02,8.6,8.68,647.5,2.02,8.6,8.68,647.5,1,0,1,0,0,4
1362,19.0,2002,9.0,13.0,51.0,67.0,1,0.42,7.3,8.07,19.5,0.42,7.3,8.07,19.5,0.71,3.45,4.65,9.0,1,1,1,0,0,4
1363,4.0,2009,4.0,1.0,190.0,540.0,1,11.9,6.0,8.2,136.0,0.41,6.0,7.0,3.0,0.54,7.47,7.9,220.5,1,0,0,0,0,4
1364,11.0,2014,9.0,17.0,211.0,76.0,1,0.3,4.55,7.1,12.0,1.92,8.0,7.7,644.0,2.51,8.0,7.7,644.0,1,1,0,1,1,4
1365,17.0,2006,9.0,18.0,60.0,235.0,9,0.09,6.63,7.4,85.5,0.2,5.6,5.7,4.0,0.2,5.6,5.7,4.0,0,0,1,0,0,4
1366,1.0,2010,9.0,33.0,249.0,317.0,1,3.04,6.0,6.5,49.0,0.19,5.9,5.9,49.0,1.92,3.95,4.4,3.0,0,0,0,1,0,4
1367,5.0,2009,10.0,8.0,45.0,437.0,7,0.03,5.2,4.75,4.0,3.92,8.1,7.1,1.0,0.52,7.58,8.18,22.5,1,0,1,0,0,4
1368,19.0,2005,9.0,22.0,123.0,152.0,1,0.09,5.25,6.2,1.0,2.09,4.0,5.5,4.0,2.09,4.0,5.5,4.0,0,0,0,0,0,4
1369,5.0,2013,10.0,20.0,175.0,541.0,4,0.87,7.0,7.3,46.0,0.87,7.0,7.3,46.0,0.87,7.0,7.3,46.0,0,0,0,0,0,4
1370,6.0,2014,1.0,8.0,27.0,77.0,8,2.02,8.0,6.3,2.5,2.02,8.0,6.3,2.5,2.02,8.0,6.3,2.5,1,1,1,1,0,4
1371,21.0,1994,2.0,19.0,98.0,389.0,1,3.61,8.5,8.5,53.0,1.79,5.9,5.9,7.0,1.79,5.9,5.9,7.0,0,0,0,0,0,4
1372,17.0,2004,3.0,4.0,40.0,335.0,3,0.1,8.0,8.15,8.5,0.59,8.0,8.15,8.5,0.09,5.35,5.2,17.0,1,0,1,0,1,4
1373,1.0,2010,9.0,1.0,301.0,233.0,8,0.07,7.4,7.55,49.0,0.86,7.4,7.55,49.0,1.82,8.5,8.5,137.0,1,0,0,1,0,4
1374,13.0,1999,10.0,8.0,27.0,496.0,1,1.59,5.0,7.0,1.0,0.39,5.0,7.0,1.0,1.52,5.0,7.0,1.0,1,0,1,0,0,4
1375,7.0,2003,3.0,4.0,8.0,15.0,1,0.23,5.5,7.5,2.0,1.84,7.0,7.5,2.0,1.84,7.0,7.5,2.0,1,1,1,1,0,4
1376,7.0,2001,3.0,4.0,393.0,410.0,12,8.05,8.6,8.45,356.0,0.18,5.1,7.4,356.0,1.28,5.1,7.0,1.0,1,0,0,1,1,4
1377,7.0,2004,3.0,8.0,68.0,472.0,8,0.04,4.0,4.53,3.0,1.62,8.8,8.8,3.0,0.23,8.5,7.6,3.0,0,0,1,0,0,4
1378,1.0,2010,7.0,5.0,11.0,16.0,11,12.73,8.27,6.75,2129.5,12.73,8.27,6.75,2129.5,12.73,8.27,6.75,2129.5,1,0,1,1,0,4
1379,14.0,2002,9.0,5.0,11.0,99.0,4,0.18,7.5,8.3,8.0,0.21,8.2,8.0,8.0,0.21,8.2,8.0,8.0,0,0,1,1,0,4
1380,7.0,2008,3.0,8.0,394.0,43.0,11,1.69,5.3,5.88,101.5,0.36,6.1,6.33,1.0,2.08,5.13,5.78,137.0,0,0,0,0,0,4
1381,13.0,1996,1.0,4.0,395.0,542.0,1,1.83,6.074598214285714,6.518080357142857,51.629901960784316,1.83,6.105133928571427,6.627678571428572,32.81127450980392,1.83,6.240669642857141,6.645223214285716,43.85294117647059,0,0,0,0,0,4
1382,6.0,2008,9.0,6.0,62.0,118.0,10,0.02,7.13,7.37,51.0,0.96,6.3,7.6,51.0,0.08,3.4,4.6,4.0,1,1,1,0,0,4
1383,9.0,2004,2.0,29.0,148.0,62.0,6,0.15,5.3,7.48,126.0,2.41,6.2,7.48,126.0,0.9,6.15,6.85,55.0,0,1,0,0,0,4
1384,2.0,1990,4.0,10.0,129.0,25.0,1,0.76,6.0,7.0,23.0,0.76,6.0,7.0,23.0,0.76,6.0,7.0,23.0,1,1,0,0,0,4
1385,15.0,2013,7.0,8.0,41.0,42.0,10,3.43,8.17,7.28,289.0,3.43,8.17,7.28,289.0,3.43,8.17,7.28,289.0,1,1,1,1,1,4
1386,7.0,2002,3.0,36.0,130.0,215.0,10,0.05,4.85,8.1,36.0,0.91,9.0,8.1,36.0,0.04,7.63,6.85,7.0,1,0,0,1,0,4
1387,13.0,2001,1.0,8.0,27.0,77.0,8,2.79,8.3,8.47,27.0,0.16,7.1,7.0,1.0,1.5,7.87,8.17,20.0,1,1,1,0,1,4
1388,11.0,2016,7.0,7.0,117.0,144.0,1,4.09,7.6,7.22,121.5,0.49,5.85,6.75,27.0,0.49,5.85,6.75,27.0,1,0,0,1,1,4
1389,4.0,2007,4.0,17.0,57.0,25.0,11,0.65,6.97,7.63,24.0,0.79,7.5,8.0,64.0,0.79,7.5,8.0,64.0,1,1,1,1,0,4
1390,4.0,2009,9.0,5.0,396.0,543.0,10,0.11,6.017120127287195,6.416451869530627,39.8933506044905,0.16,6.130859188544151,6.552171837708827,32.29706390328152,0.16,6.161694510739854,6.5963723150357945,34.81476683937824,0,0,0,0,0,4
1391,6.0,2011,7.0,17.0,397.0,544.0,8,0.37,6.9,6.5,52.5,0.37,6.9,6.5,52.5,0.21,8.55,8.9,144.0,1,0,0,1,0,4
1392,8.0,1994,1.0,31.0,263.0,339.0,1,1.93,8.5,8.05,36.0,2.05,8.5,8.05,36.0,2.05,8.5,8.05,36.0,1,0,0,1,1,4
1393,2.0,1991,9.0,15.0,87.0,110.0,1,0.85,8.4,8.4,25.0,0.85,8.4,8.4,25.0,4.17,8.4,8.4,25.0,0,0,1,0,0,4
1394,7.0,2005,9.0,49.0,253.0,320.0,7,0.1,6.9,8.3,2.0,0.45,7.2,8.7,2.0,0.32,6.55,8.05,2.0,1,0,0,1,1,4
1395,1.0,2007,9.0,33.0,249.0,241.0,1,2.2,6.8,4.95,1.0,0.14,6.8,4.95,1.0,2.65,6.8,4.95,1.0,0,0,0,0,0,4
1396,6.0,2012,9.0,29.0,120.0,161.0,11,0.8,8.27,7.95,267.0,0.13,8.27,7.95,267.0,1.18,7.57,6.3,155.0,0,0,0,0,0,4
1397,5.0,2011,7.0,17.0,397.0,544.0,8,0.17,6.9,5.47,64.5,1.39,8.63,8.05,483.5,0.33,6.0,6.1,44.0,1,0,0,1,0,4
1398,14.0,2003,9.0,5.0,139.0,170.0,11,3.9,8.17,8.33,33.0,0.46,6.3,5.95,4.0,3.27,6.73,7.17,57.5,0,0,0,0,0,4
1399,17.0,2005,8.0,8.0,108.0,545.0,12,0.14,6.67,7.3,56.5,0.25,6.75,7.15,62.0,0.25,6.75,7.15,62.0,0,0,0,1,0,4
1400,12.0,2000,4.0,1.0,3.0,2.0,10,0.45,8.05,7.55,10.0,0.26,8.05,7.0,1.0,1.91,6.7,7.5,21.0,1,1,1,1,0,4
1401,10.0,2012,4.0,1.0,398.0,546.0,1,0.5,6.8,7.6,39.0,0.57,6.85,7.5,39.0,0.57,6.85,7.5,39.0,0,0,0,0,0,4
1402,5.0,2014,7.0,8.0,86.0,210.0,3,0.02,6.93,7.75,21.5,1.35,8.6,8.55,189.0,2.9,7.7,7.22,254.5,0,0,0,1,1,4
1403,13.0,1998,7.0,3.0,399.0,547.0,1,0.25,7.0,7.8,124.0,0.07,7.0,7.8,124.0,0.61,7.0,7.8,124.0,1,0,0,0,0,4
1404,23.0,2012,4.0,72.0,400.0,548.0,2,0.05,7.4,7.4,9.0,0.38,8.2,8.2,18.0,0.38,8.2,8.2,18.0,1,0,0,0,0,4
1405,6.0,2010,9.0,13.0,368.0,325.0,8,0.36,7.4,8.2,11.0,0.05,7.4,8.0,1.0,0.29,6.55,6.85,141.0,1,0,0,1,0,4
1406,1.0,2009,6.0,8.0,31.0,528.0,10,2.62,8.5,7.4,95.0,0.01,5.5,5.1,1.0,1.45,6.3,7.0,1.0,0,0,0,0,0,4
1407,1.0,2007,11.0,33.0,279.0,514.0,10,1.77,5.2,5.0,1.0,0.22,4.6,6.35,1.0,1.47,5.0,6.35,1.0,0,0,0,0,0,4
1408,4.0,2009,5.0,12.0,61.0,68.0,3,0.05,7.47,6.9,9.5,0.09,7.47,6.9,9.5,5.72,5.85,5.85,8.0,0,0,0,0,0,4
1409,7.0,2001,1.0,31.0,401.0,549.0,3,2.52,7.56,7.83,85.0,1.05,6.6,7.05,2.0,1.05,6.6,7.05,2.0,0,0,0,0,1,4
1410,5.0,2011,9.0,8.0,218.0,43.0,11,0.05,7.2,5.25,1.0,2.41,5.9,5.65,65.0,0.38,8.03,7.17,308.5,1,1,0,1,0,4
1411,7.0,2008,9.0,18.0,123.0,132.0,1,2.64,7.0,7.45,63.0,0.59,3.0,5.3,4.0,0.59,3.0,5.3,4.0,0,0,0,0,0,4
1412,6.0,2014,9.0,6.0,374.0,106.0,11,1.61,7.4,7.57,113.5,0.13,7.4,7.57,113.5,3.92,7.5,6.45,410.5,1,1,1,1,0,4
1413,6.0,2006,3.0,26.0,185.0,335.0,11,0.17,6.9,8.05,3.0,0.03,6.47,7.78,23.0,0.2,7.2,7.25,28.0,1,0,1,0,1,4
1414,13.0,1998,6.0,5.0,402.0,550.0,1,0.2,7.0,7.0,1.0,0.2,7.0,7.0,1.0,0.2,7.0,7.0,1.0,0,0,0,0,0,4
1415,18.0,2014,3.0,2.0,403.0,72.0,10,0.58,5.5,5.0,3.0,0.58,5.5,5.0,3.0,2.02,7.75,8.05,49.0,1,0,0,1,0,4
1416,6.0,2008,3.0,4.0,100.0,124.0,10,0.9,7.0,6.95,21.0,3.88,7.7,7.3,62.0,3.88,7.7,7.3,62.0,1,0,0,0,1,4
1417,4.0,2010,2.0,9.0,148.0,62.0,11,0.42,8.13,8.35,243.5,0.36,3.9,6.8,5.0,1.97,6.0,6.6,5.0,0,1,0,0,0,4
1418,14.0,2004,4.0,5.0,97.0,551.0,12,0.18,6.5,4.05,1.0,0.71,8.0,7.8,184.0,0.71,8.0,7.8,184.0,0,0,0,0,0,4
1419,6.0,2010,9.0,20.0,60.0,258.0,6,2.35,6.6,7.1,34.0,2.49,6.95,7.35,34.0,2.49,6.95,7.35,34.0,0,0,1,0,0,4
1420,12.0,1998,12.0,1.0,65.0,3.0,1,2.03,7.0,7.6,65.0,0.22,7.0,7.6,65.0,31.37,7.0,8.2,138.0,0,0,0,0,0,4
1421,6.0,2014,1.0,3.0,102.0,126.0,10,1.69,8.23,7.25,33.5,1.69,8.23,7.25,33.5,1.69,8.23,7.25,33.5,1,0,1,1,1,4
1422,14.0,2004,7.0,6.0,304.0,356.0,11,0.03,6.55,7.35,35.0,0.87,7.55,7.8,5.0,0.15,5.9,5.3,5.0,1,0,0,1,0,4
1423,9.0,2003,2.0,24.0,82.0,40.0,1,0.05,6.1,7.2,76.0,0.31,7.55,6.75,76.0,1.23,6.0,7.0,16.0,1,0,1,0,0,4
1424,5.0,2008,3.0,8.0,170.0,238.0,1,0.09,6.7,4.6,60.0,0.46,7.7,7.6,60.0,0.46,7.7,7.6,60.0,1,0,0,0,1,4
1425,7.0,2008,6.0,4.0,299.0,373.0,11,5.92,9.25,6.8,1105.0,0.82,7.6,6.8,1105.0,0.14,7.6,6.8,1105.0,1,0,0,0,0,4
1426,2.0,1986,7.0,15.0,404.0,552.0,1,0.0,0.0,0.0,0.0,0.0,0.0,0.0,0.0,0.0,0.0,0.0,0.0,1,0,0,0,0,4
1427,8.0,1996,4.0,25.0,85.0,65.0,1,3.19,8.0,7.8,69.0,3.19,8.0,7.8,69.0,1.15,9.0,8.25,4.5,1,1,0,0,0,4
1428,16.0,1981,7.0,11.0,405.0,553.0,1,1.97,2.0,2.0,1.0,1.97,2.0,2.0,1.0,1.97,2.0,2.0,1.0,0,0,0,0,1,4
1429,10.0,2014,2.0,1.0,406.0,2.0,3,3.89,7.8,8.2,47.0,3.89,7.8,8.2,47.0,4.25,9.15,8.55,314.0,0,0,0,1,0,4
1430,18.0,2013,9.0,2.0,407.0,554.0,11,2.18,7.95,6.45,44.0,0.9,6.57,6.2,168.5,0.9,6.57,6.2,168.5,0,0,0,1,1,4
1431,7.0,2002,7.0,8.0,40.0,555.0,2,0.06,6.7,7.1,1.0,0.06,6.7,5.0,1.0,0.06,6.7,5.0,1.0,1,0,1,1,0,4
1432,1.0,2011,9.0,20.0,60.0,556.0,11,0.53,7.9,6.9,36.0,0.34,5.35,7.4,36.0,0.34,5.35,7.4,36.0,0,0,1,0,0,4
1433,6.0,2011,10.0,13.0,51.0,557.0,2,0.03,6.110290384136726,6.477206504604713,45.72149422149422,0.03,6.198351447772364,6.5775790259686815,44.82659932659933,0.03,6.2283846345308485,6.618487513482147,46.13913913913914,1,0,1,1,0,4
1434,13.0,1999,8.0,15.0,103.0,297.0,1,6.03,9.4,9.2,22.0,0.76,9.2,8.3,22.0,0.76,9.2,8.3,22.0,1,0,0,0,0,4
1435,6.0,2010,3.0,36.0,408.0,159.0,9,0.2,6.8,6.6,56.0,0.2,6.8,6.6,56.0,0.89,6.8,6.6,56.0,0,0,0,0,0,4
1436,13.0,1997,1.0,8.0,409.0,77.0,1,1.52,5.0,5.0,49.29562687356727,1.52,5.0,5.0,47.72615059072474,0.07,5.0,5.0,49.20948686298713,1,1,0,0,0,4
1437,17.0,2008,1.0,8.0,45.0,31.0,10,1.53,6.87,6.95,33.0,2.28,8.1,7.2,83.0,2.28,8.1,7.2,83.0,1,1,1,0,1,4
1438,4.0,2007,6.0,11.0,410.0,107.0,9,0.38,5.7,7.65,12.0,0.06,6.8,7.65,12.0,0.2,5.0,5.0,1.0,1,0,0,0,1,4
1439,17.0,2007,1.0,8.0,45.0,31.0,10,1.53,5.45,7.0,55.0,3.14,7.65,6.8,43.0,3.14,7.65,6.8,43.0,1,1,1,0,1,4
1440,4.0,2009,9.0,3.0,72.0,11.0,3,0.07,4.7,4.6,155.5,3.54,7.6,7.55,155.5,0.88,8.89,7.68,887.5,1,1,0,0,0,4
1441,5.0,2010,9.0,2.0,411.0,558.0,5,0.05,7.7,7.9,10.0,0.03,7.7,8.4,166.0,0.03,7.7,8.4,166.0,0,0,0,0,0,4
1442,6.0,2008,7.0,8.0,41.0,42.0,6,1.11,8.07,7.5,31.0,0.03,7.5,7.45,119.0,0.41,7.4,7.1,31.5,1,1,1,0,0,4
1443,18.0,2015,10.0,20.0,189.0,216.0,4,0.21,8.27,7.0,1.0,2.7,8.27,7.82,70.5,0.76,7.75,7.7,117.0,1,1,0,1,0,4
1444,7.0,2004,9.0,8.0,253.0,559.0,6,0.05,7.2,6.9,1.0,0.16,7.25,8.2,20.0,0.16,7.25,8.2,20.0,0,0,0,0,0,4
1445,14.0,2003,3.0,24.0,79.0,93.0,9,0.12,7.3,7.4,2.0,1.06,6.7,6.97,37.0,0.24,6.35,6.55,4.0,0,0,0,0,0,4
1446,5.0,2008,9.0,13.0,51.0,201.0,2,0.01,7.0,8.0,171.0,0.04,7.0,8.0,171.0,2.21,7.0,7.3,52.0,1,0,1,0,0,4
1447,6.0,2008,7.0,6.0,62.0,266.0,3,0.02,4.6,5.45,18.0,0.02,4.6,5.45,18.0,0.74,6.5,6.9,48.0,1,0,1,0,0,4
1448,17.0,2005,4.0,13.0,51.0,73.0,5,0.13,7.5,8.35,7.0,0.99,7.87,8.7,272.5,0.5,6.43,8.53,26.5,1,1,1,0,0,4
1449,5.0,2011,9.0,8.0,407.0,560.0,3,0.47,8.53,5.3,583.5,0.72,8.53,8.1,583.5,0.02,7.7,7.5,80.0,1,0,0,1,0,4
1450,13.0,1997,4.0,10.0,57.0,561.0,1,0.15,7.0,8.5,6.0,0.11,7.0,7.2,66.0,1.17,7.0,6.8,5.0,1,0,1,0,0,4
1451,7.0,2004,6.0,4.0,121.0,373.0,1,1.86,6.5,7.0,9.0,3.54,6.1,6.1,18.0,1.86,6.5,7.0,9.0,1,0,0,0,0,4
1452,5.0,2007,1.0,8.0,45.0,31.0,10,1.51,5.4,7.25,55.0,1.76,7.55,6.8,43.0,1.76,7.55,6.8,43.0,1,1,1,0,1,4
1453,6.0,2011,11.0,4.0,86.0,562.0,9,0.01,7.0,6.6,68.0,0.04,8.0,8.7,305.0,0.04,8.0,8.7,305.0,0,0,0,0,0,4
1454,7.0,2002,3.0,11.0,412.0,563.0,5,0.14,6.47,6.53,8.0,0.14,6.47,6.53,8.0,0.72,6.47,5.7,3.0,1,0,0,0,0,4
1455,4.0,2005,4.0,1.0,104.0,564.0,1,2.06,6.0,7.0,13.0,2.17,8.5,8.52,104.0,2.17,8.5,8.52,104.0,0,1,0,0,0,4
1456,5.0,2006,7.0,13.0,51.0,565.0,1,0.04,5.5,7.82,40.5,0.04,5.5,7.82,40.5,0.04,5.5,7.82,40.5,0,0,1,1,0,4
1457,21.0,1994,10.0,31.0,183.0,216.0,1,1.53,8.5,6.6,26.0,1.53,8.5,6.6,26.0,1.93,8.5,8.05,36.0,1,1,0,1,0,4
1458,14.0,2005,7.0,5.0,82.0,144.0,4,0.82,7.65,7.45,1.0,0.12,7.65,7.5,4.0,0.04,7.65,8.5,53.0,1,0,1,1,1,4
1459,19.0,2004,2.0,1.0,1.0,566.0,3,0.04,6.4,6.4,17.0,0.06,6.4,6.4,17.0,0.06,6.4,6.4,17.0,1,1,1,1,1,4
1460,7.0,2006,3.0,8.0,45.0,43.0,11,2.44,7.15,7.8,111.0,2.44,7.15,7.8,111.0,0.35,7.5,7.9,111.0,1,1,1,1,0,4
1461,7.0,2003,7.0,3.0,413.0,168.0,10,0.5,7.55,7.1,7.0,0.5,7.55,7.1,7.0,1.22,7.95,8.2,154.0,1,0,0,0,1,4
1462,15.0,2000,12.0,8.0,177.0,567.0,10,0.81,7.3,7.1,9.0,0.25,7.3,8.1,9.0,0.25,7.3,8.1,9.0,0,0,0,0,0,4
1463,7.0,2004,1.0,8.0,27.0,491.0,3,0.64,8.3,7.5,3.0,0.68,7.0,8.0,3.0,1.04,8.1,8.3,3.0,1,0,1,0,0,4
1464,6.0,2007,10.0,29.0,145.0,281.0,11,2.34,7.03,7.12,69.5,2.34,7.03,7.12,69.5,2.34,7.03,7.12,69.5,0,0,1,0,0,4
1465,7.0,2004,2.0,4.0,75.0,231.0,1,1.78,4.35,6.4,4.0,3.33,8.43,8.45,191.0,2.78,8.5,8.6,32.0,0,0,0,0,0,4
1466,5.0,2010,1.0,6.0,62.0,568.0,11,2.84,8.67,8.25,1122.0,3.5,8.63,8.0,888.0,3.5,8.63,8.0,888.0,0,0,1,1,0,4
1467,6.0,2011,7.0,7.0,117.0,460.0,12,3.88,8.58,8.53,1718.0,0.05,6.13,6.73,100.5,1.62,8.03,7.22,275.0,0,0,0,1,0,4
1468,5.0,2013,2.0,5.0,82.0,280.0,10,0.46,5.9,7.27,65.5,0.57,7.85,6.55,26.5,2.34,7.0,6.97,4.0,1,0,1,0,0,4
1469,11.0,2013,1.0,3.0,102.0,126.0,10,2.47,8.4,7.07,58.5,2.47,8.4,7.07,58.5,2.47,8.4,7.07,58.5,1,0,1,0,1,4
1470,9.0,2002,9.0,5.0,11.0,99.0,1,0.7,5.4,5.4,2.0,1.33,5.4,5.4,2.0,1.33,5.4,5.4,2.0,0,0,1,1,0,4
1471,12.0,1998,10.0,31.0,132.0,161.0,1,3.36,7.8,7.8,21.0,0.08,7.8,7.8,21.0,3.36,7.8,7.8,21.0,0,0,0,0,0,4
1472,3.0,2000,1.0,5.0,82.0,86.0,1,0.93,5.8,6.8,16.0,2.11,8.0,7.7,3.0,5.02,8.6,8.2,3.0,1,0,1,0,1,4
1473,9.0,2003,8.0,8.0,414.0,265.0,1,0.09,6.77,7.5,0.5,0.09,6.77,7.5,0.5,0.09,6.77,7.5,0.5,0,0,0,0,0,4
1474,13.0,2000,1.0,8.0,11.0,538.0,1,0.79,7.0,7.1,7.5,1.43,7.0,7.1,7.5,1.43,7.0,7.1,7.5,1,0,1,0,0,4
1475,19.0,2004,7.0,1.0,14.0,569.0,11,0.33,7.4,8.6,25.0,2.19,9.5,8.45,25.0,2.19,9.5,8.45,25.0,1,0,0,1,0,4
1476,5.0,2010,10.0,29.0,145.0,331.0,5,0.07,7.0,5.0,31.0,0.54,7.0,7.47,31.0,1.77,7.5,7.65,70.5,0,0,1,0,0,4
1477,6.0,2013,4.0,17.0,415.0,25.0,3,1.1,7.03,6.92,171.5,0.06,3.5,5.25,1.0,1.1,7.03,6.92,171.5,1,1,0,0,0,4
1478,7.0,2004,3.0,73.0,416.0,570.0,3,0.06,6.1,7.4,45.87070454152996,0.57,6.1,7.4,44.89656363322397,0.57,6.1,7.4,46.36703505439475,0,0,0,0,0,4
1479,4.0,2007,8.0,6.0,94.0,571.0,10,2.81,6.4,7.6,19.0,0.24,6.4,4.7,19.0,0.37,4.0,4.7,19.0,1,0,0,0,0,4
1480,4.0,2010,4.0,1.0,417.0,572.0,10,8.49,6.4,7.15,24.0,8.49,6.4,7.15,24.0,8.49,6.4,7.15,24.0,1,1,0,0,0,4
1481,18.0,2014,9.0,20.0,162.0,169.0,9,0.05,6.4,6.6,17.0,0.64,7.0,7.2,121.0,0.64,7.0,7.2,121.0,0,0,0,0,0,4
1482,17.0,2005,3.0,8.0,197.0,43.0,3,0.1,5.8,7.4,13.0,0.1,5.8,7.4,13.0,0.43,6.9,7.17,35.0,1,1,0,1,0,4
1483,6.0,2008,9.0,20.0,60.0,160.0,9,3.17,6.7,7.35,69.0,3.38,6.8,7.3,69.0,3.38,6.8,7.3,69.0,0,0,1,0,0,4
1484,6.0,2014,4.0,26.0,227.0,332.0,3,0.01,3.4,2.5,347.5,0.13,3.4,2.5,347.5,1.0,8.63,8.62,347.5,0,0,0,1,0,4
1485,15.0,2008,4.0,5.0,52.0,58.0,11,1.72,8.77,5.85,3.0,6.28,8.77,7.85,627.0,1.54,8.43,8.92,288.5,0,0,0,1,0,4
1486,6.0,2014,4.0,17.0,57.0,56.0,1,1.12,8.0,7.6,31.0,1.1,7.03,6.92,171.5,1.58,6.75,7.8,49.0,1,0,1,1,0,4
1487,5.0,2014,9.0,20.0,234.0,573.0,2,0.64,7.0,7.2,121.0,0.49,7.5,6.5,26.0,0.49,7.5,6.5,26.0,0,0,0,0,0,4
1488,13.0,1998,3.0,36.0,130.0,292.0,1,0.1,6.0,7.6,27.0,3.41,6.0,6.7,3.0,2.28,6.0,7.8,4.0,1,0,0,0,0,4
1489,2.0,1985,5.0,1.0,1.0,574.0,1,1.96,7.0,8.4,235.0,40.24,7.0,8.4,235.0,40.24,7.0,8.4,235.0,0,0,1,0,1,4
1490,7.0,2002,1.0,11.0,102.0,575.0,3,0.22,8.2,8.6,162.0,0.18,8.7,9.5,1.0,0.52,8.7,8.0,1.0,1,0,1,1,1,4
1491,13.0,1997,10.0,22.0,67.0,576.0,1,5.24,7.6,7.6,139.0,5.24,7.6,7.6,139.0,5.24,7.6,7.6,139.0,0,0,0,0,0,4
1492,9.0,2003,4.0,13.0,51.0,577.0,1,0.55,7.73,8.3,6.0,0.31,8.05,8.45,11.5,0.31,8.05,8.45,11.5,1,0,1,0,1,4
1493,6.0,2010,7.0,4.0,113.0,578.0,1,0.11,6.6,8.3,42.41893830703013,2.04,6.6,8.3,36.190578670492584,2.04,6.6,8.3,41.083213773314206,0,0,0,0,0,4
1494,13.0,1996,1.0,8.0,68.0,77.0,1,0.01,6.074598214285714,6.518080357142857,51.629901960784316,0.01,6.105133928571427,6.627678571428572,32.81127450980392,0.07,6.240669642857141,6.645223214285716,43.85294117647059,1,1,1,0,0,4
1495,4.0,2011,3.0,33.0,249.0,520.0,6,0.34,5.35,7.4,36.0,0.78,6.0,6.8,20.0,0.4,5.25,5.82,5.0,0,0,0,0,1,4
1496,5.0,2012,9.0,5.0,47.0,88.0,10,0.16,6.6,4.1,16.0,0.1,7.5,5.35,16.0,0.32,4.6,6.4,5.0,1,0,0,0,1,4
1497,17.0,2008,9.0,20.0,60.0,160.0,9,3.15,6.6,7.4,69.0,3.17,6.7,7.35,69.0,3.17,6.7,7.35,69.0,0,0,1,0,0,4
1498,13.0,1996,3.0,74.0,418.0,579.0,1,0.0,0.0,0.0,0.0,0.0,0.0,0.0,0.0,0.0,0.0,0.0,0.0,0,0,0,0,0,4
1499,7.0,2002,3.0,7.0,88.0,580.0,12,0.0,0.0,0.0,0.0,2.86,8.6,8.55,125.0,2.86,8.6,8.55,125.0,0,0,0,0,0,4
1500,5.0,2009,6.0,32.0,71.0,260.0,9,0.19,6.081317301269194,6.428591850367435,48.85785172212493,0.19,6.164849699398801,6.541612558450277,47.55465557501459,0.19,6.20785303941215,6.583874415497689,48.898423817863396,0,0,0,0,0,4
1501,5.0,2009,10.0,26.0,419.0,44.0,10,2.78,7.8,7.47,318.5,0.24,6.33,6.52,52.0,0.1,4.55,6.75,4.0,1,0,1,0,1,4
1502,5.0,2009,9.0,5.0,79.0,581.0,6,0.16,5.5,6.15,4.0,0.48,5.5,6.15,4.0,0.48,5.5,6.15,4.0,0,0,0,0,0,4
1503,1.0,2009,6.0,75.0,318.0,419.0,1,0.02,7.15,5.0,1.0,0.03,7.15,5.0,1.0,0.03,7.15,5.0,1.0,0,0,0,0,0,4
1504,7.0,2005,2.0,5.0,47.0,582.0,6,0.66,7.0,8.2,50.08513282585055,0.66,7.0,8.2,48.5046605561597,0.66,7.0,8.2,49.91968308218114,0,0,0,0,0,4
1505,13.0,1999,11.0,29.0,420.0,583.0,1,0.06,6.0,5.2,5.0,0.06,6.0,5.2,5.0,0.06,6.0,5.2,5.0,0,0,0,0,0,4
1506,4.0,2009,12.0,20.0,358.0,488.0,6,0.54,4.3,4.1,9.0,0.54,4.3,4.1,9.0,0.06,5.23,6.68,9.0,0,0,0,0,0,4
1507,16.0,1983,2.0,5.0,321.0,584.0,1,0.5,6.111979438779812,6.477522541501699,45.720769017469266,0.5,6.1965863318446335,6.575141990393578,44.78468435160366,0.5,6.2260065728491085,6.615723434735006,45.95401608281727,0,0,0,0,0,4
1508,7.0,2002,7.0,31.0,421.0,372.0,9,0.05,6.37,6.9,2.0,0.13,5.0,6.8,2.0,0.55,4.0,5.2,23.0,1,0,0,0,0,4
1509,1.0,2008,6.0,33.0,422.0,475.0,10,0.9,7.77,7.35,88.0,0.66,6.06,5.85,12.0,1.58,4.0,5.85,12.0,0,0,0,0,0,4
1510,1.0,2008,1.0,6.0,19.0,585.0,3,2.42,7.1,7.3,50.0,0.12,6.4,8.4,50.0,0.12,6.4,8.4,50.0,0,0,1,0,0,4
1511,14.0,2004,3.0,8.0,170.0,238.0,9,1.76,7.93,8.6,113.5,0.01,7.5,8.2,113.5,0.24,8.4,6.8,74.0,1,0,0,1,1,4
1512,9.0,2002,4.0,15.0,87.0,586.0,11,0.02,4.8,7.0,45.226486486486486,0.18,5.3,7.3,38.287837837837834,0.18,5.3,7.3,43.71081081081081,0,0,1,1,0,4
1513,6.0,2011,9.0,8.0,407.0,560.0,3,0.16,7.4,7.48,174.5,0.02,7.7,7.5,80.0,0.09,7.7,7.5,7.0,1,0,0,1,0,4
1514,7.0,2006,1.0,8.0,27.0,247.0,10,2.65,6.05,7.2,5.0,0.06,5.45,5.45,4.0,0.29,6.9,5.55,12.5,1,0,1,0,1,4
1515,6.0,2013,9.0,42.0,157.0,193.0,8,0.19,7.23,7.98,231.0,0.38,7.63,7.88,310.5,0.38,7.63,7.88,310.5,1,0,0,1,0,4
1516,7.0,2005,6.0,4.0,101.0,373.0,9,0.04,5.85,6.9,5.0,0.23,6.2,5.9,5.0,1.86,6.5,7.0,9.0,1,0,0,0,0,4
1517,1.0,2007,1.0,8.0,45.0,587.0,11,2.05,6.27,5.95,99.5,0.18,5.96,5.95,4.5,0.18,5.96,5.95,4.5,0,0,1,0,0,4
1518,13.0,1997,3.0,76.0,423.0,563.0,1,0.19,4.3,4.3,4.0,0.19,4.3,4.3,4.0,0.19,4.3,4.3,4.0,1,0,0,0,0,4
1519,8.0,1995,4.0,10.0,215.0,561.0,1,3.42,7.25,9.02,170.5,1.83,7.25,9.02,170.5,0.97,7.0,8.1,9.0,0,0,0,0,0,4
1520,1.0,2010,1.0,8.0,45.0,123.0,11,2.22,8.1,7.48,294.0,0.4,7.0,7.15,14.0,1.16,8.0,7.15,14.0,0,0,1,0,0,4
1521,13.0,1999,4.0,26.0,424.0,588.0,1,0.23,6.1,6.65,2.0,0.29,6.1,8.0,1.0,0.29,6.1,8.0,1.0,1,0,0,0,0,4
1522,18.0,2015,11.0,17.0,425.0,76.0,11,0.02,7.75,7.75,11.0,0.18,7.25,6.35,131.5,0.08,7.47,6.77,36.5,0,0,0,1,0,4
1523,1.0,2006,3.0,8.0,45.0,43.0,11,1.66,7.37,7.0,84.5,1.66,7.37,7.0,84.5,1.66,7.37,7.0,84.5,1,1,1,1,0,4
1524,20.0,2015,2.0,1.0,251.0,402.0,6,0.09,5.8,5.65,6.0,1.17,6.9,7.7,50.0,1.75,7.0,6.7,38.0,0,0,0,1,0,4
1525,9.0,2002,4.0,13.0,51.0,589.0,1,0.42,6.75,7.65,8.0,0.42,6.75,7.65,8.0,0.42,6.75,7.65,8.0,1,0,1,0,1,4
1526,6.0,2012,1.0,8.0,27.0,590.0,3,3.07,8.77,7.58,459.0,0.24,6.15,5.85,3.0,0.24,6.15,5.85,3.0,1,1,1,0,0,4
1527,19.0,2002,9.0,13.0,51.0,67.0,1,1.42,8.0,8.6,312.0,1.42,8.0,8.6,312.0,2.34,7.8,8.13,132.0,1,1,1,0,0,4
1528,5.0,2005,3.0,8.0,45.0,43.0,11,4.37,7.23,7.7,201.0,4.37,7.23,7.7,201.0,4.37,7.23,7.7,201.0,1,1,1,1,1,4
1529,18.0,2015,7.0,6.0,62.0,311.0,12,0.02,6.75,6.12,166.0,0.18,5.8,6.3,1.0,0.18,5.8,6.3,1.0,1,0,1,1,0,4
1530,9.0,2003,2.0,73.0,426.0,450.0,7,0.07,5.55,6.65,3.0,0.07,5.55,6.65,3.0,0.07,5.55,6.65,3.0,0,0,0,0,0,4
1531,7.0,2004,7.0,11.0,427.0,591.0,5,0.02,8.65,8.6,42.0,0.05,7.0,7.7,23.0,0.05,7.0,7.7,23.0,0,0,0,0,0,4
1532,1.0,2008,6.0,5.0,82.0,84.0,6,3.48,6.05,6.85,11.0,0.23,6.52,6.43,13.0,0.01,7.97,7.65,76.5,1,0,1,0,0,4
1533,4.0,2008,11.0,1.0,187.0,8.0,9,3.36,8.6,8.7,1.0,0.28,4.1,6.6,1.0,22.72,8.0,6.9,52.0,1,0,0,0,1,4
1534,6.0,2008,4.0,9.0,34.0,592.0,10,0.89,6.7,6.15,14.0,1.47,6.3,7.15,31.0,1.47,6.3,7.15,31.0,1,0,1,0,0,4
1535,7.0,2005,3.0,3.0,50.0,139.0,1,0.04,6.9,7.4,28.0,0.55,6.7,7.55,28.0,1.78,7.67,7.87,21.5,1,0,0,0,1,4
1536,7.0,2004,4.0,77.0,428.0,593.0,2,0.43,6.2,8.1,0.0,1.24,8.12,7.98,82.5,0.43,6.2,8.1,0.0,0,0,0,0,0,4
1537,5.0,2014,9.0,6.0,62.0,113.0,5,1.93,8.0,6.53,272.0,1.93,8.0,6.53,272.0,1.93,8.0,6.53,272.0,1,0,1,1,0,4
1538,4.0,2008,8.0,6.0,429.0,214.0,11,2.04,6.15,6.4,19.0,2.04,6.15,6.4,19.0,0.09,6.15,6.4,19.0,0,0,0,0,0,4
1539,11.0,2014,9.0,15.0,56.0,61.0,3,0.1,7.33,7.3,61.0,2.09,8.47,8.38,247.0,0.5,7.73,7.43,154.0,1,1,0,0,1,4
1540,3.0,1989,6.0,1.0,430.0,594.0,1,1.94,6.5,6.5,10.0,1.94,6.5,6.5,10.0,1.94,6.5,6.5,10.0,0,0,0,1,1,4
1541,18.0,2015,9.0,6.0,138.0,55.0,10,0.01,5.23,1.2,2.5,0.02,5.23,5.25,2.5,0.04,6.3,6.57,15.5,1,1,1,1,0,4
1542,13.0,1999,9.0,78.0,431.0,595.0,1,0.33,5.9864729458917845,6.425400801603205,44.05604395604396,0.33,6.120961923847696,6.589959919839676,34.17912087912088,0.33,6.162114228456913,6.618947895791575,38.04120879120879,1,0,0,0,0,4
1543,5.0,2012,9.0,29.0,120.0,161.0,11,0.16,8.33,7.55,125.5,0.02,5.4,4.45,6.0,0.36,7.63,6.97,31.5,0,0,0,0,0,4
1544,13.0,1999,3.0,43.0,297.0,410.0,1,0.35,5.9864729458917845,6.425400801603205,44.05604395604396,0.35,6.120961923847696,6.589959919839676,34.17912087912088,1.56,6.162114228456913,6.618947895791575,38.04120879120879,1,0,0,1,1,4
1545,7.0,2003,9.0,3.0,5.0,596.0,11,1.34,7.27,8.05,97.5,2.49,9.0,8.6,17.0,2.49,9.0,8.6,17.0,0,0,1,0,0,4
1546,10.0,2012,9.0,1.0,432.0,397.0,3,0.09,6.45,6.7,19.0,0.03,4.7,6.7,19.0,1.76,5.0,6.7,19.0,1,0,0,1,0,4
1547,7.0,2001,9.0,15.0,103.0,470.0,11,2.39,6.15,7.5,1.0,0.02,6.15,8.0,1.0,1.6,8.3,8.7,122.0,1,0,0,0,1,4
1548,6.0,2008,9.0,22.0,433.0,76.0,11,0.05,6.7,7.58,163.5,0.02,7.73,7.58,163.5,0.4,7.55,7.95,132.0,1,1,0,1,1,4
1549,13.0,1997,2.0,15.0,87.0,597.0,10,0.02,8.5,8.0,1.0,0.27,8.5,8.0,1.0,0.63,8.5,8.62,83.5,1,0,1,0,0,4
1550,15.0,2005,8.0,8.0,108.0,598.0,9,0.27,7.9,6.55,1.0,0.34,5.5,6.2,13.0,0.34,5.5,6.2,13.0,0,0,0,1,0,4
1551,7.0,2008,9.0,20.0,60.0,160.0,9,1.32,6.75,7.35,69.0,1.32,6.75,7.35,69.0,1.32,6.75,7.35,69.0,0,0,1,0,0,4
1552,13.0,1995,3.0,8.0,434.0,599.0,1,0.57,6.0,7.4,33.0,0.57,6.0,7.4,33.0,0.57,6.0,7.4,33.0,1,0,0,0,0,4
1553,10.0,2012,4.0,1.0,1.0,600.0,3,3.32,6.15,6.6,25.0,4.21,9.25,9.22,1152.0,4.21,9.25,9.22,1152.0,1,1,1,0,0,4
1554,16.0,1981,7.0,48.0,248.0,601.0,1,2.13,6.112886276873627,6.478469961824459,47.1133296460177,2.13,6.1980540486236935,6.574292746634577,45.50840707964602,2.13,6.23059272654211,6.615235081374369,46.38069690265487,1,0,0,0,0,4
1555,5.0,2008,1.0,3.0,102.0,126.0,10,2.35,7.7,7.75,116.5,0.13,6.75,6.4,1.5,0.6,7.9,6.65,12.0,1,0,1,0,1,4
1556,5.0,2011,10.0,29.0,145.0,161.0,11,2.77,7.63,7.72,407.0,0.47,7.07,7.47,52.0,0.35,4.8,5.2,10.0,0,0,1,1,0,4
1557,14.0,2003,1.0,5.0,73.0,86.0,10,0.04,7.53,8.18,136.5,3.67,8.63,7.8,41.5,0.52,8.27,7.53,31.0,1,0,1,1,0,4
1558,2.0,1984,7.0,1.0,3.0,602.0,1,1.52,6.0,6.7,3.0,28.31,6.0,6.6,45.0,28.31,6.0,6.6,45.0,0,0,1,0,1,4
1559,18.0,2015,4.0,7.0,314.0,29.0,1,0.27,7.1,6.92,179.5,1.72,6.0,6.7,31.0,0.9,6.55,6.2,31.0,0,0,0,1,0,4
1560,1.0,2008,1.0,42.0,435.0,603.0,10,0.08,5.9,5.6,47.32791802049488,0.03,6.3,5.6,45.973319170207446,0.03,6.3,5.6,47.42195701074731,0,0,0,0,0,4
1561,7.0,2002,4.0,11.0,385.0,604.0,2,0.43,7.3,7.3,15.0,0.03,7.3,7.3,15.0,0.03,7.3,7.3,15.0,1,0,0,0,0,4
1562,1.0,2007,1.0,3.0,50.0,605.0,10,2.83,9.37,8.87,747.0,0.2,7.35,6.25,5.0,0.2,7.35,6.25,5.0,0,0,0,0,0,4
1563,19.0,2003,2.0,9.0,55.0,606.0,6,0.06,6.95,7.45,32.0,0.08,7.1,8.3,32.0,0.08,7.1,8.3,32.0,0,1,1,1,1,4
1564,7.0,2004,9.0,4.0,436.0,607.0,1,1.35,6.020450067174204,6.385588893864737,47.43754583231484,1.35,6.115846394984316,6.510541871921158,46.20019555120997,1.35,6.16217196596506,6.54954545454544,48.87949156685407,0,0,0,0,0,4
1565,13.0,1994,10.0,4.0,437.0,608.0,9,0.1,6.0,6.0,1.0,0.1,6.0,6.0,1.0,0.12,6.0,6.0,1.0,1,0,0,0,1,4
1566,10.0,2016,9.0,38.0,59.0,609.0,2,0.03,7.55,7.8,46.0,0.78,7.55,7.8,46.0,0.78,7.55,7.8,46.0,0,0,0,1,0,4
1567,4.0,2008,9.0,5.0,155.0,191.0,1,0.06,2.75,4.05,5.0,1.13,5.0,5.35,6.0,3.05,5.0,6.0,20.0,0,0,0,0,0,4
1568,4.0,2005,8.0,11.0,278.0,526.0,1,0.47,4.57,7.38,4.5,1.92,6.6,7.3,18.0,1.45,4.0,7.3,18.0,0,0,0,0,0,4
1569,15.0,2010,1.0,9.0,363.0,498.0,11,1.74,6.9,7.85,48.0,0.07,8.85,8.32,73.0,0.07,8.85,8.32,73.0,1,0,0,0,0,4
1570,13.0,1998,5.0,29.0,438.0,610.0,1,1.69,6.0160609318996405,6.403268817204285,46.05333068992863,1.69,6.099759856630821,6.523605734767007,42.11122125297383,1.69,6.1246594982078815,6.541229390680994,45.49722442505948,0,0,0,0,0,4
1571,4.0,2007,8.0,17.0,250.0,25.0,6,0.86,7.77,8.55,64.0,0.17,4.95,5.15,1.0,3.19,7.65,7.9,173.0,1,1,0,0,0,4
1572,4.0,2007,8.0,17.0,250.0,25.0,9,0.15,5.3,6.85,6.0,0.07,5.4,4.5,2.0,1.26,8.0,8.2,214.5,1,1,0,0,0,4
1573,20.0,2014,9.0,1.0,253.0,320.0,9,1.82,7.5,8.0,58.0,0.08,6.3,6.75,1.0,0.07,6.15,6.35,7.0,0,0,0,1,0,4
1574,6.0,2006,3.0,8.0,45.0,43.0,11,1.34,7.27,7.67,118.5,1.34,7.27,7.67,118.5,1.34,7.27,7.67,118.5,1,1,1,1,0,4
1575,15.0,2003,1.0,22.0,439.0,611.0,1,0.08,7.1,7.55,5.0,0.08,7.1,7.55,5.0,0.08,7.1,7.55,5.0,0,0,0,0,0,4
1576,13.0,1998,1.0,36.0,440.0,612.0,1,2.87,7.3,7.3,33.0,2.87,7.3,7.3,33.0,2.87,7.3,7.3,33.0,1,0,0,0,0,4
1577,4.0,2007,9.0,29.0,70.0,613.0,8,0.06,8.1,8.2,85.0,0.03,6.0,6.4,85.0,0.14,6.0,5.8,85.0,0,0,0,0,0,4
1578,13.0,1998,6.0,28.0,48.0,614.0,1,1.51,6.3,6.3,3.0,0.25,6.3,6.3,3.0,0.25,6.3,6.3,3.0,0,0,0,0,0,4
1579,5.0,2012,9.0,20.0,234.0,615.0,11,0.39,6.55,7.15,64.0,0.39,6.55,7.15,64.0,0.39,6.55,7.15,64.0,0,0,0,0,0,4
1580,1.0,2007,1.0,79.0,441.0,616.0,12,0.0,0.0,0.0,0.0,0.03,0.0,6.6,0.0,0.03,0.0,6.6,0.0,0,0,0,0,0,4
1581,6.0,2008,7.0,4.0,442.0,617.0,10,0.87,6.4,6.0,2.0,0.87,6.4,6.0,2.0,0.87,6.4,6.0,2.0,1,0,0,0,0,4
1582,13.0,2000,1.0,8.0,27.0,247.0,10,0.63,8.8,7.3,7.0,0.09,7.0,6.6,7.0,0.47,7.0,7.8,4.0,1,0,1,0,1,4
1583,7.0,2008,9.0,18.0,280.0,184.0,9,2.28,6.05,6.75,107.0,0.22,5.0,6.18,15.5,2.28,6.05,6.75,107.0,0,0,0,0,0,4
1584,6.0,2007,7.0,6.0,62.0,266.0,6,0.1,5.55,5.6,2.0,0.11,5.0,5.0,2.0,0.35,6.0,5.6,3.0,1,0,1,0,0,4
1585,2.0,1988,4.0,26.0,443.0,618.0,1,1.42,6.038438274665349,6.4453247397124365,45.20609026644916,1.42,6.1251363411006405,6.565458601883979,38.1715606307776,1.42,6.157278135845315,6.600813088745666,43.48178357803154,0,0,0,0,0,4
1586,2.0,1987,4.0,26.0,444.0,619.0,1,2.2,6.107508858267722,6.470185039370146,46.63970110461339,2.2,6.19479527559057,6.566647637795333,45.14208360407191,2.2,6.227049212598441,6.607655511811068,46.04348061511804,0,0,0,0,0,4
1587,13.0,1996,1.0,80.0,445.0,620.0,1,0.0,0.0,0.0,0.0,0.0,0.0,0.0,0.0,0.0,0.0,0.0,0.0,0,0,0,0,0,4
1588,6.0,2013,10.0,20.0,175.0,541.0,4,0.14,7.0,7.3,46.0,0.14,7.0,7.3,46.0,0.14,7.0,7.3,46.0,0,0,0,0,0,4
1589,19.0,2005,4.0,1.0,343.0,3.0,9,0.15,6.6,8.2,40.0,0.6,6.2,7.3,40.0,6.41,7.0,8.0,40.0,1,1,0,0,0,4
1590,7.0,2006,7.0,8.0,170.0,621.0,2,0.06,7.0,6.5,14.0,0.85,7.37,7.35,67.5,0.85,7.37,7.35,67.5,0,0,0,1,0,4
1591,15.0,2002,12.0,11.0,446.0,622.0,10,0.03,8.53,7.95,77.5,0.03,8.53,7.95,77.5,0.03,8.53,7.95,77.5,1,0,0,0,0,4
1592,7.0,2003,9.0,22.0,81.0,76.0,6,0.13,6.2,7.4,9.0,0.09,6.87,7.15,13.5,0.61,5.0,5.5,36.0,0,0,0,0,0,4
1593,7.0,2004,9.0,6.0,196.0,512.0,6,0.63,5.4,7.65,6.0,1.48,8.65,8.0,102.0,1.48,8.65,8.0,102.0,1,0,1,0,0,4
1594,13.0,1998,3.0,8.0,31.0,599.0,1,1.52,6.3,6.3,3.0,3.12,7.7,7.7,24.0,1.27,7.3,7.3,8.0,1,0,0,0,0,4
1595,7.0,2005,7.0,4.0,75.0,231.0,10,0.14,6.2,7.6,28.0,1.33,7.0,7.6,28.0,1.33,7.0,7.6,28.0,0,0,0,0,0,4
1596,7.0,2001,4.0,19.0,428.0,623.0,12,0.35,7.05,7.85,16.0,0.29,7.05,3.0,1.0,0.29,7.05,3.0,1.0,1,0,0,0,0,4
1597,4.0,2007,9.0,5.0,82.0,624.0,1,0.05,5.8,8.0,18.5,0.37,7.03,7.0,18.5,0.11,7.03,7.0,18.5,0,0,1,0,0,4
1598,6.0,2011,4.0,26.0,323.0,625.0,8,0.11,5.8,3.5,11.0,0.3,4.3,5.75,11.0,1.02,7.35,7.95,98.0,1,0,0,1,0,4
1599,4.0,2007,3.0,1.0,33.0,90.0,2,0.01,7.47,7.4,116.5,0.34,7.47,7.4,116.5,4.88,7.4,7.95,84.0,0,0,0,0,0,4
1600,6.0,2009,9.0,5.0,79.0,581.0,6,0.13,6.0,6.7,4.0,0.45,6.0,6.15,4.0,1.31,7.1,6.85,299.0,0,0,0,0,0,4
1601,17.0,2009,9.0,6.0,187.0,106.0,11,5.27,8.58,8.35,1243.0,0.11,5.1,5.1,2.0,0.05,6.6,6.32,305.5,1,1,0,1,0,4
1602,13.0,1997,2.0,14.0,447.0,626.0,8,0.05,6.070181369959494,6.423611551329451,50.59848193697156,0.05,6.150760697305867,6.539392498679332,48.24164104534973,0.05,6.198985736925511,6.58026765275575,49.56879323597233,1,0,0,0,0,4
1603,18.0,2015,4.0,26.0,110.0,136.0,5,0.04,6.6,6.43,2.5,0.94,8.9,8.38,315.0,0.94,8.9,8.38,315.0,0,0,0,1,0,4
1604,7.0,2000,9.0,26.0,40.0,335.0,10,0.22,7.15,8.1,1.0,0.81,7.8,8.25,5.0,2.06,8.8,8.15,42.0,1,0,1,0,1,4
1605,7.0,2008,10.0,29.0,145.0,627.0,11,0.16,6.3,8.3,23.0,0.99,6.63,5.83,23.0,0.99,6.63,5.83,23.0,0,0,1,0,0,4
1606,3.0,1992,5.0,1.0,34.0,4.0,1,2.19,8.5,7.53,8.5,2.2,5.0,7.53,8.5,5.58,5.0,7.53,8.5,1,1,1,0,1,4
1607,14.0,2005,9.0,5.0,135.0,167.0,5,0.71,6.23,6.92,22.0,0.05,5.95,7.0,0.0,0.18,6.15,7.2,8.0,0,0,0,0,0,4
1608,1.0,2007,9.0,59.0,448.0,427.0,11,0.02,7.86,7.98,29.5,0.2,3.55,5.6,1.0,1.7,5.5,6.67,6.5,0,0,0,0,0,4
1609,7.0,2001,2.0,15.0,87.0,112.0,11,1.75,9.0,8.52,94.5,0.06,6.5,6.7,1.0,1.43,6.35,8.2,1.0,1,0,1,0,0,4
1610,6.0,2010,1.0,8.0,45.0,31.0,4,0.14,7.07,7.67,400.0,0.33,7.5,7.7,400.0,0.59,8.0,7.1,95.0,0,0,1,0,0,4
1611,14.0,2004,9.0,2.0,301.0,628.0,3,0.06,7.85,8.0,59.0,1.77,7.85,8.0,59.0,1.77,7.85,8.0,59.0,1,0,0,1,0,4
1612,14.0,2002,2.0,21.0,60.0,40.0,4,0.5,4.4,6.6,1.0,0.15,7.6,6.65,1.0,5.42,5.8,6.85,16.0,1,0,1,0,0,4
1613,7.0,2004,3.0,11.0,53.0,59.0,6,0.02,5.7,6.5,4.0,4.73,4.6,7.1,30.0,4.73,4.6,7.1,30.0,0,0,0,0,0,4
1614,13.0,2003,6.0,4.0,449.0,629.0,1,0.19,5.7,5.7,47.685338686698614,0.19,5.7,5.7,46.47707550835384,0.19,5.7,5.7,47.855459137417434,0,0,0,0,0,4
1615,15.0,2014,8.0,81.0,450.0,630.0,1,0.16,6.0370023640661925,6.4082836879432445,47.3185817805383,0.39,6.127933806146561,6.533567375886503,45.40683229813665,0.39,6.178366430260039,6.570146572104003,49.021868530020704,1,0,0,0,0,4
1616,5.0,2008,6.0,5.0,73.0,84.0,6,2.23,7.0,7.3,53.0,0.56,6.29,5.4,13.5,3.48,6.05,6.85,11.0,1,0,1,0,0,4
1617,6.0,2007,7.0,8.0,31.0,49.0,9,3.69,6.23,6.42,88.5,0.29,4.0,6.1,10.0,0.1,5.3,6.8,7.0,1,0,0,1,0,4
1618,3.0,2000,5.0,1.0,451.0,81.0,1,2.73,7.1,7.1,28.0,2.73,7.1,7.1,28.0,0.22,7.1,7.1,28.0,1,0,0,0,0,4
1619,9.0,2003,2.0,29.0,82.0,392.0,10,2.8,7.75,8.55,5.0,0.03,7.2,8.15,157.0,0.2,6.6,5.4,1.0,0,0,1,0,0,4
1620,13.0,1998,3.0,5.0,452.0,631.0,1,1.99,8.7,8.35,31.0,1.99,8.7,8.35,31.0,1.99,8.7,8.35,31.0,0,0,0,0,0,4
1621,2.0,1986,2.0,15.0,453.0,597.0,1,1.36,5.0,5.0,49.92408256880734,1.36,5.0,5.0,48.49021406727829,1.36,5.0,5.0,49.939908256880734,1,0,0,0,0,4
1622,9.0,2004,2.0,1.0,33.0,632.0,11,1.42,8.13,8.6,358.5,0.33,7.2,7.65,6.0,0.33,7.2,7.65,6.0,1,1,0,0,1,4
1623,6.0,2009,9.0,9.0,163.0,633.0,1,0.9,6.93,7.05,20.5,2.99,5.0,7.05,20.5,2.99,5.0,7.05,20.5,0,0,0,0,0,4
1624,9.0,2003,5.0,1.0,1.0,634.0,5,0.29,7.2,8.15,49.0,0.28,7.2,6.1,9.0,0.28,7.2,6.1,9.0,1,0,1,0,0,4
1625,17.0,2005,7.0,18.0,116.0,147.0,11,3.32,5.5,6.7,30.0,0.46,6.8,7.55,7.0,0.46,6.8,7.55,7.0,0,0,0,1,0,4
1626,11.0,2016,1.0,8.0,27.0,77.0,8,0.15,6.4,6.4,32.0,0.89,7.47,6.35,27.0,0.98,8.0,6.7,4.0,1,1,1,1,0,4
1627,1.0,2008,5.0,8.0,46.0,635.0,5,2.48,8.4,8.07,55.0,1.16,6.13,6.68,82.5,1.16,6.13,6.68,82.5,0,0,1,0,0,4
1628,15.0,2015,4.0,7.0,25.0,47.0,11,6.96,7.57,7.25,192.0,6.96,7.57,7.25,192.0,6.96,7.57,7.25,192.0,1,0,0,1,0,4
1629,1.0,2007,8.0,8.0,108.0,636.0,10,1.35,7.45,7.1,43.0,0.48,5.75,6.6,10.0,0.48,5.75,6.6,10.0,0,0,0,1,0,4
1630,6.0,2012,9.0,20.0,60.0,431.0,6,1.68,7.95,7.47,45.0,0.22,8.0,7.65,21.0,0.22,8.0,7.65,21.0,0,0,1,0,0,4
1631,6.0,2010,10.0,26.0,385.0,637.0,10,0.16,3.1,4.0,1.0,0.14,3.1,4.0,1.0,0.08,3.1,3.0,1.0,0,0,0,0,0,4
1632,19.0,2004,1.0,1.0,231.0,638.0,11,1.33,9.2,8.9,50.551418439716315,1.53,8.1,8.1,48.66979557780559,1.53,8.1,8.1,49.56727158948686,0,1,0,0,0,4
1633,13.0,1997,5.0,4.0,454.0,639.0,1,1.94,6.042070079121586,6.394020668496688,49.29562687356727,0.5,6.127673179396085,6.510931697077347,47.72615059072474,0.5,6.172315517519764,6.551114161149683,49.20948686298713,0,0,0,0,0,4
1634,3.0,1997,6.0,1.0,1.0,640.0,8,0.36,8.0,7.38,9.0,2.85,7.25,7.28,47.5,1.0,7.5,7.9,4.5,0,0,1,0,0,4
1635,3.0,1999,6.0,1.0,1.0,640.0,1,5.31,7.0,7.1,7.0,5.31,7.0,7.1,7.0,1.0,7.5,7.9,4.5,0,0,1,0,0,4
1636,2.0,1984,5.0,26.0,35.0,37.0,1,1.52,3.0,6.1,7.0,1.52,3.0,6.1,7.0,7.81,4.0,7.0,38.0,1,0,0,0,0,4
1637,7.0,2006,11.0,82.0,455.0,641.0,1,0.0,0.0,0.0,0.0,0.0,0.0,0.0,0.0,0.0,0.0,0.0,0.0,0,0,0,0,0,4
1638,6.0,2011,3.0,36.0,130.0,159.0,9,0.73,8.07,7.42,115.0,0.73,8.07,7.42,115.0,0.89,8.3,7.92,148.5,0,0,0,0,1,4
1639,17.0,2006,3.0,29.0,456.0,520.0,6,0.33,6.3,5.55,1.0,0.33,6.3,5.55,1.0,0.33,6.3,5.55,1.0,0,0,0,0,1,4
1640,13.0,1997,1.0,8.0,27.0,247.0,1,1.51,7.7,7.7,3.0,1.53,7.7,7.7,3.0,0.33,7.5,7.5,2.0,1,0,1,0,1,4
1641,13.0,1997,4.0,10.0,215.0,642.0,1,2.45,7.4,8.8,146.0,0.15,7.4,8.5,6.0,0.15,7.4,8.5,6.0,0,0,0,0,0,4
1642,9.0,2002,4.0,1.0,231.0,396.0,4,4.6,9.6,9.0,43.0,2.32,8.55,8.3,43.0,1.76,8.87,8.8,214.5,1,0,0,0,0,4
1643,13.0,1996,8.0,47.0,247.0,315.0,1,0.03,6.97,5.05,23.0,0.28,6.97,7.8,26.0,0.28,6.97,7.8,26.0,1,0,0,1,0,4
1644,14.0,2001,7.0,3.0,457.0,168.0,12,13.1,8.57,8.52,331.5,13.1,8.57,8.52,331.5,3.31,8.0,8.17,139.0,1,0,0,0,1,4
1645,13.0,1998,10.0,8.0,377.0,275.0,1,1.52,7.0,7.3,4.0,1.52,7.0,7.3,4.0,1.69,7.0,7.3,4.0,0,0,0,0,0,4
1646,7.0,2002,1.0,9.0,102.0,126.0,3,0.2,9.0,8.15,9.0,0.2,9.0,8.15,9.0,0.2,9.0,8.15,9.0,1,0,1,0,1,4
1647,7.0,2002,3.0,54.0,27.0,472.0,9,0.83,7.7,7.8,49.587620336943445,0.43,9.2,7.6,48.169524669073404,0.42,6.9,7.0,49.57746690734055,0,0,1,0,0,4
1648,10.0,2011,10.0,13.0,51.0,57.0,3,1.35,7.97,7.57,89.5,1.35,7.97,7.57,89.5,2.95,9.1,7.77,245.5,0,0,1,0,0,4
1649,7.0,2006,3.0,29.0,217.0,520.0,6,0.15,4.55,6.55,3.0,1.03,6.47,7.75,12.5,1.22,5.67,6.47,8.5,0,0,0,0,1,4
1650,14.0,2001,6.0,2.0,390.0,643.0,11,2.12,7.75,7.85,18.0,0.13,5.75,6.7,2.0,0.13,5.75,6.7,2.0,0,0,0,0,1,4
1651,14.0,2004,7.0,5.0,172.0,16.0,11,0.1,8.4,8.63,210.5,2.89,6.3,6.85,18.0,2.89,6.3,6.85,18.0,1,0,0,1,0,4
1652,17.0,2010,1.0,8.0,27.0,31.0,9,5.08,8.45,7.8,108.0,5.08,8.45,7.8,108.0,5.08,8.45,7.8,108.0,1,1,1,0,1,4
1653,7.0,2002,2.0,4.0,166.0,387.0,9,0.23,5.3,5.3,49.587620336943445,0.12,5.3,5.3,48.169524669073404,0.12,5.3,5.3,49.57746690734055,1,0,0,0,0,4
1654,4.0,2009,9.0,5.0,77.0,535.0,11,1.53,7.8,7.9,289.0,1.04,5.85,7.0,289.0,1.04,5.85,7.0,289.0,0,0,0,0,0,4
1655,8.0,1992,2.0,13.0,458.0,644.0,1,6.3,8.3,8.3,124.0,6.3,8.3,8.3,124.0,6.3,8.3,8.3,124.0,0,0,0,0,0,4
1656,13.0,2001,4.0,25.0,152.0,65.0,1,0.08,7.0,7.4,116.0,3.12,7.0,7.4,116.0,4.47,7.0,7.4,55.0,1,1,0,0,0,4
1657,13.0,1999,9.0,18.0,149.0,645.0,1,0.68,5.9864729458917845,6.425400801603205,44.05604395604396,0.68,6.120961923847696,6.589959919839676,34.17912087912088,0.68,6.162114228456913,6.618947895791575,38.04120879120879,0,0,0,0,0,4
1658,13.0,2000,9.0,19.0,51.0,269.0,9,0.14,8.0,7.7,111.0,0.71,3.45,4.65,9.0,2.41,5.5,7.1,56.0,1,0,1,0,0,4
1659,19.0,2003,3.0,8.0,31.0,43.0,11,2.03,8.03,7.3,12.5,0.4,6.8,6.9,14.0,7.2,7.5,7.85,86.5,1,1,0,1,0,4
1660,9.0,2007,6.0,83.0,452.0,370.0,1,0.48,5.5,6.5,11.0,0.48,5.5,6.5,11.0,0.09,5.5,7.4,6.0,0,0,0,0,1,4
1661,13.0,1997,3.0,8.0,423.0,563.0,1,1.35,6.0,6.0,1.0,1.3,6.0,6.0,1.0,1.3,6.0,6.0,1.0,1,0,0,0,0,4
1662,17.0,2006,1.0,8.0,27.0,31.0,1,1.38,6.25,7.2,62.0,0.11,5.35,6.9,22.0,0.15,4.6,6.1,22.0,1,1,1,0,1,4
1663,17.0,2005,1.0,15.0,103.0,102.0,1,0.05,5.55,7.62,87.5,0.51,7.2,7.62,87.5,3.85,9.1,8.3,87.5,0,0,0,0,0,4
1664,7.0,2002,9.0,84.0,459.0,169.0,10,0.0,0.0,0.0,0.0,0.26,7.8,8.3,7.0,0.53,5.45,5.75,8.0,0,0,0,0,0,4
1665,6.0,2011,9.0,18.0,60.0,365.0,3,1.91,6.7,7.73,33.5,1.91,6.7,7.73,33.5,1.91,6.7,7.73,33.5,0,0,1,0,0,4
1666,7.0,2004,3.0,85.0,460.0,268.0,11,0.11,6.9,8.4,0.0,0.02,6.9,8.4,0.0,2.41,7.6,8.4,0.0,1,0,0,0,0,4
1667,19.0,2004,12.0,1.0,1.0,646.0,8,1.64,6.5,8.1,37.0,0.34,4.8,6.65,12.0,0.34,4.8,6.65,12.0,1,0,1,1,0,4
1668,1.0,2015,6.0,6.0,19.0,23.0,10,3.28,6.37,6.98,245.0,0.55,7.5,5.62,337.0,0.38,7.35,6.53,4.0,1,1,1,1,0,4
1669,1.0,2008,6.0,33.0,369.0,647.0,11,0.2,4.0,7.4,2.0,0.27,3.6,4.55,2.0,0.27,3.6,4.55,2.0,0,0,0,0,0,4
1670,18.0,2015,7.0,8.0,257.0,42.0,3,0.02,5.2,8.0,1.0,0.26,5.2,6.2,18.0,1.4,8.03,6.65,539.0,1,1,0,0,0,4
1671,11.0,2015,1.0,3.0,145.0,161.0,10,0.8,8.5,6.8,14.5,0.69,6.0,4.63,10.5,0.69,6.0,4.63,10.5,1,1,1,1,0,4
1672,8.0,1993,10.0,26.0,424.0,188.0,1,0.46,5.0,5.3,4.0,0.46,5.0,5.3,4.0,0.58,5.0,5.3,4.0,0,0,0,0,0,4
1673,2.0,1986,7.0,15.0,87.0,648.0,1,1.36,5.0,5.0,49.92408256880734,1.36,5.0,5.0,48.49021406727829,1.36,5.0,5.0,49.939908256880734,1,0,1,0,0,4
1674,2.0,1986,2.0,15.0,87.0,649.0,1,1.23,7.6,7.6,9.0,1.2,7.6,7.6,9.0,1.2,7.6,7.6,9.0,1,0,1,0,0,4
1675,22.0,1999,1.0,9.0,461.0,575.0,1,0.06,8.3,8.3,12.0,1.16,8.2,8.2,56.0,1.16,8.2,8.2,56.0,1,0,1,0,1,4
1676,3.0,1989,7.0,1.0,1.0,650.0,1,1.61,7.5,4.3,3.0,1.99,7.5,7.28,12.5,1.99,7.5,7.28,12.5,0,0,1,0,0,4
1677,14.0,2003,9.0,11.0,146.0,179.0,5,0.09,8.5,8.5,57.0,0.08,8.5,8.5,57.0,3.18,5.4,6.82,57.0,0,0,0,0,0,4
1678,7.0,2001,1.0,8.0,27.0,651.0,10,0.13,6.4,7.5,1.0,0.15,8.27,8.13,29.0,0.39,8.27,7.0,1.0,1,0,1,0,1,4
1679,4.0,2006,5.0,1.0,1.0,652.0,9,0.54,6.8,6.55,25.0,0.78,7.75,7.35,83.0,0.78,7.75,7.35,83.0,1,1,1,1,0,4
1680,1.0,2009,11.0,1.0,16.0,3.0,1,3.67,7.0,8.0,2.0,3.67,7.0,8.0,2.0,7.84,7.0,7.7,46.0,0,0,0,0,0,4
1681,6.0,2012,9.0,26.0,253.0,653.0,9,0.01,4.63,6.38,20.0,0.04,4.0,6.5,4.0,0.04,4.0,6.5,4.0,0,0,0,1,0,4
1682,6.0,2013,1.0,3.0,145.0,161.0,11,1.33,8.33,7.7,96.5,1.05,7.87,7.92,80.5,1.28,7.77,7.77,70.5,1,1,1,0,0,4
1683,17.0,2006,9.0,15.0,56.0,61.0,12,0.03,6.3,6.0,10.0,0.24,7.6,7.2,10.0,0.55,8.2,8.9,98.0,1,1,0,0,0,4
1684,13.0,1997,8.0,8.0,462.0,654.0,1,1.22,7.8,7.8,4.0,1.22,7.8,7.8,4.0,1.17,7.0,7.0,5.0,0,0,0,0,0,4
1685,20.0,2014,5.0,1.0,36.0,2.0,12,0.11,6.7,7.8,896.5,7.69,9.4,9.0,896.5,1.36,6.2,6.3,24.0,0,0,1,1,0,4
1686,17.0,2007,10.0,29.0,145.0,281.0,11,1.44,7.03,6.87,44.0,1.44,7.03,6.87,44.0,1.44,7.03,6.87,44.0,0,0,1,0,0,4
1687,9.0,2003,3.0,29.0,286.0,93.0,11,0.16,5.9,6.7,1.0,0.18,8.27,8.07,41.5,0.99,6.95,7.65,25.0,0,0,0,0,0,4
1688,1.0,2008,1.0,15.0,87.0,102.0,10,0.08,4.2,6.0,0.0,1.75,5.5,6.8,0.0,1.0,6.0,6.2,44.0,0,1,1,0,0,4
1689,9.0,2002,2.0,29.0,82.0,392.0,9,0.22,6.1,7.03,7.5,1.55,7.4,7.55,10.0,1.78,7.4,7.55,10.0,0,0,1,0,0,4
1690,10.0,2012,1.0,9.0,34.0,131.0,2,0.03,6.95,7.12,160.5,1.01,6.95,7.12,160.5,1.01,6.95,7.12,160.5,0,1,1,0,0,4
1691,7.0,2006,9.0,24.0,79.0,655.0,10,0.1,6.8,6.3,3.0,0.54,6.2,6.65,50.5,0.54,6.2,6.65,50.5,0,0,0,0,0,4
1692,12.0,1998,1.0,1.0,266.0,656.0,1,1.93,5.0,8.5,4.0,0.3,5.0,8.5,4.0,0.3,5.0,8.5,4.0,0,0,0,0,0,4
1693,2.0,1990,2.0,13.0,463.0,657.0,1,1.67,5.0,5.0,49.0113708149084,1.67,5.0,5.0,40.41692987997473,1.67,5.0,5.0,45.96936197094125,0,0,0,0,0,4
1694,13.0,1999,3.0,6.0,464.0,658.0,1,0.08,5.8,5.8,9.0,0.08,5.8,5.8,9.0,0.08,5.8,5.8,9.0,0,0,0,0,0,4
1695,14.0,2002,9.0,22.0,165.0,204.0,9,0.19,6.8,7.35,21.0,0.19,6.8,7.35,21.0,0.19,6.8,7.35,21.0,1,0,0,1,0,4
1696,18.0,2013,1.0,8.0,45.0,31.0,9,4.31,8.13,5.45,243.5,4.31,8.13,5.45,243.5,4.31,8.13,5.45,243.5,1,1,1,1,1,4
1697,19.0,2002,9.0,5.0,11.0,99.0,4,4.48,7.3,7.2,27.0,4.48,7.3,7.2,27.0,4.48,7.3,7.2,27.0,0,0,1,1,0,4
1698,9.0,2004,4.0,1.0,465.0,25.0,11,1.23,7.5,8.6,98.0,0.16,7.5,8.6,98.0,0.27,7.5,8.5,10.0,1,1,0,0,0,4
1699,11.0,2016,1.0,3.0,102.0,126.0,9,0.13,6.2,6.62,10.5,0.97,8.5,5.67,13.5,0.8,8.5,6.8,14.5,1,0,1,0,1,4
1700,10.0,2015,4.0,1.0,466.0,659.0,11,1.1,6.15,6.75,23.0,1.1,6.15,6.75,23.0,1.1,6.15,6.75,23.0,1,1,0,0,0,4
1701,5.0,2012,6.0,6.0,19.0,23.0,10,6.5,8.5,6.95,1163.0,6.5,8.5,6.95,1163.0,0.21,8.5,6.95,1163.0,1,1,1,1,1,4
1702,13.0,1999,11.0,15.0,467.0,660.0,1,1.6,8.3,8.7,122.0,1.6,8.3,8.7,122.0,1.6,8.3,8.7,122.0,1,1,0,0,0,4
1703,16.0,1982,3.0,11.0,468.0,661.0,1,1.64,4.8,4.8,13.0,1.64,4.8,4.8,13.0,1.64,4.8,4.8,13.0,0,0,0,0,0,4
1704,6.0,2012,9.0,13.0,442.0,67.0,3,0.41,6.05,6.95,114.0,1.25,5.65,6.8,114.0,0.88,7.9,7.75,339.0,1,1,0,1,0,4
1705,17.0,2008,9.0,18.0,60.0,132.0,6,1.37,6.0,6.5,53.0,3.78,6.85,7.1,53.0,3.78,6.85,7.1,53.0,0,0,1,0,0,4
1706,2.0,1988,1.0,26.0,40.0,662.0,1,1.25,3.0,6.1,7.0,1.52,3.0,6.1,7.0,1.52,3.0,6.1,7.0,0,0,1,0,0,4
1707,22.0,1999,11.0,9.0,469.0,663.0,1,0.05,9.4,9.4,7.0,0.05,9.4,9.4,7.0,0.05,9.4,9.4,7.0,1,0,0,0,0,4
1708,3.0,2000,1.0,1.0,375.0,664.0,1,2.19,9.5,8.45,25.0,1.47,6.75,6.83,19.0,1.47,6.75,6.83,19.0,1,1,0,0,0,4
1709,9.0,2001,1.0,5.0,82.0,86.0,9,0.54,6.88,8.3,0.0,0.16,5.7,8.3,0.0,1.33,8.0,7.7,3.0,1,0,1,0,1,4
1710,6.0,2011,10.0,29.0,145.0,161.0,11,2.49,7.57,7.77,467.0,0.38,7.0,7.2,35.0,0.56,6.8,7.2,1.0,0,0,1,1,0,4
1711,6.0,2009,10.0,29.0,145.0,665.0,10,0.41,5.3,7.7,58.0,0.83,7.63,7.7,58.0,0.83,7.63,7.7,58.0,0,0,1,0,0,4
1712,4.0,2011,12.0,86.0,111.0,666.0,1,0.02,4.0,5.5,2.0,1.45,6.85,6.2,6.0,0.05,7.35,7.8,25.0,0,0,0,0,1,4
1713,6.0,2006,2.0,9.0,55.0,62.0,6,0.05,6.87,8.0,18.0,0.13,4.8,7.1,15.0,0.13,4.8,7.1,15.0,1,1,1,0,0,4
1714,6.0,2006,2.0,9.0,55.0,62.0,11,2.27,7.2,5.95,19.0,1.18,5.43,5.97,17.0,0.48,5.43,5.97,17.0,1,1,1,0,0,4
1715,8.0,1991,2.0,13.0,51.0,453.0,1,1.19,7.0,6.83,43.0,1.56,7.0,6.83,43.0,1.64,6.0,6.0,4.0,0,0,1,0,0,4
1716,15.0,2008,12.0,8.0,108.0,667.0,9,0.18,7.0,6.9,3.0,0.8,5.7,6.7,7.0,0.8,5.7,6.7,7.0,1,0,0,1,0,4
1717,13.0,1996,8.0,8.0,31.0,654.0,1,1.52,6.074598214285714,6.518080357142857,51.629901960784316,0.07,6.105133928571427,6.627678571428572,32.81127450980392,0.07,6.240669642857141,6.645223214285716,43.85294117647059,0,0,0,0,0,4
1718,5.0,2011,1.0,6.0,19.0,568.0,11,4.19,7.83,7.48,573.0,0.1,4.7,6.0,573.0,1.33,7.3,7.05,5.0,0,0,1,1,0,4
1719,6.0,2008,7.0,8.0,340.0,448.0,3,2.2,8.6,8.35,42.5,0.27,4.49,4.5,2.0,1.65,6.4,6.8,110.5,1,0,1,0,0,4
1720,7.0,2005,7.0,5.0,73.0,668.0,11,2.67,6.6,7.33,68.5,0.42,7.6,7.5,68.5,0.42,7.6,7.5,68.5,0,0,1,0,1,4
1721,7.0,2002,2.0,8.0,280.0,669.0,9,4.14,8.67,7.8,10.5,0.06,5.85,7.8,0.0,0.06,5.85,7.8,0.0,0,0,0,0,0,4
1722,1.0,2008,2.0,1.0,251.0,295.0,9,2.96,7.8,8.0,32.0,1.75,7.0,6.7,38.0,0.44,7.1,7.5,38.0,1,0,0,0,0,4
1723,4.0,2007,2.0,9.0,148.0,62.0,9,0.06,4.43,4.47,4.5,0.09,3.7,4.3,4.5,0.48,3.93,5.2,70.5,0,1,0,0,0,4
1724,5.0,2012,9.0,8.0,379.0,49.0,10,0.29,7.9,5.9,136.0,1.46,5.33,6.2,210.0,0.49,6.73,6.15,400.5,1,0,0,1,0,4
1725,2.0,1990,2.0,13.0,51.0,500.0,1,1.56,7.0,6.83,43.0,1.51,7.0,8.3,66.0,1.51,7.0,8.3,66.0,1,0,1,0,0,4
1726,11.0,2016,2.0,4.0,75.0,231.0,1,0.25,8.05,7.95,35.0,0.71,6.8,7.65,18.0,0.71,6.8,7.65,18.0,0,0,0,0,0,4
1727,12.0,1997,9.0,87.0,470.0,670.0,10,0.25,6.1,6.1,7.0,0.25,6.1,6.1,7.0,0.25,6.1,6.1,7.0,0,0,0,0,0,4
1728,8.0,1993,4.0,10.0,215.0,561.0,1,2.45,7.25,7.7,59.5,2.45,7.25,7.7,59.5,0.97,7.0,8.1,9.0,0,0,0,0,0,4
1729,7.0,2003,1.0,88.0,391.0,422.0,11,0.1,6.65,8.6,1.5,1.42,5.9,7.9,1.5,0.76,5.9,8.8,1.5,0,0,0,0,0,4
1730,13.0,1998,1.0,43.0,233.0,289.0,1,1.73,6.0,6.0,2.0,0.43,6.0,6.0,2.0,2.25,6.0,7.0,8.0,1,0,0,0,0,4
1731,13.0,1996,3.0,4.0,40.0,335.0,1,1.59,8.1,8.1,66.0,4.05,8.1,8.1,66.0,0.79,8.1,8.1,66.0,0,0,1,1,0,4
1732,14.0,2003,7.0,8.0,46.0,49.0,11,1.71,7.65,7.75,53.0,1.49,8.05,7.2,58.0,0.08,6.3,4.6,14.0,1,0,1,1,0,4
1733,15.0,2012,1.0,9.0,363.0,498.0,11,0.27,6.8,7.25,18.0,0.14,8.0,7.9,27.0,0.14,8.0,7.9,27.0,1,0,0,0,0,4
1734,13.0,1996,3.0,89.0,322.0,671.0,1,0.06,4.3,4.3,3.0,0.9,6.9,6.9,38.0,0.9,6.9,6.9,38.0,0,0,1,0,1,4
1735,5.0,2008,2.0,8.0,41.0,672.0,11,1.45,6.3,7.0,197.0,1.46,8.1,7.6,197.0,1.46,8.1,7.6,197.0,0,0,1,0,0,4
1736,18.0,2015,7.0,5.0,15.0,69.0,9,0.12,5.75,6.53,9.5,5.65,7.2,6.72,481.5,1.73,7.0,5.65,103.0,0,0,0,1,0,4
1737,9.0,2004,5.0,1.0,1.0,673.0,11,1.22,8.0,8.5,34.0,0.56,5.8,7.8,34.0,0.56,5.8,7.8,34.0,1,1,1,1,0,4
1738,6.0,2008,9.0,5.0,11.0,151.0,10,0.05,4.1,7.1,2.0,0.3,5.23,5.7,41.5,0.08,5.55,6.65,12.0,0,0,1,0,0,4
1739,1.0,2009,1.0,8.0,31.0,123.0,11,2.57,8.09,8.02,265.0,0.11,5.25,6.3,7.0,3.92,8.1,7.1,1.0,0,0,0,0,0,4
1740,15.0,2010,4.0,7.0,97.0,47.0,10,4.08,7.97,8.23,332.5,4.08,7.97,8.23,332.5,4.08,7.97,8.23,332.5,1,0,0,1,0,4
1741,23.0,2012,3.0,8.0,170.0,43.0,1,0.07,8.1,7.48,294.0,2.22,8.1,7.48,294.0,0.29,6.13,5.9,36.0,1,1,0,1,1,4
1742,17.0,2007,4.0,17.0,111.0,674.0,10,1.64,8.0,8.1,47.35864844149208,0.74,6.5,7.2,46.229496678589676,0.74,6.5,7.2,47.57901124169648,1,1,0,0,0,4
1743,7.0,2006,3.0,3.0,50.0,139.0,3,0.07,6.87,7.35,8.0,0.74,6.87,7.35,8.0,0.74,6.87,7.35,8.0,1,0,0,0,1,4
1744,7.0,2004,7.0,6.0,304.0,675.0,3,0.06,5.9,5.3,45.87070454152996,0.15,5.9,5.3,44.89656363322397,0.15,5.9,5.3,46.36703505439475,1,0,0,1,0,4
1745,6.0,2007,6.0,4.0,121.0,373.0,1,0.76,4.75,5.9,6.0,1.35,4.75,5.9,6.0,1.1,7.6,6.4,2.0,1,0,0,0,0,4
1746,13.0,1997,10.0,4.0,471.0,676.0,9,0.89,8.3,8.05,14.0,0.89,8.3,8.05,14.0,0.89,8.3,8.05,14.0,0,0,0,0,0,4
1747,4.0,2011,9.0,18.0,60.0,365.0,3,1.51,6.67,7.52,34.0,1.51,6.67,7.52,34.0,1.51,6.67,7.52,34.0,0,0,1,0,0,4
1748,7.0,2001,3.0,8.0,27.0,472.0,10,3.08,8.47,8.12,14.0,3.08,8.47,8.12,14.0,0.81,7.3,7.1,14.0,0,0,1,0,1,4
1749,12.0,1999,7.0,1.0,33.0,677.0,9,3.12,9.0,8.6,57.0,4.88,7.4,7.95,84.0,4.88,7.4,7.95,84.0,0,0,0,0,0,4
1750,8.0,1993,2.0,13.0,51.0,500.0,5,0.15,7.0,7.1,8.0,0.07,7.0,8.3,28.0,0.52,7.0,6.3,6.0,1,0,1,0,0,4
1751,9.0,2002,4.0,15.0,87.0,277.0,1,0.28,8.4,8.7,2.0,0.18,5.35,6.5,2.0,0.74,6.7,6.75,2.0,0,0,1,1,0,4
1752,24.0,1995,3.0,9.0,461.0,678.0,1,0.02,6.105477410782085,6.471694191344031,46.30825496342738,0.07,6.192767653758562,6.565149962034973,45.062225705329155,0.07,6.223125474563416,6.604986712224803,46.031556948798325,1,0,1,0,0,4
1753,13.0,1997,3.0,22.0,472.0,563.0,1,3.54,6.8,6.8,87.0,3.54,6.8,6.8,87.0,1.3,6.0,6.0,1.0,1,0,0,0,0,4
1754,17.0,2007,7.0,8.0,46.0,49.0,11,1.45,6.5,7.5,34.0,0.07,7.75,7.55,34.0,1.1,6.6,6.5,59.5,1,0,1,1,0,4
1755,5.0,2010,7.0,90.0,473.0,679.0,6,0.2,5.7,5.0,1.0,0.2,5.7,5.0,1.0,0.2,5.7,5.0,1.0,1,0,0,0,0,4
1756,6.0,2011,6.0,6.0,19.0,680.0,9,0.27,4.4,5.15,32.5,0.44,4.4,5.15,32.5,0.44,4.4,5.15,32.5,0,0,1,1,0,4
1757,14.0,2005,9.0,22.0,123.0,152.0,1,3.53,6.7,6.7,23.0,3.53,6.7,6.7,23.0,3.53,6.7,6.7,23.0,0,0,0,0,0,4
1758,17.0,2009,1.0,8.0,27.0,31.0,10,1.7,8.0,7.9,95.0,2.62,8.5,7.4,95.0,2.62,8.5,7.4,95.0,1,1,1,0,1,4
1759,5.0,2014,7.0,8.0,474.0,666.0,2,0.22,3.93,2.88,24.0,0.36,7.5,7.7,3.0,1.18,7.05,7.5,25.0,0,0,0,1,1,4
1760,15.0,2008,8.0,9.0,363.0,498.0,11,0.32,3.63,5.53,10.5,1.12,8.6,7.5,3.0,1.12,8.6,7.5,3.0,0,0,0,0,0,4
1761,6.0,2011,8.0,15.0,475.0,681.0,1,0.14,5.0,5.0,45.77475613360922,0.14,5.0,5.0,44.85269484678293,0.14,5.0,5.0,45.76973100798108,0,0,0,0,0,4
1762,7.0,2001,9.0,40.0,210.0,682.0,7,0.56,6.93,7.6,0.0,0.2,4.37,7.53,2.0,0.54,6.0,7.38,3.0,1,0,0,0,0,4
1763,6.0,2007,9.0,22.0,301.0,628.0,7,0.04,7.9,7.8,116.0,0.47,7.75,7.6,84.0,1.23,9.05,8.55,68.0,1,0,0,1,0,4
1764,7.0,2004,7.0,91.0,390.0,683.0,9,0.15,4.93,6.4,0.0,0.49,5.5,6.4,10.0,0.49,5.5,6.4,10.0,0,0,0,0,0,4
1765,16.0,1980,6.0,5.0,321.0,684.0,1,0.0,0.0,0.0,0.0,0.0,0.0,0.0,0.0,0.0,0.0,0.0,0.0,0,0,0,0,0,4
1766,6.0,2010,9.0,3.0,50.0,54.0,10,2.09,8.63,8.55,100.0,6.6,9.17,8.92,2043.0,6.6,9.17,8.92,2043.0,1,1,0,0,0,4
1767,1.0,2009,2.0,9.0,55.0,62.0,3,1.43,7.45,7.35,75.0,0.96,5.83,7.15,114.0,0.76,6.03,6.85,58.5,0,1,1,0,0,4
1768,15.0,2007,7.0,5.0,9.0,16.0,11,2.26,8.1,7.93,116.5,9.32,8.23,8.1,688.0,9.32,8.23,8.1,688.0,1,0,1,1,0,4
1769,3.0,1990,5.0,1.0,1.0,685.0,1,3.41,6.0,6.7,3.0,18.14,7.25,7.83,226.0,18.14,7.25,7.83,226.0,0,0,1,0,0,4
1770,8.0,1995,1.0,51.0,254.0,324.0,1,0.87,6.105477410782085,6.471694191344031,46.30825496342738,0.87,6.192767653758562,6.565149962034973,45.062225705329155,0.87,6.223125474563416,6.604986712224803,46.031556948798325,1,0,0,0,0,4
1771,2.0,1986,9.0,69.0,476.0,686.0,1,1.03,4.0,8.0,9.0,1.03,4.0,8.0,9.0,1.03,4.0,8.0,9.0,0,0,0,0,0,4
1772,4.0,2008,6.0,33.0,477.0,687.0,1,0.11,5.5,3.95,3.5,0.11,5.5,3.95,3.5,0.11,5.5,3.95,3.5,0,0,0,0,0,4
1773,6.0,2011,2.0,4.0,75.0,231.0,10,0.56,8.2,8.35,161.0,0.01,7.0,6.6,68.0,1.88,7.85,8.3,76.0,0,0,0,0,0,4
1774,19.0,2003,6.0,1.0,40.0,688.0,9,1.56,7.55,7.45,7.0,1.5,9.3,8.9,7.0,1.5,9.3,8.9,7.0,1,1,1,1,1,4
1775,6.0,2011,10.0,8.0,45.0,437.0,3,1.35,7.63,7.37,416.0,0.92,6.15,6.17,3.5,1.53,8.43,7.55,59.5,1,0,1,0,0,4
1776,8.0,1993,4.0,25.0,85.0,65.0,9,3.12,7.0,7.4,116.0,2.52,6.0,7.4,116.0,3.12,7.0,7.4,116.0,1,1,0,0,0,4
1777,7.0,2003,2.0,29.0,249.0,689.0,10,1.67,7.1,5.9,1.0,0.35,7.1,7.6,1.0,0.35,7.1,7.6,1.0,0,0,0,0,0,4
1778,13.0,1998,7.0,92.0,90.0,105.0,1,0.0,0.0,0.0,0.0,0.0,0.0,0.0,0.0,4.31,0.0,0.0,0.0,1,0,0,0,0,4
1779,13.0,1997,5.0,93.0,478.0,690.0,1,0.47,7.9,7.9,9.0,0.47,7.9,7.9,9.0,0.27,7.9,7.9,9.0,1,0,0,0,0,4
1780,10.0,2011,9.0,1.0,290.0,691.0,10,0.26,5.9,6.75,2.0,0.38,5.5,5.7,8.0,0.38,5.5,5.7,8.0,1,1,0,0,0,4
1781,13.0,2000,9.0,3.0,125.0,692.0,7,0.66,6.9,6.0,1.0,3.5,6.9,6.0,1.0,3.5,6.9,6.0,1.0,0,0,0,0,0,4
1782,7.0,2003,9.0,5.0,479.0,347.0,3,0.04,6.8,5.6,31.0,0.04,4.1,5.6,31.0,1.99,8.7,8.35,31.0,1,0,0,0,0,4
1783,7.0,2005,9.0,4.0,334.0,693.0,2,0.06,6.0,3.0,1.0,0.18,6.6,7.65,15.0,0.18,6.6,7.65,15.0,0,0,0,1,0,4
1784,13.0,1998,4.0,10.0,22.0,694.0,10,2.1,8.1,8.5,46.0,2.1,8.1,8.5,46.0,2.1,8.1,8.5,46.0,0,0,0,0,0,4
1785,6.0,2007,1.0,4.0,171.0,695.0,3,0.13,4.97,5.65,3.0,1.96,8.1,8.5,3.0,1.96,8.1,8.5,3.0,0,0,0,0,0,4
1786,7.0,2005,8.0,15.0,221.0,297.0,9,0.75,4.95,5.25,1.0,0.07,3.7,5.9,1.0,2.13,7.7,7.25,1.0,1,0,1,0,0,4
1787,6.0,2008,2.0,8.0,41.0,672.0,11,1.4,4.75,6.25,55.0,1.35,8.13,7.98,233.0,1.17,7.47,7.68,469.0,0,0,1,0,0,4
1788,1.0,2009,2.0,6.0,265.0,696.0,11,2.16,6.2,5.2,32.76409185803758,0.21,6.7,7.5,23.798538622129435,0.21,6.7,7.5,28.856993736951985,0,0,1,0,0,4
1789,12.0,1998,7.0,31.0,97.0,697.0,3,0.08,8.0,3.0,1.0,0.07,8.0,7.2,18.0,0.36,2.0,5.0,5.0,0,0,0,0,0,4
1790,2.0,1986,9.0,13.0,480.0,698.0,1,2.52,6.0,6.0,49.92408256880734,2.52,6.0,6.0,48.49021406727829,2.52,6.0,6.0,49.939908256880734,0,0,0,0,0,4
1791,8.0,1990,8.0,1.0,1.0,699.0,1,1.48,9.0,7.4,40.0,20.61,9.0,8.9,286.0,20.61,9.0,8.9,286.0,1,0,1,0,1,4
1792,22.0,2000,9.0,22.0,481.0,67.0,2,0.8,7.63,3.0,1.0,0.8,7.63,3.0,1.0,0.56,7.63,8.72,145.0,1,1,0,0,0,4
1793,3.0,1991,3.0,1.0,99.0,314.0,1,1.75,7.0,6.7,38.0,2.14,7.0,7.1,8.0,2.14,7.0,7.1,8.0,0,0,0,0,0,4
1794,14.0,2003,9.0,8.0,137.0,169.0,11,1.21,7.65,7.6,53.0,0.23,8.5,7.6,53.0,0.24,8.5,7.6,53.0,0,0,1,0,0,4
1795,9.0,2005,9.0,22.0,123.0,152.0,1,1.41,6.7,6.7,23.0,1.41,6.7,6.7,23.0,1.41,6.7,6.7,23.0,0,0,0,0,0,4
1796,7.0,2005,4.0,3.0,482.0,700.0,1,1.6,6.0,6.0,1.0,1.6,6.0,6.0,1.0,1.6,6.0,6.0,1.0,0,0,0,0,0,4
1797,5.0,2009,6.0,5.0,73.0,84.0,9,0.05,6.13,6.73,100.5,0.63,7.2,8.12,58.5,0.35,6.5,8.05,22.5,1,0,1,0,0,4
1798,7.0,2001,8.0,11.0,51.0,701.0,9,0.16,7.7,8.05,105.0,2.7,7.7,8.05,105.0,0.12,7.7,8.0,4.0,0,0,1,0,0,4
1799,19.0,2004,3.0,8.0,45.0,43.0,1,0.08,5.6,7.2,40.0,0.79,7.6,7.3,20.0,0.29,7.23,7.9,39.0,1,1,1,1,0,4
1800,14.0,2002,8.0,2.0,483.0,702.0,11,0.09,6.45,7.1,45.226486486486486,0.09,6.45,7.1,38.287837837837834,0.09,6.45,7.1,43.71081081081081,0,0,0,0,0,4
1801,6.0,2010,3.0,4.0,484.0,703.0,5,0.2,7.9,8.15,2.0,0.2,7.9,8.15,2.0,0.2,7.9,8.15,2.0,0,0,0,0,0,4
1802,10.0,2011,9.0,18.0,60.0,365.0,3,1.2,6.7,7.42,47.5,1.2,6.7,7.42,47.5,1.2,6.7,7.42,47.5,0,0,1,0,0,4
1803,13.0,1999,1.0,51.0,485.0,324.0,1,0.34,5.9864729458917845,6.425400801603205,44.05604395604396,0.03,6.120961923847696,6.589959919839676,34.17912087912088,2.09,6.162114228456913,6.618947895791575,38.04120879120879,1,0,0,0,0,4
1804,9.0,2006,3.0,29.0,155.0,520.0,6,1.22,5.67,6.47,8.5,0.07,4.0,2.0,1.0,1.22,5.67,6.47,8.5,0,0,0,0,1,4
1805,10.0,2012,4.0,1.0,59.0,704.0,10,9.82,7.4,7.0,140.0,0.26,5.9,6.75,2.0,0.26,5.9,6.75,2.0,0,0,0,0,0,4
1806,14.0,2004,7.0,6.0,62.0,266.0,8,0.06,6.8,6.8,8.0,0.35,5.43,6.72,8.0,1.55,7.8,7.7,20.0,1,0,1,0,0,4
1807,11.0,2014,1.0,3.0,145.0,161.0,11,0.37,7.55,5.95,30.0,1.19,7.97,7.45,65.5,1.19,7.97,7.45,65.5,1,1,1,1,0,4
1808,2.0,1983,2.0,1.0,14.0,26.0,1,2.28,7.0,7.1,172.0,1.46,3.0,5.9,38.0,1.46,3.0,5.9,38.0,1,1,0,0,1,4
1809,13.0,1998,6.0,4.0,486.0,705.0,1,5.0,7.7,7.7,47.0,5.0,7.7,7.7,47.0,5.0,7.7,7.7,47.0,0,0,0,0,0,4
1810,5.0,2013,1.0,3.0,145.0,161.0,11,0.87,8.37,6.95,66.0,1.0,7.83,7.9,47.0,0.16,7.63,6.8,17.5,1,1,1,0,0,4
1811,11.0,2014,7.0,9.0,270.0,706.0,10,0.04,8.0,7.7,14.0,0.2,8.8,8.35,23.0,0.64,3.43,4.25,86.5,0,0,0,1,0,4
1812,6.0,2009,9.0,9.0,487.0,707.0,3,0.87,7.4,7.85,104.0,0.87,7.4,7.85,104.0,1.09,7.35,8.2,43.0,1,0,0,1,0,4
1813,9.0,2005,4.0,1.0,488.0,708.0,1,2.05,6.0,7.0,13.0,2.05,6.0,7.0,13.0,2.05,6.0,7.0,13.0,0,0,0,0,0,4
1814,6.0,2009,6.0,32.0,71.0,260.0,9,1.74,7.97,7.92,40.0,1.74,7.97,7.92,40.0,1.74,7.97,7.92,40.0,0,0,0,0,0,4
1815,5.0,2011,9.0,8.0,154.0,251.0,3,1.3,7.67,6.85,444.0,0.14,7.67,8.1,18.0,0.14,7.07,7.67,400.0,1,0,0,0,0,4
1816,16.0,1982,7.0,11.0,489.0,709.0,1,1.59,7.0,7.1,172.0,0.21,7.0,2.0,1.0,0.21,7.0,2.0,1.0,0,0,0,0,0,4
1817,7.0,2001,3.0,5.0,238.0,710.0,11,1.55,7.4,7.55,10.0,1.55,7.4,7.55,10.0,1.55,7.4,7.55,10.0,0,0,0,0,0,4
1818,12.0,1996,8.0,1.0,337.0,699.0,9,2.94,8.85,8.08,56.5,2.94,8.85,8.08,56.5,1.14,9.0,8.4,18.0,1,0,0,0,1,4
1819,5.0,2010,7.0,2.0,490.0,401.0,7,1.35,8.1,8.23,848.0,1.35,8.1,8.23,848.0,1.75,7.6,7.48,112.5,1,0,0,1,0,4
1820,6.0,2013,4.0,17.0,129.0,25.0,8,0.97,8.3,8.2,119.0,0.97,8.3,8.2,119.0,1.33,8.25,8.2,119.0,1,1,0,1,0,4
1821,6.0,2010,9.0,15.0,491.0,597.0,10,0.06,4.0,6.75,49.0,0.2,6.17,6.75,49.0,0.41,8.25,8.15,104.0,1,0,0,1,0,4
1822,5.0,2011,6.0,6.0,19.0,680.0,9,0.11,4.53,4.03,15.5,0.11,4.53,4.03,15.5,1.16,7.17,8.15,28.0,0,0,1,1,0,4
1823,5.0,2014,9.0,33.0,492.0,711.0,1,0.6,5.03,6.9,7.0,0.6,5.03,6.9,7.0,0.6,5.03,6.9,7.0,1,0,0,1,0,4
1824,17.0,2005,7.0,4.0,113.0,141.0,11,0.14,6.5,6.8,3.0,2.94,7.35,8.05,3.0,2.94,7.35,8.05,3.0,1,0,0,0,0,4
1825,14.0,2005,7.0,5.0,11.0,16.0,11,2.02,8.13,7.85,162.5,0.72,6.8,7.53,54.0,2.67,6.6,7.33,68.5,0,0,1,0,0,4
1826,2.0,1992,5.0,1.0,2.0,432.0,1,1.68,8.0,7.75,6.5,30.26,9.5,9.35,188.0,30.26,9.5,9.35,188.0,0,0,0,1,0,4
1827,7.0,2009,6.0,5.0,296.0,84.0,9,1.58,8.3,7.17,54.5,0.1,7.8,6.85,2.0,1.58,8.3,7.17,54.5,1,0,0,0,0,4
1828,15.0,2007,1.0,94.0,363.0,498.0,10,0.0,0.0,0.0,0.0,0.02,5.0,7.7,6.0,0.02,7.5,7.35,3.5,0,0,0,0,0,4
1829,14.0,2004,9.0,5.0,11.0,158.0,6,3.41,6.67,7.65,94.5,0.02,8.9,6.8,94.5,0.53,7.85,8.12,7.0,0,0,1,1,1,4
1830,14.0,2003,7.0,2.0,95.0,114.0,11,0.35,4.9,8.9,325.0,4.12,9.03,8.9,325.0,4.12,9.03,8.9,325.0,1,0,0,0,0,4
1831,11.0,2015,9.0,20.0,291.0,712.0,1,0.06,7.53,6.95,10.0,1.62,7.53,7.7,358.0,1.62,7.53,7.7,358.0,0,0,0,1,0,4
1832,7.0,2007,9.0,5.0,123.0,624.0,1,4.09,8.3,7.05,597.5,0.02,8.3,6.7,23.0,0.11,8.3,6.7,23.0,0,0,0,0,0,4
1833,6.0,2008,3.0,36.0,130.0,713.0,6,0.05,6.75,7.2,5.0,0.02,8.2,7.7,27.0,0.02,8.2,7.7,27.0,0,0,0,0,0,4
1834,7.0,2007,6.0,23.0,71.0,714.0,7,0.07,7.2,8.5,45.63975989965956,0.06,7.1,8.5,44.98176850026877,0.06,7.1,8.5,46.415427342770116,1,0,0,0,0,4
1835,18.0,2014,7.0,2.0,75.0,715.0,10,0.19,7.4,6.8,5.0,0.12,4.0,7.2,5.0,0.12,4.0,7.2,5.0,0,0,0,1,0,4
1836,7.0,2008,6.0,8.0,71.0,260.0,5,1.62,8.4,7.73,39.0,2.11,8.0,7.55,38.0,2.11,8.0,7.55,38.0,1,0,0,0,0,4
1837,14.0,2005,9.0,6.0,62.0,716.0,3,0.13,5.9,6.75,27.0,1.64,8.15,7.95,109.0,1.64,8.15,7.95,109.0,1,0,1,1,0,4
1838,2.0,1983,2.0,1.0,1.0,26.0,1,2.14,4.3,4.3,3.0,3.2,4.3,4.3,3.0,0.97,5.4,5.4,24.0,1,1,1,0,1,4
1839,13.0,1995,4.0,4.0,493.0,717.0,1,1.83,7.0,7.7,23.0,1.83,7.0,7.7,23.0,1.83,7.0,7.7,23.0,1,0,0,0,0,4
1840,21.0,1994,1.0,31.0,183.0,339.0,1,1.39,5.5,8.75,6.0,1.53,5.5,6.6,26.0,2.05,5.5,6.6,26.0,1,0,0,1,1,4
1841,1.0,2007,3.0,8.0,137.0,43.0,11,1.3,5.37,6.77,6.5,0.25,5.85,4.9,9.0,2.06,6.23,6.32,69.5,1,1,1,1,0,4
1842,20.0,2013,12.0,1.0,1.0,458.0,7,2.22,6.85,7.5,51.0,5.15,5.55,6.85,12.0,1.63,8.9,8.7,12.0,1,0,1,1,0,4
1843,13.0,1999,4.0,10.0,215.0,383.0,1,1.46,8.4,9.05,75.0,0.7,8.4,7.0,1.0,1.83,7.25,9.02,170.5,0,0,0,0,0,4
1844,17.0,2004,5.0,6.0,494.0,718.0,1,0.05,4.9,4.9,47.43754583231484,0.05,4.9,4.9,46.20019555120997,0.05,4.9,4.9,48.87949156685407,1,0,0,0,1,4
1845,6.0,2010,9.0,33.0,249.0,317.0,1,2.12,6.0,6.8,20.0,2.12,6.0,6.8,20.0,2.12,6.0,6.8,20.0,0,0,0,1,0,4
1846,6.0,2009,6.0,5.0,73.0,84.0,9,1.14,8.17,6.7,78.5,0.35,6.5,8.05,22.5,1.14,8.17,6.7,78.5,1,0,1,0,0,4
1847,16.0,1981,7.0,5.0,321.0,719.0,1,4.5,6.112886276873627,6.478469961824459,47.1133296460177,1.15,6.1980540486236935,6.574292746634577,45.50840707964602,1.15,6.23059272654211,6.615235081374369,46.38069690265487,0,0,0,0,0,4
1848,5.0,2007,7.0,8.0,31.0,49.0,9,1.68,6.27,6.55,56.5,0.03,5.65,6.4,7.0,0.03,5.65,6.4,7.0,1,0,0,1,0,4
1849,10.0,2015,9.0,1.0,1.0,39.0,10,3.18,8.43,8.25,95.5,3.18,8.43,8.25,95.5,3.07,9.1,8.65,303.0,0,1,1,1,0,4
1850,16.0,1982,2.0,11.0,61.0,720.0,1,1.18,6.8,6.8,4.0,0.24,3.0,3.0,3.0,0.24,3.0,3.0,3.0,0,0,0,0,0,4
1851,13.0,1997,1.0,8.0,31.0,538.0,1,1.21,6.0,6.0,1.0,1.17,7.0,7.0,5.0,1.17,7.0,7.0,5.0,1,0,0,0,0,4
1852,6.0,2012,9.0,20.0,234.0,615.0,11,0.16,7.0,6.7,64.0,0.16,7.0,6.7,64.0,0.16,7.0,6.7,64.0,0,0,0,0,0,4
1853,4.0,2007,8.0,6.0,495.0,571.0,11,1.85,6.7,8.1,15.0,0.57,6.0,7.5,15.0,0.01,6.0,7.5,15.0,1,0,0,0,0,4
1854,6.0,2010,10.0,29.0,145.0,721.0,10,0.1,7.7,6.5,12.0,1.33,7.7,6.5,12.0,1.33,7.7,6.5,12.0,0,0,1,0,0,4
1855,3.0,1999,12.0,15.0,496.0,722.0,1,1.35,7.5,7.5,2.0,1.35,7.5,7.5,2.0,1.35,7.5,7.5,2.0,0,0,0,1,0,4
1856,2.0,1984,5.0,69.0,497.0,723.0,1,0.0,0.0,0.0,0.0,0.0,0.0,0.0,0.0,0.0,0.0,0.0,0.0,1,0,0,0,0,4
1857,3.0,1989,4.0,10.0,215.0,25.0,1,0.84,5.0,6.6,33.0,1.96,5.0,6.8,13.0,0.84,5.0,6.6,33.0,0,0,0,0,0,4
1858,2.0,1989,4.0,26.0,465.0,724.0,1,1.25,5.891243781094525,6.21597014925374,34.694148936170215,1.25,5.940845771144283,6.361865671641795,25.28058510638298,1.25,5.987761194029854,6.3659701492537355,31.13563829787234,0,0,0,0,0,4
1859,12.0,1998,3.0,1.0,1.0,217.0,11,3.65,9.1,9.0,178.5,1.93,9.1,8.5,4.0,2.85,6.75,8.65,52.0,1,0,1,0,1,4
1860,2.0,1983,2.0,1.0,1.0,725.0,1,1.13,3.0,5.9,38.0,2.28,7.0,7.1,172.0,0.54,7.0,6.6,18.0,0,0,1,0,1,4
1861,1.0,2008,7.0,8.0,122.0,726.0,10,1.42,8.63,8.68,591.5,1.53,6.87,6.95,33.0,1.53,6.87,6.95,33.0,0,0,1,0,0,4
1862,7.0,2001,1.0,8.0,27.0,247.0,12,0.06,8.15,6.15,3.0,0.15,7.55,5.75,11.0,1.86,6.67,7.08,16.0,1,0,1,0,1,4
1863,7.0,2006,6.0,4.0,299.0,373.0,11,4.35,7.8,7.45,92.0,0.08,5.1,7.45,92.0,1.3,7.4,7.7,6.0,1,0,0,0,0,4
1864,7.0,2006,6.0,4.0,299.0,373.0,11,2.04,6.6,8.3,1.0,0.96,5.1,6.4,1.0,0.89,5.1,6.4,1.0,1,0,0,0,0,4
1865,19.0,2003,4.0,1.0,40.0,625.0,7,0.16,7.73,8.1,23.5,0.7,6.6,7.17,11.5,0.19,6.6,7.17,11.5,1,0,1,0,0,4
1866,17.0,2005,4.0,5.0,498.0,727.0,3,0.47,5.37,7.85,1.5,0.43,6.2,8.1,0.0,0.43,6.2,8.1,0.0,0,0,0,0,1,4
1867,13.0,1998,4.0,4.0,316.0,416.0,5,0.28,6.7,8.5,45.82465595226638,0.28,6.7,8.5,44.8974593398133,0.28,6.7,8.5,45.86738523722452,1,0,0,0,0,4
1868,6.0,2013,4.0,17.0,57.0,25.0,2,0.12,5.5,8.07,46.5,0.81,5.5,8.07,46.5,0.56,7.85,8.5,54.0,0,0,1,1,0,4
1869,17.0,2008,9.0,18.0,280.0,184.0,9,1.91,6.05,7.35,107.0,1.91,6.05,7.35,107.0,1.91,6.05,7.35,107.0,0,0,0,0,0,4
1870,4.0,2008,8.0,6.0,499.0,728.0,10,1.6,7.67,6.68,270.5,0.18,5.9,6.0,60.0,0.18,5.9,6.0,60.0,0,0,0,0,0,4
1871,17.0,2007,9.0,8.0,31.0,93.0,11,1.16,6.13,6.68,82.5,1.05,5.55,7.2,55.0,1.03,5.2,6.4,55.0,0,0,0,0,0,4
1872,7.0,2006,11.0,9.0,176.0,707.0,9,0.28,6.05,6.4,4.0,0.08,7.35,8.1,24.0,0.8,7.25,8.15,64.0,1,0,0,1,0,4
1873,5.0,2009,1.0,8.0,43.0,237.0,1,0.08,5.33,5.22,97.0,2.05,6.27,5.95,99.5,0.59,6.33,7.7,37.5,0,0,1,0,0,4
1874,9.0,2003,4.0,11.0,327.0,188.0,6,1.2,5.25,6.35,31.0,1.69,5.65,7.1,9.0,1.69,5.65,7.1,9.0,0,0,0,0,0,4
1875,6.0,2007,10.0,9.0,295.0,386.0,3,2.77,6.95,6.2,44.0,0.05,7.0,6.65,37.0,0.02,5.3,7.6,37.0,1,0,1,1,1,4
1876,22.0,2000,1.0,9.0,102.0,575.0,9,0.04,5.0,4.7,6.0,0.04,5.0,4.7,6.0,1.2,5.0,4.7,6.0,1,0,1,0,1,4
1877,13.0,1998,8.0,15.0,87.0,729.0,1,1.27,9.3,9.05,144.0,1.27,9.3,9.05,144.0,1.27,9.3,9.05,144.0,0,0,1,0,0,4
1878,17.0,2005,6.0,4.0,111.0,107.0,8,0.19,6.8,6.7,1.0,0.59,7.55,7.85,1.0,0.02,4.0,5.0,1.0,1,0,0,0,1,4
1879,4.0,2006,9.0,18.0,245.0,235.0,9,2.69,7.2,7.75,28.0,0.47,5.0,5.7,1.0,0.47,5.0,5.7,1.0,0,0,0,0,0,4
1880,14.0,2003,1.0,8.0,68.0,77.0,8,0.15,8.9,7.2,10.5,0.33,8.2,7.2,10.5,4.14,8.67,7.8,10.5,1,1,1,1,0,4
1881,15.0,2009,12.0,9.0,270.0,730.0,3,1.15,4.2,5.5,12.0,0.45,6.6,7.28,80.0,0.09,8.4,8.4,31.0,0,0,0,0,0,4
1882,7.0,2006,9.0,8.0,31.0,731.0,3,1.56,7.91,8.0,18.5,0.44,4.0,6.1,10.0,0.24,4.0,6.1,11.0,0,0,0,0,0,4
1883,1.0,2009,1.0,8.0,68.0,454.0,7,1.53,8.43,7.55,59.5,0.11,6.7,8.1,59.5,0.37,6.5,5.65,0.5,0,0,1,0,1,4
1884,7.0,2002,7.0,18.0,164.0,184.0,12,0.5,5.0,6.1,12.0,0.7,5.4,5.4,2.0,0.77,3.8,2.7,1.0,0,0,0,0,0,4
1885,13.0,1997,8.0,95.0,61.0,732.0,1,0.03,7.0,7.0,2.0,1.1,7.0,7.0,2.0,1.1,7.0,7.0,2.0,0,0,0,0,0,4
1886,6.0,2010,9.0,8.0,257.0,733.0,2,0.32,5.95,6.4,37.0,0.24,4.0,6.1,11.0,0.24,4.0,6.1,11.0,0,0,0,0,0,4
1887,4.0,2010,3.0,9.0,169.0,497.0,2,0.02,6.6,6.4,45.58566176470588,0.25,6.6,6.4,44.6546875,0.25,6.6,6.4,45.84627757352941,0,1,0,0,0,4
1888,6.0,2012,9.0,5.0,47.0,88.0,10,2.65,6.77,6.67,34.0,2.65,6.77,6.67,34.0,2.65,6.77,6.67,34.0,1,0,0,0,1,4
1889,1.0,2007,11.0,1.0,500.0,734.0,1,4.96,6.5,8.8,47.55820785897907,0.17,6.5,8.8,46.14738646101114,0.03,5.95,8.0,47.53813196229649,0,0,0,0,0,4
1890,13.0,1998,1.0,40.0,249.0,502.0,1,0.25,5.0,5.0,4.0,0.68,5.0,5.0,4.0,1.5,5.0,5.0,4.0,1,0,0,0,1,4
1891,5.0,2010,3.0,9.0,34.0,62.0,11,1.37,6.95,7.65,48.0,0.54,8.15,7.8,50.0,1.74,6.9,7.85,48.0,0,1,1,0,0,4
1892,7.0,2003,3.0,8.0,68.0,472.0,9,5.23,8.63,8.8,3.5,0.51,9.4,7.2,3.5,0.31,8.5,7.0,3.5,0,0,1,0,0,4
1893,6.0,2008,9.0,6.0,62.0,298.0,12,0.06,6.0,6.4,45.0,0.66,6.93,6.4,45.0,0.12,7.2,7.75,91.0,1,0,1,0,1,4
1894,7.0,2002,2.0,29.0,501.0,392.0,11,2.08,5.95,4.3,5.0,2.08,5.95,4.3,5.0,0.55,5.0,6.5,3.0,0,0,0,0,0,4
1895,15.0,2015,9.0,3.0,5.0,11.0,9,3.85,8.57,7.33,50.5,11.98,9.23,8.45,581.0,11.98,9.23,8.45,581.0,1,1,1,1,0,4
1896,1.0,2009,1.0,29.0,390.0,735.0,10,0.11,6.017120127287195,6.416451869530627,39.8933506044905,0.11,6.130859188544151,6.552171837708827,32.29706390328152,0.11,6.161694510739854,6.5963723150357945,34.81476683937824,0,0,0,0,0,4
1897,7.0,2002,1.0,96.0,125.0,736.0,11,0.02,6.041660916707742,6.4426416954164525,45.226486486486486,3.5,6.128339083292261,6.56379004435682,38.287837837837834,3.5,6.1578265155248895,6.601498275012326,43.71081081081081,0,0,0,0,0,4
1898,4.0,2009,11.0,8.0,111.0,137.0,9,2.37,8.0,7.18,16.5,0.29,6.55,6.85,141.0,0.63,5.57,6.63,13.5,0,0,0,0,0,4
1899,1.0,2009,9.0,13.0,360.0,67.0,11,0.28,6.83,7.18,54.0,1.54,6.25,6.7,57.0,3.51,7.77,7.03,645.5,1,1,0,0,0,4
1900,5.0,2012,9.0,8.0,68.0,378.0,7,0.51,6.73,6.58,4.0,2.25,6.8,7.15,19.0,0.99,8.2,6.6,19.0,1,0,1,1,0,4
1901,17.0,2009,9.0,3.0,72.0,11.0,3,0.03,7.17,7.53,124.5,0.97,7.17,7.53,124.5,0.12,9.0,7.7,238.0,1,1,0,0,0,4
1902,1.0,2010,1.0,8.0,27.0,31.0,10,2.06,5.4,6.7,58.0,0.43,7.6,8.5,58.0,0.76,8.0,6.85,108.0,1,1,1,0,1,4
1903,6.0,2007,7.0,8.0,137.0,114.0,12,0.04,6.17,6.0,71.0,1.11,5.87,6.33,50.5,1.83,8.3,8.7,131.0,0,0,1,0,0,4
1904,16.0,1982,2.0,11.0,502.0,737.0,1,1.12,7.5,7.5,2.0,1.12,7.5,7.5,2.0,1.12,7.5,7.5,2.0,0,0,0,0,0,4
1905,5.0,2008,9.0,22.0,425.0,76.0,11,0.02,5.5,6.47,16.5,0.4,7.55,7.95,132.0,0.86,7.35,7.45,132.0,1,1,0,1,1,4
1906,7.0,2004,7.0,6.0,503.0,356.0,11,1.64,8.15,7.95,109.0,1.64,8.15,7.95,109.0,0.87,7.55,7.8,5.0,1,0,1,1,0,4
1907,6.0,2011,3.0,36.0,130.0,738.0,5,0.29,6.63,6.42,52.0,0.29,6.63,6.42,52.0,0.29,6.63,6.42,52.0,0,0,0,0,0,4
1908,20.0,2013,2.0,1.0,234.0,488.0,3,0.78,7.55,7.8,46.0,0.97,7.0,6.95,64.0,1.55,4.95,8.0,64.0,0,0,0,0,0,4
1909,4.0,2008,8.0,8.0,187.0,667.0,9,0.09,7.5,7.7,55.0,1.53,5.45,7.0,55.0,1.17,7.8,6.55,344.0,1,0,0,1,0,4
1910,13.0,1998,1.0,40.0,183.0,739.0,1,1.5,7.2,7.2,9.0,0.96,7.2,7.2,9.0,0.96,7.2,7.2,9.0,0,0,0,0,1,4
1911,9.0,2003,10.0,11.0,327.0,188.0,11,0.2,5.65,7.1,9.0,1.69,5.65,7.1,9.0,0.69,6.75,6.75,73.0,0,0,0,0,0,4
1912,9.0,2002,2.0,6.0,98.0,740.0,6,0.04,7.0,7.3,4.0,0.03,5.4,7.3,4.0,0.03,5.4,7.3,4.0,0,0,0,0,0,4
1913,19.0,2005,7.0,1.0,40.0,119.0,2,0.06,6.0,3.0,1.0,0.06,6.0,3.0,1.0,4.03,7.9,8.15,181.0,1,0,1,0,0,4
1914,6.0,2008,10.0,26.0,385.0,637.0,11,0.11,5.0,3.0,1.0,0.17,5.0,7.6,15.0,0.11,5.0,3.0,1.0,0,0,0,0,0,4
1915,5.0,2011,10.0,13.0,51.0,557.0,2,0.03,6.110290384136726,6.477206504604713,45.72149422149422,0.03,6.198351447772364,6.5775790259686815,44.82659932659933,0.03,6.2283846345308485,6.618487513482147,46.13913913913914,1,0,1,1,0,4
1916,5.0,2013,1.0,8.0,68.0,741.0,7,0.28,5.4,6.45,18.0,0.39,6.95,6.03,3.0,0.39,6.95,6.03,3.0,1,0,1,0,0,4
1917,13.0,1999,6.0,4.0,504.0,742.0,1,1.88,8.0,8.0,3.0,0.25,8.0,8.0,3.0,0.25,8.0,8.0,3.0,0,0,0,0,0,4
1918,7.0,2006,7.0,5.0,11.0,16.0,11,2.26,6.45,6.1,48.0,2.71,7.1,6.1,48.0,2.26,6.45,6.1,48.0,1,0,1,1,1,4
1919,4.0,2008,8.0,6.0,505.0,214.0,10,1.4,7.67,6.65,286.5,0.05,5.45,6.65,286.5,0.82,5.45,6.65,286.5,0,0,0,0,0,4
1920,5.0,2010,9.0,3.0,50.0,54.0,10,1.8,8.63,8.1,122.0,6.34,9.17,8.98,1725.0,6.34,9.17,8.98,1725.0,1,1,0,0,0,4
1921,5.0,2008,9.0,3.0,506.0,743.0,3,0.12,6.03,4.62,3.5,0.02,6.03,4.62,3.5,0.02,6.03,4.62,3.5,0,0,0,0,0,4
1922,24.0,1994,10.0,9.0,34.0,386.0,1,1.82,7.0,8.3,69.0,0.98,7.0,8.0,2.0,0.98,7.0,8.0,2.0,1,0,1,0,1,4
1923,15.0,1999,1.0,22.0,507.0,744.0,1,0.41,7.7,7.7,55.0,0.41,7.7,7.7,55.0,0.41,7.7,7.7,55.0,0,0,0,0,0,4
1924,7.0,2009,10.0,29.0,145.0,665.0,10,1.18,7.2,7.68,147.0,0.75,7.4,7.17,50.0,0.75,7.4,7.17,50.0,0,0,1,0,0,4
1925,5.0,2007,1.0,15.0,87.0,102.0,10,3.63,7.52,7.1,104.0,3.63,7.52,7.1,104.0,3.63,7.52,7.1,104.0,0,1,1,0,0,4
1926,4.0,2005,2.0,1.0,111.0,2.0,2,0.03,7.1,6.55,22.0,0.2,8.2,8.5,22.0,0.42,7.0,6.8,140.0,0,0,0,0,0,4
1927,13.0,1997,1.0,8.0,27.0,651.0,1,1.19,8.0,8.0,2.0,1.51,7.7,7.7,3.0,0.47,6.3,6.3,3.0,1,0,1,0,0,4
1928,7.0,2005,10.0,26.0,40.0,336.0,10,0.05,7.8,8.4,42.0,0.52,7.8,8.4,42.0,1.5,9.3,8.9,42.0,1,0,1,0,0,4
1929,6.0,2013,2.0,5.0,82.0,280.0,10,2.34,7.0,6.97,4.0,0.39,6.83,6.5,7.5,2.34,7.0,6.97,4.0,1,0,1,0,0,4
1930,6.0,2012,3.0,36.0,130.0,159.0,9,0.24,7.0,6.4,38.5,0.24,7.0,6.4,38.5,0.16,7.47,7.48,41.0,0,0,0,1,0,4
1931,17.0,2005,1.0,4.0,93.0,745.0,3,0.1,4.55,6.75,4.0,4.2,5.5,7.5,4.0,0.17,4.3,6.0,4.0,0,0,0,0,1,4
1932,1.0,2011,9.0,33.0,131.0,746.0,10,0.56,4.7,6.6,5.0,0.16,4.33,6.6,5.0,0.16,4.33,6.6,5.0,0,0,0,0,0,4
1933,13.0,1995,3.0,4.0,40.0,335.0,1,1.56,6.105477410782085,6.471694191344031,46.30825496342738,0.31,6.192767653758562,6.565149962034973,45.062225705329155,0.79,6.223125474563416,6.604986712224803,46.031556948798325,1,0,1,0,1,4
1934,5.0,2011,9.0,33.0,60.0,450.0,5,0.02,6.7,7.28,34.5,0.26,6.7,7.28,34.5,0.34,4.9,5.35,11.0,0,0,1,0,0,4
1935,13.0,1999,3.0,8.0,80.0,747.0,1,1.43,6.3,6.3,3.0,1.52,6.3,6.3,3.0,1.52,6.3,6.3,3.0,0,0,0,0,0,4
1936,13.0,1998,1.0,8.0,31.0,378.0,1,1.25,7.7,7.7,3.0,1.62,7.7,7.7,3.0,0.7,7.7,7.7,3.0,1,0,0,0,0,4
1937,7.0,2006,10.0,40.0,210.0,216.0,10,0.17,6.9,7.9,6.0,0.47,6.9,8.6,6.0,0.31,7.4,7.25,6.0,1,1,0,1,0,4
1938,5.0,2010,7.0,9.0,315.0,748.0,2,1.51,6.93,7.28,97.5,0.11,6.93,7.28,97.5,0.11,6.93,7.28,97.5,0,0,0,0,0,4
1939,7.0,2002,3.0,8.0,422.0,749.0,9,3.76,7.9,6.85,5.0,0.63,8.8,7.3,5.0,0.63,8.8,7.3,5.0,0,0,0,0,0,4
1940,4.0,2008,6.0,97.0,508.0,750.0,11,0.23,5.0,5.0,48.44426425401161,0.23,5.0,5.0,46.782946398088086,0.23,5.0,5.0,48.1357972004097,0,0,0,0,0,4
1941,5.0,2010,9.0,29.0,509.0,751.0,1,0.15,5.7,5.5,3.5,0.15,5.7,5.5,3.5,0.15,5.7,5.5,3.5,0,0,0,0,0,4
1942,6.0,2007,3.0,36.0,130.0,738.0,9,0.02,7.37,7.87,65.5,0.87,8.15,7.8,27.0,0.87,8.15,7.8,27.0,0,0,0,0,0,4
1943,4.0,2007,7.0,5.0,399.0,16.0,11,2.2,8.57,8.28,59.5,0.22,8.57,8.28,59.5,6.72,8.23,8.25,818.0,1,0,0,1,0,4
1944,13.0,1998,6.0,59.0,510.0,752.0,1,0.0,0.0,0.0,0.0,0.0,0.0,0.0,0.0,0.0,0.0,0.0,0.0,0,0,0,0,0,4
1945,1.0,2008,1.0,9.0,169.0,211.0,3,2.9,6.07,6.32,46.5,0.25,5.35,6.0,3.0,0.25,5.35,6.0,3.0,0,0,0,0,0,4
1946,7.0,2005,1.0,8.0,45.0,230.0,2,0.02,7.0,6.3,9.0,1.64,4.0,5.4,5.0,1.95,8.17,8.37,19.0,1,0,1,0,1,4
1947,6.0,2012,9.0,17.0,484.0,753.0,8,1.58,6.75,7.8,49.0,1.13,7.23,7.8,190.0,1.13,7.23,7.8,190.0,0,0,0,1,0,4
1948,5.0,2008,7.0,8.0,116.0,754.0,8,1.49,7.23,7.93,2.0,0.07,6.76,7.8,2.0,0.76,7.0,6.8,15.0,0,0,0,0,0,4
1949,13.0,1999,12.0,98.0,511.0,755.0,1,0.27,8.2,8.2,5.0,0.45,8.2,8.2,5.0,0.01,8.2,8.2,5.0,1,0,0,0,0,4
1950,7.0,2003,9.0,21.0,79.0,756.0,6,0.33,5.95,7.1,46.09553287602476,0.33,5.95,7.1,45.451815291952485,0.33,5.95,7.1,46.93090179019575,0,0,0,0,0,4
1951,6.0,2008,9.0,5.0,60.0,132.0,6,1.29,6.1,6.63,14.5,2.39,6.9,6.7,53.0,2.39,6.9,6.7,53.0,0,0,1,0,0,4
1952,12.0,1998,1.0,40.0,366.0,502.0,1,1.09,6.0160609318996405,6.403268817204285,46.05333068992863,1.5,6.099759856630821,6.523605734767007,42.11122125297383,1.5,6.1246594982078815,6.541229390680994,45.49722442505948,1,0,0,0,0,4
1953,12.0,1997,1.0,31.0,263.0,757.0,1,0.03,4.0,4.0,1.0,0.14,4.0,4.0,1.0,0.22,4.0,4.0,1.0,1,0,0,0,0,4
1954,5.0,2009,6.0,5.0,512.0,758.0,10,0.1,5.17,7.7,9.5,0.05,5.17,7.7,9.5,0.05,5.17,7.7,9.5,0,0,0,0,0,4
1955,4.0,2007,2.0,3.0,513.0,759.0,11,0.13,7.03,8.03,3.5,0.1,5.9,8.03,3.5,0.24,5.9,4.8,3.5,0,0,0,0,0,4
1956,15.0,2001,4.0,24.0,514.0,78.0,6,0.4,8.1,8.5,2.0,0.13,8.1,8.5,363.0,0.13,8.1,8.5,363.0,1,0,0,0,0,4
1957,11.0,2016,10.0,26.0,385.0,637.0,2,0.01,6.07,7.0,5.0,0.03,6.07,7.0,5.0,0.23,6.07,6.97,27.5,0,0,0,0,0,4
1958,9.0,2004,9.0,5.0,98.0,158.0,6,1.86,6.37,6.58,14.5,0.3,7.2,6.7,14.5,3.41,6.67,7.65,94.5,0,0,0,1,1,4
1959,6.0,2007,1.0,9.0,515.0,760.0,3,0.13,5.3,7.4,0.0,0.13,5.3,7.4,0.0,0.67,8.0,7.4,20.0,1,0,1,0,1,4
1960,7.0,2002,3.0,99.0,516.0,761.0,11,0.09,8.0,8.9,45.226486486486486,0.08,6.7,6.9,38.287837837837834,0.08,6.7,6.9,43.71081081081081,0,0,0,0,0,4
1961,6.0,2007,8.0,4.0,393.0,762.0,8,0.31,7.7,7.5,1.0,0.47,6.45,7.8,1.0,0.46,7.0,7.3,16.0,0,0,0,0,1,4
1962,4.0,2007,11.0,13.0,51.0,763.0,5,0.01,8.67,8.25,573.5,2.26,8.67,8.25,573.5,0.17,7.0,8.1,73.0,0,0,1,0,0,4
1963,5.0,2014,9.0,6.0,19.0,106.0,11,1.44,7.0,6.8,101.5,3.46,7.57,6.2,247.5,3.46,7.57,6.2,247.5,1,1,1,1,0,4
1964,16.0,1981,7.0,48.0,517.0,764.0,1,2.13,6.112886276873627,6.478469961824459,47.1133296460177,2.13,6.1980540486236935,6.574292746634577,45.50840707964602,2.13,6.23059272654211,6.615235081374369,46.38069690265487,0,0,0,0,0,4
1965,17.0,2006,7.0,4.0,113.0,141.0,11,1.1,7.6,6.4,2.0,1.12,7.1,8.85,1.0,1.12,7.1,8.85,1.0,1,0,0,0,0,4
1966,1.0,2014,9.0,5.0,47.0,280.0,10,1.95,7.0,6.4,117.0,1.32,6.83,6.67,13.0,0.31,7.0,6.27,5.5,1,0,0,1,0,4
1967,6.0,2010,7.0,9.0,315.0,748.0,2,1.09,6.93,7.77,74.5,0.02,6.93,7.77,74.5,0.02,6.93,7.77,74.5,0,0,0,0,0,4
1968,16.0,1980,6.0,11.0,518.0,765.0,1,4.31,6.102650200921301,6.463859649122879,46.501239624878735,4.31,6.190823287268469,6.56118494560429,45.05502856526895,4.31,6.2224767225326065,6.601727923159902,45.990136897704,0,0,0,0,0,4
1969,1.0,2010,6.0,6.0,519.0,766.0,6,0.16,5.35,6.55,91.0,0.05,2.0,6.25,1.0,0.05,2.0,6.25,1.0,0,0,0,0,0,4
1970,2.0,1986,2.0,69.0,24.0,767.0,1,1.5,6.067743517869653,6.410260686755447,49.92408256880734,1.45,6.15134407848633,6.527146461107241,48.49021406727829,1.45,6.197436580238246,6.5708913805185905,49.939908256880734,1,0,0,0,0,4
1971,13.0,1996,4.0,4.0,520.0,717.0,1,1.4,6.7,6.7,3.0,1.4,6.7,6.7,3.0,1.11,5.9,5.9,9.0,1,0,0,0,0,4
1972,2.0,1985,10.0,26.0,521.0,768.0,1,1.22,4.0,7.0,38.0,1.22,4.0,7.0,38.0,1.22,4.0,7.0,38.0,0,0,0,0,0,4
1973,8.0,1996,1.0,51.0,254.0,324.0,1,1.15,6.074598214285714,6.518080357142857,51.629901960784316,1.15,6.105133928571427,6.627678571428572,32.81127450980392,0.87,6.240669642857141,6.645223214285716,43.85294117647059,1,0,0,0,0,4
1974,6.0,2012,9.0,29.0,145.0,331.0,2,0.13,7.57,3.5,155.0,1.18,7.57,6.3,155.0,1.33,7.7,6.5,12.0,0,0,1,1,0,4
1975,7.0,2002,1.0,9.0,102.0,126.0,3,1.8,8.15,7.65,16.0,1.32,8.9,7.83,3.0,0.2,9.0,8.15,9.0,1,0,1,1,1,4
1976,11.0,2015,10.0,26.0,148.0,188.0,2,0.01,4.75,6.35,17.0,0.07,4.75,6.35,17.0,0.12,5.2,6.45,38.5,0,0,0,0,0,4
1977,14.0,2001,3.0,8.0,118.0,93.0,12,0.06,5.75,7.05,40.0,1.54,5.75,7.6,37.0,1.51,1.0,6.0,2.0,0,0,0,0,0,4
1978,13.0,2000,1.0,31.0,401.0,549.0,9,0.17,8.1,6.9,13.0,0.17,8.1,6.9,13.0,0.17,8.1,6.9,13.0,0,0,0,0,0,4
1979,4.0,2007,8.0,6.0,180.0,769.0,10,1.47,7.8,7.8,2.0,0.42,7.8,7.8,2.0,0.42,7.8,7.8,2.0,0,0,0,0,0,4
1980,5.0,2009,10.0,29.0,145.0,665.0,10,1.08,7.4,8.1,147.0,1.18,7.2,7.68,147.0,1.18,7.2,7.68,147.0,0,0,1,0,0,4
1981,14.0,2005,3.0,2.0,522.0,72.0,5,0.03,6.2,6.1,2.0,0.32,6.7,8.8,0.0,0.32,6.7,8.8,0.0,1,0,0,1,0,4
1982,5.0,2006,2.0,9.0,34.0,62.0,6,0.04,6.9,8.15,26.5,0.04,6.9,8.15,26.5,0.5,4.83,7.0,28.0,1,1,1,0,0,4
1983,5.0,2006,2.0,9.0,34.0,62.0,11,1.44,5.7,7.35,2.0,1.05,5.53,4.9,21.0,1.44,5.7,7.35,2.0,1,1,1,0,0,4
1984,1.0,2009,11.0,8.0,31.0,137.0,9,1.92,7.43,6.82,143.0,0.09,7.43,7.5,7.0,0.47,5.6,5.7,5.0,0,0,0,0,0,4
1985,13.0,1998,8.0,4.0,523.0,770.0,1,2.79,8.6,6.0,1.0,2.79,8.6,6.0,1.0,1.01,8.6,8.6,1.0,1,0,0,0,0,4
1986,4.0,2012,4.0,1.0,524.0,771.0,6,0.94,6.95,7.0,48.0,0.3,4.97,6.65,60.5,0.3,4.97,6.65,60.5,1,1,0,0,0,4
1987,5.0,2007,9.0,8.0,31.0,93.0,10,1.35,7.6,7.15,43.0,0.05,6.77,6.75,80.5,1.53,5.45,7.0,55.0,0,0,0,0,0,4
1988,1.0,2008,9.0,20.0,77.0,772.0,11,1.27,6.85,7.65,69.0,2.23,7.0,7.3,53.0,2.23,7.0,7.3,53.0,0,0,0,0,0,4
1989,7.0,2003,1.0,8.0,27.0,491.0,3,0.17,4.0,6.0,1.0,0.15,7.8,7.0,1.0,0.15,7.8,7.0,1.0,1,0,1,0,0,4
1990,13.0,1999,9.0,22.0,425.0,773.0,8,0.1,6.0,7.0,5.0,0.13,6.0,6.5,2.0,0.44,6.0,7.7,49.0,1,0,0,0,0,4
1991,1.0,2007,10.0,11.0,161.0,188.0,11,0.01,8.2,8.4,15.0,0.03,8.2,8.4,15.0,0.44,5.75,7.15,10.0,0,0,0,0,0,4
1992,4.0,2010,9.0,33.0,57.0,56.0,1,1.41,6.0,6.8,20.0,0.01,6.03,7.4,71.0,0.87,6.9,7.3,67.0,0,0,1,0,0,4
1993,13.0,1997,4.0,26.0,40.0,625.0,1,1.68,5.0,8.0,60.0,5.74,8.9,8.0,60.0,0.4,7.0,8.32,37.0,1,0,1,0,0,4
1994,13.0,2000,3.0,31.0,460.0,774.0,8,0.22,3.5,5.0,1.0,0.22,3.5,5.0,1.0,0.22,3.5,5.0,1.0,0,0,0,0,0,4
1995,4.0,2009,11.0,33.0,525.0,775.0,10,1.92,3.95,4.4,3.0,1.92,3.95,4.4,3.0,1.92,3.95,4.4,3.0,0,0,0,0,0,4
1996,13.0,1996,9.0,19.0,51.0,776.0,1,0.14,3.3,3.3,3.0,0.17,3.3,3.3,3.0,0.17,3.3,3.3,3.0,1,0,1,0,0,4
1997,19.0,2003,10.0,1.0,526.0,637.0,9,0.65,8.9,8.7,1.0,0.65,8.9,8.7,1.0,0.22,5.5,5.0,1.0,0,0,0,0,0,4
1998,7.0,2006,8.0,15.0,87.0,297.0,9,0.15,7.15,7.65,6.0,0.13,5.1,5.8,10.0,1.14,7.6,7.4,1.0,1,0,1,0,0,4
1999,5.0,2011,7.0,7.0,160.0,777.0,5,3.17,7.9,8.12,296.0,0.02,7.63,7.65,48.0,0.02,7.63,7.65,48.0,0,0,0,1,0,4
2000,9.0,2001,3.0,1.0,28.0,217.0,6,0.5,8.8,8.55,19.0,0.5,8.8,8.55,19.0,2.85,6.75,8.65,52.0,1,0,0,0,1,4
2001,12.0,1997,5.0,69.0,1.0,778.0,1,0.12,8.4,8.53,277.0,9.87,8.4,8.53,277.0,0.17,8.4,8.53,277.0,1,0,1,0,0,4
2002,13.0,1998,3.0,31.0,527.0,779.0,1,1.76,6.0160609318996405,6.403268817204285,46.05333068992863,1.76,6.099759856630821,6.523605734767007,42.11122125297383,1.76,6.1246594982078815,6.541229390680994,45.49722442505948,0,0,0,0,0,4
2003,5.0,2009,9.0,5.0,60.0,535.0,11,1.43,6.6,6.25,13.0,0.06,7.0,7.3,69.0,0.06,7.0,7.3,69.0,0,0,1,0,0,4
2004,11.0,2015,3.0,100.0,191.0,780.0,5,0.0,0.0,0.0,0.0,0.05,4.0,5.3,4.0,0.05,4.0,5.3,4.0,0,0,0,0,0,4
2005,14.0,2005,3.0,8.0,45.0,43.0,11,2.1,6.6,7.2,78.0,2.1,6.6,7.2,78.0,2.1,6.6,7.2,78.0,1,1,1,1,1,4
2006,4.0,2011,2.0,1.0,44.0,81.0,9,0.39,5.25,7.0,1.0,2.3,6.4,8.05,3.0,2.96,7.8,8.0,32.0,1,0,0,0,0,4
2007,18.0,2013,9.0,20.0,234.0,257.0,11,2.0,7.73,7.62,49.5,2.0,7.73,7.62,49.5,2.0,7.73,7.62,49.5,0,0,0,0,0,4
2008,4.0,2010,8.0,5.0,513.0,781.0,3,0.01,6.0,6.4,8.0,0.28,6.0,6.4,8.0,0.28,6.0,6.4,8.0,0,0,0,0,0,4
2009,6.0,2007,7.0,6.0,304.0,356.0,8,0.01,5.0,5.0,2.0,0.05,7.2,7.8,2.0,0.33,6.05,6.25,41.0,1,0,0,1,0,4
2010,17.0,2009,3.0,4.0,528.0,124.0,9,0.08,8.45,8.0,231.0,0.17,6.25,7.1,9.0,3.88,7.7,7.3,62.0,1,0,0,0,1,4
2011,17.0,2005,3.0,4.0,529.0,782.0,3,4.45,8.7,8.55,231.0,0.26,6.77,6.68,38.5,0.43,8.4,7.25,24.0,0,0,0,0,0,4
2012,11.0,2014,1.0,8.0,27.0,331.0,6,0.71,6.15,5.45,4.0,0.22,3.93,2.88,24.0,1.05,7.87,7.92,80.5,0,0,1,1,0,4
2013,7.0,2005,3.0,29.0,217.0,268.0,4,0.52,5.77,7.55,23.5,0.07,4.5,7.38,4.5,1.2,7.8,7.6,1.0,1,0,0,0,0,4
2014,6.0,2008,2.0,9.0,55.0,62.0,11,2.2,6.03,7.0,141.5,0.18,4.7,7.28,16.5,0.89,6.7,6.15,14.0,0,1,1,0,0,4
2015,1.0,2007,1.0,8.0,530.0,454.0,10,1.23,6.15,6.95,7.0,1.23,6.15,6.95,7.0,0.19,7.3,6.8,0.0,0,0,1,0,1,4
2016,6.0,2011,2.0,6.0,531.0,194.0,11,1.45,7.65,7.25,41.0,1.45,7.65,7.25,41.0,0.06,6.1,5.7,41.0,1,0,0,1,1,4
2017,1.0,2012,9.0,33.0,156.0,783.0,1,0.63,5.17,6.35,13.5,3.04,6.0,6.5,49.0,3.04,6.0,6.5,49.0,0,0,0,1,0,4
2018,7.0,2003,1.0,8.0,184.0,784.0,11,1.17,5.75,5.85,22.0,2.79,8.3,8.47,27.0,2.79,8.3,8.47,27.0,0,0,0,0,0,4
2019,2.0,1985,5.0,69.0,532.0,778.0,1,1.1,6.22424,6.681839999999995,38.648305084745765,1.1,6.186799999999996,6.735519999999998,31.48728813559322,1.1,6.304959999999998,6.693919999999998,42.80084745762712,1,0,0,0,0,4
2020,1.0,2007,9.0,8.0,31.0,93.0,10,1.05,5.55,7.2,55.0,1.51,5.4,7.25,55.0,1.51,5.4,7.25,55.0,0,0,0,0,0,4
2021,15.0,1996,9.0,22.0,425.0,76.0,3,0.16,6.038253849975155,6.395762543467451,46.498639085465435,0.08,6.12096373571782,6.517603079980113,44.4584921066957,0.08,6.161949826130147,6.549006458022845,47.86486118671748,1,1,0,1,1,4
2022,15.0,1996,9.0,22.0,425.0,76.0,10,0.07,8.53,6.9,26.0,0.21,8.53,6.9,26.0,1.03,8.53,8.03,921.0,1,1,0,1,1,4
2023,1.0,2008,6.0,32.0,71.0,260.0,3,1.5,8.55,8.08,36.5,2.2,8.6,8.35,42.5,2.2,8.6,8.35,42.5,1,0,0,0,0,4
2024,13.0,1998,10.0,19.0,51.0,57.0,4,0.06,7.0,7.1,11.0,0.1,7.0,7.3,15.0,0.11,6.0,6.9,15.0,1,0,1,0,0,4
2025,5.0,2011,7.0,8.0,49.0,785.0,2,0.13,5.0,6.0,1.0,6.76,8.65,8.05,317.0,6.76,8.65,8.05,317.0,0,0,0,1,0,4
2026,1.0,2007,1.0,8.0,45.0,31.0,10,1.03,6.9,6.23,3.5,1.35,7.45,7.1,43.0,1.35,7.45,7.1,43.0,1,1,1,0,1,4
2027,1.0,2007,10.0,101.0,533.0,637.0,10,0.14,6.9,6.8,4.0,0.44,6.9,6.8,4.0,0.09,6.9,6.8,4.0,0,0,0,0,0,4
2028,5.0,2007,7.0,6.0,304.0,356.0,3,0.04,4.0,5.6,3.0,0.35,6.0,5.6,3.0,1.54,7.25,7.4,41.0,1,0,0,1,0,4
2029,20.0,2012,9.0,6.0,265.0,786.0,11,3.45,8.67,8.15,811.5,0.15,4.8,5.85,14.0,0.15,4.8,5.85,14.0,0,0,1,1,1,4
2030,19.0,2004,2.0,5.0,139.0,370.0,4,0.21,7.0,7.1,57.5,3.27,6.73,7.17,57.5,0.05,3.0,5.8,1.0,0,0,0,0,1,4
2031,4.0,2007,8.0,6.0,534.0,571.0,11,1.45,7.1,6.9,1.0,0.56,6.0,4.53,32.0,1.33,6.0,4.53,32.0,1,0,0,0,0,4
2032,6.0,2010,4.0,26.0,185.0,625.0,3,0.02,7.8,7.47,318.5,2.78,7.8,7.47,318.5,0.45,8.0,7.7,78.5,1,0,1,0,0,4
2033,8.0,1993,9.0,13.0,51.0,480.0,1,0.79,7.0,7.0,12.0,0.79,7.0,7.0,12.0,1.56,7.0,6.83,43.0,1,0,1,0,1,4
2034,1.0,2008,2.0,29.0,70.0,520.0,7,0.46,5.75,6.58,8.0,0.03,5.75,6.58,8.0,0.2,5.5,6.65,8.0,0,0,0,0,0,4
2035,13.0,1997,9.0,8.0,535.0,787.0,1,1.1,5.0,3.0,1.0,0.67,5.0,3.0,1.0,0.36,5.0,6.6,22.0,0,0,0,0,0,4
2036,5.0,2007,8.0,11.0,536.0,181.0,10,0.51,7.17,7.77,55.0,0.99,7.5,7.9,9.0,0.51,6.75,7.75,11.0,1,0,0,0,0,4
2037,14.0,2006,1.0,8.0,68.0,77.0,8,0.37,7.5,7.9,3.5,0.45,6.6,6.9,3.5,0.23,7.34,6.3,3.5,1,1,1,1,1,4
2038,6.0,2014,9.0,33.0,492.0,711.0,1,0.29,4.0,6.85,4.5,0.29,4.0,6.85,4.5,0.29,4.0,6.85,4.5,1,0,0,1,0,4
2039,7.0,2004,9.0,8.0,137.0,135.0,6,0.04,6.35,7.05,20.0,3.28,7.75,7.8,80.0,0.52,6.45,7.35,20.0,0,0,1,0,0,4
2040,13.0,1998,5.0,28.0,489.0,788.0,1,0.71,7.0,7.0,1.0,0.75,7.0,7.0,1.0,0.75,7.0,7.0,1.0,0,0,0,0,0,4
2041,20.0,2014,9.0,1.0,163.0,633.0,10,0.48,6.9,7.15,6.0,0.5,7.73,7.43,154.0,1.23,8.73,8.23,444.5,0,0,0,1,0,4
2042,5.0,2008,9.0,6.0,62.0,298.0,12,2.34,5.0,8.6,21.0,0.59,7.0,7.45,21.0,0.03,6.0,6.6,176.0,1,0,1,0,1,4
2043,17.0,2010,9.0,4.0,92.0,91.0,11,0.25,4.8,3.45,1.0,3.19,8.05,7.85,107.0,0.12,8.05,8.5,2.0,1,0,0,1,0,4
2044,10.0,2011,2.0,9.0,34.0,62.0,11,1.63,7.28,7.92,235.5,1.63,7.28,7.92,235.5,1.63,7.28,7.92,235.5,0,1,1,1,0,4
2045,5.0,2008,9.0,49.0,301.0,628.0,6,0.25,4.6,5.95,8.0,1.15,8.1,7.75,81.5,1.15,8.1,7.75,81.5,1,0,0,1,0,4
2046,8.0,1995,1.0,31.0,183.0,339.0,1,0.01,8.0,7.45,12.0,1.34,8.0,6.6,26.0,1.39,5.5,8.75,6.0,1,0,0,1,1,4
2047,15.0,2003,1.0,22.0,537.0,789.0,1,0.05,7.1,8.3,6.0,0.05,7.1,8.3,6.0,0.03,6.0,8.2,6.0,0,0,0,0,0,4
2048,1.0,2010,6.0,5.0,82.0,84.0,9,0.08,6.1,6.77,12.5,0.45,6.83,6.77,12.5,0.03,7.0,6.48,45.5,1,0,1,1,0,4
2049,4.0,2006,6.0,9.0,34.0,790.0,1,0.15,7.0,8.15,1.0,0.24,6.93,7.92,6.0,0.24,6.93,7.92,6.0,0,0,1,0,0,4
2050,13.0,1997,8.0,49.0,538.0,770.0,11,0.27,4.0,4.0,1.0,0.07,4.0,4.0,1.0,0.07,4.0,4.0,1.0,1,0,0,0,0,4
2051,6.0,2014,9.0,20.0,234.0,573.0,2,0.02,7.6,7.85,44.0,0.18,7.6,7.85,44.0,0.18,7.6,7.85,44.0,0,0,0,0,0,4
2052,6.0,2009,3.0,36.0,130.0,791.0,9,0.07,6.4,5.6,48.0,1.11,8.7,8.0,48.0,1.11,8.7,8.0,48.0,0,0,0,0,0,4
2053,11.0,2014,2.0,6.0,265.0,194.0,8,0.14,7.4,7.02,152.5,0.46,8.67,8.37,209.0,0.66,8.7,8.67,248.5,1,0,1,1,1,4
2054,1.0,2009,7.0,8.0,530.0,726.0,10,1.38,6.3,6.3,1.5,0.39,6.67,6.5,1.5,1.1,6.6,4.4,1.5,0,0,1,0,0,3
2055,7.0,2003,3.0,91.0,539.0,792.0,10,0.08,6.3,8.2,1.5,0.11,5.91,6.77,1.5,0.86,5.3,5.8,1.5,0,0,0,0,0,3
2056,13.0,1997,4.0,13.0,51.0,793.0,1,0.35,9.1,7.2,24.0,5.05,9.1,9.1,24.0,0.36,8.5,7.88,17.5,1,0,1,0,0,3
2057,5.0,2008,1.0,15.0,213.0,102.0,1,2.5,6.0,6.2,44.0,2.5,6.0,6.2,44.0,2.5,6.0,6.2,44.0,0,0,0,0,0,3
2058,7.0,2000,10.0,49.0,538.0,395.0,7,0.04,6.8,7.3,86.0,0.03,6.8,7.3,86.0,0.14,6.5,7.3,86.0,1,0,0,0,0,3
2059,2.0,1985,7.0,13.0,51.0,794.0,1,0.0,0.0,0.0,0.0,0.0,0.0,0.0,0.0,0.0,0.0,0.0,0.0,0,0,1,1,0,3
2060,12.0,2000,3.0,1.0,266.0,795.0,4,2.2,8.5,8.28,69.0,1.19,8.5,6.8,5.0,1.19,8.5,6.8,5.0,0,0,0,0,1,3
2061,2.0,1991,1.0,1.0,1.0,796.0,1,1.65,9.0,5.4,11.0,1.14,9.0,8.4,18.0,1.14,9.0,8.4,18.0,0,0,1,0,0,3
2062,3.0,1997,6.0,1.0,1.0,640.0,1,1.12,8.0,7.95,30.0,2.94,8.85,8.08,56.5,2.94,8.85,8.08,56.5,0,0,1,0,0,3
2063,7.0,2004,6.0,102.0,540.0,797.0,1,0.06,7.35,6.7,28.0,0.06,7.35,6.7,28.0,0.06,7.35,6.7,28.0,0,0,0,0,0,3
2064,14.0,2003,10.0,26.0,40.0,336.0,8,2.06,8.47,8.45,243.0,2.06,8.47,8.45,243.0,2.06,8.47,8.45,243.0,1,0,1,0,0,3
2065,6.0,2008,7.0,6.0,541.0,798.0,5,0.55,4.6,4.6,42.0,0.16,7.65,8.3,42.0,0.16,7.65,8.3,42.0,0,0,0,0,0,3
2066,5.0,2012,9.0,29.0,145.0,331.0,2,0.02,5.4,4.45,6.0,0.36,7.63,6.97,31.5,0.21,7.2,6.65,12.0,0,0,1,1,0,3
2067,5.0,2006,1.0,15.0,87.0,102.0,1,0.06,4.27,6.33,3.5,0.04,3.8,6.0,1.0,4.06,3.8,8.3,1.0,0,0,1,0,0,3
2068,13.0,1995,3.0,8.0,222.0,43.0,1,0.08,6.0,7.4,33.0,0.08,6.0,7.4,33.0,0.08,6.0,7.4,33.0,0,0,0,0,0,3
2069,13.0,2000,1.0,4.0,395.0,388.0,10,0.14,6.9,6.85,3.0,0.4,6.9,6.85,3.0,1.53,6.9,6.85,3.0,1,0,0,0,0,3
2070,23.0,2013,7.0,16.0,542.0,195.0,9,0.28,7.25,7.6,63.0,0.28,7.25,7.6,63.0,3.02,8.55,7.65,233.0,1,0,0,1,0,3
2071,13.0,1996,1.0,8.0,184.0,247.0,1,1.32,5.0,5.0,1.0,0.25,7.9,7.9,33.0,0.25,7.9,7.9,33.0,1,0,0,0,1,3
2072,7.0,2002,9.0,49.0,253.0,320.0,1,0.36,7.7,8.5,6.0,0.83,4.75,7.1,6.0,0.83,4.75,7.1,6.0,1,0,0,1,1,3
2073,4.0,2005,12.0,29.0,286.0,799.0,10,0.08,5.1,7.6,1.5,0.09,6.03,7.0,1.5,0.06,6.03,7.75,1.0,1,0,0,0,1,3
2074,6.0,2013,6.0,6.0,543.0,680.0,1,0.04,4.6,5.4,37.0,0.04,4.6,5.4,37.0,1.12,7.07,8.18,37.0,0,0,1,1,0,3
2075,6.0,2013,9.0,8.0,257.0,343.0,2,0.13,4.0,7.2,5.0,1.44,8.8,8.1,544.0,1.44,8.8,8.1,544.0,1,0,0,1,0,3
2076,1.0,2010,6.0,29.0,120.0,614.0,11,0.38,7.0,7.2,35.0,0.09,7.0,7.2,35.0,0.41,7.0,7.2,35.0,0,0,0,0,0,3
2077,6.0,2013,9.0,33.0,249.0,411.0,9,1.73,4.0,5.25,7.0,1.73,4.0,5.25,7.0,1.73,4.0,5.25,7.0,1,0,0,1,0,3
2078,5.0,2011,4.0,26.0,227.0,332.0,10,1.24,7.4,7.85,82.0,0.03,7.4,6.0,2.0,1.84,8.7,8.5,211.0,0,0,0,1,0,3
2079,4.0,2008,5.0,6.0,544.0,800.0,8,0.06,6.113662188410491,6.478914697313095,46.06567270145545,0.06,6.201849303981892,6.579059566202701,45.24915690450834,0.06,6.23395192618973,6.6216097442538295,46.436324103656375,0,0,0,0,0,3
2080,13.0,2000,6.0,4.0,545.0,801.0,1,2.15,7.5,7.5,17.0,2.15,7.5,7.5,17.0,2.15,7.5,7.5,17.0,0,0,0,0,0,3
2081,5.0,2013,9.0,8.0,257.0,343.0,2,0.12,4.0,7.2,5.0,0.33,8.73,8.05,404.0,0.33,8.73,8.05,404.0,1,0,0,1,0,3
2082,4.0,2005,11.0,13.0,51.0,802.0,3,3.62,8.98,9.02,628.0,3.62,8.98,9.02,628.0,3.62,8.98,9.02,628.0,0,0,1,0,0,3
2083,14.0,2000,1.0,2.0,522.0,803.0,11,5.12,9.03,7.62,86.0,5.12,9.03,7.62,86.0,5.12,9.03,7.62,86.0,0,0,0,0,1,3
2084,19.0,2003,3.0,24.0,79.0,93.0,9,0.03,7.5,7.7,2.0,0.2,6.2,7.7,2.0,1.52,3.4,4.0,0.0,0,0,0,0,0,3
2085,4.0,2008,8.0,8.0,31.0,804.0,10,1.35,8.2,7.35,83.0,0.35,6.8,7.02,18.0,0.35,6.8,7.02,18.0,0,0,0,0,0,3
2086,5.0,2011,9.0,20.0,60.0,556.0,11,0.53,8.87,8.72,571.0,0.03,5.65,6.8,36.0,0.03,5.65,6.8,36.0,0,0,1,0,0,3
2087,5.0,2013,9.0,6.0,546.0,805.0,8,0.1,6.126604654783216,6.491629174126295,45.76130052123387,0.1,6.208851872032394,6.588945279053524,44.84187815090148,0.1,6.24169222386551,6.628963182065865,46.192899256600874,1,0,1,1,0,3
2088,17.0,2006,8.0,26.0,536.0,181.0,10,0.03,6.3,6.6,1.0,0.03,6.3,6.6,1.0,3.17,7.95,8.1,12.0,1,0,0,0,0,3
2089,5.0,2011,1.0,8.0,27.0,378.0,7,0.19,6.87,7.62,75.0,0.72,7.15,7.5,108.0,0.84,8.5,7.75,1.0,1,0,1,0,0,3
2090,6.0,2011,9.0,33.0,60.0,450.0,5,1.64,5.65,6.95,36.0,1.64,5.65,6.95,36.0,1.64,5.65,6.95,36.0,0,0,1,0,0,3
2091,1.0,2009,6.0,5.0,82.0,758.0,11,1.21,5.95,6.4,13.0,0.91,6.43,6.78,22.0,0.77,8.07,7.5,42.5,0,0,1,0,0,3
2092,1.0,2009,3.0,29.0,547.0,806.0,11,0.07,5.4,5.4,32.76409185803758,0.49,6.7,6.7,23.798538622129435,0.49,6.7,6.7,28.856993736951985,0,0,0,0,1,3
2093,13.0,1998,2.0,14.0,447.0,626.0,10,0.04,7.75,8.15,33.0,1.24,7.75,8.15,33.0,1.24,7.75,8.15,33.0,1,0,0,0,0,3
2094,6.0,2009,8.0,4.0,299.0,138.0,10,6.73,9.37,8.45,2117.5,0.95,6.0,6.33,3.5,3.67,6.0,8.0,2.0,0,0,0,1,0,3
2095,1.0,2009,9.0,20.0,548.0,807.0,9,0.12,6.081317301269194,6.428591850367435,48.85785172212493,0.13,6.164849699398801,6.541612558450277,47.55465557501459,0.13,6.20785303941215,6.583874415497689,48.898423817863396,0,0,0,0,0,3
2096,17.0,2008,3.0,3.0,549.0,139.0,10,1.58,3.8,6.3,15.5,0.56,5.07,6.62,15.5,2.45,7.73,7.92,137.0,1,0,0,0,1,3
2097,7.0,2000,9.0,4.0,550.0,808.0,3,0.04,6.139316450338602,6.506447516930062,45.87851335656214,0.04,6.227496472911969,6.61041055304744,45.86039488966318,0.04,6.2573518623024835,6.647404768623042,47.110259388308165,0,0,0,0,0,3
2098,6.0,2008,6.0,5.0,73.0,84.0,6,1.23,6.0,6.5,18.0,0.45,6.32,6.33,14.5,1.29,6.1,6.63,14.5,1,0,1,0,0,3
2099,1.0,2007,10.0,29.0,145.0,281.0,11,1.33,7.13,7.0,45.5,1.33,7.13,7.0,45.5,1.33,7.13,7.0,45.5,0,0,1,0,0,3
2100,1.0,2009,1.0,8.0,27.0,31.0,10,1.16,8.15,7.5,95.0,1.7,8.0,7.9,95.0,1.7,8.0,7.9,95.0,1,1,1,0,1,3
2101,19.0,2005,2.0,9.0,55.0,62.0,11,0.07,7.65,7.65,20.0,0.06,7.0,8.0,1.0,0.06,7.0,8.0,1.0,0,0,1,0,0,3
2102,15.0,2012,8.0,81.0,450.0,809.0,10,0.07,7.15,7.25,24.0,0.01,3.0,7.0,1.0,0.01,3.0,7.0,1.0,1,0,0,0,0,3
2103,15.0,2008,4.0,7.0,25.0,47.0,10,4.96,8.27,8.23,441.5,4.96,8.27,8.23,441.5,4.96,8.27,8.23,441.5,1,0,0,0,0,3
2104,4.0,2006,3.0,29.0,262.0,520.0,6,1.21,5.7,7.08,17.5,0.4,5.0,4.0,3.0,1.21,5.7,7.08,17.5,0,0,0,0,1,3
2105,17.0,2008,1.0,15.0,87.0,102.0,10,0.04,3.57,5.03,6.0,1.6,6.9,6.8,6.0,0.22,6.9,6.8,6.0,0,1,1,0,0,3
2106,15.0,2012,7.0,6.0,62.0,118.0,11,3.04,8.7,8.3,645.5,3.45,8.67,8.15,811.5,3.45,8.67,8.15,811.5,1,1,1,1,0,3
2107,1.0,2010,4.0,1.0,311.0,810.0,8,2.57,7.5,8.12,50.0,0.08,7.3,8.0,7.0,0.08,7.3,8.0,7.0,1,0,0,0,0,3
2108,5.0,2013,6.0,6.0,19.0,23.0,10,2.74,7.77,7.85,358.0,2.74,7.77,7.85,358.0,0.13,5.25,5.25,4.0,1,1,1,1,1,3
2109,9.0,2005,6.0,1.0,29.0,2.0,6,20.22,7.7,7.7,33.0,2.47,7.0,7.7,33.0,1.07,6.75,7.2,33.0,1,1,0,0,0,3
2110,6.0,2010,3.0,9.0,169.0,497.0,2,1.06,5.8,6.65,220.5,1.51,6.93,7.28,97.5,1.51,6.93,7.28,97.5,0,1,0,0,0,3
2111,2.0,1993,5.0,1.0,34.0,4.0,1,2.0,7.0,7.1,8.0,0.23,7.0,8.0,2.0,1.24,7.0,8.0,2.0,1,1,1,0,1,3
2112,12.0,1998,3.0,8.0,80.0,472.0,1,1.22,7.0,7.0,1.0,0.77,7.0,7.0,1.0,1.52,7.0,7.0,1.0,0,0,0,0,0,3
2113,7.0,2015,4.0,54.0,103.0,811.0,6,0.01,7.3,7.6,50.0,0.11,7.3,7.6,50.0,0.27,7.3,7.6,50.0,1,0,0,0,0,3
2114,4.0,2010,4.0,17.0,57.0,56.0,1,0.01,6.03,7.4,71.0,0.4,5.8,7.05,21.0,2.04,6.75,7.35,40.0,1,0,1,1,0,3
2115,6.0,2014,4.0,6.0,97.0,697.0,3,0.02,6.9,6.5,52.5,0.37,6.9,6.5,52.5,0.24,5.0,5.5,4.0,0,0,0,0,0,3
2116,6.0,2011,3.0,6.0,322.0,59.0,9,1.16,7.17,8.15,28.0,1.17,7.17,7.5,31.0,0.03,5.63,6.67,33.0,1,0,1,1,0,3
2117,6.0,2012,7.0,12.0,315.0,812.0,5,0.06,4.95,5.22,7.0,0.13,5.5,5.52,14.5,0.09,5.85,6.55,2.0,1,0,0,0,0,3
2118,5.0,2014,7.0,6.0,62.0,118.0,11,1.37,6.0,6.6,72.0,4.03,7.5,7.25,195.5,1.61,7.4,7.57,113.5,1,1,1,1,0,3
2119,15.0,2005,9.0,3.0,5.0,11.0,10,0.36,7.7,7.75,5.0,20.81,9.17,8.85,1012.5,20.81,9.17,8.85,1012.5,1,1,1,0,0,3
2120,6.0,2013,9.0,6.0,546.0,805.0,8,0.09,4.2,6.2,89.0,0.99,7.6,7.4,89.0,0.99,7.6,7.4,89.0,1,0,1,1,0,3
2121,6.0,2013,9.0,15.0,87.0,102.0,9,0.15,6.35,7.0,66.0,0.1,6.35,7.0,66.0,0.09,7.5,6.73,71.0,0,1,1,1,0,3
2122,5.0,2015,1.0,8.0,27.0,77.0,8,3.22,8.15,7.12,5.0,3.22,8.15,7.12,5.0,3.22,8.15,7.12,5.0,1,1,1,1,0,3
2123,7.0,2009,1.0,8.0,68.0,77.0,8,0.24,7.17,8.15,2.5,0.24,7.17,8.15,2.5,0.33,7.0,8.05,3.0,1,1,1,0,0,3
2124,5.0,2009,9.0,8.0,551.0,813.0,10,1.0,6.7,4.5,92.0,0.12,7.9,8.4,92.0,0.12,7.9,8.4,92.0,0,0,0,0,0,3
2125,4.0,2006,8.0,26.0,278.0,526.0,11,0.05,7.6,8.2,9.0,0.14,6.57,7.53,9.0,1.26,5.9,7.7,9.0,0,0,0,0,0,3
2126,11.0,2015,4.0,17.0,57.0,25.0,3,0.15,7.0,6.3,3.0,0.29,7.13,7.22,84.5,0.72,7.13,7.6,62.0,1,1,1,0,0,3
2127,6.0,2007,1.0,8.0,68.0,77.0,8,2.57,7.43,8.37,4.0,2.57,7.43,8.37,4.0,2.57,7.43,8.37,4.0,1,1,1,0,0,3
2128,1.0,2008,2.0,29.0,552.0,814.0,7,1.46,5.25,4.3,10.0,0.04,6.5,5.8,10.0,0.04,6.5,5.8,10.0,0,0,0,0,0,3
2129,14.0,2005,1.0,8.0,27.0,378.0,7,0.08,8.55,8.35,46.0,0.87,7.93,8.45,13.0,0.22,8.8,8.4,13.0,1,0,1,0,0,3
2130,15.0,2012,4.0,8.0,154.0,187.0,3,1.46,8.77,7.4,419.0,3.07,8.77,7.58,459.0,3.07,8.77,7.58,459.0,1,0,0,1,1,3
2131,5.0,2009,1.0,3.0,102.0,126.0,10,3.44,8.3,7.13,483.5,0.41,8.5,8.03,12.5,0.61,8.4,8.0,37.5,1,0,1,0,1,3
2132,9.0,2003,12.0,1.0,3.0,345.0,7,1.53,8.1,8.1,6.0,0.39,8.1,7.3,6.0,0.26,8.1,7.0,1.0,1,0,1,0,0,3
2133,6.0,2011,9.0,9.0,487.0,707.0,3,0.13,6.95,7.0,1.0,1.13,6.95,7.6,61.0,1.13,6.95,7.6,61.0,1,0,0,1,0,3
2134,5.0,2011,9.0,5.0,47.0,220.0,10,0.06,3.3,4.55,4.0,0.23,5.8,6.6,4.0,0.23,5.8,6.6,4.0,1,0,0,1,0,3
2135,1.0,2010,1.0,33.0,181.0,182.0,9,0.46,7.8,8.0,2.0,0.21,3.9,4.05,2.0,3.16,3.9,8.1,2.0,0,0,0,0,0,3
2136,7.0,2003,1.0,8.0,27.0,651.0,9,1.63,8.22,7.92,4.0,0.15,8.9,7.2,4.0,0.21,7.5,7.4,0.0,1,0,1,0,0,3
2137,7.0,2007,9.0,3.0,72.0,11.0,11,0.09,7.13,7.57,3.5,5.08,7.53,7.75,353.5,5.08,7.53,7.75,353.5,1,1,0,0,0,3
2138,5.0,2015,1.0,3.0,102.0,126.0,9,2.32,8.53,7.32,20.0,3.85,8.57,7.33,50.5,3.85,8.57,7.33,50.5,1,0,1,0,1,3
2139,14.0,2004,1.0,8.0,45.0,31.0,10,3.7,7.55,7.3,23.0,3.7,7.55,7.3,23.0,0.05,7.2,6.9,1.0,1,1,1,1,1,3
2140,1.0,2012,9.0,20.0,234.0,615.0,11,1.26,7.5,7.5,64.0,1.26,7.5,7.5,64.0,1.26,7.5,7.5,64.0,0,0,0,0,0,3
2141,8.0,1992,4.0,10.0,215.0,561.0,1,0.76,6.03269493844049,6.3998449612402935,47.56792123629113,1.77,6.126103511171898,6.525690834473301,46.22083748753739,1.77,6.171917464660274,6.563750569995426,48.952018943170486,0,0,0,0,0,3
2142,16.0,1981,2.0,11.0,1.0,26.0,1,1.65,3.0,6.7,9.0,0.49,3.0,5.5,8.0,1.46,3.0,5.9,38.0,1,1,1,0,1,3
2143,19.0,2006,9.0,18.0,60.0,235.0,9,1.41,7.15,7.45,28.0,2.69,7.2,7.75,28.0,2.69,7.2,7.75,28.0,0,0,1,0,0,3
2144,6.0,2011,9.0,20.0,60.0,556.0,11,1.36,7.6,7.3,21.0,1.36,7.6,7.3,21.0,1.36,7.6,7.3,21.0,0,0,1,0,0,3
2145,23.0,2013,4.0,17.0,415.0,25.0,3,0.29,7.13,7.22,84.5,0.45,7.5,7.37,17.0,0.29,7.13,7.22,84.5,1,1,0,0,0,3
2146,13.0,2000,7.0,8.0,193.0,49.0,10,1.34,8.4,8.2,8.0,2.67,9.2,8.7,8.0,2.67,9.2,8.7,8.0,1,0,0,1,0,3
2147,4.0,2005,8.0,8.0,187.0,545.0,10,0.08,7.8,8.4,32.0,0.22,5.85,7.55,32.0,0.22,5.85,7.55,32.0,0,0,0,1,0,3
2148,7.0,2002,4.0,4.0,59.0,489.0,2,0.16,7.0,6.4,5.0,1.54,7.0,7.72,67.5,1.54,7.0,7.72,67.5,0,0,0,0,0,3
2149,13.0,1999,6.0,4.0,553.0,815.0,1,1.69,5.9864729458917845,6.425400801603205,44.05604395604396,1.69,6.120961923847696,6.589959919839676,34.17912087912088,1.69,6.162114228456913,6.618947895791575,38.04120879120879,0,0,0,0,0,3
2150,6.0,2012,9.0,4.0,554.0,816.0,11,0.73,6.65,8.05,23.0,0.73,6.65,8.05,23.0,0.73,6.65,8.05,23.0,0,0,0,1,0,3
2151,13.0,1999,8.0,15.0,103.0,297.0,1,1.18,8.3,8.7,122.0,1.6,8.3,8.7,122.0,1.35,8.3,7.5,2.0,1,0,0,0,0,3
2152,4.0,2011,6.0,29.0,555.0,817.0,10,0.09,6.0,6.0,1.0,0.1,6.0,6.0,1.0,0.1,6.0,6.0,1.0,0,0,0,0,0,3
2153,1.0,2012,4.0,17.0,556.0,65.0,1,1.39,8.63,8.27,449.0,1.39,8.63,8.27,449.0,1.81,7.9,8.1,69.0,1,1,0,0,0,3
2154,4.0,2011,9.0,33.0,60.0,450.0,5,1.07,5.65,6.95,36.0,1.07,5.65,6.95,36.0,1.07,5.65,6.95,36.0,0,0,1,0,0,3
2155,17.0,2006,11.0,4.0,299.0,818.0,10,0.05,5.17,7.7,9.5,0.1,5.3,7.7,9.5,0.1,5.3,7.7,9.5,0,0,0,0,0,3
2156,12.0,1996,10.0,14.0,183.0,216.0,1,0.27,7.8,7.8,12.0,2.79,7.2,7.2,9.0,0.55,6.6,6.6,26.0,1,1,0,1,0,3
2157,2.0,1986,7.0,69.0,24.0,819.0,1,1.15,6.067743517869653,6.410260686755447,49.92408256880734,1.45,6.15134407848633,6.527146461107241,48.49021406727829,1.45,6.197436580238246,6.5708913805185905,49.939908256880734,1,0,0,0,0,3
2158,5.0,2008,2.0,9.0,55.0,62.0,11,1.15,8.3,8.05,6.0,2.2,6.03,7.0,141.5,2.2,6.03,7.0,141.5,0,1,1,0,0,3
2159,6.0,2010,7.0,13.0,51.0,565.0,5,0.22,6.5,5.05,25.0,0.04,6.5,5.05,25.0,1.34,7.3,7.4,106.5,0,0,1,0,0,3
2160,7.0,2000,1.0,8.0,27.0,651.0,10,1.25,7.8,6.55,1.0,1.67,7.75,7.4,1.0,0.87,7.75,7.5,2.0,1,0,1,0,1,3
2161,10.0,2012,4.0,17.0,85.0,820.0,1,0.59,8.67,8.18,544.5,1.56,8.67,8.18,544.5,1.56,8.67,8.18,544.5,1,1,0,0,1,3
2162,4.0,2008,1.0,6.0,62.0,821.0,6,1.0,4.67,5.67,70.5,1.35,7.05,7.35,50.0,1.35,7.05,7.35,50.0,0,0,1,0,0,3
2163,6.0,2012,7.0,6.0,42.0,518.0,5,0.22,6.2,6.52,33.5,4.42,6.03,6.5,52.0,4.42,6.03,6.5,52.0,1,0,1,1,0,3
2164,4.0,2006,9.0,13.0,557.0,822.0,1,2.21,7.0,7.3,52.0,2.21,7.0,7.3,52.0,2.21,7.0,7.3,52.0,1,0,0,0,0,3
2165,7.0,2002,2.0,4.0,558.0,823.0,11,0.05,7.0,6.65,37.0,0.09,8.65,8.65,162.0,0.09,8.65,8.65,162.0,1,0,0,1,0,3
2166,14.0,2002,10.0,40.0,210.0,216.0,11,0.1,2.8,3.4,0.0,0.08,7.6,8.3,2.0,2.49,7.8,7.63,43.5,1,1,0,1,0,3
2167,15.0,2011,9.0,26.0,110.0,136.0,5,0.23,5.6,6.95,38.0,0.06,8.03,8.25,146.5,0.06,8.03,8.25,146.5,0,0,0,1,0,3
2168,10.0,2011,8.0,1.0,559.0,699.0,3,0.01,6.0,5.5,2.0,0.54,6.6,7.7,33.0,1.14,9.0,8.4,18.0,0,0,0,0,0,3
2169,6.0,2013,10.0,26.0,385.0,637.0,3,0.01,7.13,7.33,368.5,0.74,7.13,7.33,368.5,0.45,7.13,7.22,235.0,0,0,0,0,0,3
2170,5.0,2015,9.0,20.0,234.0,824.0,6,3.79,8.4,7.7,285.5,0.43,7.4,7.1,10.0,0.43,7.4,7.1,10.0,0,0,0,0,0,3
2171,14.0,2004,1.0,64.0,102.0,243.0,9,0.15,5.6,6.5,16.0,1.59,7.6,7.7,16.0,1.63,8.1,8.2,3.0,0,0,1,0,0,3
2172,7.0,2003,6.0,54.0,560.0,614.0,11,0.04,8.1,8.0,9.5,0.04,6.73,7.02,9.5,1.26,6.73,7.02,9.5,0,0,0,0,0,3
2173,7.0,2004,6.0,99.0,561.0,430.0,11,0.14,6.8,7.2,1.0,0.02,6.8,6.9,1.0,0.02,6.8,6.9,1.0,0,0,0,0,0,3
2174,7.0,2005,9.0,6.0,62.0,716.0,3,0.13,8.15,7.25,1.0,0.8,8.15,7.5,109.0,0.8,8.15,7.5,109.0,1,0,1,1,0,3
2175,19.0,2003,2.0,29.0,228.0,392.0,10,1.23,6.9,5.2,1.0,2.1,6.9,7.15,1.0,1.67,7.1,5.9,1.0,0,0,0,0,0,3
2176,5.0,2014,4.0,6.0,97.0,697.0,3,0.01,6.9,5.47,64.5,0.17,6.9,5.47,64.5,0.2,3.75,6.35,5.0,0,0,0,0,0,3
2177,4.0,2008,9.0,103.0,562.0,427.0,10,0.02,7.6,7.3,1.0,0.03,5.7,7.3,1.0,0.84,5.5,7.65,8.5,0,0,0,0,0,3
2178,6.0,2008,6.0,4.0,299.0,373.0,11,2.48,7.85,6.4,68.0,0.28,7.5,6.4,68.0,0.28,7.5,6.4,68.0,1,0,0,0,0,3
2179,1.0,2011,3.0,33.0,249.0,520.0,6,0.03,5.65,6.8,36.0,0.66,6.0,6.8,20.0,0.02,5.25,6.42,6.0,0,0,0,0,1,3
2180,13.0,1996,4.0,4.0,563.0,825.0,1,1.17,7.8,7.8,10.0,1.17,7.8,7.8,10.0,1.17,7.8,7.8,10.0,0,0,0,0,0,3
2181,7.0,2000,12.0,8.0,524.0,826.0,11,1.66,9.15,8.38,222.0,0.06,9.15,8.38,222.0,0.06,9.15,8.38,222.0,1,0,0,0,1,3
2182,9.0,2003,6.0,15.0,54.0,277.0,4,0.27,6.72,8.42,23.0,0.62,8.7,8.4,23.0,0.27,8.7,5.0,2.0,0,0,0,1,0,3
2183,13.0,1999,1.0,8.0,297.0,827.0,1,1.41,5.9864729458917845,6.425400801603205,44.05604395604396,1.8,6.120961923847696,6.589959919839676,34.17912087912088,1.8,6.162114228456913,6.618947895791575,38.04120879120879,1,0,0,0,0,3
2184,6.0,2009,9.0,8.0,551.0,813.0,10,0.99,7.75,6.75,95.0,0.12,7.9,8.4,92.0,0.12,7.9,8.4,92.0,0,0,0,0,0,3
2185,6.0,2011,9.0,5.0,47.0,220.0,10,2.85,7.8,6.28,73.5,2.85,7.8,6.28,73.5,2.85,7.8,6.28,73.5,1,0,0,1,0,3
2186,1.0,2009,6.0,5.0,73.0,84.0,5,0.08,3.0,5.5,3.0,0.29,5.17,6.67,6.0,0.29,5.17,6.67,6.0,1,0,1,0,0,3
2187,11.0,2015,7.0,3.0,564.0,828.0,2,0.56,6.3,5.5,21.0,0.56,6.3,5.5,21.0,0.56,6.3,5.5,21.0,0,0,0,1,0,3
2188,6.0,2008,10.0,29.0,145.0,627.0,11,0.14,4.9,8.8,48.44426425401161,0.02,7.0,8.8,46.782946398088086,0.02,7.0,8.8,48.1357972004097,0,0,1,0,0,3
2189,5.0,2010,7.0,8.0,340.0,448.0,1,0.06,7.03,7.55,101.0,0.24,4.0,8.6,0.0,1.65,6.4,6.8,110.5,1,0,1,0,0,3
2190,1.0,2009,1.0,5.0,565.0,86.0,11,1.04,6.55,6.9,13.0,0.46,7.23,7.2,99.5,0.23,6.52,6.43,13.0,0,0,0,0,0,3
2191,5.0,2014,9.0,20.0,234.0,829.0,11,1.32,7.85,7.6,121.0,0.21,6.0,4.4,17.0,0.21,6.0,4.4,17.0,0,1,0,0,0,3
2192,1.0,2011,6.0,1.0,1.0,5.0,6,0.49,5.4,5.35,8.0,0.03,9.0,8.3,563.0,29.02,5.4,5.7,103.0,1,1,1,0,1,3
2193,7.0,2004,7.0,4.0,159.0,195.0,11,0.08,6.1,6.8,50.551418439716315,0.1,5.0,6.8,48.66979557780559,0.1,5.0,6.8,49.56727158948686,1,0,0,0,0,3
2194,6.0,2011,9.0,17.0,425.0,76.0,3,0.74,7.97,7.12,287.5,0.48,7.17,7.42,150.5,0.26,7.0,7.0,170.0,0,0,0,0,0,3
2195,7.0,2003,3.0,36.0,566.0,215.0,9,0.05,6.22,7.15,1.0,0.05,6.22,7.15,1.0,0.02,8.5,7.8,36.0,1,0,0,0,0,3
2196,10.0,2011,7.0,1.0,1.0,119.0,9,0.68,7.0,7.8,82.0,0.49,5.4,5.35,8.0,1.08,6.35,7.05,45.0,1,0,1,1,0,3
2197,19.0,2004,2.0,29.0,228.0,392.0,10,1.76,5.75,7.75,1.0,2.37,5.6,6.55,4.0,1.76,5.75,7.75,1.0,0,0,0,0,0,3
2198,5.0,2013,6.0,6.0,543.0,680.0,1,0.02,5.23,5.25,2.5,1.0,5.23,5.25,2.5,0.12,7.1,8.02,21.0,0,0,1,1,0,3
2199,13.0,1996,6.0,14.0,98.0,830.0,1,2.79,7.2,7.2,9.0,1.79,5.9,5.9,7.0,1.79,5.9,5.9,7.0,0,0,0,0,0,3
2200,1.0,2006,3.0,29.0,217.0,520.0,6,1.13,5.0,5.35,6.0,0.69,6.4,7.05,3.0,1.13,5.0,5.35,6.0,0,0,0,0,1,3
2201,15.0,2012,9.0,6.0,19.0,55.0,10,5.3,8.47,7.4,800.5,5.3,8.47,7.4,800.5,6.5,8.5,6.95,1163.0,1,1,1,1,1,3
2202,7.0,2003,9.0,15.0,103.0,597.0,10,1.81,8.2,7.65,1.0,0.71,8.17,8.5,126.5,0.26,8.4,7.98,58.0,1,0,0,0,0,3
2203,10.0,2012,1.0,1.0,231.0,664.0,5,0.19,6.0,8.45,48.0,0.07,6.0,8.45,48.0,0.07,6.0,8.45,48.0,1,1,0,0,0,3
2204,5.0,2012,9.0,26.0,110.0,136.0,5,0.12,6.37,6.03,30.5,0.32,8.6,8.2,137.0,0.32,8.6,8.2,137.0,0,0,0,1,0,3
2205,5.0,2009,9.0,9.0,163.0,633.0,1,0.15,4.85,8.2,444.5,2.99,5.0,8.2,444.5,1.23,8.73,8.23,444.5,0,0,0,0,0,3
2206,7.0,2005,7.0,29.0,116.0,831.0,6,0.04,4.87,5.8,2.0,0.76,7.0,6.8,15.0,0.76,7.0,6.8,15.0,1,0,0,1,0,3
2207,14.0,2005,1.0,8.0,27.0,491.0,1,1.64,4.0,5.4,5.0,0.14,8.8,5.4,5.0,0.59,9.0,7.8,5.0,1,0,1,0,0,3
2208,13.0,1999,4.0,10.0,215.0,561.0,1,1.14,8.1,7.7,13.0,0.17,7.0,7.7,79.0,1.3,7.0,8.1,9.0,1,0,0,0,0,3
2209,5.0,2009,1.0,8.0,68.0,378.0,7,1.41,8.4,7.83,73.5,0.09,7.6,7.5,23.0,0.22,7.0,6.3,1.0,1,0,1,0,0,3
2210,13.0,1999,1.0,4.0,567.0,832.0,1,1.07,5.9864729458917845,6.425400801603205,44.05604395604396,1.07,6.120961923847696,6.589959919839676,34.17912087912088,1.07,6.162114228456913,6.618947895791575,38.04120879120879,0,0,0,0,0,3
2211,20.0,2016,9.0,1.0,568.0,39.0,3,0.84,8.4,8.5,128.0,0.41,6.0,6.07,4.0,2.32,8.95,8.85,330.0,0,1,0,1,1,3
2212,7.0,2006,9.0,3.0,569.0,833.0,10,0.03,8.15,7.65,8.0,0.03,8.15,7.65,8.0,0.03,8.15,7.65,8.0,0,0,0,0,0,3
2213,14.0,2003,9.0,6.0,19.0,298.0,11,0.03,6.0,7.9,113.0,0.03,7.7,7.9,113.0,0.15,8.25,8.05,198.0,1,0,1,0,1,3
2214,17.0,2008,4.0,9.0,570.0,834.0,3,1.47,6.3,7.15,31.0,0.26,6.0,6.0,2.0,0.26,6.0,7.45,5.0,1,0,0,0,0,3
2215,7.0,2003,1.0,4.0,171.0,835.0,8,0.18,7.3,6.4,2.0,2.79,7.3,6.4,2.0,2.79,7.3,6.4,2.0,0,0,0,0,0,3
2216,7.0,2006,1.0,4.0,571.0,836.0,2,0.01,7.8,7.6,33.97331786542924,0.01,7.8,7.6,24.481438515081205,0.9,7.8,7.6,29.665893271461716,0,0,0,0,0,3
2217,7.0,2002,1.0,8.0,27.0,651.0,10,4.67,8.2,8.1,5.0,0.27,8.4,8.1,5.0,0.27,8.45,7.3,5.0,1,0,1,0,0,3
2218,5.0,2009,7.0,36.0,130.0,837.0,10,0.38,6.55,6.55,76.0,0.38,6.55,6.55,76.0,0.04,7.2,8.5,14.0,1,0,0,0,0,3
2219,1.0,2010,1.0,3.0,448.0,838.0,11,0.19,8.4,8.52,53.0,0.11,8.4,8.52,53.0,0.11,8.4,8.52,53.0,0,0,0,0,0,3
2220,6.0,2009,6.0,4.0,370.0,465.0,10,1.88,7.85,8.3,76.0,0.9,7.0,6.95,21.0,0.87,6.4,6.0,2.0,1,0,0,0,0,3
2221,9.0,2005,6.0,104.0,572.0,387.0,1,1.21,8.3,8.1,37.0,1.21,8.3,8.1,37.0,1.21,8.3,8.1,37.0,0,0,0,0,0,3
2222,14.0,2002,1.0,5.0,73.0,86.0,10,0.1,7.0,6.65,2.0,0.82,9.1,8.2,2.0,0.63,7.4,7.3,48.0,1,0,1,1,1,3
2223,15.0,2012,7.0,3.0,127.0,157.0,9,3.07,8.63,8.38,353.0,3.07,8.63,8.38,353.0,3.07,8.63,8.38,353.0,1,0,0,1,0,3
2224,1.0,2009,1.0,8.0,45.0,839.0,1,0.02,8.47,8.4,300.5,0.22,7.0,6.3,1.0,0.22,7.0,6.3,1.0,0,0,1,0,0,3
2225,6.0,2008,4.0,4.0,59.0,840.0,2,0.03,6.7,8.5,46.03618002544529,4.0,6.7,8.5,45.58993320610687,4.0,6.7,8.5,46.776558524173026,0,0,0,0,0,3
2226,6.0,2012,1.0,8.0,45.0,408.0,3,1.29,7.55,7.22,314.0,0.09,7.92,7.33,74.5,0.14,7.55,7.6,30.0,1,0,1,1,1,3
2227,1.0,2008,3.0,9.0,55.0,62.0,2,0.01,5.0,7.5,55.0,0.26,5.0,7.45,5.0,1.17,7.4,7.3,21.0,0,1,1,0,0,3
2228,6.0,2015,9.0,20.0,234.0,824.0,6,1.45,8.33,7.35,265.5,0.06,8.33,6.95,10.0,0.06,8.33,6.95,10.0,0,0,0,0,0,3
2229,4.0,2007,8.0,105.0,573.0,841.0,10,0.03,5.8,5.3,47.35864844149208,0.03,3.8,5.3,46.229496678589676,0.03,3.8,5.3,47.57901124169648,0,0,0,0,0,3
2230,9.0,2004,3.0,29.0,574.0,842.0,1,0.02,7.7,8.4,47.43754583231484,0.02,7.7,8.4,46.20019555120997,0.11,7.7,8.4,48.87949156685407,0,0,0,0,0,3
2231,16.0,1981,9.0,46.0,75.0,158.0,1,2.2,5.0,5.0,47.1133296460177,2.2,5.0,5.0,45.50840707964602,2.2,5.0,5.0,46.38069690265487,0,0,0,1,0,3
2232,2.0,1991,2.0,13.0,51.0,500.0,1,1.17,8.0,8.0,29.0,1.17,8.0,8.0,29.0,1.51,8.3,8.3,66.0,1,0,1,0,0,3
2233,2.0,1987,2.0,15.0,87.0,597.0,1,1.2,7.6,7.6,9.0,1.2,7.6,7.6,9.0,1.23,7.6,7.6,9.0,1,0,1,0,0,3
2234,12.0,1999,2.0,5.0,60.0,418.0,11,0.1,7.5,6.4,18.0,1.71,7.5,7.25,16.0,1.71,7.5,7.25,16.0,0,0,1,0,0,3
2235,9.0,2003,9.0,54.0,87.0,110.0,12,0.95,5.9,8.5,0.0,0.32,5.9,8.5,0.0,0.3,3.0,8.5,0.0,0,0,1,0,0,3
2236,7.0,2007,1.0,4.0,101.0,836.0,2,0.03,6.3,6.8,47.86400791034937,0.02,6.3,6.8,46.669215557020436,0.94,8.3,8.6,47.940870138431116,0,0,0,0,0,3
2237,5.0,2014,9.0,5.0,47.0,280.0,10,1.73,7.0,5.65,103.0,1.09,6.73,6.5,21.5,0.24,6.93,6.62,4.0,1,0,0,1,0,3
2238,19.0,2006,3.0,29.0,217.0,843.0,6,0.98,5.13,3.93,13.5,1.21,5.7,7.08,17.5,1.21,5.7,7.08,17.5,0,0,0,0,1,3
2239,6.0,2008,7.0,6.0,127.0,844.0,9,0.14,6.7,7.87,17.5,0.46,6.7,7.87,17.5,0.46,6.5,8.3,17.5,1,0,0,0,0,3
2240,4.0,2010,4.0,38.0,190.0,540.0,1,0.03,6.0,6.7,7.0,1.42,6.0,6.7,7.0,0.54,7.47,7.9,220.5,1,0,0,0,0,3
2241,20.0,2016,10.0,26.0,323.0,3.0,3,0.28,7.83,7.75,25.0,0.22,7.63,6.75,58.5,14.35,8.0,7.7,93.0,0,0,0,0,0,3
2242,13.0,1999,3.0,6.0,575.0,845.0,8,0.05,6.5,6.5,2.0,0.05,6.5,6.5,2.0,0.05,6.5,6.5,2.0,0,0,0,0,0,3
2243,7.0,2003,9.0,15.0,576.0,110.0,12,0.54,8.2,8.0,45.86576885837514,0.18,6.1,7.0,45.062538508934075,0.34,5.7,7.8,46.35604260188364,0,0,0,0,0,3
2244,7.0,2001,8.0,106.0,577.0,846.0,11,0.05,5.5,7.0,14.0,0.02,7.13,7.23,14.0,0.55,7.13,7.23,14.0,0,0,0,0,0,3
2245,5.0,2006,4.0,2.0,578.0,847.0,8,0.34,4.3,7.0,8.0,0.34,4.3,7.0,8.0,0.34,4.3,7.0,8.0,0,0,0,0,0,3
2246,13.0,2000,9.0,8.0,579.0,151.0,11,1.55,8.1,6.75,11.0,0.19,8.1,6.75,11.0,1.55,8.1,6.75,11.0,0,0,0,0,0,3
2247,5.0,2010,1.0,8.0,68.0,378.0,7,2.69,7.97,7.03,12.0,2.69,7.97,7.03,12.0,0.33,7.5,7.7,12.0,1,0,1,1,0,3
2248,13.0,1997,1.0,8.0,27.0,651.0,1,1.07,7.0,7.0,1.0,1.22,7.8,7.8,4.0,0.47,6.3,6.3,3.0,1,0,1,0,0,3
2249,5.0,2012,1.0,8.0,27.0,590.0,3,0.97,8.63,6.95,679.5,0.19,6.05,5.85,3.0,0.19,6.05,5.85,3.0,1,1,1,0,0,3
2250,6.0,2010,1.0,8.0,45.0,123.0,11,1.49,3.0,4.65,58.0,0.4,6.87,6.9,14.0,0.02,6.87,5.7,14.0,0,0,1,0,0,3
2251,17.0,2006,9.0,29.0,568.0,392.0,3,0.23,8.0,7.95,99.0,0.5,5.6,7.95,99.0,0.32,3.0,3.5,2.0,0,0,0,0,0,3
2252,5.0,2008,10.0,29.0,145.0,627.0,11,1.24,7.6,6.77,71.5,1.24,7.6,6.77,71.5,1.24,7.6,6.77,71.5,0,0,1,0,0,3
2253,5.0,2010,9.0,8.0,257.0,733.0,2,0.04,8.5,4.6,5.0,0.59,8.5,8.38,528.0,1.09,7.0,7.28,214.0,0,0,0,0,0,3
2254,5.0,2011,6.0,5.0,321.0,326.0,6,0.3,5.7,5.7,46.21515842632565,0.18,5.7,5.7,45.67675327848823,2.09,5.7,5.7,47.00456137492873,1,0,0,0,1,3
2255,13.0,1996,1.0,31.0,580.0,848.0,1,0.06,6.074598214285714,6.518080357142857,51.629901960784316,0.06,6.105133928571427,6.627678571428572,32.81127450980392,0.06,6.240669642857141,6.645223214285716,43.85294117647059,0,0,0,0,0,3
2256,1.0,2008,9.0,5.0,581.0,191.0,6,1.06,6.85,7.1,53.0,0.09,5.9,6.75,1.0,0.08,2.0,6.75,1.0,0,0,0,0,0,3
2257,12.0,1999,10.0,8.0,27.0,496.0,11,0.06,5.0,8.55,32.0,0.61,5.0,8.55,32.0,1.52,5.0,8.55,32.0,1,0,1,0,0,3
2258,2.0,1985,2.0,1.0,582.0,849.0,1,1.5,3.0,5.9,12.0,1.5,3.0,5.9,12.0,1.5,3.0,5.9,12.0,0,0,0,0,0,3
2259,15.0,2008,11.0,6.0,583.0,55.0,11,1.67,6.9,7.6,20.0,1.67,6.9,7.6,20.0,5.55,8.03,7.68,959.5,1,1,0,1,0,3
2260,10.0,2013,11.0,1.0,264.0,192.0,4,1.08,7.5,8.03,86.0,2.04,6.75,7.35,40.0,0.19,5.0,6.4,1.0,0,0,0,0,0,3
2261,5.0,2013,7.0,8.0,407.0,560.0,2,1.0,6.87,6.4,192.0,1.3,7.67,6.85,444.0,1.3,7.67,6.85,444.0,1,0,0,1,0,3
2262,11.0,2014,9.0,20.0,234.0,829.0,11,0.36,7.7,7.55,121.0,0.05,6.4,6.6,17.0,0.05,6.4,6.6,17.0,0,1,0,0,0,3
2263,6.0,2011,9.0,49.0,253.0,320.0,3,0.02,4.0,6.5,4.0,0.33,4.0,6.5,4.0,0.16,4.8,6.78,64.0,1,0,0,1,1,3
2264,6.0,2014,9.0,7.0,293.0,385.0,10,0.41,6.5,7.3,84.0,1.81,7.33,7.45,251.0,1.81,7.33,7.45,251.0,0,0,0,1,0,3
2265,6.0,2012,1.0,4.0,571.0,836.0,3,0.34,5.1,5.95,11.0,0.16,7.7,7.5,2.0,0.16,7.7,7.5,2.0,0,0,0,0,0,3
2266,19.0,2006,3.0,9.0,55.0,850.0,2,0.02,7.0,7.6,5.0,0.15,7.0,8.15,1.0,0.15,7.0,8.15,1.0,0,1,1,0,0,3
2267,7.0,2003,3.0,91.0,584.0,851.0,6,0.11,5.91,6.77,1.5,0.11,5.91,6.77,1.5,0.11,5.91,6.77,1.5,0,0,0,0,0,3
2268,13.0,1996,10.0,4.0,585.0,852.0,1,1.05,7.2,7.2,5.0,1.05,7.2,7.2,5.0,1.05,7.2,7.2,5.0,0,0,0,0,0,3
2269,5.0,2007,4.0,2.0,578.0,853.0,2,0.05,7.45,7.3,72.0,0.92,7.45,7.3,72.0,0.92,7.45,7.3,72.0,0,0,0,0,0,3
2270,11.0,2015,1.0,4.0,571.0,836.0,3,0.13,8.0,7.9,293.0,0.14,6.8,7.0,1.0,0.14,6.8,7.0,1.0,0,0,0,0,0,3
2271,6.0,2009,7.0,36.0,130.0,837.0,10,0.12,7.65,7.7,76.0,0.33,6.75,7.0,76.0,0.04,7.2,8.5,14.0,1,0,0,0,0,3
2272,6.0,2011,7.0,29.0,378.0,521.0,3,0.07,6.77,8.5,2.0,0.02,6.77,6.45,39.5,1.46,5.5,5.6,211.0,0,0,0,1,0,3
2273,1.0,2007,1.0,7.0,586.0,854.0,3,0.08,1.75,4.23,2.5,0.05,1.75,4.23,2.5,0.3,4.8,4.4,2.5,0,0,0,0,0,3
2274,7.0,2002,1.0,5.0,579.0,855.0,9,0.28,4.9,6.4,0.0,0.56,6.7,7.9,8.0,0.56,6.7,7.9,8.0,0,0,0,0,0,3
2275,6.0,2009,9.0,6.0,587.0,856.0,1,0.08,6.06531266560678,6.414785373608896,47.58155002891845,0.08,6.151277159512439,6.537713301536816,45.36119144013881,0.08,6.18789083200847,6.572859035506092,49.094852515905146,0,0,0,0,0,3
2276,10.0,2012,9.0,107.0,588.0,857.0,11,0.14,6.8,6.8,16.0,0.5,6.8,7.6,16.0,0.58,6.8,6.65,3.0,1,0,0,0,0,3
2277,5.0,2008,12.0,6.0,196.0,858.0,11,1.28,6.9,6.7,127.0,0.26,6.9,6.7,127.0,0.1,6.9,6.7,127.0,1,0,1,0,0,3
2278,7.0,2002,1.0,8.0,31.0,496.0,4,0.25,6.4,6.6,25.0,0.72,7.2,6.6,25.0,0.56,6.7,7.9,8.0,1,0,0,0,0,3
2279,7.0,2003,3.0,108.0,365.0,501.0,11,0.06,3.2,1.8,0.0,0.05,6.7,8.1,0.0,0.17,6.7,8.1,0.0,0,0,0,0,1,3
2280,6.0,2009,9.0,5.0,60.0,535.0,11,0.99,7.3,6.78,16.5,1.43,6.6,6.25,13.0,1.43,6.6,6.25,13.0,0,0,1,0,0,3
2281,13.0,2000,3.0,36.0,130.0,215.0,12,0.14,7.3,7.3,11.0,0.13,7.0,7.0,1.0,2.87,7.3,7.3,33.0,1,0,0,0,0,3
2282,12.0,1998,2.0,28.0,589.0,859.0,11,1.26,5.0,5.0,1.0,0.13,5.0,5.0,1.0,0.13,5.0,5.0,1.0,0,0,0,0,0,3
2283,6.0,2009,3.0,29.0,217.0,860.0,2,0.11,6.05,7.0,4.0,0.12,6.05,7.0,4.0,0.12,6.05,7.0,4.0,1,0,0,0,0,3
2284,5.0,2015,11.0,109.0,590.0,27.0,10,0.0,0.0,0.0,0.0,0.03,4.0,6.3,50.0,2.41,8.5,7.55,119.5,0,1,0,1,0,3
2285,14.0,2002,6.0,54.0,91.0,107.0,10,0.23,7.15,8.9,2.0,1.82,7.2,6.6,2.0,4.24,4.3,7.35,5.5,1,0,0,0,1,3
2286,5.0,2009,4.0,5.0,82.0,257.0,9,1.12,7.7,5.75,30.5,0.33,7.7,5.75,30.5,0.19,6.5,6.52,31.5,0,0,1,0,1,3
2287,4.0,2008,7.0,5.0,399.0,16.0,11,1.58,6.6,6.35,9.0,1.06,7.6,7.55,209.5,5.43,7.17,7.42,527.5,1,0,0,1,0,3
2288,8.0,1994,8.0,69.0,591.0,861.0,1,0.32,6.060073064770927,6.419377962085287,50.71839204668252,0.32,6.1445201421800935,6.542274881516566,48.91938621136806,0.32,6.189670221169031,6.580169826224309,49.949751458828615,0,0,0,0,0,3
2289,14.0,2004,6.0,9.0,55.0,62.0,11,0.14,6.95,8.3,22.0,0.09,4.2,6.65,1.0,1.4,7.45,7.5,19.0,0,1,1,0,0,3
2290,6.0,2009,6.0,5.0,512.0,758.0,10,1.39,5.75,5.95,17.0,0.05,5.17,7.7,9.5,1.06,7.97,7.55,75.5,0,0,0,0,0,3
2291,18.0,2014,4.0,8.0,154.0,251.0,11,0.2,5.77,5.42,11.0,0.41,5.77,8.5,39.0,0.64,6.4,5.55,304.5,1,0,0,1,0,3
2292,6.0,2007,9.0,8.0,122.0,93.0,10,1.03,5.2,6.4,55.0,1.68,6.27,6.55,56.5,1.05,5.55,7.2,55.0,0,0,1,0,0,3
2293,7.0,2002,1.0,8.0,27.0,454.0,6,6.83,8.4,7.75,58.0,0.59,7.15,5.55,5.0,0.59,7.15,5.55,5.0,0,0,1,0,1,3
2294,8.0,1996,3.0,51.0,592.0,862.0,1,0.1,5.0,5.0,1.0,0.1,5.0,5.0,1.0,0.1,5.0,5.0,1.0,0,0,0,0,0,3
2295,7.0,2004,1.0,4.0,395.0,836.0,3,11.66,8.45,8.35,103.0,0.26,5.8,7.8,103.0,0.86,5.8,7.8,103.0,0,0,0,0,0,3
2296,6.0,2011,7.0,4.0,113.0,141.0,4,0.13,7.05,7.6,2.0,1.05,7.05,8.7,2.0,0.35,6.0,6.0,1.0,1,0,0,0,0,3
2297,7.0,2005,3.0,8.0,170.0,238.0,9,4.91,7.91,7.67,12.0,2.68,8.6,8.67,168.0,2.68,8.6,8.67,168.0,1,0,0,1,1,3
2298,6.0,2008,6.0,4.0,370.0,465.0,9,0.13,6.23,6.7,48.5,0.88,7.5,7.85,7.0,0.88,7.5,7.85,7.0,1,0,0,0,0,3
2299,1.0,2008,1.0,11.0,323.0,863.0,3,0.07,6.0618735498839875,6.397914733178649,46.75586556753329,0.07,6.136783642691404,6.510945475638044,44.35351934051997,0.07,6.166203596287693,6.540310324825992,47.66138237159163,0,0,0,0,0,3
2300,13.0,1995,3.0,89.0,322.0,671.0,1,0.06,7.4,7.4,16.0,0.06,7.4,7.4,16.0,0.06,7.4,7.4,16.0,0,0,1,0,1,3
2301,4.0,2008,5.0,40.0,268.0,344.0,10,0.08,7.1,5.8,47.32791802049488,2.01,7.1,5.8,45.973319170207446,2.01,7.1,5.8,47.42195701074731,0,0,0,0,0,3
2302,6.0,2013,7.0,8.0,407.0,560.0,2,0.99,6.93,6.35,172.0,0.74,7.7,6.83,553.5,0.74,7.7,6.83,553.5,1,0,0,1,0,3
2303,13.0,1999,9.0,43.0,297.0,542.0,1,1.8,7.0,7.0,1.0,1.28,7.0,7.0,1.0,1.4,6.7,6.7,3.0,0,0,0,0,0,3
2304,7.0,2006,1.0,4.0,171.0,864.0,7,4.22,7.83,8.18,134.0,0.94,8.0,8.2,2.0,0.94,8.0,8.2,2.0,0,0,0,0,0,3
2305,14.0,2003,2.0,9.0,55.0,62.0,1,0.02,8.9,6.8,34.0,2.05,6.75,7.7,34.0,2.05,6.75,7.7,34.0,0,1,1,0,0,3
2306,17.0,2009,7.0,4.0,593.0,104.0,3,0.01,7.0,7.57,10.0,0.28,7.0,7.57,10.0,4.35,7.8,7.45,92.0,1,0,0,0,0,3
2307,6.0,2011,1.0,8.0,31.0,454.0,3,1.15,7.97,7.52,75.0,0.07,7.97,7.52,75.0,0.56,7.58,6.87,3.5,0,0,0,0,1,3
2308,4.0,2008,9.0,18.0,399.0,184.0,9,1.25,5.9,7.1,107.0,0.15,6.6,8.2,107.0,1.25,5.9,7.1,107.0,0,0,0,0,0,3
2309,12.0,1998,1.0,8.0,68.0,77.0,1,1.06,6.0160609318996405,6.403268817204285,46.05333068992863,0.7,6.099759856630821,6.523605734767007,42.11122125297383,1.75,6.1246594982078815,6.541229390680994,45.49722442505948,1,1,1,0,0,3
2310,7.0,2007,2.0,5.0,82.0,158.0,5,0.15,3.67,4.43,16.5,0.22,6.37,6.6,12.5,0.3,6.4,7.23,11.5,0,0,1,1,0,3
2311,14.0,2002,7.0,8.0,31.0,151.0,3,0.01,7.5,7.7,16.0,1.86,6.67,7.08,16.0,0.53,5.1,4.95,1.0,0,0,0,0,0,3
2312,1.0,2008,6.0,9.0,127.0,865.0,12,0.96,5.83,7.15,114.0,0.13,4.25,6.8,1.0,0.13,4.25,6.8,1.0,0,0,0,0,0,3
2313,15.0,2014,4.0,7.0,594.0,29.0,4,0.49,5.85,6.75,27.0,0.49,5.85,6.75,27.0,6.56,8.51,7.98,1186.0,0,0,0,1,0,3
2314,6.0,2008,3.0,33.0,214.0,259.0,9,0.2,7.0,7.8,4.0,0.15,7.0,7.8,4.0,0.15,7.0,7.8,4.0,0,0,0,0,0,3
2315,1.0,2008,1.0,8.0,45.0,31.0,10,1.1,6.6,4.4,83.0,1.94,8.35,7.65,83.0,1.94,8.35,7.65,83.0,1,1,1,0,1,3
2316,4.0,2008,4.0,1.0,595.0,866.0,8,0.67,7.0,6.5,46.06567270145545,0.05,5.7,6.5,45.24915690450834,0.3,5.7,6.5,46.436324103656375,0,0,0,0,0,3
2317,6.0,2012,9.0,4.0,128.0,64.0,11,0.26,7.47,7.77,59.5,3.42,8.05,8.05,117.0,2.58,8.85,8.38,246.0,0,0,0,1,0,3
2318,14.0,2004,4.0,5.0,212.0,357.0,9,0.1,8.23,7.78,181.5,0.04,7.53,8.18,136.5,0.04,7.53,8.18,136.5,1,0,0,0,0,3
2319,14.0,2004,1.0,8.0,45.0,247.0,9,1.44,8.1,8.08,4.0,0.14,7.03,6.62,12.0,0.27,8.4,7.7,12.0,1,0,1,0,1,3
2320,7.0,2003,1.0,8.0,94.0,135.0,10,1.92,7.0,7.55,3.0,0.3,3.0,7.55,0.0,0.01,7.35,7.4,34.0,0,0,0,0,0,3
2321,5.0,2010,1.0,29.0,596.0,735.0,11,2.46,7.1,8.1,0.0,0.12,6.2,8.1,0.0,1.08,7.4,8.1,0.0,0,0,0,0,0,3
2322,9.0,2005,2.0,5.0,82.0,582.0,6,0.28,6.05,6.2,2.0,0.71,6.23,6.92,22.0,0.28,6.05,6.2,2.0,0,0,1,0,0,3
2323,6.0,2009,7.0,6.0,225.0,867.0,7,0.12,7.6,7.45,42.0,0.01,6.57,7.1,53.5,0.01,6.57,7.1,53.5,1,0,0,0,0,3
2324,17.0,2006,7.0,4.0,159.0,195.0,10,0.02,6.3,6.8,78.0,0.22,5.4,7.0,78.0,0.94,6.5,6.95,78.0,1,0,0,0,0,3
2325,1.0,2007,1.0,8.0,68.0,77.0,8,2.37,7.67,7.38,8.0,2.37,7.67,7.38,8.0,2.37,7.67,7.38,8.0,1,1,1,0,0,3
2326,7.0,2005,1.0,54.0,210.0,502.0,10,0.74,7.9,8.7,5.0,0.4,5.7,5.95,6.0,0.02,7.1,5.95,6.0,0,0,0,1,0,3
2327,11.0,2015,9.0,20.0,234.0,824.0,6,0.95,7.5,7.43,9.5,0.95,7.5,7.43,9.5,0.95,7.5,7.43,9.5,0,0,0,0,0,3
2328,9.0,2001,2.0,15.0,453.0,597.0,6,0.06,5.55,7.3,5.0,0.13,5.55,6.7,10.0,0.13,5.55,6.7,10.0,1,0,0,0,1,3
2329,4.0,2008,4.0,9.0,154.0,62.0,9,0.18,6.5,5.8,5.0,0.7,7.95,7.85,61.0,0.93,4.7,7.0,32.5,0,1,0,0,0,3
2330,7.0,2005,1.0,8.0,27.0,454.0,10,4.21,5.5,6.95,22.0,0.48,7.3,5.9,3.0,0.21,5.9,7.4,0.0,0,0,1,0,1,3
2331,9.0,2004,11.0,1.0,1.0,868.0,6,0.37,5.75,8.1,96.5,0.84,8.47,8.5,96.5,0.84,8.47,8.5,96.5,0,0,1,0,0,3
2332,6.0,2012,2.0,4.0,597.0,108.0,1,0.19,6.5,6.35,2.0,0.19,6.5,6.35,2.0,0.61,5.37,6.63,59.0,0,0,0,0,0,3
2333,9.0,2004,12.0,1.0,3.0,345.0,11,1.19,7.45,7.6,66.0,2.31,7.7,7.73,148.5,0.39,7.7,7.3,6.0,1,0,1,0,0,3
2334,3.0,2001,12.0,1.0,598.0,869.0,1,0.6,6.55,6.85,7.0,0.6,6.55,6.85,7.0,0.6,6.55,6.85,7.0,1,1,0,0,0,3
2335,19.0,2003,9.0,29.0,60.0,224.0,5,0.08,7.4,8.1,6.0,0.59,5.6,6.6,16.0,0.59,5.6,6.6,16.0,0,0,1,0,0,3
2336,1.0,2008,11.0,6.0,590.0,870.0,1,0.14,6.4,5.4,1.0,0.1,6.4,5.4,1.0,0.12,4.75,7.15,1.0,0,0,0,0,0,3
2337,13.0,1997,8.0,4.0,40.0,181.0,7,10.95,8.3,7.85,38.0,0.15,8.3,7.0,2.0,1.83,7.0,7.7,23.0,1,0,1,0,0,3
2338,1.0,2009,3.0,36.0,169.0,159.0,11,0.92,6.87,6.7,53.5,0.38,6.27,6.15,25.5,1.52,6.0,6.7,3.0,0,0,0,0,0,3
2339,7.0,2001,1.0,9.0,102.0,575.0,11,0.12,7.95,8.0,129.0,1.09,9.7,8.05,1.0,1.2,5.0,8.05,1.0,1,0,1,0,1,3
2340,11.0,2016,1.0,8.0,27.0,331.0,3,0.44,7.83,7.48,16.5,0.18,8.03,5.43,56.5,1.04,7.17,6.72,72.0,0,0,1,1,0,3
2341,17.0,2011,10.0,17.0,57.0,871.0,3,0.1,5.35,5.75,8.0,2.68,7.97,7.3,436.5,2.68,7.97,7.3,436.5,0,0,1,0,0,3
2342,10.0,2013,9.0,20.0,234.0,257.0,11,1.56,7.77,7.45,56.0,1.56,7.77,7.45,56.0,1.56,7.77,7.45,56.0,0,0,0,0,0,3
2343,5.0,2010,3.0,36.0,408.0,159.0,9,0.14,8.3,8.07,225.0,1.35,8.3,8.07,225.0,0.53,6.77,6.95,31.0,0,0,0,0,0,3
2344,1.0,2006,3.0,6.0,19.0,872.0,3,0.01,6.0,6.9,41.0,0.58,7.75,7.65,91.0,0.28,4.8,8.3,91.0,0,0,1,0,0,3
2345,15.0,2009,7.0,5.0,9.0,16.0,11,0.95,4.7,4.3,1371.5,13.51,8.8,7.45,1371.5,13.51,8.8,7.45,1371.5,1,0,1,1,0,3
2346,20.0,2013,1.0,1.0,1.0,873.0,11,3.07,9.1,8.65,303.0,3.07,9.1,8.65,303.0,3.07,9.1,8.65,303.0,1,1,1,1,0,3
2347,5.0,2012,4.0,8.0,599.0,874.0,2,1.16,6.0,6.5,94.0,0.03,7.7,8.15,7.0,0.03,7.7,8.15,7.0,1,0,0,0,0,3
2348,1.0,2011,7.0,5.0,11.0,16.0,11,1.72,7.77,4.95,972.0,1.63,8.03,6.2,978.0,13.46,8.1,5.5,1907.0,1,0,1,1,0,3
2349,13.0,2000,1.0,4.0,187.0,875.0,1,1.58,6.080184531886015,6.4249240162822545,49.17336199229173,2.76,6.164715061058349,6.539900949796512,47.802772013044766,0.48,6.208497964721839,6.582871099050231,49.20360213459828,0,0,0,0,0,3
2350,7.0,2006,6.0,4.0,121.0,373.0,1,2.63,6.5,7.0,9.0,1.86,6.5,7.0,9.0,1.35,6.5,7.0,9.0,1,0,0,0,0,3
2351,8.0,1995,4.0,10.0,215.0,383.0,1,0.32,7.25,10.0,1.0,0.32,7.25,10.0,1.0,1.83,7.25,9.02,170.5,0,0,0,0,0,3
2352,13.0,1996,2.0,13.0,600.0,500.0,1,1.16,8.0,8.55,72.5,1.16,8.0,8.55,72.5,1.16,8.0,8.55,72.5,1,0,0,0,0,3
2353,5.0,2010,10.0,29.0,145.0,721.0,10,0.09,7.2,6.65,12.0,0.21,7.2,6.65,12.0,0.21,7.2,6.65,12.0,0,0,1,0,0,3
2354,5.0,2012,9.0,17.0,484.0,753.0,8,0.5,8.27,8.2,131.0,1.13,7.23,7.8,190.0,1.13,7.23,7.8,190.0,0,0,0,1,0,3
2355,15.0,2008,9.0,3.0,136.0,11.0,4,11.02,9.16,8.2,1350.0,0.28,7.2,7.98,29.0,11.02,9.16,8.2,1350.0,1,1,0,0,0,3
2356,4.0,2008,6.0,110.0,601.0,876.0,1,0.0,0.0,0.0,0.0,0.0,0.0,0.0,0.0,0.0,0.0,0.0,0.0,0,0,0,0,0,3
2357,5.0,2011,6.0,6.0,62.0,101.0,11,1.17,7.7,7.5,2.0,4.24,7.83,7.25,668.5,0.17,6.0,5.6,13.0,0,0,1,0,0,3
2358,1.0,2009,9.0,11.0,602.0,248.0,6,0.17,6.6,7.65,2.0,0.19,6.6,7.65,2.0,0.45,6.0,6.7,39.0,0,0,0,0,0,3
2359,5.0,2010,6.0,32.0,71.0,260.0,10,0.41,7.0,7.17,16.5,0.41,7.0,7.17,16.5,0.41,7.0,7.17,16.5,1,0,0,1,0,3
2360,10.0,2012,9.0,13.0,51.0,67.0,1,0.1,7.83,7.43,72.0,0.1,7.83,7.43,72.0,0.03,7.83,7.43,72.0,1,1,1,1,0,3
2361,7.0,2005,9.0,3.0,102.0,126.0,3,1.48,8.2,7.4,0.0,0.84,8.6,8.1,0.0,0.27,8.35,7.6,0.0,1,0,1,0,1,3
2362,7.0,2007,6.0,4.0,370.0,465.0,10,0.46,7.6,6.3,3.0,1.49,6.0,6.3,3.0,0.78,6.85,7.5,2.0,1,0,0,0,0,3
2363,1.0,2009,8.0,1.0,500.0,877.0,2,0.05,6.104990465293672,6.471661899313569,46.313123359580054,0.05,6.191879290617869,6.565022883295242,45.077952755905514,0.05,6.222345537757457,6.603920671243372,46.040734908136486,0,0,0,0,0,3
2364,13.0,1996,7.0,111.0,149.0,184.0,1,0.0,0.0,0.0,0.0,0.06,7.0,5.6,14.0,0.06,7.0,5.6,14.0,0,0,0,0,0,3
2365,18.0,2015,9.0,17.0,291.0,382.0,12,0.4,7.5,7.55,112.0,0.46,6.0,6.9,81.0,0.13,7.63,7.55,259.0,1,0,0,1,0,3
2366,17.0,2004,12.0,15.0,87.0,878.0,1,0.09,5.9,7.5,4.0,0.15,6.1,7.5,4.0,0.15,6.1,7.5,4.0,1,1,1,0,0,3
2367,1.0,2008,8.0,12.0,603.0,879.0,11,0.34,6.044421151439289,6.38992177722153,48.44426425401161,0.34,6.126584793491856,6.504150500625782,46.782946398088086,0.34,6.170384856070071,6.544500938673344,48.1357972004097,1,0,0,0,0,3
2368,6.0,2012,10.0,26.0,185.0,44.0,9,0.87,7.1,7.4,35.0,1.65,5.97,7.82,37.5,0.32,7.9,7.68,134.5,1,0,1,1,1,3
2369,7.0,2004,1.0,64.0,373.0,243.0,1,1.59,7.6,7.7,16.0,0.11,8.4,7.25,2.0,2.62,8.0,8.7,5.5,0,0,0,0,0,3
2370,5.0,2008,3.0,36.0,130.0,713.0,6,0.02,4.0,4.3,27.0,1.06,8.15,8.1,27.0,1.11,8.7,8.0,27.0,0,0,0,0,0,3
2371,17.0,2009,4.0,9.0,570.0,834.0,9,0.33,6.17,5.97,38.0,0.94,6.4,7.8,18.0,0.38,6.0,6.1,8.0,1,0,0,1,0,3
2372,14.0,2003,8.0,2.0,604.0,880.0,10,0.12,6.15,8.3,2.0,0.12,6.15,8.3,2.0,0.12,6.15,8.3,2.0,0,0,0,0,0,3
2373,13.0,2001,7.0,112.0,605.0,330.0,4,0.0,0.0,0.0,0.0,0.77,0.0,7.0,1.0,0.77,0.0,7.0,1.0,1,0,0,0,0,3
2374,13.0,1995,2.0,113.0,606.0,881.0,1,0.0,0.0,0.0,0.0,0.0,0.0,0.0,0.0,0.0,0.0,0.0,0.0,1,0,0,0,0,3
2375,18.0,2013,1.0,3.0,102.0,126.0,10,2.05,8.3,7.33,67.5,2.05,8.3,7.33,67.5,2.05,8.3,7.33,67.5,1,0,1,0,1,3
2376,5.0,2007,3.0,36.0,130.0,738.0,6,0.1,5.9,6.28,14.0,0.03,7.7,7.35,9.0,0.03,7.7,7.35,9.0,0,0,0,0,0,3
2377,8.0,1994,1.0,51.0,254.0,324.0,1,0.0,0.0,0.0,0.0,0.0,0.0,0.0,0.0,0.0,0.0,0.0,0.0,1,0,0,0,0,3
2378,1.0,2010,1.0,6.0,607.0,882.0,8,0.03,6.25,6.55,91.0,0.03,6.25,6.55,91.0,0.03,6.25,6.55,91.0,0,0,0,0,0,3
2379,5.0,2009,7.0,29.0,157.0,360.0,6,0.11,7.42,6.0,1.0,3.03,7.42,7.38,271.5,0.12,6.7,5.45,9.0,1,0,0,0,0,3
2380,14.0,2003,7.0,6.0,304.0,356.0,8,0.03,7.8,7.6,4.0,0.04,6.9,7.6,4.0,1.94,6.4,7.5,17.0,1,0,0,1,0,3
2381,6.0,2008,7.0,8.0,116.0,754.0,8,1.43,7.05,7.65,1.0,0.48,7.2,8.5,28.0,0.68,7.0,6.8,15.0,0,0,0,0,0,3
2382,13.0,1997,3.0,53.0,608.0,883.0,1,0.78,6.042070079121586,6.394020668496688,49.29562687356727,0.78,6.127673179396085,6.510931697077347,47.72615059072474,0.78,6.172315517519764,6.551114161149683,49.20948686298713,1,1,0,1,0,3
2383,7.0,2008,4.0,17.0,288.0,56.0,12,0.69,6.03,6.78,112.5,0.51,8.15,7.95,74.0,1.85,7.3,7.75,67.0,1,0,0,1,0,3
2384,1.0,2010,5.0,29.0,422.0,884.0,11,1.0,4.0,7.6,44.246983408748115,0.34,4.0,7.6,32.7447209653092,0.34,4.0,7.6,36.71266968325792,0,0,0,0,0,3
2385,6.0,2012,9.0,8.0,68.0,378.0,7,0.28,8.5,8.15,210.5,0.22,6.25,7.2,4.0,0.83,8.2,5.8,4.0,1,0,1,1,0,3
2386,6.0,2012,4.0,8.0,599.0,874.0,2,0.47,9.0,7.7,136.0,0.07,7.55,7.6,10.0,0.07,7.55,7.6,10.0,1,0,0,0,0,3
2387,13.0,1996,1.0,4.0,331.0,388.0,1,0.95,5.0,5.0,51.629901960784316,0.45,5.0,5.0,32.81127450980392,0.85,5.0,5.0,43.85294117647059,1,0,0,0,0,3
2388,6.0,2008,1.0,9.0,287.0,885.0,1,0.29,4.0,5.55,3.0,0.26,4.0,6.9,7.0,0.26,4.0,6.9,7.0,0,0,0,0,0,3
2389,1.0,2009,7.0,9.0,205.0,515.0,2,2.27,7.5,7.9,75.0,2.27,7.5,7.9,75.0,0.39,5.1,7.05,22.0,0,0,0,0,0,3
2390,7.0,2006,1.0,5.0,336.0,86.0,11,1.52,7.0,6.2,48.0,0.5,5.6,5.63,6.0,0.24,6.63,6.43,10.0,1,0,0,0,1,3
2391,11.0,2013,10.0,20.0,175.0,541.0,1,0.22,7.5,7.35,64.0,2.11,7.8,7.9,117.0,2.11,7.8,7.9,117.0,0,0,0,0,0,3
2392,13.0,1998,1.0,8.0,27.0,651.0,1,0.98,6.3,6.3,3.0,1.75,6.3,6.3,3.0,1.07,7.0,7.0,1.0,1,0,1,0,0,3
2393,17.0,2008,6.0,4.0,370.0,465.0,9,0.09,6.8,6.95,57.0,0.2,6.8,6.95,57.0,0.2,6.8,6.95,57.0,1,0,0,0,0,3
2394,5.0,2008,7.0,6.0,127.0,844.0,9,0.12,7.25,7.75,7.0,0.31,7.25,7.75,7.0,0.04,7.2,7.05,4.0,1,0,0,0,0,3
2395,7.0,2005,10.0,8.0,27.0,437.0,3,0.06,7.05,7.15,2.0,0.33,8.8,7.8,2.0,0.6,7.9,7.85,4.0,1,0,1,0,0,3
2396,4.0,2009,6.0,33.0,609.0,886.0,8,0.22,5.4,6.35,1.0,0.25,5.63,6.7,4.5,0.25,5.63,6.7,4.5,0,0,0,0,0,3
2397,4.0,2009,9.0,20.0,548.0,807.0,9,2.22,6.95,7.0,15.0,0.09,6.95,7.0,15.0,0.09,6.95,7.0,15.0,0,0,0,0,0,3
2398,14.0,2002,7.0,114.0,610.0,477.0,9,0.0,0.0,0.0,0.0,0.0,0.0,0.0,0.0,1.57,6.75,7.7,30.5,0,0,0,0,0,3
2399,7.0,2002,1.0,8.0,116.0,538.0,3,3.07,6.25,6.6,5.0,0.5,5.0,6.1,12.0,0.28,5.0,6.1,12.0,1,0,0,0,0,3
2400,13.0,2000,4.0,68.0,22.0,887.0,5,0.07,7.5,8.05,43.0,0.8,7.5,8.05,43.0,0.8,7.5,8.05,43.0,0,0,0,0,0,3
2401,17.0,2006,5.0,4.0,511.0,888.0,2,0.01,7.0,7.9,35.0,0.07,5.35,6.4,1.0,0.06,5.35,4.3,3.0,1,0,0,0,0,3
2402,7.0,2007,9.0,49.0,253.0,320.0,9,0.07,4.8,6.8,0.0,0.3,5.17,6.15,28.0,0.3,5.17,6.15,28.0,0,0,0,0,0,3
2403,5.0,2010,6.0,5.0,73.0,84.0,9,0.05,7.0,6.48,45.5,0.03,7.0,6.48,45.5,0.1,4.0,6.7,6.0,1,0,1,1,0,3
2404,16.0,1982,6.0,115.0,321.0,889.0,1,0.0,0.0,0.0,0.0,0.43,0.0,0.0,0.0,0.43,0.0,0.0,0.0,0,0,0,0,0,3
2405,6.0,2012,4.0,26.0,323.0,625.0,8,0.06,4.43,6.27,20.0,0.05,4.43,6.27,20.0,0.13,4.43,6.27,20.0,1,0,0,1,0,3
2406,7.0,2007,6.0,4.0,93.0,373.0,3,4.07,8.65,8.6,185.0,1.07,5.5,6.25,1.0,0.65,5.5,6.25,1.0,1,0,0,0,0,3
2407,10.0,2015,9.0,116.0,611.0,890.0,1,0.0,0.0,0.0,0.0,0.0,0.0,0.0,0.0,0.0,0.0,0.0,0.0,0,0,0,0,0,3
2408,1.0,2007,9.0,22.0,425.0,76.0,11,0.05,6.9,9.05,3.5,0.5,7.4,8.05,132.0,0.04,7.9,7.8,116.0,1,1,0,1,1,3
2409,17.0,2006,1.0,15.0,103.0,102.0,2,0.01,4.55,6.0,1.0,0.06,4.55,6.45,1.0,0.01,4.55,6.0,1.0,0,0,0,0,0,3
2410,6.0,2012,9.0,29.0,509.0,751.0,8,1.05,7.87,7.92,80.5,0.15,8.43,7.93,364.5,0.15,8.43,7.93,364.5,0,0,0,1,1,3
2411,6.0,2009,9.0,4.0,204.0,248.0,6,0.03,7.6,7.35,12.0,0.15,6.4,7.5,14.0,2.58,6.0,6.7,39.0,0,0,0,0,0,3
2412,4.0,2007,4.0,17.0,288.0,891.0,4,3.19,7.65,7.9,173.0,1.7,6.3,7.9,173.0,1.7,6.3,7.9,173.0,0,0,0,0,0,3
2413,6.0,2011,9.0,20.0,428.0,169.0,11,0.99,7.7,7.55,21.0,0.65,6.85,7.05,5.0,0.12,6.0,5.85,11.0,0,0,0,0,0,3
2414,7.0,2002,10.0,117.0,612.0,892.0,11,0.11,6.15,7.0,0.0,0.11,6.15,7.0,0.0,0.11,6.15,7.0,0.0,0,0,0,0,0,3
2415,10.0,2015,4.0,17.0,111.0,65.0,1,0.08,7.47,6.77,36.5,0.61,5.9,6.8,2.0,0.4,5.9,6.8,2.0,1,1,0,1,0,3
2416,13.0,2001,3.0,91.0,613.0,792.0,3,0.18,6.0,3.0,1.0,0.18,6.0,3.0,1.0,0.18,6.0,3.0,1.0,0,0,0,0,0,3
2417,12.0,1997,1.0,8.0,68.0,77.0,1,1.02,4.9,4.9,9.0,1.32,5.0,5.0,1.0,1.32,5.0,5.0,1.0,0,0,1,0,0,3
2418,13.0,1998,1.0,4.0,614.0,836.0,1,1.13,6.0160609318996405,6.403268817204285,46.05333068992863,1.13,6.099759856630821,6.523605734767007,42.11122125297383,1.13,6.1246594982078815,6.541229390680994,45.49722442505948,0,0,0,0,0,3
2419,6.0,2008,10.0,11.0,148.0,188.0,6,0.06,7.4,7.3,21.0,1.17,7.4,7.3,21.0,1.04,7.4,8.1,258.0,0,0,0,0,0,3
2420,5.0,2011,9.0,20.0,428.0,169.0,11,0.97,7.6,7.55,21.0,0.22,6.1,6.75,2.0,0.06,6.0,4.8,11.0,0,0,0,0,0,3
2421,4.0,2008,2.0,1.0,111.0,893.0,6,0.79,6.9,8.3,54.0,0.34,6.83,7.45,54.0,0.24,6.83,6.0,1.0,0,0,0,0,0,3
2422,5.0,2010,1.0,8.0,31.0,31.0,4,0.02,6.4,2.1,95.0,0.08,6.4,2.1,95.0,0.05,7.6,6.05,95.0,0,0,0,0,0,3
2423,7.0,2003,9.0,49.0,253.0,320.0,11,0.16,7.25,8.2,20.0,2.11,7.4,8.3,20.0,2.11,7.4,8.3,20.0,1,0,0,1,1,3
2424,6.0,2009,9.0,118.0,301.0,628.0,9,0.45,6.28,6.7,24.0,1.01,7.87,8.02,151.0,0.22,7.65,7.55,35.0,1,0,0,1,0,3
2425,5.0,2014,3.0,2.0,169.0,72.0,10,1.37,8.37,8.33,142.0,0.29,6.93,7.03,97.5,2.18,7.95,6.45,44.0,1,0,0,1,0,3
2426,6.0,2009,1.0,8.0,43.0,237.0,1,1.09,7.97,8.1,95.0,0.08,5.33,5.22,97.0,0.18,6.4,6.9,15.5,0,0,1,0,0,3
2427,4.0,2007,1.0,8.0,31.0,31.0,1,0.02,5.75,7.3,10.0,1.09,5.75,7.3,10.0,0.03,4.85,5.45,3.0,1,1,0,0,1,3
2428,13.0,1999,9.0,78.0,431.0,894.0,1,0.07,7.0,7.5,32.0,1.28,7.0,6.0,1.0,1.28,7.0,6.0,1.0,1,0,0,0,0,3
2429,1.0,2009,3.0,8.0,340.0,43.0,11,1.69,8.12,7.98,241.0,1.17,6.47,6.9,77.5,0.08,5.33,5.22,97.0,1,1,1,1,0,3
2430,1.0,2008,1.0,8.0,68.0,77.0,8,1.06,6.1,6.0,13.0,1.49,7.23,7.93,2.0,1.89,7.83,6.97,8.0,1,1,1,0,0,3
2431,5.0,2007,1.0,3.0,102.0,126.0,11,1.06,4.4,4.0,25.0,0.26,7.5,7.0,25.0,0.58,8.3,8.27,25.0,1,0,1,0,1,3
2432,18.0,2016,9.0,6.0,62.0,118.0,2,0.22,8.2,7.25,326.0,0.22,8.2,7.25,326.0,0.62,7.33,6.85,191.5,1,1,1,0,0,3
2433,13.0,1996,10.0,19.0,51.0,57.0,1,3.77,8.3,8.3,50.0,3.77,8.3,8.3,50.0,0.32,7.9,7.9,43.0,1,0,1,0,0,3
2434,14.0,2004,1.0,8.0,27.0,454.0,9,1.31,8.7,7.9,80.0,0.22,8.8,8.4,80.0,0.15,5.47,7.83,3.5,0,0,1,1,1,3
2435,6.0,2010,7.0,8.0,340.0,448.0,1,3.11,8.53,8.6,645.0,0.85,5.47,6.8,35.0,1.17,6.47,6.9,77.5,1,0,1,0,0,3
2436,1.0,2007,8.0,6.0,19.0,895.0,3,3.12,8.99,8.28,279.5,0.07,4.9,5.6,279.5,0.08,5.78,5.65,3.0,0,0,1,0,1,3
2437,2.0,1989,2.0,15.0,87.0,597.0,1,1.2,8.0,8.0,1.0,1.2,8.0,8.0,1.0,1.23,8.0,8.0,1.0,1,0,1,0,0,3
2438,4.0,2007,9.0,8.0,499.0,135.0,6,0.01,6.53,7.0,3.0,0.06,6.53,7.0,3.0,0.23,6.4,4.55,19.0,0,0,0,0,0,3
2439,13.0,1997,9.0,14.0,615.0,896.0,1,0.08,5.6,5.6,10.0,0.08,5.6,5.6,10.0,0.24,5.6,5.6,10.0,1,0,0,0,0,3
2440,17.0,2005,3.0,8.0,170.0,238.0,9,1.27,7.6,6.8,80.0,1.31,8.7,7.9,80.0,1.31,8.7,7.9,80.0,1,0,0,1,1,3
2441,6.0,2014,1.0,3.0,261.0,161.0,11,0.29,7.0,6.6,65.5,2.07,7.5,7.78,82.5,1.13,8.0,7.73,38.0,1,1,0,1,0,3
2442,18.0,2016,7.0,5.0,52.0,409.0,5,0.02,8.43,8.1,668.0,0.51,8.43,8.1,668.0,1.73,8.17,7.23,115.5,0,0,0,0,0,3
2443,7.0,2007,9.0,29.0,70.0,613.0,8,0.14,6.0,5.8,45.82505399568034,0.14,6.0,5.8,44.64352566080428,0.14,6.0,5.8,45.60989406561761,0,0,0,0,0,3
2444,13.0,1995,1.0,4.0,616.0,388.0,1,1.11,5.9,5.9,9.0,1.11,5.9,5.9,9.0,1.11,5.9,5.9,9.0,1,0,0,0,0,3
2445,7.0,2002,3.0,31.0,170.0,238.0,10,1.31,5.7,6.43,40.0,0.3,7.8,8.0,40.0,0.74,7.3,7.1,45.0,1,0,0,0,1,3
2446,10.0,2016,9.0,1.0,44.0,81.0,6,0.35,5.45,6.55,37.0,1.82,7.5,8.0,58.0,1.82,7.5,8.0,58.0,1,0,0,0,0,3
2447,7.0,2000,10.0,19.0,500.0,897.0,10,0.08,6.9,7.95,6.0,0.75,6.9,7.8,18.0,0.75,6.9,7.8,18.0,1,0,0,0,0,3
2448,1.0,2010,6.0,15.0,87.0,898.0,11,0.1,5.4,7.9,136.5,0.06,7.5,6.65,136.5,0.06,7.5,6.65,136.5,1,0,1,1,0,3
2449,5.0,2012,7.0,12.0,315.0,812.0,5,0.03,4.5,6.58,9.0,0.1,5.57,5.47,13.0,0.12,5.87,6.12,8.5,1,0,0,0,0,3
2450,11.0,2014,9.0,17.0,211.0,899.0,1,1.41,8.0,7.7,644.0,0.12,8.0,7.7,644.0,0.17,7.6,7.15,18.0,0,0,0,1,1,3
2451,19.0,2004,9.0,5.0,11.0,900.0,6,1.12,6.65,7.25,20.0,3.41,6.67,7.65,94.5,3.41,6.67,7.65,94.5,0,0,1,1,1,3
2452,4.0,2010,4.0,1.0,231.0,396.0,11,1.33,6.4,8.05,3.0,1.48,6.25,7.2,94.0,1.76,8.87,8.8,214.5,1,0,0,0,0,3
2453,6.0,2010,1.0,8.0,27.0,454.0,7,2.38,7.93,7.2,21.0,0.99,7.75,6.75,95.0,0.26,7.25,6.02,3.0,0,0,1,1,1,3
2454,6.0,2012,9.0,13.0,51.0,201.0,3,0.24,6.05,6.55,114.0,0.07,6.05,7.0,2.0,1.35,8.13,7.88,247.0,1,0,1,0,0,3
2455,11.0,2016,9.0,4.0,614.0,901.0,1,4.47,8.3,8.2,113.0,0.86,8.3,8.2,113.0,0.86,8.3,8.2,113.0,0,0,0,0,0,3
2456,6.0,2009,1.0,3.0,102.0,126.0,10,2.11,8.27,7.7,448.0,0.08,8.27,7.7,448.0,0.41,8.5,8.03,12.5,1,0,1,0,1,3
2457,20.0,2015,4.0,1.0,311.0,810.0,12,0.45,5.4,5.25,11.0,0.98,8.73,8.73,571.5,0.98,8.73,8.73,571.5,1,0,0,1,0,3
2458,4.0,2008,8.0,6.0,19.0,571.0,6,0.48,4.1,5.2,48.31761945392491,1.31,4.1,8.1,47.04635949943117,0.47,4.1,8.1,48.42512798634812,1,0,1,0,0,3
2459,19.0,2004,9.0,29.0,228.0,278.0,10,1.46,4.0,7.2,1.0,1.76,5.75,7.75,1.0,1.76,5.75,7.75,1.0,0,0,0,0,0,3
2460,6.0,2010,1.0,8.0,68.0,378.0,7,0.92,8.6,7.6,1.0,2.38,7.93,7.2,21.0,0.32,7.5,7.2,21.0,1,0,1,1,0,3
2461,6.0,2011,9.0,8.0,154.0,251.0,3,1.12,6.3,6.0,170.0,1.48,8.47,8.5,472.5,0.14,8.47,8.1,18.0,1,0,0,0,0,3
2462,7.0,2003,3.0,31.0,421.0,774.0,2,0.03,3.0,6.0,1.0,0.12,5.9,6.0,1.0,0.45,6.9,7.0,1.0,0,0,0,0,0,3
2463,1.0,2007,8.0,71.0,617.0,857.0,9,0.74,6.5,7.2,0.0,0.02,5.2,7.2,0.0,0.16,6.85,6.95,2.0,1,0,0,0,0,3
2464,2.0,1987,4.0,10.0,129.0,25.0,1,0.0,0.0,0.0,0.0,0.0,0.0,0.0,0.0,0.0,0.0,0.0,0.0,1,1,0,0,0,3
2465,6.0,2012,10.0,13.0,51.0,57.0,3,1.18,5.4,5.75,174.5,0.05,5.4,7.0,2.0,0.13,9.03,7.95,186.5,1,0,1,1,0,3
2466,13.0,2001,1.0,29.0,618.0,902.0,1,0.27,4.05,4.75,3.0,0.27,4.05,4.75,3.0,0.27,4.05,4.75,3.0,0,0,0,0,0,3
2467,5.0,2011,7.0,3.0,127.0,547.0,6,3.23,7.78,7.4,240.0,0.18,8.2,7.6,428.0,0.26,8.2,6.9,7.0,1,0,0,1,0,3
2468,7.0,2002,3.0,91.0,619.0,903.0,1,0.86,5.3,5.8,1.0,0.53,5.1,4.95,1.0,0.53,5.1,4.95,1.0,0,0,0,0,0,3
2469,11.0,2015,7.0,3.0,127.0,157.0,3,0.62,6.97,5.6,28.5,0.18,3.5,4.43,144.5,0.67,6.75,7.32,43.0,1,0,0,0,0,3
2470,7.0,2005,4.0,4.0,59.0,904.0,9,1.09,6.15,5.85,2.0,0.96,8.35,8.2,61.0,0.96,8.35,8.2,61.0,0,0,0,0,0,3
2471,7.0,2004,1.0,9.0,102.0,905.0,11,2.9,6.65,7.75,34.0,1.63,8.1,8.2,3.0,1.63,8.1,8.2,3.0,0,0,1,0,0,3
2472,9.0,2004,11.0,1.0,1.0,233.0,4,1.34,8.0,8.2,169.0,0.04,8.0,8.2,169.0,1.42,9.5,9.22,169.0,1,0,1,0,0,3
2473,23.0,2014,1.0,8.0,27.0,31.0,9,2.97,5.5,4.6,24.0,3.11,6.75,5.17,58.0,3.11,6.75,5.17,58.0,1,1,1,1,0,3
2474,6.0,2007,7.0,26.0,620.0,433.0,4,0.32,6.43,6.92,24.0,0.09,6.1,6.45,4.0,0.61,8.05,8.05,3.0,1,0,0,0,0,3
2475,7.0,2007,9.0,59.0,448.0,427.0,11,1.7,5.5,6.67,6.5,0.53,6.55,6.0,41.0,1.7,5.5,6.67,6.5,0,0,0,0,0,3
2476,5.0,2013,3.0,8.0,222.0,43.0,11,1.89,7.33,6.48,95.0,1.89,7.33,6.48,95.0,1.89,7.33,6.48,95.0,1,1,0,1,0,3
2477,13.0,1999,5.0,11.0,621.0,906.0,1,0.81,8.0,8.0,1.0,0.58,8.0,8.0,1.0,0.58,8.0,8.0,1.0,0,0,0,0,0,3
2478,1.0,2008,10.0,29.0,145.0,627.0,11,0.95,7.6,7.37,72.0,0.95,7.6,7.37,72.0,0.95,7.6,7.37,72.0,0,0,1,0,0,3
2479,13.0,1999,8.0,4.0,40.0,181.0,1,0.96,8.8,8.15,42.0,2.06,8.8,8.15,42.0,1.83,7.0,7.7,23.0,1,0,1,0,0,3
2480,7.0,2000,9.0,29.0,253.0,320.0,10,0.51,6.47,6.72,12.0,0.21,4.0,4.2,5.0,0.27,4.0,4.2,5.0,1,0,0,1,1,3
2481,4.0,2008,12.0,6.0,138.0,907.0,10,1.09,5.3,6.0,2.0,0.28,5.3,6.0,2.0,0.28,5.3,6.0,2.0,0,0,1,0,0,3
2482,17.0,2006,1.0,54.0,68.0,77.0,9,0.06,5.45,7.0,0.0,0.62,8.2,7.8,0.0,4.49,7.63,7.57,2.5,1,1,1,1,1,3
2483,9.0,2004,9.0,33.0,284.0,908.0,10,0.17,5.25,5.5,2.0,0.02,4.65,5.5,2.0,0.02,4.65,5.5,2.0,0,0,0,0,0,3
2484,23.0,2014,7.0,3.0,622.0,157.0,9,11.98,9.23,8.45,581.0,0.03,8.0,7.4,581.0,2.28,8.7,8.37,384.0,1,0,0,1,0,3
2485,7.0,2000,1.0,8.0,27.0,31.0,1,0.44,7.5,7.78,10.5,0.92,6.0,8.3,7.0,0.54,6.0,7.2,26.0,1,1,1,0,1,3
2486,14.0,2003,7.0,2.0,623.0,909.0,5,0.05,8.25,8.05,21.0,0.05,8.25,8.05,21.0,0.05,8.25,8.05,21.0,0,0,0,0,0,3
2487,5.0,2012,6.0,2.0,71.0,178.0,10,1.78,5.25,4.55,4.0,3.19,7.6,7.6,18.0,3.19,7.6,7.6,18.0,1,0,0,1,0,3
2488,3.0,2000,6.0,15.0,624.0,910.0,1,0.64,7.8,7.2,49.17336199229173,0.64,7.8,7.2,47.802772013044766,0.64,7.8,7.2,49.20360213459828,0,0,0,1,0,3
2489,13.0,1998,6.0,54.0,474.0,911.0,1,0.29,6.0160609318996405,6.403268817204285,46.05333068992863,0.29,6.099759856630821,6.523605734767007,42.11122125297383,0.29,6.1246594982078815,6.541229390680994,45.49722442505948,0,0,0,0,0,3
2490,13.0,1997,11.0,13.0,51.0,500.0,1,0.11,6.0,6.9,15.0,0.14,8.3,7.9,24.0,0.28,8.3,7.8,6.0,1,0,1,0,0,3
2491,6.0,2011,1.0,8.0,27.0,378.0,7,0.12,6.25,7.85,109.0,0.81,6.25,7.85,109.0,0.38,6.25,8.0,1.0,1,0,1,0,0,3
2492,7.0,2005,2.0,4.0,166.0,387.0,9,1.3,7.4,7.7,6.0,1.21,8.3,8.1,37.0,1.81,8.4,8.4,25.0,0,0,0,0,0,3
2493,1.0,2008,6.0,6.0,625.0,912.0,9,0.93,7.03,7.17,53.5,0.93,7.03,7.17,53.5,0.93,7.03,7.17,53.5,0,0,0,0,0,3
2494,5.0,2008,12.0,3.0,328.0,429.0,7,0.25,5.6,6.4,55.0,0.17,8.7,8.2,55.0,0.17,8.7,8.2,55.0,0,0,0,0,0,3
2495,7.0,2002,1.0,54.0,210.0,913.0,6,0.07,4.7,5.2,7.0,0.17,5.2,7.15,7.0,0.17,5.2,7.15,7.0,0,0,0,0,0,3
2496,4.0,2007,5.0,119.0,626.0,914.0,8,0.0,0.0,0.0,0.0,0.03,5.6,8.7,2.0,0.03,5.6,8.7,2.0,1,0,0,0,0,3
2497,6.0,2012,9.0,5.0,155.0,915.0,1,0.02,5.0,4.5,2.0,0.02,5.0,4.5,2.0,0.02,5.0,4.5,2.0,0,0,0,1,0,3
2498,6.0,2010,10.0,26.0,161.0,188.0,11,0.18,6.5,5.0,1.0,0.51,6.03,7.02,100.5,0.16,7.0,7.5,10.0,0,0,0,0,0,3
2499,13.0,1998,2.0,4.0,627.0,916.0,1,1.05,6.0160609318996405,6.403268817204285,46.05333068992863,1.05,6.099759856630821,6.523605734767007,42.11122125297383,1.05,6.1246594982078815,6.541229390680994,45.49722442505948,0,0,0,0,0,3
2500,13.0,1996,11.0,120.0,628.0,917.0,1,0.09,7.0,7.0,1.0,0.09,7.0,7.0,1.0,0.09,7.0,7.0,1.0,0,0,0,0,0,3
2501,1.0,2009,1.0,69.0,208.0,918.0,9,0.01,5.0,5.0,4.0,0.05,4.35,4.45,1.0,0.27,3.0,4.45,1.0,0,0,0,0,0,3
2502,14.0,2002,7.0,8.0,131.0,151.0,11,1.52,3.4,4.0,0.0,3.33,6.35,7.6,30.0,0.72,7.2,6.6,25.0,0,0,0,0,0,3
2503,18.0,2016,1.0,8.0,27.0,77.0,8,0.05,6.47,5.95,52.5,0.4,7.37,5.72,4.5,0.82,8.0,5.1,1.5,1,1,1,1,0,3
2504,17.0,2005,1.0,5.0,336.0,86.0,3,0.21,5.07,5.58,1.0,0.16,7.43,7.32,6.0,1.62,6.0,6.4,17.0,1,0,0,1,0,3
2505,19.0,2001,1.0,5.0,73.0,86.0,11,4.41,8.5,7.83,63.5,4.68,8.4,7.45,48.0,1.67,8.25,7.65,44.0,1,0,1,1,1,3
2506,7.0,2006,4.0,5.0,212.0,257.0,10,0.01,7.0,8.1,1.0,0.02,6.53,7.23,78.0,0.08,3.2,6.4,78.0,0,0,0,0,1,3
2507,1.0,2009,9.0,18.0,280.0,184.0,10,1.68,4.8,6.3,1.0,0.66,6.8,7.05,22.0,1.68,4.8,6.3,1.0,0,0,0,0,0,3
2508,5.0,2010,6.0,5.0,512.0,758.0,10,0.07,6.0,6.55,14.0,0.91,8.03,7.35,64.0,0.45,6.83,6.77,12.5,0,0,0,1,0,3
2509,11.0,2016,10.0,13.0,51.0,57.0,2,0.01,7.0,6.8,77.0,0.01,7.0,6.8,77.0,0.02,7.8,7.05,55.5,1,0,1,1,0,3
2510,14.0,2002,3.0,8.0,629.0,319.0,10,2.11,7.95,7.85,26.0,0.8,6.9,7.65,26.0,0.8,6.9,7.65,26.0,1,1,1,1,0,3
2511,2.0,1984,5.0,1.0,1.0,111.0,1,1.45,4.0,6.4,25.0,4.16,4.0,6.4,25.0,4.16,4.0,6.4,25.0,0,0,1,0,1,3
2512,12.0,1996,10.0,1.0,99.0,176.0,1,2.35,8.0,8.0,15.0,3.91,7.7,7.7,20.0,3.2,7.7,7.7,20.0,1,0,0,1,1,3
2513,14.0,2001,1.0,2.0,630.0,919.0,11,1.77,7.85,8.0,59.0,1.77,7.85,8.0,59.0,1.77,7.85,8.0,59.0,1,0,0,0,1,3
2514,16.0,1981,9.0,121.0,631.0,920.0,1,0.0,0.0,0.0,0.0,0.0,0.0,0.0,0.0,0.0,0.0,0.0,0.0,0,0,0,0,0,3
2515,17.0,2005,11.0,4.0,93.0,916.0,9,0.84,7.93,7.95,104.0,0.38,7.8,6.65,6.0,0.83,5.0,7.6,70.0,0,0,0,0,0,3
2516,6.0,2013,9.0,13.0,338.0,201.0,1,0.04,6.8,5.9,264.5,0.57,7.33,7.35,176.5,0.84,7.2,7.95,36.0,0,0,0,1,0,3
2517,10.0,2011,4.0,26.0,323.0,625.0,11,0.05,7.4,7.85,82.0,1.24,7.4,7.85,82.0,0.28,7.4,7.85,82.0,1,0,0,1,0,3
2518,7.0,2002,2.0,29.0,632.0,902.0,9,0.21,5.5,7.2,49.587620336943445,0.28,5.5,7.2,48.169524669073404,0.84,5.5,7.2,49.57746690734055,0,0,0,0,0,3
2519,6.0,2010,6.0,5.0,73.0,84.0,9,1.01,7.23,7.53,46.0,0.1,4.0,6.7,6.0,1.01,7.23,7.53,46.0,1,0,1,1,0,3
2520,1.0,2010,6.0,8.0,31.0,528.0,10,1.71,5.2,6.15,58.0,0.31,5.98,6.48,8.5,1.38,6.3,6.3,8.5,0,0,0,0,0,3
2521,6.0,2015,1.0,8.0,27.0,77.0,8,2.4,8.2,6.65,1.5,2.4,8.2,6.65,1.5,2.4,8.2,6.65,1.5,1,1,1,1,0,3
2522,5.0,2007,7.0,40.0,210.0,921.0,9,0.13,3.57,2.93,19.5,0.16,6.95,7.03,4.0,0.16,6.95,7.03,4.0,0,0,0,0,0,3
2523,4.0,2008,8.0,6.0,633.0,214.0,6,0.96,6.3,7.6,48.31761945392491,0.96,6.3,7.6,47.04635949943117,2.81,6.3,7.6,48.42512798634812,0,0,0,0,0,3
2524,7.0,2008,4.0,72.0,634.0,922.0,12,0.27,8.2,8.0,8.0,0.63,8.9,8.1,52.0,0.63,8.9,8.1,52.0,0,0,0,0,0,3
2525,6.0,2008,6.0,4.0,299.0,923.0,10,1.37,7.6,7.8,79.0,0.46,7.6,7.8,79.0,0.46,7.6,7.8,79.0,1,0,0,0,0,3
2526,5.0,2008,1.0,6.0,62.0,435.0,11,0.92,8.0,7.6,699.0,1.4,7.67,6.65,286.5,0.29,6.0,6.5,20.0,0,0,1,0,0,3
2527,11.0,2013,1.0,8.0,27.0,77.0,8,2.18,7.5,6.78,6.5,2.18,7.5,6.78,6.5,2.18,7.5,6.78,6.5,1,1,1,1,1,3
2528,6.0,2012,9.0,4.0,356.0,410.0,1,1.47,7.37,8.07,15.0,1.56,7.37,8.07,15.0,1.41,7.37,8.07,15.0,1,0,0,1,1,3
2529,3.0,2000,4.0,25.0,85.0,65.0,1,0.81,7.55,8.7,110.0,2.35,7.55,8.7,110.0,0.77,7.55,4.0,1.0,0,0,0,0,0,3
2530,4.0,2006,9.0,33.0,635.0,924.0,10,0.02,6.085796301053163,6.432079373234055,48.40748280219009,0.66,6.174174158746477,6.54811584895972,47.08746314755019,0.66,6.213452350372464,6.588063190341674,48.39758528709813,0,0,0,0,0,3
2531,7.0,2000,10.0,40.0,210.0,739.0,11,0.21,4.3,7.6,26.0,0.42,7.2,6.7,26.0,1.08,7.0,6.8,26.0,0,0,0,0,1,3
2532,8.0,1994,11.0,122.0,636.0,925.0,1,0.16,6.060073064770927,6.419377962085287,50.71839204668252,0.16,6.1445201421800935,6.542274881516566,48.91938621136806,0.16,6.189670221169031,6.580169826224309,49.949751458828615,0,0,0,0,0,3
2533,17.0,2007,6.0,4.0,334.0,926.0,2,3.77,8.5,8.1,435.5,1.14,8.87,8.93,435.5,1.14,8.87,8.93,435.5,0,0,0,0,0,3
2534,13.0,2000,4.0,26.0,40.0,625.0,9,0.02,5.9,9.3,1.0,0.09,5.9,9.3,1.0,1.04,5.9,8.0,1.0,1,0,1,0,0,3
2535,8.0,1994,5.0,69.0,24.0,778.0,1,0.17,6.0,6.0,2.0,0.32,6.0,6.0,2.0,0.44,6.0,6.0,2.0,0,0,0,0,0,3
2536,13.0,2000,3.0,8.0,218.0,472.0,9,2.99,6.1,6.35,4.0,2.99,6.1,6.35,4.0,0.53,6.1,6.35,4.0,0,0,0,0,0,3
2537,1.0,2010,1.0,8.0,27.0,123.0,11,1.3,6.2,7.3,1.0,1.08,7.65,7.0,108.0,1.3,6.2,7.3,1.0,0,0,1,0,0,3
2538,19.0,2004,9.0,1.0,1.0,39.0,6,1.43,7.2,8.45,235.0,1.43,7.2,8.45,235.0,4.6,9.6,9.0,235.0,0,1,1,0,0,3
2539,13.0,1999,1.0,15.0,87.0,927.0,1,1.1,5.9864729458917845,6.425400801603205,44.05604395604396,0.07,6.120961923847696,6.589959919839676,34.17912087912088,0.07,6.162114228456913,6.618947895791575,38.04120879120879,0,0,1,0,0,3
2540,11.0,2015,6.0,5.0,512.0,84.0,10,0.3,7.8,5.0,6.5,0.63,8.1,7.7,21.0,0.87,7.07,7.48,58.0,1,0,0,1,0,3
2541,13.0,1999,4.0,25.0,316.0,928.0,8,0.65,7.0,8.05,71.0,1.1,7.0,8.05,71.0,1.1,7.0,8.05,71.0,1,0,0,0,0,3
2542,17.0,2011,4.0,54.0,57.0,25.0,3,0.03,7.97,3.5,287.5,0.74,7.97,7.12,287.5,2.68,7.97,7.3,436.5,1,1,1,0,0,3
2543,5.0,2009,1.0,15.0,87.0,102.0,10,2.23,7.17,6.58,232.0,2.23,7.17,6.58,232.0,2.28,7.17,6.58,232.0,0,1,1,1,0,3
2544,12.0,1999,9.0,78.0,615.0,894.0,10,0.25,6.0,5.7,6.5,0.45,6.0,5.7,6.5,0.85,6.0,5.7,6.5,1,0,0,0,0,3
2545,2.0,1987,2.0,13.0,637.0,500.0,1,1.64,6.0,6.0,4.0,1.64,6.0,6.0,4.0,1.64,6.0,6.0,4.0,1,0,0,0,0,3
2546,7.0,2004,7.0,6.0,196.0,266.0,3,1.48,8.65,8.0,102.0,0.03,6.0,8.0,102.0,1.55,7.8,7.7,20.0,1,0,1,0,0,3
2547,6.0,2014,9.0,20.0,123.0,829.0,1,0.18,7.6,7.85,44.0,0.37,8.0,6.65,44.5,0.37,8.0,6.65,44.5,0,1,0,0,0,3
2548,8.0,1994,4.0,1.0,638.0,929.0,7,0.59,6.1,6.1,7.0,0.59,6.1,6.1,7.0,0.59,6.1,6.1,7.0,0,0,0,0,0,3
2549,5.0,2009,3.0,36.0,130.0,791.0,9,0.03,7.13,7.65,58.0,0.88,8.7,7.8,58.0,0.88,8.7,7.8,58.0,0,0,0,0,0,3
2550,10.0,2012,5.0,38.0,59.0,930.0,8,0.04,6.0,7.0,3.0,1.55,7.75,8.0,171.0,1.55,7.75,8.0,171.0,0,0,0,0,0,3
2551,13.0,1998,5.0,11.0,258.0,4.0,1,0.07,7.0,7.0,1.0,0.07,7.0,7.0,1.0,0.2,7.0,7.0,1.0,0,0,0,0,0,3
2552,18.0,2015,9.0,20.0,225.0,442.0,1,1.66,6.47,7.72,114.5,0.08,6.03,6.05,86.0,1.66,6.47,7.72,114.5,0,0,0,1,0,3
2553,6.0,2009,1.0,8.0,68.0,378.0,7,1.09,7.77,7.65,6.0,1.09,7.77,7.65,6.0,0.17,6.8,7.0,1.0,1,0,1,0,0,3
2554,1.0,2008,9.0,103.0,562.0,427.0,10,0.02,7.6,7.3,1.0,0.16,4.7,3.8,1.0,0.72,5.67,7.6,4.0,0,0,0,0,0,3
2555,13.0,1998,1.0,15.0,639.0,931.0,1,1.61,6.0160609318996405,6.403268817204285,46.05333068992863,1.61,6.099759856630821,6.523605734767007,42.11122125297383,1.61,6.1246594982078815,6.541229390680994,45.49722442505948,0,0,0,0,0,3
2556,7.0,2007,4.0,17.0,57.0,25.0,11,0.04,6.1,7.6,214.5,0.04,6.1,7.6,214.5,1.26,7.83,8.2,214.5,1,1,1,1,0,3
2557,7.0,2005,8.0,8.0,108.0,545.0,10,0.96,6.5,6.55,62.0,0.06,7.05,7.15,2.0,0.06,7.05,7.15,2.0,0,0,0,1,0,3
2558,5.0,2009,6.0,5.0,73.0,84.0,5,0.03,3.0,5.5,2.0,0.28,5.47,6.92,7.5,0.28,5.47,6.92,7.5,1,0,1,0,0,3
2559,6.0,2013,1.0,8.0,68.0,741.0,7,0.26,5.2,6.2,18.0,0.36,7.1,7.67,2.5,0.36,7.1,7.67,2.5,1,0,1,0,0,3
2560,1.0,2009,9.0,9.0,163.0,932.0,3,1.13,6.95,7.6,61.0,1.23,8.73,8.23,444.5,1.23,8.73,8.23,444.5,0,0,0,0,0,3
2561,5.0,2011,10.0,8.0,45.0,437.0,3,0.9,7.17,7.05,5.0,0.39,5.65,6.67,5.0,1.41,8.4,7.83,73.5,1,0,1,0,0,3
2562,13.0,2000,6.0,22.0,640.0,354.0,1,1.04,9.1,8.7,99.0,1.04,9.1,8.7,99.0,1.04,9.1,8.7,99.0,0,0,0,0,0,3
2563,7.0,2005,9.0,9.0,176.0,707.0,9,0.02,5.8,6.5,46.832143282161134,0.65,8.9,8.7,45.37718671902892,0.65,8.9,8.7,46.75086278709985,1,0,0,1,0,3
2564,19.0,2003,8.0,18.0,244.0,933.0,10,0.08,4.8,5.22,1.5,0.26,6.2,6.85,3.0,0.26,6.2,6.85,3.0,0,0,0,0,0,3
2565,1.0,2011,6.0,6.0,19.0,934.0,11,1.03,8.73,8.55,517.0,0.04,6.0,5.28,9.0,0.04,6.0,5.28,9.0,0,0,1,0,0,3
2566,13.0,1997,3.0,8.0,641.0,935.0,1,0.92,6.042070079121586,6.394020668496688,49.29562687356727,0.92,6.127673179396085,6.510931697077347,47.72615059072474,0.92,6.172315517519764,6.551114161149683,49.20948686298713,0,0,0,0,0,3
2567,7.0,2004,7.0,22.0,165.0,204.0,4,0.06,5.9,7.0,2.0,0.23,7.6,7.75,27.0,0.13,8.15,7.4,67.0,1,0,0,1,0,3
2568,17.0,2006,8.0,8.0,108.0,327.0,12,0.05,7.4,6.9,125.5,0.04,6.3,6.95,10.0,0.04,6.3,6.95,10.0,0,0,0,1,0,3
2569,13.0,1999,4.0,123.0,22.0,25.0,9,0.0,0.0,0.0,0.0,1.86,9.4,8.65,96.0,0.08,7.0,8.8,276.0,1,1,0,0,0,3
2570,5.0,2013,7.0,9.0,127.0,706.0,2,0.07,8.7,8.37,384.0,2.28,8.7,8.37,384.0,0.19,5.2,7.88,14.5,0,0,0,1,0,3
2571,17.0,2009,1.0,15.0,87.0,102.0,10,1.57,6.85,7.03,51.0,1.57,6.85,7.03,51.0,1.57,6.85,7.03,51.0,0,1,1,1,0,3
2572,5.0,2012,9.0,5.0,79.0,581.0,4,0.13,3.0,5.8,5.0,1.31,7.1,6.85,299.0,1.31,7.1,6.85,299.0,0,0,0,0,0,3
2573,5.0,2010,3.0,9.0,169.0,936.0,2,1.05,5.83,6.88,198.0,1.09,6.93,7.77,74.5,1.09,6.93,7.77,74.5,0,1,0,0,0,3
2574,6.0,2011,7.0,5.0,131.0,937.0,11,1.6,5.17,6.35,13.5,0.63,5.17,6.35,13.5,0.63,5.17,6.35,13.5,0,0,0,1,0,3
2575,6.0,2015,1.0,3.0,102.0,126.0,9,1.08,9.2,8.0,561.0,2.32,8.53,7.32,20.0,2.32,8.53,7.32,20.0,1,0,1,0,1,3
2576,1.0,2008,1.0,29.0,642.0,938.0,10,3.03,7.42,7.38,271.5,3.03,7.42,7.38,271.5,3.03,7.42,7.38,271.5,0,0,0,0,0,3
2577,17.0,2007,8.0,8.0,108.0,636.0,10,1.02,6.75,6.35,43.0,0.03,6.7,7.55,2.0,0.03,6.7,7.55,2.0,0,0,0,1,0,3
2578,14.0,2004,9.0,6.0,62.0,298.0,11,1.36,7.0,7.4,6.0,1.13,7.2,7.4,7.0,0.32,9.1,8.1,198.0,1,0,1,0,1,3
2579,5.0,2012,4.0,13.0,51.0,393.0,5,0.02,7.8,7.05,55.5,0.02,7.8,7.05,55.5,1.78,6.93,8.05,197.5,0,0,1,0,0,3
2580,5.0,2012,9.0,29.0,509.0,751.0,8,1.0,7.83,7.9,47.0,0.02,8.4,8.1,587.5,0.02,8.4,8.1,587.5,0,0,0,1,1,3
2581,6.0,2013,9.0,13.0,51.0,67.0,1,3.44,7.0,7.8,46.0,0.04,6.8,5.9,264.5,1.98,6.73,6.1,447.5,1,1,1,1,0,3
2582,4.0,2007,6.0,6.0,42.0,376.0,11,1.1,2.0,4.0,1.0,1.54,7.25,7.4,41.0,1.54,7.25,7.4,41.0,1,0,1,0,1,3
2583,13.0,2000,12.0,58.0,643.0,939.0,1,0.23,8.0,8.0,1.0,0.31,8.0,8.0,1.0,0.23,8.0,8.0,1.0,1,0,0,0,0,3
2584,19.0,2002,3.0,8.0,629.0,319.0,9,1.17,6.0,8.25,3.0,1.17,6.0,8.25,3.0,1.17,6.0,8.25,3.0,1,1,1,1,0,3
2585,1.0,2010,9.0,18.0,164.0,184.0,10,1.55,5.65,5.8,68.0,1.55,5.65,5.8,68.0,1.55,5.65,5.8,68.0,0,0,0,0,0,3
2586,5.0,2009,6.0,5.0,73.0,758.0,11,0.91,6.5,6.7,13.0,1.14,8.17,6.7,78.5,0.32,8.07,7.2,28.5,0,0,1,0,0,3
2587,20.0,2013,1.0,1.0,1.0,940.0,11,1.85,5.35,5.75,8.0,1.85,5.35,5.75,8.0,1.85,5.35,5.75,8.0,0,1,1,0,0,3
2588,7.0,2002,4.0,26.0,40.0,625.0,1,4.24,4.3,7.35,5.5,0.53,8.05,7.45,10.0,0.58,5.0,7.6,42.0,1,0,1,0,0,3
2589,8.0,1993,1.0,1.0,51.0,941.0,1,1.75,7.0,7.6,54.0,2.0,7.0,7.1,8.0,2.0,7.0,7.1,8.0,0,0,1,0,0,3
2590,6.0,2011,7.0,90.0,473.0,679.0,6,0.08,7.8,5.73,85.0,0.08,7.8,5.73,85.0,1.16,4.67,5.73,85.0,1,0,0,0,0,3
2591,5.0,2009,9.0,8.0,122.0,731.0,4,0.09,8.63,8.68,591.5,1.42,8.63,8.68,591.5,0.29,4.0,6.1,10.0,0,0,1,0,0,3
2592,17.0,2010,1.0,15.0,87.0,102.0,9,0.01,6.0408158995815855,6.398263598326344,49.51921757035004,0.12,6.133399581589951,6.528050209204999,47.858499199267904,0.05,6.181351464435135,6.563376569037639,49.493479752916954,0,0,1,0,0,3
2593,16.0,1981,9.0,124.0,644.0,706.0,1,0.0,0.0,0.0,0.0,0.0,0.0,0.0,0.0,0.0,0.0,0.0,0.0,0,0,0,0,0,3
2594,7.0,2006,10.0,11.0,161.0,188.0,10,0.06,6.0,5.0,4.0,0.02,6.1,8.2,4.0,0.55,7.0,7.5,18.0,0,0,0,0,1,3
2595,6.0,2012,11.0,125.0,590.0,942.0,1,0.0,0.0,0.0,0.0,0.16,5.5,5.45,8.0,0.16,5.5,5.45,8.0,0,0,0,0,0,3
2596,5.0,2011,2.0,6.0,531.0,194.0,11,0.88,6.27,7.12,16.0,1.03,8.73,8.55,517.0,0.64,6.05,7.0,120.0,1,0,0,1,1,3
2597,7.0,2008,6.0,5.0,296.0,84.0,6,0.99,6.0,5.45,15.5,0.1,5.3,6.8,7.0,1.23,6.0,6.5,18.0,1,0,0,0,0,3
2598,13.0,1994,3.0,4.0,645.0,335.0,1,0.0,0.0,0.0,0.0,0.0,0.0,0.0,0.0,0.0,0.0,0.0,0.0,1,0,0,0,1,3
2599,4.0,2007,4.0,17.0,57.0,25.0,6,0.56,7.9,8.3,152.0,3.19,7.65,7.9,173.0,0.67,7.35,6.9,28.0,1,1,1,0,0,3
2600,19.0,2003,4.0,6.0,646.0,857.0,3,0.01,5.15,8.45,6.0,0.08,8.0,8.45,6.0,0.32,8.2,8.45,1.0,1,0,0,0,0,3
2601,13.0,1997,8.0,126.0,647.0,943.0,1,0.0,0.0,0.0,0.0,0.0,0.0,0.0,0.0,0.0,0.0,0.0,0.0,0,0,0,0,0,3
2602,17.0,2009,12.0,4.0,648.0,944.0,10,0.99,6.83,6.88,39.0,0.05,6.83,6.88,39.0,0.05,6.83,6.88,39.0,1,0,0,1,0,3
2603,13.0,2001,3.0,3.0,649.0,945.0,7,0.31,3.3,5.0,41.10228233305156,0.31,3.3,5.0,35.45519864750634,0.31,3.3,5.0,40.102916314454774,0,0,0,0,0,3
2604,6.0,2009,1.0,8.0,68.0,454.0,7,0.94,8.3,7.35,1.0,0.94,8.3,7.35,1.0,0.36,6.1,6.33,1.0,0,0,1,0,1,3
2605,4.0,2008,9.0,18.0,164.0,184.0,11,0.17,5.73,6.08,17.5,2.8,6.15,6.75,107.0,0.9,5.55,6.1,107.0,0,0,0,0,0,3
2606,12.0,1999,10.0,8.0,377.0,275.0,11,0.31,6.5,7.5,3.0,1.22,6.5,7.0,1.0,0.21,6.5,7.0,1.0,0,0,0,0,0,3
2607,2.0,1992,2.0,13.0,51.0,500.0,1,4.1,8.0,7.7,97.0,4.1,8.0,7.7,97.0,0.28,8.0,6.9,16.0,1,0,1,0,0,3
2608,5.0,2009,4.0,17.0,57.0,416.0,6,0.48,7.17,6.95,57.0,0.48,7.17,6.95,57.0,0.65,6.97,7.63,24.0,1,0,1,0,0,3
2609,7.0,2007,8.0,15.0,87.0,297.0,9,0.08,3.85,7.6,1.0,0.05,7.6,7.8,1.0,0.32,7.4,7.5,1.0,1,0,1,0,0,3
2610,7.0,2000,8.0,6.0,227.0,946.0,10,0.09,7.8,7.4,45.51120533010297,0.18,7.8,7.4,44.39107611548557,0.28,7.8,7.4,45.35221078134464,1,0,0,0,1,3
2611,10.0,2014,4.0,17.0,85.0,481.0,1,1.32,6.0,6.0,47.3185817805383,0.96,6.0,6.0,45.40683229813665,0.96,6.0,6.0,49.021868530020704,1,1,0,0,0,3
2612,1.0,2007,7.0,9.0,284.0,947.0,11,8.06,6.35,6.9,48.0,0.3,6.35,7.8,48.0,0.3,6.35,7.8,48.0,0,0,0,0,0,3
2613,5.0,2013,9.0,42.0,225.0,273.0,4,0.06,6.7,1.5,2.0,2.29,6.7,7.05,359.0,2.29,6.7,7.05,359.0,1,0,0,1,0,3
2614,4.0,2007,9.0,29.0,240.0,948.0,9,0.14,6.064948030634569,6.415265317286644,47.74484613086346,0.14,6.151427789934339,6.535451312910269,44.120854496564085,0.14,6.183933260393863,6.568099015317286,48.0920227069017,0,0,0,0,0,3
2615,12.0,1998,1.0,1.0,50.0,949.0,1,1.37,6.0160609318996405,6.403268817204285,46.05333068992863,1.37,6.099759856630821,6.523605734767007,42.11122125297383,1.37,6.1246594982078815,6.541229390680994,45.49722442505948,0,0,0,0,0,3
2616,1.0,2011,1.0,8.0,45.0,31.0,9,2.69,6.77,6.8,22.5,6.69,7.92,7.75,702.5,6.69,7.92,7.75,702.5,1,1,1,1,0,3
2617,5.0,2008,4.0,2.0,650.0,950.0,8,0.02,7.4,7.35,32.0,0.44,8.6,8.3,94.0,0.44,8.6,8.3,94.0,0,0,0,0,0,3
2618,6.0,2008,12.0,3.0,328.0,429.0,7,2.05,4.9,3.3,7.5,0.04,6.57,5.6,7.5,0.17,8.7,8.2,55.0,0,0,0,0,0,3
2619,7.0,2007,1.0,8.0,68.0,378.0,7,0.25,5.85,4.9,9.0,0.27,4.53,5.0,33.0,0.56,8.8,6.9,33.0,1,0,1,0,0,3
2620,14.0,2003,1.0,8.0,45.0,31.0,11,1.14,7.7,7.55,80.0,0.38,9.2,8.7,80.0,0.05,7.3,6.3,14.0,1,1,1,0,1,3
2621,4.0,2008,1.0,1.0,1.0,951.0,5,35.82,7.6,8.0,319.0,35.82,7.6,8.0,319.0,35.82,7.6,8.0,319.0,1,0,1,0,0,3
2622,5.0,2010,10.0,26.0,385.0,637.0,10,0.29,6.55,7.2,2.0,0.21,7.3,7.9,52.0,0.13,4.35,4.6,1.0,0,0,0,0,0,3
2623,1.0,2011,9.0,1.0,417.0,3.0,2,0.04,6.4,8.05,3.0,1.33,6.4,8.05,3.0,1.2,3.0,6.5,2.0,0,0,0,0,0,3
2624,10.0,2013,5.0,1.0,59.0,75.0,2,0.18,6.95,8.0,33.0,0.81,6.95,8.0,33.0,1.78,7.0,7.5,76.0,0,0,0,0,0,3
2625,5.0,2006,9.0,6.0,196.0,952.0,10,0.03,5.7,6.25,41.0,0.33,6.05,6.25,41.0,0.33,6.05,6.25,41.0,1,0,1,0,1,3
2626,16.0,1982,7.0,11.0,651.0,953.0,1,1.1,7.0,7.0,2.0,1.1,7.0,7.0,2.0,1.1,7.0,7.0,2.0,0,0,0,1,0,3
2627,5.0,2008,6.0,2.0,652.0,954.0,11,0.66,6.8,7.05,22.0,0.38,7.85,7.95,70.0,0.38,7.85,7.95,70.0,0,0,0,0,0,3
2628,9.0,2002,2.0,24.0,653.0,955.0,10,0.2,6.9,6.8,15.0,0.56,4.7,8.5,1.0,0.56,4.7,8.5,1.0,0,0,0,0,0,3
2629,4.0,2006,7.0,1.0,1.0,956.0,3,0.28,9.2,8.7,103.0,29.02,5.4,5.7,103.0,29.02,5.4,5.7,103.0,1,0,1,1,0,3
2630,15.0,1992,11.0,19.0,654.0,957.0,1,0.0,0.0,0.0,0.0,0.0,0.0,0.0,0.0,0.0,0.0,0.0,0.0,0,0,0,0,0,3
2631,13.0,1994,7.0,53.0,117.0,144.0,1,0.0,0.0,0.0,0.0,0.03,8.23,8.53,144.5,0.03,8.23,8.53,144.5,1,0,0,1,1,3
2632,7.0,2007,6.0,4.0,370.0,465.0,3,1.14,8.1,8.3,3.0,1.49,6.0,6.3,3.0,1.61,5.0,5.8,4.0,1,0,0,0,0,3
2633,4.0,2009,5.0,6.0,19.0,800.0,12,0.04,7.0,7.0,1.0,0.13,3.6,4.45,1.0,0.06,3.6,4.45,1.0,0,0,1,0,0,3
2634,4.0,2008,11.0,29.0,120.0,958.0,9,0.02,5.25,6.42,6.0,0.07,5.25,6.42,6.0,0.07,5.25,6.42,6.0,0,0,0,0,0,3
2635,1.0,2009,6.0,127.0,655.0,959.0,1,0.27,6.06531266560678,6.414785373608896,47.58155002891845,0.27,6.151277159512439,6.537713301536816,45.36119144013881,0.27,6.18789083200847,6.572859035506092,49.094852515905146,0,0,0,0,0,3
2636,13.0,1999,10.0,13.0,51.0,960.0,1,0.14,7.4,7.4,7.0,0.03,7.6,7.6,16.0,0.03,7.6,7.6,16.0,1,0,1,0,0,3
2637,6.0,2012,9.0,4.0,92.0,91.0,8,0.64,8.5,7.9,388.0,1.01,7.8,8.0,80.0,1.01,7.8,8.0,80.0,1,0,0,1,0,3
2638,13.0,1997,12.0,8.0,656.0,961.0,1,0.86,6.042070079121586,6.394020668496688,49.29562687356727,0.14,6.127673179396085,6.510931697077347,47.72615059072474,0.14,6.172315517519764,6.551114161149683,49.20948686298713,0,0,0,0,0,3
2639,4.0,2010,5.0,1.0,657.0,4.0,9,1.41,7.45,6.95,154.0,1.41,7.45,6.95,154.0,2.13,7.7,7.8,73.0,1,1,0,0,1,3
2640,11.0,2015,1.0,15.0,87.0,102.0,9,0.13,7.3,6.77,31.5,0.14,7.3,6.77,31.5,0.14,7.3,6.77,31.5,0,1,1,1,0,3
2641,17.0,2006,12.0,29.0,511.0,755.0,3,0.17,6.6,7.25,9.0,0.04,6.45,7.25,9.0,0.07,5.35,6.4,1.0,1,0,0,0,0,3
2642,17.0,2009,7.0,18.0,658.0,962.0,11,0.25,3.0,6.2,3.0,0.25,6.0,5.82,10.5,0.25,6.0,5.82,10.5,0,0,0,0,0,3
2643,5.0,2011,1.0,29.0,120.0,963.0,6,0.19,5.2,6.5,10.5,0.11,6.0,5.55,10.5,0.11,6.0,5.55,10.5,0,0,0,0,0,3
2644,5.0,2012,9.0,13.0,442.0,67.0,3,0.84,7.2,7.95,36.0,0.45,6.2,7.85,3.0,0.09,6.2,7.85,3.0,1,1,0,1,0,3
2645,7.0,2006,1.0,3.0,373.0,126.0,10,0.01,7.4,6.2,5.0,0.03,8.15,7.65,8.0,0.36,7.7,7.75,5.0,1,0,0,1,1,3
2646,17.0,2008,3.0,8.0,137.0,43.0,11,1.17,7.47,7.68,469.0,0.26,6.5,6.15,1.0,1.69,5.3,5.88,101.5,1,1,1,1,0,3
2647,5.0,2010,9.0,33.0,249.0,317.0,1,1.11,6.0,6.8,20.0,1.41,6.0,6.8,20.0,1.41,6.0,6.8,20.0,0,0,0,1,0,3
2648,8.0,1993,4.0,122.0,206.0,964.0,1,0.16,6.031933001358078,6.3974558623811495,47.68694362017804,0.32,6.124495246717962,6.522283838841079,46.41444114737883,0.32,6.171109099139873,6.561172476233574,49.107195845697326,0,0,0,0,0,3
2649,16.0,1983,5.0,11.0,35.0,37.0,1,0.38,3.0,3.0,2.0,0.38,3.0,3.0,2.0,1.65,6.7,6.7,9.0,0,0,0,0,0,3
2650,19.0,2002,7.0,8.0,131.0,151.0,11,1.49,8.05,7.2,58.0,1.99,7.3,7.0,34.0,3.33,6.35,7.6,30.0,0,0,0,0,0,3
2651,5.0,2008,2.0,2.0,33.0,140.0,11,6.76,8.65,8.05,317.0,0.56,7.6,6.9,3.0,0.33,7.2,7.65,6.0,1,0,0,0,0,3
2652,13.0,1998,1.0,4.0,27.0,247.0,1,0.86,7.0,7.3,4.0,1.52,7.0,7.3,4.0,1.22,7.0,7.8,4.0,0,0,1,0,1,3
2653,5.0,2009,9.0,6.0,587.0,856.0,1,0.07,6.2,6.35,176.0,0.07,6.2,6.35,176.0,0.07,6.2,6.35,176.0,0,0,0,0,0,3
2654,1.0,2009,9.0,8.0,387.0,135.0,6,0.09,5.87,7.5,7.0,0.29,5.87,6.88,9.0,0.25,5.85,4.9,9.0,0,0,1,0,0,3
2655,1.0,2009,6.0,5.0,394.0,758.0,10,1.06,7.97,7.55,75.5,0.67,4.97,5.95,61.5,1.06,7.97,7.55,75.5,0,0,0,0,0,3
2656,5.0,2005,7.0,2.0,33.0,254.0,12,0.06,3.75,6.1,3.0,0.1,6.8,6.1,3.0,0.1,6.8,6.1,3.0,1,0,0,0,1,3
2657,16.0,1982,7.0,11.0,40.0,965.0,1,1.08,5.9,5.9,9.0,1.65,6.7,6.7,9.0,1.65,6.7,6.7,9.0,1,0,1,0,1,3
2658,13.0,1996,3.0,8.0,80.0,966.0,1,1.17,7.0,7.0,5.0,1.52,7.0,7.0,5.0,1.52,7.0,7.0,5.0,0,0,0,0,0,3
2659,13.0,2000,6.0,120.0,605.0,967.0,1,0.03,6.080184531886015,6.4249240162822545,49.17336199229173,0.25,6.164715061058349,6.539900949796512,47.802772013044766,0.25,6.208497964721839,6.582871099050231,49.20360213459828,0,0,0,0,0,3
2660,18.0,2013,1.0,8.0,27.0,77.0,8,1.77,7.3,6.27,9.5,1.77,7.3,6.27,9.5,1.77,7.3,6.27,9.5,1,1,1,1,1,3
2661,16.0,1981,9.0,128.0,659.0,968.0,1,0.0,0.0,0.0,0.0,0.0,0.0,0.0,0.0,0.0,0.0,0.0,0.0,0,0,0,0,0,3
2662,17.0,2008,3.0,8.0,660.0,43.0,11,1.14,7.47,7.7,501.0,0.07,7.47,7.7,501.0,1.4,4.75,6.25,55.0,0,0,0,0,0,3
2663,6.0,2011,7.0,3.0,127.0,547.0,6,2.72,7.78,7.45,240.0,0.13,7.78,6.8,4.0,0.08,4.35,6.1,7.0,1,0,0,1,0,3
2664,23.0,2014,4.0,4.0,148.0,969.0,10,0.04,6.65,7.0,60.0,0.49,6.13,6.42,47.0,0.49,6.13,6.42,47.0,0,0,0,0,0,3
2665,7.0,2005,10.0,8.0,45.0,257.0,9,0.9,8.5,8.37,106.0,0.12,7.3,7.7,106.0,0.54,6.93,7.53,17.5,0,0,1,1,0,3
2666,16.0,1980,10.0,5.0,661.0,970.0,1,1.15,6.102650200921301,6.463859649122879,46.501239624878735,1.15,6.190823287268469,6.56118494560429,45.05502856526895,1.15,6.2224767225326065,6.601727923159902,45.990136897704,0,0,0,0,0,3
2667,13.0,1999,3.0,8.0,662.0,43.0,2,0.22,4.0,4.0,1.0,0.22,4.0,4.0,1.0,1.0,4.0,5.5,4.0,1,1,0,1,0,3
2668,6.0,2009,10.0,26.0,161.0,188.0,11,0.2,5.25,6.75,16.0,1.04,7.4,8.1,258.0,0.1,2.9,1.5,0.0,0,0,0,0,0,3
2669,16.0,1983,9.0,11.0,489.0,971.0,1,0.14,3.0,3.0,2.0,0.38,3.0,3.0,2.0,0.38,3.0,3.0,2.0,0,0,0,0,0,3
2670,12.0,2001,2.0,29.0,33.0,972.0,5,1.87,7.27,8.18,39.0,2.52,7.9,9.1,359.0,2.52,7.9,9.1,359.0,1,0,0,0,0,3
2671,3.0,1999,4.0,25.0,206.0,65.0,1,0.16,8.0,7.8,69.0,0.78,8.0,7.8,69.0,3.19,8.0,7.8,69.0,0,0,0,0,0,3
2672,9.0,2002,9.0,29.0,663.0,184.0,5,0.04,3.8,9.18,66.0,0.14,8.55,9.18,66.0,0.5,7.2,7.03,13.0,0,0,0,0,0,3
2673,4.0,2008,8.0,129.0,664.0,973.0,11,0.03,7.15,5.0,1.0,0.03,7.15,5.0,1.0,0.03,7.15,5.0,1.0,0,0,0,0,0,3
2674,4.0,2012,9.0,20.0,234.0,431.0,6,1.46,8.0,7.38,31.5,1.68,7.95,7.47,45.0,1.68,7.95,7.47,45.0,0,0,0,0,0,3
2675,17.0,2005,9.0,4.0,393.0,410.0,3,1.07,5.5,6.25,1.0,0.54,6.67,8.13,25.0,0.18,5.1,7.4,25.0,1,0,0,1,1,3
2676,7.0,2003,7.0,114.0,355.0,477.0,1,0.87,6.62,7.65,10.0,1.57,6.75,7.7,30.5,1.57,6.75,7.7,30.5,0,0,0,0,0,3
2677,7.0,2001,2.0,13.0,51.0,974.0,2,0.07,6.113659429129058,6.478671220622964,46.09300044583148,0.07,6.201870374888207,6.579175408636298,45.315292019616585,0.07,6.234712531511773,6.6217109864194805,46.52278198840838,0,0,1,0,0,3
2678,4.0,2004,3.0,1.0,290.0,3.0,3,2.31,7.7,7.73,148.5,1.83,5.7,5.2,1.0,0.38,5.5,5.7,8.0,1,1,0,0,0,3
2679,9.0,2005,2.0,1.0,33.0,975.0,11,23.42,9.03,8.62,907.5,1.23,7.5,8.6,98.0,1.23,7.5,8.6,98.0,1,1,0,0,1,3
2680,7.0,2002,1.0,31.0,302.0,875.0,5,0.3,7.8,8.0,4.5,0.56,6.73,7.08,4.5,0.26,7.45,7.3,0.0,1,0,0,0,0,3
2681,7.0,2002,4.0,11.0,22.0,561.0,6,0.68,6.8,7.3,14.0,5.3,8.45,8.8,350.0,1.35,7.0,8.0,3.0,0,0,0,0,0,3
2682,7.0,2003,1.0,57.0,391.0,422.0,8,0.21,5.9,7.9,46.19905533063428,1.42,5.9,7.9,45.39591767881242,0.09,5.9,7.9,46.679740215924426,0,0,0,0,0,3
2683,7.0,2008,2.0,9.0,55.0,62.0,11,1.03,5.63,7.18,112.5,1.03,5.63,7.18,112.5,1.03,5.63,7.18,112.5,0,1,1,0,0,3
2684,13.0,1996,3.0,89.0,252.0,976.0,1,0.04,3.0,9.0,1.0,0.04,3.0,9.0,1.0,0.28,3.0,9.0,1.0,0,0,0,0,0,3
2685,6.0,2014,7.0,8.0,474.0,666.0,2,0.19,3.7,2.45,2.5,0.14,7.6,7.55,3.0,0.19,7.25,7.5,25.0,0,0,0,1,1,3
2686,1.0,2010,11.0,6.0,19.0,340.0,11,2.32,6.0,5.15,4.0,0.04,6.0,5.15,4.0,0.49,5.0,5.05,19.0,0,0,1,0,0,3
2687,10.0,2011,8.0,8.0,137.0,34.0,3,0.84,6.4,5.2,150.5,0.63,5.57,6.63,13.5,0.63,5.57,6.63,13.5,0,0,1,0,0,3
2688,14.0,2004,3.0,11.0,53.0,59.0,6,1.29,6.25,8.4,31.0,1.55,6.53,6.53,31.0,0.34,5.65,6.4,30.0,0,0,0,0,0,3
2689,7.0,2005,9.0,18.0,116.0,754.0,1,0.2,6.23,5.78,90.0,1.75,6.0,7.0,47.0,1.75,6.0,7.0,47.0,0,0,0,0,0,3
2690,7.0,2003,10.0,65.0,310.0,977.0,10,0.1,1.0,6.0,2.0,1.51,1.0,6.0,2.0,1.51,1.0,6.0,2.0,0,0,0,0,0,3
2691,13.0,1995,10.0,19.0,51.0,57.0,1,1.79,7.0,5.9,7.0,0.16,7.0,7.5,2.0,0.15,7.0,7.1,8.0,1,0,1,0,0,3
2692,23.0,2012,10.0,20.0,175.0,216.0,5,0.38,6.6,7.2,12.0,2.85,7.97,8.0,58.5,2.85,7.97,8.0,58.5,1,1,0,1,0,3
2693,13.0,1998,1.0,15.0,103.0,978.0,6,0.04,7.0,7.0,1.0,0.02,7.0,7.0,1.0,0.1,8.0,8.0,28.0,0,0,0,0,0,3
2694,5.0,2010,7.0,13.0,51.0,565.0,5,0.17,6.47,5.43,18.0,0.48,7.6,7.7,39.0,0.64,6.9,7.2,73.5,0,0,1,0,0,3
2695,6.0,2012,10.0,26.0,665.0,336.0,2,0.02,8.5,7.73,263.0,0.02,8.5,7.73,263.0,1.47,8.5,7.73,263.0,1,0,0,0,0,3
2696,15.0,2011,7.0,50.0,95.0,114.0,4,0.37,8.47,8.23,512.5,2.1,8.67,8.78,439.0,2.1,8.67,8.78,439.0,0,0,0,1,0,3
2697,4.0,2005,6.0,9.0,34.0,294.0,2,0.02,8.0,7.4,20.0,0.71,8.77,8.3,36.5,1.52,8.7,8.4,36.5,1,0,1,0,1,3
2698,11.0,2014,1.0,15.0,87.0,102.0,11,0.28,6.53,6.1,139.5,0.17,6.53,6.1,139.5,0.17,6.75,6.0,8.5,0,1,1,0,0,3
2699,1.0,2009,5.0,29.0,383.0,979.0,10,1.07,6.75,7.58,68.5,0.11,6.75,7.58,68.5,0.11,6.75,7.58,68.5,0,0,0,0,0,3
2700,6.0,2009,9.0,8.0,116.0,980.0,1,0.93,5.0,6.8,23.0,1.06,6.1,6.0,13.0,1.06,6.1,6.0,13.0,0,0,0,0,0,3
2701,2.0,1988,4.0,10.0,215.0,25.0,1,0.84,5.0,6.6,33.0,1.96,5.0,6.8,13.0,0.84,5.0,6.6,33.0,1,1,0,0,0,3
2702,12.0,2001,1.0,5.0,186.0,86.0,9,0.36,5.4,7.4,7.0,0.53,7.85,8.12,7.0,4.68,8.4,7.45,48.0,1,0,0,0,1,3
2703,7.0,2002,6.0,26.0,323.0,981.0,1,1.82,7.2,6.6,1.0,0.55,7.2,6.0,1.0,0.55,7.2,6.0,1.0,1,0,0,0,0,3
2704,9.0,2005,4.0,13.0,666.0,982.0,1,0.18,7.2,7.83,7.5,0.18,7.2,7.83,7.5,0.18,7.2,7.83,7.5,1,0,0,0,1,3
2705,7.0,2004,7.0,4.0,593.0,213.0,5,0.13,5.7,6.8,2.0,0.52,7.65,7.6,10.0,0.52,7.65,7.6,10.0,1,0,0,0,0,3
2706,7.0,2010,1.0,8.0,27.0,31.0,9,3.53,8.4,7.5,108.0,3.53,8.4,7.5,108.0,3.53,8.4,7.5,108.0,1,1,1,0,1,3
2707,1.0,2009,1.0,130.0,667.0,983.0,1,0.05,6.0,6.5,17.5,0.05,6.0,6.5,17.5,0.05,6.0,6.5,17.5,0,0,0,0,0,3
2708,5.0,2007,7.0,22.0,165.0,984.0,11,0.4,7.55,7.95,132.0,0.14,8.05,8.3,98.0,0.14,8.05,8.3,98.0,0,0,0,0,0,3
2709,15.0,2011,9.0,6.0,62.0,106.0,11,0.8,6.6,2.6,573.0,4.19,7.83,7.48,573.0,4.24,7.83,7.25,668.5,1,1,1,1,0,3
2710,14.0,2004,10.0,40.0,210.0,216.0,10,1.88,7.05,7.95,5.0,1.88,7.05,7.95,5.0,0.01,7.5,8.2,5.0,1,1,0,1,0,3
2711,4.0,2009,11.0,13.0,51.0,763.0,2,4.19,9.13,7.83,278.0,4.19,9.13,7.83,278.0,1.06,7.6,7.65,135.0,1,0,1,0,0,3
2712,9.0,2004,11.0,33.0,82.0,985.0,10,0.66,7.7,8.0,50.91388518024032,0.57,6.0,5.8,41.10447263017357,0.57,6.0,5.8,47.05941255006675,0,0,1,0,0,3
2713,1.0,2014,1.0,8.0,27.0,31.0,9,2.15,7.23,5.5,155.0,2.15,7.23,5.5,155.0,2.15,7.23,5.5,155.0,1,1,1,1,0,3
2714,7.0,2002,10.0,13.0,51.0,986.0,7,0.33,5.95,7.05,4.0,0.39,5.8,6.55,6.0,0.39,5.8,6.55,6.0,1,0,1,0,0,3
2715,17.0,2009,3.0,8.0,387.0,240.0,9,1.08,6.0,6.6,22.5,0.32,5.2,4.15,4.0,0.32,5.2,4.15,4.0,1,1,1,1,0,3
2716,6.0,2007,7.0,22.0,165.0,984.0,11,0.86,7.35,7.45,132.0,0.04,8.07,8.53,218.0,0.76,5.33,5.05,90.5,0,0,0,0,0,3
2717,5.0,2014,4.0,26.0,227.0,332.0,3,0.01,7.05,7.65,5.5,0.12,7.05,7.65,5.5,0.07,9.0,7.65,398.0,0,0,0,1,0,3
2718,7.0,2005,9.0,5.0,139.0,170.0,11,1.17,6.29,7.72,75.5,0.55,6.1,5.3,2.0,1.38,6.35,7.1,30.0,0,0,0,0,0,3
2719,7.0,2001,10.0,31.0,421.0,987.0,4,1.38,7.2,7.13,7.5,0.17,4.9,7.3,1.0,0.17,4.9,7.3,1.0,0,0,0,0,0,3
2720,5.0,2006,1.0,3.0,50.0,605.0,5,0.17,7.17,7.12,42.0,1.16,7.25,7.8,5.0,1.16,7.25,7.8,5.0,0,0,0,0,0,3
2721,1.0,2010,6.0,8.0,31.0,272.0,10,1.08,7.65,7.0,108.0,0.11,5.82,5.58,3.5,0.43,5.82,6.75,3.0,0,0,0,0,0,3
2722,6.0,2006,9.0,4.0,668.0,988.0,11,1.1,6.9,7.1,9.0,0.11,6.9,6.1,9.0,0.23,6.7,7.75,14.0,0,0,0,0,1,3
2723,1.0,2008,8.0,71.0,669.0,857.0,11,0.05,7.2,5.5,48.44426425401161,0.05,4.2,5.5,46.782946398088086,0.58,5.0,5.5,48.1357972004097,1,0,0,0,0,3
2724,3.0,1991,4.0,10.0,215.0,989.0,1,1.1,6.106693207510081,6.4691025262951625,46.589164053206446,1.1,6.193868082178333,6.5654811756611196,45.098410295230885,1.1,6.226080802123285,6.606436646023833,45.99854006704877,1,1,0,0,0,3
2725,15.0,2013,12.0,9.0,270.0,730.0,9,0.64,3.43,4.25,86.5,0.59,9.0,8.35,263.5,0.59,9.0,8.35,263.5,1,0,0,1,0,3
2726,18.0,2015,6.0,2.0,33.0,990.0,8,0.2,6.0,7.25,18.0,6.24,6.15,6.9,13.0,6.24,6.15,6.9,13.0,0,0,0,1,0,3
2727,4.0,2007,4.0,33.0,288.0,991.0,3,0.06,7.0,7.5,67.0,1.85,7.3,7.75,67.0,1.85,7.3,7.75,67.0,0,0,0,0,0,3
2728,7.0,2008,2.0,29.0,70.0,520.0,7,1.02,5.25,5.3,6.5,1.46,5.25,4.3,10.0,1.46,5.25,4.3,10.0,0,0,0,0,0,3
2729,17.0,2008,10.0,29.0,145.0,627.0,11,0.92,7.63,6.95,82.5,0.92,7.63,6.95,82.5,0.92,7.63,6.95,82.5,0,0,1,0,0,3
2730,6.0,2009,6.0,5.0,73.0,758.0,11,0.89,8.53,5.9,1093.5,1.1,8.2,6.75,72.0,0.99,7.3,6.78,16.5,0,0,1,0,0,3
2731,13.0,2000,2.0,13.0,51.0,500.0,2,0.1,3.95,7.7,27.0,0.22,3.95,6.7,2.0,0.05,3.95,6.7,2.0,1,0,1,0,0,3
2732,23.0,2013,11.0,16.0,128.0,992.0,11,0.28,7.5,7.95,43.0,3.42,8.05,8.05,117.0,3.42,8.05,8.05,117.0,0,0,0,1,0,3
2733,6.0,2010,6.0,5.0,512.0,758.0,10,0.07,8.07,7.0,1.0,0.32,8.07,7.2,28.5,0.41,7.0,5.25,8.0,0,0,0,1,0,3
2734,6.0,2009,9.0,8.0,122.0,731.0,4,0.01,7.25,7.05,4.0,1.1,6.6,4.4,4.0,0.16,5.85,7.25,10.0,0,0,1,0,0,3
2735,1.0,2009,10.0,29.0,145.0,665.0,10,1.05,7.17,7.78,148.0,1.07,6.75,7.58,68.5,1.07,6.75,7.58,68.5,0,0,1,0,0,3
2736,5.0,2008,9.0,131.0,670.0,372.0,2,0.14,7.4,7.6,26.0,0.14,7.4,7.6,26.0,1.31,5.7,6.43,40.0,1,0,0,0,0,3
2737,6.0,2012,9.0,5.0,79.0,581.0,4,0.02,7.13,7.15,310.5,1.24,7.13,7.15,310.5,1.24,7.13,7.15,310.5,0,0,0,0,0,3
2738,7.0,2004,9.0,5.0,186.0,993.0,9,1.75,6.0,7.0,47.0,0.08,6.15,7.0,3.0,0.08,6.15,7.0,3.0,0,0,0,0,0,3
2739,12.0,1997,3.0,14.0,489.0,994.0,1,0.03,1.0,1.0,2.0,0.29,1.0,1.0,2.0,0.29,1.0,1.0,2.0,0,0,0,0,0,3
2740,5.0,2012,9.0,5.0,155.0,915.0,1,1.69,2.0,3.2,9.0,0.01,5.0,6.7,19.0,0.01,5.0,6.7,19.0,0,0,0,1,0,3
2741,7.0,2001,7.0,15.0,54.0,995.0,3,0.74,6.7,6.75,2.0,0.08,3.9,4.85,2.0,0.08,3.9,4.85,2.0,1,0,0,0,0,3
2742,6.0,2009,7.0,29.0,157.0,360.0,6,0.05,7.46,7.4,241.0,1.69,7.46,7.4,241.0,0.03,7.9,7.9,241.0,1,0,0,0,0,3
2743,13.0,1997,10.0,19.0,500.0,996.0,1,2.85,8.0,7.75,52.0,2.85,8.0,7.75,52.0,2.85,8.0,7.75,52.0,1,0,0,0,0,3
2744,17.0,2005,1.0,8.0,68.0,77.0,9,0.85,7.37,7.35,67.5,0.37,7.3,7.3,67.5,0.57,8.6,8.0,67.5,1,1,1,1,1,3
2745,17.0,2005,7.0,15.0,87.0,997.0,7,0.11,4.3,6.55,1.0,0.42,6.67,7.55,33.5,0.42,6.67,7.55,33.5,0,0,1,0,0,3
2746,14.0,2004,1.0,5.0,73.0,86.0,10,2.37,7.6,8.13,43.0,3.9,8.17,8.33,33.0,0.6,8.03,7.43,9.0,1,0,1,1,0,3
2747,5.0,2008,4.0,11.0,323.0,625.0,6,0.12,5.8,6.75,1.0,0.9,5.8,6.75,1.0,0.24,5.8,6.8,14.0,1,0,0,0,0,3
2748,6.0,2009,9.0,5.0,212.0,998.0,1,0.03,4.65,7.17,17.0,0.39,6.93,7.17,17.0,0.39,6.93,7.17,17.0,1,0,0,0,0,3
2749,4.0,2008,9.0,5.0,245.0,999.0,11,1.32,8.8,7.7,588.0,0.24,5.0,7.0,1.0,0.24,5.0,7.0,1.0,0,0,0,0,0,3
2750,6.0,2010,3.0,33.0,214.0,1000.0,5,0.5,7.8,7.9,163.5,2.48,7.83,7.7,163.5,2.48,7.83,7.7,163.5,0,0,0,0,0,3
2751,7.0,2001,10.0,13.0,51.0,523.0,12,0.02,6.2,7.0,1.0,0.25,8.2,7.6,97.0,0.12,8.0,8.0,86.0,0,0,1,0,0,3
2752,7.0,2006,1.0,8.0,45.0,1001.0,1,4.11,7.0,6.5,14.0,0.15,4.6,6.1,22.0,0.15,4.6,6.1,22.0,0,0,1,0,0,3
2753,20.0,2014,6.0,6.0,19.0,23.0,10,0.21,8.57,8.52,186.0,0.01,8.57,5.05,2.0,0.09,8.57,5.05,2.0,1,1,1,1,0,3
2754,5.0,2014,7.0,3.0,671.0,157.0,10,1.63,8.25,4.72,19.0,1.63,8.25,4.72,19.0,0.93,8.63,8.32,486.0,1,0,0,0,0,3
2755,6.0,2014,2.0,4.0,169.0,64.0,11,5.42,8.5,8.22,152.5,0.85,8.25,6.48,73.5,0.9,6.15,6.2,23.0,0,0,0,1,0,3
2756,6.0,2009,4.0,5.0,82.0,257.0,9,1.1,8.2,6.75,72.0,1.58,8.3,7.17,54.5,0.18,6.75,6.13,29.5,0,0,1,0,1,3
2757,4.0,2008,1.0,9.0,169.0,211.0,3,1.06,6.2,6.4,23.0,2.9,6.07,6.32,46.5,2.9,6.07,6.32,46.5,0,0,0,0,0,3
2758,5.0,2012,11.0,125.0,590.0,942.0,1,0.79,9.0,8.2,428.0,0.04,8.15,7.9,24.0,0.79,9.0,8.2,428.0,0,0,0,0,0,3
2759,6.0,2011,9.0,26.0,536.0,181.0,10,2.07,8.63,8.77,365.0,0.29,6.55,7.2,2.0,0.29,6.55,7.2,2.0,1,0,0,1,0,3
2760,4.0,2006,10.0,1.0,672.0,1002.0,1,2.92,7.15,7.0,53.0,0.06,7.15,5.0,5.0,0.06,7.15,5.0,5.0,0,0,0,0,0,3
2761,7.0,2001,6.0,4.0,673.0,1003.0,1,0.19,3.95,3.95,0.0,0.19,3.95,3.95,0.0,0.19,3.95,3.95,0.0,0,0,0,0,0,3
2762,6.0,2010,4.0,9.0,316.0,1004.0,3,0.19,5.93,6.87,163.5,0.42,7.2,7.2,22.0,0.42,7.2,7.2,22.0,0,0,0,0,0,3
2763,7.0,2001,3.0,31.0,170.0,238.0,11,0.22,5.85,7.8,0.0,0.23,6.0,6.25,5.0,0.23,6.0,6.25,5.0,1,0,0,0,1,3
2764,17.0,2007,7.0,6.0,62.0,266.0,6,0.04,5.45,5.05,2.0,0.04,5.45,5.05,2.0,1.96,7.9,7.5,48.0,1,0,1,0,0,3
2765,5.0,2011,4.0,17.0,57.0,25.0,2,0.08,8.1,8.25,68.0,2.07,8.1,8.25,68.0,1.5,8.0,6.62,123.0,1,1,1,1,0,3
2766,10.0,2012,9.0,20.0,234.0,431.0,6,1.22,8.05,7.55,52.5,1.46,8.0,7.38,31.5,1.46,8.0,7.38,31.5,0,0,0,0,0,3
2767,17.0,2006,10.0,40.0,674.0,1005.0,11,1.06,7.0,7.53,46.5,1.06,7.0,7.53,46.5,1.06,7.0,7.53,46.5,1,1,0,1,0,3
2768,10.0,2015,4.0,1.0,1.0,1006.0,1,0.3,6.8,7.33,17.0,6.96,8.4,8.6,439.0,6.96,8.4,8.6,439.0,0,1,1,0,0,3
2769,9.0,2001,6.0,15.0,87.0,277.0,2,0.02,8.0,8.0,1.0,0.05,7.0,7.0,1.0,0.41,7.0,7.0,1.0,0,0,1,1,1,3
2770,6.0,2011,7.0,7.0,160.0,777.0,5,1.16,7.97,8.32,410.5,0.02,7.63,7.65,48.0,0.02,7.63,7.65,48.0,0,0,0,1,0,3
2771,20.0,2013,9.0,20.0,234.0,257.0,11,1.04,7.5,7.3,38.0,1.04,7.5,7.3,38.0,1.04,7.5,7.3,38.0,0,0,0,0,0,3
2772,6.0,2010,3.0,5.0,252.0,1007.0,5,0.18,5.05,6.7,29.0,0.27,6.7,6.62,29.0,0.27,6.7,6.62,29.0,0,0,0,0,0,3
2773,1.0,2010,1.0,54.0,68.0,77.0,7,0.24,6.57,7.32,62.0,0.92,8.6,7.6,1.0,2.69,7.97,7.03,12.0,1,1,1,1,0,3
2774,1.0,2007,6.0,11.0,111.0,107.0,10,0.02,7.13,7.75,86.0,3.69,6.23,6.42,88.5,0.18,5.1,5.0,1.0,1,0,0,0,1,3
2775,14.0,2005,3.0,3.0,50.0,139.0,4,0.1,7.5,7.78,3.5,1.45,6.93,7.4,65.0,0.5,7.55,7.1,7.0,1,0,0,0,1,3
2776,15.0,2011,9.0,8.0,407.0,560.0,3,0.8,8.03,7.52,66.0,1.35,7.63,7.37,416.0,1.35,7.63,7.37,416.0,1,0,0,1,0,3
2777,9.0,2002,9.0,8.0,675.0,94.0,1,0.27,8.45,7.3,5.0,0.27,8.45,7.3,5.0,0.27,8.45,7.3,5.0,0,0,0,0,0,3
2778,7.0,2001,1.0,8.0,80.0,1008.0,12,1.1,7.47,6.25,17.0,1.07,7.47,6.25,17.0,1.07,7.47,6.25,17.0,0,0,0,0,1,3
2779,1.0,2009,9.0,5.0,284.0,1009.0,6,1.31,7.1,6.85,299.0,0.03,4.65,6.85,299.0,0.5,4.65,9.0,1.0,0,0,0,0,0,3
2780,13.0,1999,3.0,4.0,216.0,381.0,1,0.94,5.0,7.0,1.0,0.38,5.0,7.0,1.0,1.83,5.0,7.0,1.0,0,0,0,0,0,3
2781,6.0,2012,10.0,26.0,385.0,637.0,3,0.76,8.03,6.62,225.5,0.41,6.05,6.95,114.0,0.11,4.0,5.3,3.0,0,0,0,0,0,3
2782,14.0,2002,7.0,11.0,381.0,1010.0,9,0.08,6.2,6.6,5.0,0.08,6.2,6.6,5.0,0.58,8.01,7.75,65.0,1,0,0,0,0,3
2783,9.0,2005,5.0,54.0,1.0,1011.0,5,0.02,5.3,7.6,35.0,0.39,7.15,6.65,35.0,0.39,7.15,6.65,35.0,1,0,1,0,0,3
2784,6.0,2007,9.0,33.0,131.0,450.0,5,0.02,5.7,5.0,2.0,0.15,6.6,7.5,2.0,0.26,4.65,6.1,1.0,0,0,0,0,0,3
2785,6.0,2007,1.0,8.0,530.0,454.0,10,0.91,5.55,7.1,55.0,1.03,6.9,6.23,3.5,0.47,7.03,7.05,7.5,0,0,1,0,1,3
2786,6.0,2012,10.0,72.0,676.0,1012.0,5,1.38,8.75,9.05,188.5,0.11,7.13,6.32,12.0,0.11,7.13,6.32,12.0,1,0,0,1,0,3
2787,9.0,2003,4.0,1.0,677.0,383.0,12,2.08,6.9,7.9,28.0,0.27,6.9,7.9,28.0,0.89,6.9,8.6,28.0,0,0,0,0,0,3
2788,4.0,2007,8.0,71.0,111.0,1013.0,8,0.13,6.0,7.05,4.0,1.78,6.25,7.2,4.0,1.78,6.25,7.2,4.0,1,0,0,0,0,3
2789,6.0,2010,4.0,17.0,57.0,416.0,2,0.31,5.15,5.75,2.0,0.69,8.0,7.0,45.0,0.34,6.83,7.45,54.0,1,0,1,0,0,3
2790,4.0,2007,8.0,8.0,256.0,636.0,10,0.8,5.7,6.7,7.0,0.2,7.6,7.95,12.0,0.2,7.6,7.95,12.0,0,0,0,1,0,3
2791,13.0,1997,1.0,8.0,27.0,31.0,1,0.8,5.0,7.0,1.0,1.07,5.0,7.0,1.0,0.16,5.0,5.9,10.0,1,1,1,0,0,3
2792,8.0,1993,10.0,26.0,424.0,188.0,1,1.45,5.0,6.4,23.0,1.2,5.0,7.4,60.0,1.45,5.0,6.4,23.0,0,0,0,0,0,3
2793,9.0,2004,2.0,1.0,1.0,1014.0,6,0.89,7.2,8.4,176.0,0.89,7.2,8.4,176.0,0.89,7.2,8.4,176.0,0,0,1,0,0,3
2794,15.0,2013,7.0,5.0,9.0,16.0,11,3.63,7.1,4.93,264.5,3.63,7.1,4.93,264.5,3.63,7.1,4.93,264.5,1,0,1,1,1,3
2795,3.0,1991,5.0,1.0,251.0,402.0,1,1.14,7.0,7.3,4.0,1.75,7.0,6.7,38.0,1.75,7.0,6.7,38.0,0,0,0,1,0,3
2796,12.0,1998,10.0,14.0,192.0,216.0,1,0.44,7.15,7.6,124.0,0.44,7.15,7.6,124.0,0.4,6.5,5.0,3.0,1,1,0,1,0,3
2797,5.0,2011,3.0,36.0,130.0,159.0,9,0.16,8.03,7.28,109.5,0.16,8.03,7.28,109.5,0.06,8.3,7.62,123.0,0,0,0,0,1,3
2798,1.0,2009,1.0,8.0,68.0,77.0,9,1.05,6.6,7.72,30.0,2.83,8.0,7.35,16.0,2.83,8.0,7.35,16.0,1,1,1,0,0,3
2799,4.0,2005,2.0,1.0,44.0,81.0,6,6.67,7.4,7.5,56.0,2.27,6.8,8.25,56.0,1.62,6.1,8.1,56.0,1,0,0,0,0,3
2800,13.0,1999,2.0,30.0,109.0,149.0,1,0.25,6.3,6.3,18.0,3.56,6.3,6.3,18.0,3.56,6.3,6.3,18.0,0,0,0,0,0,3
2801,4.0,2007,6.0,1.0,134.0,1015.0,1,1.7,6.3,5.6,9.0,3.33,6.3,5.6,9.0,3.33,6.3,5.6,9.0,0,0,0,0,0,3
2802,14.0,2001,2.0,11.0,447.0,626.0,11,0.34,6.95,7.6,0.0,1.24,7.75,8.15,33.0,1.24,7.75,8.15,33.0,1,0,0,0,1,3
2803,16.0,1981,7.0,11.0,678.0,1016.0,1,1.36,6.112886276873627,6.478469961824459,47.1133296460177,1.36,6.1980540486236935,6.574292746634577,45.50840707964602,1.36,6.23059272654211,6.615235081374369,46.38069690265487,0,0,0,0,0,3
2804,5.0,2010,1.0,8.0,31.0,651.0,9,1.21,7.4,6.45,108.0,0.48,6.95,7.0,25.0,0.66,7.93,7.75,23.0,1,0,0,1,0,3
2805,15.0,2014,4.0,8.0,154.0,251.0,11,1.97,8.13,7.25,159.5,1.97,8.13,7.25,159.5,1.97,8.13,7.25,159.5,1,0,0,1,0,3
2806,4.0,2009,11.0,5.0,679.0,1017.0,10,0.91,8.03,7.35,64.0,0.23,3.25,5.65,2.0,0.23,3.25,5.65,2.0,0,0,0,0,0,3
2807,5.0,2011,3.0,36.0,130.0,738.0,5,0.07,6.57,5.9,30.5,0.07,6.57,5.9,30.5,1.08,8.07,7.3,129.0,0,0,0,0,0,3
2808,5.0,2006,1.0,8.0,27.0,378.0,7,0.12,6.9,7.1,14.0,0.06,7.0,6.5,14.0,0.97,8.7,7.7,14.0,1,0,1,1,0,3
2809,1.0,2011,6.0,1.0,265.0,23.0,1,2.79,6.0,7.8,53.0,1.14,7.8,8.2,53.0,7.27,4.45,6.8,6.0,1,1,1,0,0,3
2810,14.0,2004,12.0,29.0,116.0,1018.0,6,1.92,6.5,8.6,2.0,0.11,5.77,7.43,12.0,0.11,5.77,7.43,12.0,0,0,0,1,0,3
2811,7.0,2004,5.0,26.0,40.0,1019.0,9,0.06,5.7,8.55,3.0,0.39,6.9,7.0,3.0,0.39,6.9,7.0,3.0,1,0,1,0,0,3
2812,9.0,2003,9.0,11.0,680.0,1020.0,11,2.41,6.2,7.48,126.0,0.21,3.3,6.7,126.0,0.21,3.3,6.7,126.0,0,0,0,0,0,3
2813,6.0,2012,9.0,4.0,681.0,231.0,8,0.28,7.0,8.1,47.0,0.24,4.6,3.6,47.0,0.67,7.7,7.6,22.0,0,0,0,0,0,3
2814,1.0,2009,9.0,6.0,587.0,856.0,1,0.91,4.0,6.0,21.0,0.91,4.0,6.0,21.0,0.91,4.0,6.0,21.0,0,0,0,0,0,3
2815,7.0,2001,1.0,36.0,682.0,1021.0,11,0.15,5.35,8.4,0.0,0.15,5.35,8.4,0.0,0.15,5.35,8.4,0.0,0,0,0,0,0,3
2816,5.0,2009,3.0,29.0,217.0,860.0,2,0.09,3.0,6.0,1.0,0.34,6.5,7.65,4.0,0.34,6.5,7.65,4.0,1,0,0,0,0,3
2817,4.0,2008,8.0,6.0,19.0,1022.0,11,0.91,6.96,7.43,42.5,0.03,3.5,7.25,2.0,0.03,3.5,7.25,2.0,0,0,1,0,0,3
2818,5.0,2012,1.0,8.0,45.0,408.0,3,0.93,7.7,7.12,151.0,0.47,9.0,7.7,136.0,0.33,7.2,7.1,13.0,1,0,1,1,1,3
2819,10.0,2012,8.0,1.0,202.0,1023.0,10,0.68,8.2,8.8,49.122339574331896,2.61,7.3,8.0,47.53496559449512,2.61,7.3,8.0,48.773403744599136,0,0,0,0,0,3
2820,19.0,2002,7.0,8.0,31.0,151.0,3,0.9,7.05,6.8,25.0,0.4,6.8,7.1,3.0,3.53,7.1,7.15,25.0,0,0,0,0,0,3
2821,15.0,2012,12.0,3.0,328.0,1024.0,10,3.0,7.93,7.87,77.5,0.46,7.0,7.4,26.0,0.09,7.0,8.5,15.0,1,0,0,1,0,3
2822,4.0,2009,2.0,6.0,265.0,696.0,11,1.24,5.15,5.85,18.0,1.85,6.7,8.1,18.0,1.85,6.7,8.1,18.0,0,0,1,0,0,3
2823,9.0,2005,9.0,6.0,19.0,167.0,5,0.06,7.05,7.5,23.0,0.1,7.05,7.5,23.0,3.32,5.5,6.7,30.0,0,0,1,0,0,3
2824,7.0,2005,9.0,5.0,11.0,158.0,10,0.25,6.6,6.7,8.0,0.39,6.85,7.25,11.0,0.71,6.23,6.92,22.0,1,0,1,1,0,3
2825,1.0,2012,9.0,8.0,31.0,31.0,9,8.24,8.9,7.15,136.0,8.24,8.9,7.15,136.0,8.24,8.9,7.15,136.0,1,1,0,0,1,3
2826,17.0,2010,9.0,54.0,323.0,1025.0,1,0.08,7.5,6.65,22.0,0.51,7.5,6.65,22.0,0.51,7.5,6.65,22.0,1,0,0,0,0,3
2827,11.0,2014,4.0,17.0,129.0,25.0,1,0.84,5.0,5.5,50.0,0.84,5.0,5.5,50.0,0.97,8.3,8.2,119.0,1,1,0,1,0,3
2828,13.0,1998,12.0,26.0,683.0,701.0,1,0.1,7.0,7.0,2.0,0.1,7.0,7.0,2.0,0.15,7.0,7.0,2.0,0,0,0,0,0,3
2829,13.0,1996,7.0,14.0,684.0,1026.0,1,0.96,7.2,7.2,9.0,0.96,7.2,7.2,9.0,0.96,7.2,7.2,9.0,1,0,0,0,0,3
2830,7.0,2007,1.0,8.0,45.0,247.0,10,0.74,7.13,6.0,3.5,1.35,7.6,7.15,43.0,0.51,6.13,6.4,8.5,1,0,1,0,1,3
2831,14.0,2002,7.0,8.0,40.0,555.0,8,0.52,9.0,7.3,6.0,0.17,7.65,7.35,6.0,1.36,6.77,7.23,15.0,1,0,1,1,0,3
2832,7.0,2006,1.0,8.0,122.0,454.0,9,4.49,7.63,7.57,2.5,0.42,8.4,8.4,2.5,0.31,7.2,6.62,2.5,0,0,1,0,1,3
2833,13.0,1999,3.0,11.0,423.0,563.0,1,0.65,6.0,6.0,1.0,1.21,6.0,6.0,1.0,1.21,6.0,6.0,1.0,1,0,0,0,0,3
2834,9.0,2005,9.0,9.0,685.0,1027.0,1,0.17,6.1,6.4,24.0,0.17,6.1,6.4,24.0,0.17,6.1,6.4,24.0,0,0,0,0,0,3
2835,4.0,2011,9.0,20.0,60.0,556.0,11,0.86,5.65,6.55,40.0,0.99,7.7,7.55,21.0,0.99,7.7,7.55,21.0,0,0,1,0,0,3
2836,5.0,2007,1.0,132.0,373.0,1028.0,2,0.03,7.8,7.15,5.5,0.12,7.8,7.15,5.5,0.12,6.9,7.15,5.5,0,0,0,0,0,3
2837,13.0,2001,10.0,5.0,686.0,257.0,9,1.18,8.33,7.43,56.5,0.15,4.0,7.1,56.5,0.34,4.0,7.5,13.0,1,0,0,0,0,3
2838,5.0,2013,9.0,12.0,687.0,1029.0,5,0.07,7.0,2.5,1.0,0.05,7.0,2.5,1.0,0.15,7.77,8.1,291.0,0,0,0,0,0,3
2839,7.0,2001,6.0,4.0,688.0,1030.0,11,0.36,7.0,8.1,49.86247139588101,0.36,7.0,8.1,48.43188405797101,0.36,7.0,8.1,49.87780320366133,0,0,0,0,0,3
2840,16.0,1982,2.0,11.0,689.0,1031.0,1,0.78,6.044535910681546,6.403519413431087,49.29867055181206,0.78,6.128021996333945,6.518846858856858,47.36022582407576,0.78,6.173142809531743,6.559936677220455,48.332179930795846,0,0,0,0,0,3
2841,6.0,2010,7.0,5.0,252.0,1032.0,11,1.63,8.03,6.2,978.0,0.6,7.23,7.73,96.0,0.6,7.23,7.73,96.0,0,0,0,0,0,3
2842,17.0,2007,9.0,59.0,448.0,427.0,11,1.23,5.77,7.5,5.0,1.23,5.77,7.5,5.0,1.23,5.77,7.5,5.0,0,0,0,0,0,3
2843,5.0,2007,1.0,8.0,43.0,237.0,9,1.23,6.67,6.87,51.0,0.18,8.25,6.5,0.0,0.18,8.25,6.5,0.0,0,0,1,0,0,3
2844,9.0,2002,5.0,11.0,690.0,294.0,11,0.08,6.1,6.6,1.0,0.08,6.1,6.6,1.0,1.46,8.7,8.1,1.0,1,0,0,0,1,3
2845,5.0,2011,3.0,6.0,322.0,59.0,9,1.12,7.07,8.18,37.0,0.14,7.07,8.18,37.0,0.25,5.35,6.0,3.0,1,0,1,1,0,3
2846,6.0,2009,1.0,4.0,571.0,836.0,3,3.02,8.55,7.65,233.0,0.17,8.55,7.65,233.0,0.7,8.5,8.35,2.0,0,0,0,0,0,3
2847,20.0,2012,4.0,1.0,51.0,73.0,1,8.33,7.8,7.43,57.0,0.07,7.8,7.43,57.0,0.03,7.8,7.43,57.0,1,1,1,0,0,3
2848,7.0,2003,8.0,26.0,424.0,701.0,12,0.61,8.05,8.05,3.0,0.05,6.0,8.15,2.0,0.63,8.0,9.0,1.0,0,0,0,0,0,3
2849,6.0,2011,11.0,42.0,400.0,1033.0,2,0.07,6.1,5.85,2.0,0.18,8.2,8.1,1.0,0.18,8.2,8.1,1.0,0,0,0,1,0,3
2850,13.0,1998,9.0,22.0,691.0,1034.0,1,2.48,6.8,6.8,55.0,2.48,6.8,6.8,55.0,2.48,6.8,6.8,55.0,0,0,0,1,0,3
2851,4.0,2010,1.0,8.0,27.0,31.0,10,0.82,8.15,7.55,108.0,0.18,8.15,7.55,108.0,0.18,8.15,7.55,108.0,1,1,1,0,1,3
2852,15.0,2007,7.0,8.0,407.0,560.0,11,1.11,5.87,6.33,50.5,0.05,8.63,8.15,247.0,0.05,8.63,8.15,247.0,1,0,0,1,0,3
2853,15.0,2010,7.0,8.0,41.0,42.0,3,3.48,8.43,8.27,500.5,3.48,8.43,8.27,500.5,3.48,8.43,8.27,500.5,1,1,1,0,0,3
2854,14.0,2002,9.0,8.0,80.0,94.0,12,0.05,7.3,6.3,14.0,0.08,4.3,6.3,14.0,0.08,4.3,6.3,14.0,0,0,0,0,0,3
2855,14.0,2002,1.0,8.0,68.0,77.0,8,0.21,9.1,6.6,0.5,0.64,7.8,7.15,0.5,0.61,8.9,6.0,0.5,1,1,1,1,0,3
2856,1.0,2007,4.0,17.0,533.0,65.0,2,0.41,5.7,8.1,103.0,0.06,5.7,8.1,103.0,1.65,8.0,8.1,103.0,1,1,0,0,0,3
2857,6.0,2013,1.0,4.0,571.0,1035.0,3,0.02,8.7,8.95,2.0,0.92,8.7,8.95,2.0,0.92,8.7,8.95,2.0,0,0,0,0,0,3
2858,5.0,2011,8.0,15.0,692.0,681.0,1,0.16,7.3,7.3,45.77475613360922,0.02,7.9,7.9,44.85269484678293,0.02,7.9,7.9,45.76973100798108,0,0,0,0,0,3
2859,11.0,2015,9.0,17.0,253.0,65.0,1,0.02,7.43,6.3,38.0,0.24,7.37,7.18,7.0,0.17,7.37,7.18,7.0,1,1,0,0,0,3
2860,7.0,2003,10.0,9.0,34.0,386.0,6,0.15,8.15,8.0,37.0,0.52,8.15,8.0,37.0,0.37,6.0,6.9,27.0,1,0,1,0,1,3
2861,6.0,2011,1.0,3.0,357.0,1036.0,3,0.04,6.78,7.52,439.0,1.52,6.78,7.52,439.0,0.57,7.43,7.62,112.5,0,0,0,0,0,3
2862,13.0,2000,9.0,22.0,51.0,67.0,8,1.14,8.7,8.45,89.0,0.75,7.3,7.95,5.0,3.72,7.38,8.05,172.0,1,1,1,0,0,3
2863,6.0,2007,9.0,49.0,524.0,320.0,3,0.01,4.65,6.6,1.0,0.15,4.65,6.6,1.0,0.13,6.03,7.25,15.5,1,0,0,1,1,3
2864,7.0,2002,3.0,133.0,693.0,1037.0,10,0.0,0.0,0.0,0.0,0.47,3.0,0.0,0.0,0.47,3.0,0.0,0.0,0,0,0,0,0,3
2865,10.0,2014,4.0,134.0,400.0,1038.0,11,0.08,6.25,6.95,3.5,0.1,6.25,7.8,8.0,0.1,6.25,7.8,8.0,1,0,0,1,0,3
2866,17.0,2007,1.0,8.0,68.0,77.0,8,0.97,7.53,7.15,9.0,0.97,7.53,7.15,9.0,0.97,7.53,7.15,9.0,1,1,1,0,0,3
2867,19.0,2002,10.0,11.0,694.0,1039.0,10,0.01,8.53,8.0,65.5,0.01,8.53,8.0,65.5,0.08,8.53,8.0,65.5,0,0,0,1,0,3
2868,13.0,2000,3.0,31.0,421.0,1040.0,7,0.08,4.3,5.3,4.0,0.11,4.3,6.4,4.0,0.11,4.3,6.4,4.0,0,0,0,0,0,3
2869,14.0,2005,11.0,2.0,99.0,972.0,1,0.36,7.55,7.5,5.0,0.1,6.0,6.3,7.0,0.77,9.35,9.03,123.0,1,0,0,0,0,3
2870,7.0,2003,9.0,15.0,103.0,470.0,5,0.07,6.28,8.3,4.0,0.24,8.0,7.0,1.0,1.6,8.3,8.7,122.0,1,0,0,0,0,3
2871,17.0,2008,1.0,8.0,68.0,77.0,8,0.87,6.1,6.0,13.0,1.43,7.05,7.65,1.0,1.49,7.23,7.93,2.0,1,1,1,0,0,3
2872,11.0,2015,4.0,17.0,415.0,25.0,5,0.97,5.5,7.05,96.0,1.33,8.25,8.2,119.0,0.97,5.5,7.05,96.0,1,1,0,0,0,3
2873,19.0,2002,12.0,15.0,87.0,277.0,11,0.02,4.0,7.0,0.0,0.02,4.8,7.0,0.0,1.16,4.8,5.0,2.0,0,0,1,1,0,3
2874,1.0,2009,6.0,20.0,77.0,488.0,11,0.11,5.1,5.1,2.0,0.52,6.0,8.3,2.0,0.04,4.57,6.3,5.5,0,0,0,0,0,3
2875,6.0,2010,1.0,4.0,101.0,836.0,3,0.45,6.2,7.85,3.0,0.93,8.3,8.6,3.0,0.33,7.9,6.9,3.0,0,0,0,0,0,3
2876,19.0,2002,2.0,21.0,695.0,88.0,11,0.11,7.3,8.2,45.226486486486486,0.11,7.3,8.2,38.287837837837834,1.58,7.6,6.7,43.71081081081081,0,0,0,0,0,3
2877,9.0,2004,9.0,29.0,286.0,322.0,3,0.44,6.55,8.1,0.0,0.2,6.55,8.1,0.0,0.14,6.6,6.65,1.0,0,0,0,0,0,3
2878,7.0,2004,9.0,29.0,696.0,1041.0,9,0.03,6.75,8.3,0.0,0.08,5.5,7.5,0.0,0.49,5.5,7.5,0.0,0,0,0,0,0,3
2879,10.0,2015,6.0,1.0,1.0,180.0,1,1.54,8.0,7.6,68.0,0.4,6.8,6.15,3.0,0.3,6.8,9.2,11.0,0,0,1,0,0,3
2880,12.0,1999,3.0,135.0,448.0,488.0,7,0.1,7.0,7.0,1.0,0.36,5.7,5.7,9.0,0.1,7.0,7.0,1.0,0,0,0,0,0,3
2881,12.0,1999,10.0,31.0,302.0,161.0,9,0.18,7.75,7.2,15.0,0.4,7.75,7.2,15.0,1.76,7.75,7.2,15.0,0,0,0,0,0,3
2882,12.0,1997,9.0,1.0,33.0,1042.0,2,0.17,6.138901106798898,6.507498203248562,45.943484776778675,0.17,6.227461549518472,6.6104836854966535,45.757098911500236,0.17,6.256515739542904,6.647444300704335,46.99183625177473,0,0,0,0,0,3
2883,17.0,2010,9.0,20.0,77.0,258.0,6,1.59,6.95,7.35,34.0,0.42,6.5,7.08,15.0,0.42,6.5,7.08,15.0,0,0,0,0,0,3
2884,8.0,1995,4.0,136.0,697.0,1043.0,1,0.0,0.0,0.0,0.0,0.0,0.0,0.0,0.0,0.0,0.0,0.0,0.0,0,0,0,0,0,3
2885,19.0,2003,5.0,1.0,1.0,1044.0,4,1.49,6.5,7.45,5.0,0.44,6.5,6.5,2.0,0.44,6.5,6.5,2.0,1,0,1,0,0,3
2886,15.0,2013,1.0,9.0,363.0,498.0,10,0.76,7.7,6.03,345.5,1.17,8.53,7.2,83.5,1.17,8.53,7.2,83.5,1,0,0,0,0,3
2887,13.0,1995,10.0,4.0,680.0,608.0,1,1.07,6.9,6.9,16.0,0.45,7.1,7.1,17.0,0.12,6.0,6.0,1.0,1,0,0,0,1,3
2888,17.0,2010,10.0,29.0,145.0,721.0,10,1.1,7.13,7.52,182.0,1.1,7.13,7.52,182.0,1.1,7.13,7.52,182.0,0,0,1,0,0,3
2889,13.0,1997,6.0,28.0,698.0,1045.0,1,4.16,5.0,5.0,49.29562687356727,4.16,5.0,5.0,47.72615059072474,4.16,5.0,5.0,49.20948686298713,0,0,0,0,0,3
2890,13.0,1998,7.0,31.0,97.0,697.0,1,1.33,8.0,7.2,18.0,0.07,8.0,7.2,18.0,0.07,8.0,7.2,18.0,0,0,0,0,0,3
2891,18.0,2015,9.0,15.0,56.0,61.0,9,3.38,8.43,8.07,241.0,0.15,6.0,6.35,127.0,0.15,6.0,6.35,127.0,1,1,0,1,0,3
2892,5.0,2007,4.0,85.0,699.0,1046.0,5,0.08,4.4,6.0,1.0,0.08,4.4,6.0,1.0,0.08,4.4,6.0,1.0,0,0,0,0,0,3
2893,14.0,2005,7.0,5.0,117.0,144.0,10,0.03,8.23,8.8,53.0,0.04,8.23,8.5,53.0,0.1,8.23,7.78,181.5,1,0,0,1,1,3
2894,5.0,2008,1.0,8.0,68.0,378.0,7,0.24,6.75,6.85,10.0,0.1,4.7,6.55,1.0,0.38,7.7,7.45,1.0,1,0,1,0,0,3
2895,5.0,2008,1.0,8.0,45.0,247.0,10,0.99,3.0,7.35,83.0,1.35,8.2,7.35,83.0,0.31,6.66,5.7,4.5,1,0,1,0,1,3
2896,6.0,2013,7.0,4.0,75.0,231.0,11,1.79,6.67,7.67,503.5,0.13,4.0,7.2,5.0,1.15,7.0,6.35,22.0,0,0,0,0,0,3
2897,17.0,2005,9.0,5.0,82.0,158.0,3,1.1,5.4,6.85,9.0,0.08,5.4,6.85,9.0,1.06,6.17,7.18,16.0,0,0,1,1,1,3
2898,6.0,2014,1.0,8.0,45.0,31.0,4,1.38,7.6,6.65,73.5,0.25,8.0,6.58,64.5,0.25,8.0,6.58,64.5,0,0,1,0,0,3
2899,6.0,2012,1.0,9.0,700.0,1047.0,6,0.2,8.8,8.35,23.0,0.2,8.8,8.35,23.0,0.2,8.8,8.35,23.0,0,0,1,0,0,3
2900,5.0,2011,1.0,8.0,31.0,651.0,9,2.25,6.8,7.15,19.0,0.63,7.17,7.25,4.5,0.73,7.93,8.17,25.5,1,0,0,0,0,3
2901,19.0,2003,1.0,5.0,73.0,86.0,10,0.01,7.1,7.4,1.0,0.08,7.9,8.5,23.0,0.08,7.9,8.5,23.0,1,0,1,1,0,3
2902,5.0,2008,4.0,17.0,316.0,1048.0,9,0.09,7.47,6.9,9.5,0.47,7.7,8.3,60.0,0.47,7.7,8.3,60.0,0,0,0,0,0,3
2903,8.0,1994,5.0,69.0,24.0,778.0,1,0.91,4.0,5.6,13.0,0.17,4.0,5.6,13.0,0.57,4.0,5.6,13.0,0,0,0,0,0,3
2904,13.0,1998,12.0,19.0,177.0,1049.0,1,0.03,8.0,7.75,52.0,2.85,8.0,7.75,52.0,2.85,8.0,7.75,52.0,0,0,0,0,0,3
2905,4.0,2008,8.0,8.0,256.0,1050.0,8,0.85,7.6,7.85,3.0,0.03,7.6,8.5,2.0,0.03,7.6,8.5,2.0,0,0,0,1,0,3
2906,14.0,2001,9.0,5.0,164.0,184.0,12,0.19,6.25,6.85,8.5,1.76,7.63,7.03,20.0,0.16,6.55,5.3,20.0,0,0,0,0,0,3
2907,5.0,2007,1.0,8.0,27.0,378.0,7,0.04,5.65,5.35,9.0,0.51,6.13,6.4,8.5,0.37,7.5,7.9,8.5,1,0,1,0,0,3
2908,7.0,2003,7.0,4.0,40.0,1051.0,2,0.24,4.0,6.0,1.0,0.17,4.0,6.0,1.0,0.17,4.0,6.0,1.0,0,0,1,0,0,3
2909,4.0,2011,8.0,5.0,321.0,1052.0,11,0.89,7.5,4.25,197.0,0.23,7.5,4.25,197.0,0.23,7.5,4.25,197.0,0,0,0,0,0,3
2910,19.0,2004,1.0,8.0,68.0,77.0,8,1.72,8.55,7.6,6.0,1.72,8.55,7.6,6.0,0.31,7.83,6.6,0.0,1,1,1,1,1,3
2911,9.0,2001,9.0,35.0,701.0,1053.0,9,0.07,5.75,7.0,1.0,0.41,5.75,6.65,3.0,0.41,5.75,6.65,3.0,0,0,0,0,0,3
2912,7.0,2001,3.0,11.0,217.0,1054.0,11,1.46,8.7,8.1,0.0,2.41,7.6,8.4,0.0,2.41,7.6,8.4,0.0,0,0,0,0,0,3
2913,13.0,1997,1.0,8.0,68.0,378.0,1,0.78,5.0,5.0,1.0,1.32,5.0,5.0,1.0,1.32,5.0,5.0,1.0,1,0,1,0,0,3
2914,14.0,2005,4.0,2.0,154.0,1055.0,4,0.16,8.77,8.83,268.5,0.14,8.77,8.83,268.5,0.14,8.77,8.83,268.5,0,0,0,1,0,3
2915,6.0,2009,7.0,5.0,155.0,624.0,1,0.01,5.8,6.7,20.0,0.02,5.0,6.0,20.0,0.03,3.3,2.8,20.0,0,0,0,0,0,3
2916,4.0,2010,8.0,8.0,394.0,34.0,10,0.76,5.33,6.17,14.0,0.77,8.07,7.5,42.5,0.77,8.07,7.5,42.5,0,0,0,0,0,3
2917,20.0,2014,9.0,5.0,47.0,280.0,10,1.05,6.25,6.97,4.0,1.05,6.25,6.97,4.0,1.05,6.25,6.97,4.0,1,0,0,1,0,3
2918,6.0,2010,9.0,6.0,62.0,298.0,5,2.06,7.75,7.25,169.0,2.06,7.75,7.25,169.0,0.07,6.2,6.35,176.0,1,0,1,0,1,3
2919,13.0,1998,4.0,10.0,215.0,1056.0,1,0.31,6.5,7.7,158.0,0.31,6.5,7.5,8.0,0.31,6.5,7.5,8.0,0,0,0,0,0,3
2920,9.0,2001,12.0,1.0,3.0,1057.0,1,5.46,9.0,8.9,286.0,0.2,9.0,8.9,286.0,0.18,9.0,8.9,286.0,0,0,1,0,0,3
2921,4.0,2009,11.0,33.0,399.0,241.0,4,0.1,4.0,6.1,107.0,0.9,5.55,6.1,107.0,0.28,5.55,6.0,1.0,0,0,0,0,0,3
2922,4.0,2009,8.0,29.0,702.0,1058.0,11,0.04,7.12,6.85,127.5,0.06,7.2,7.75,5.0,0.06,7.2,7.75,5.0,0,0,0,0,0,3
2923,17.0,2005,2.0,4.0,101.0,459.0,3,1.04,7.9,7.9,44.0,0.46,7.83,7.35,25.5,0.08,6.1,6.8,25.5,1,0,0,0,1,3
2924,7.0,2000,3.0,8.0,27.0,472.0,11,0.95,6.75,7.35,13.0,0.96,8.0,7.57,19.0,0.56,8.0,7.57,19.0,0,0,1,0,0,3
2925,6.0,2009,8.0,12.0,703.0,1059.0,9,0.02,6.0,6.3,15.0,0.14,4.75,5.15,9.0,0.02,8.3,8.0,1.0,1,0,0,0,0,3
2926,6.0,2012,9.0,4.0,121.0,1060.0,1,0.89,7.0,6.4,52.0,0.03,7.0,7.0,4.0,0.03,7.0,7.0,4.0,0,0,0,0,0,3
2927,13.0,2000,1.0,8.0,297.0,378.0,1,1.33,6.080184531886015,6.4249240162822545,49.17336199229173,0.4,6.164715061058349,6.539900949796512,47.802772013044766,1.06,6.208497964721839,6.582871099050231,49.20360213459828,1,0,0,0,0,3
2928,7.0,2004,9.0,137.0,704.0,482.0,9,0.0,0.0,0.0,0.0,0.05,7.99,8.82,189.5,0.05,7.99,8.82,189.5,1,0,0,0,0,3
2929,7.0,2000,8.0,26.0,424.0,701.0,8,0.58,4.2,7.9,1.0,0.11,5.1,8.7,1.0,0.55,5.1,6.0,1.0,0,0,0,0,0,3
2930,6.0,2015,9.0,15.0,56.0,61.0,9,0.78,7.9,6.8,89.5,3.38,8.43,8.07,241.0,3.38,8.43,8.07,241.0,1,1,0,1,0,3
2931,7.0,2002,7.0,22.0,541.0,1061.0,10,0.07,6.68,7.7,29.0,0.43,7.05,6.75,10.0,0.43,7.05,6.75,10.0,1,0,0,0,1,3
2932,5.0,2010,1.0,6.0,705.0,1062.0,11,1.33,7.3,7.05,5.0,0.02,7.2,6.7,6.0,0.02,7.2,6.7,6.0,0,0,1,0,0,3
2933,6.0,2008,1.0,4.0,571.0,836.0,3,0.93,5.7,6.9,13.0,0.13,4.97,5.65,3.0,0.31,7.7,7.5,3.0,0,0,0,0,0,3
2934,9.0,2004,11.0,1.0,1.0,1063.0,10,1.2,9.0,9.0,50.91388518024032,0.25,6.6,7.8,41.10447263017357,0.25,6.6,7.8,47.05941255006675,0,0,1,0,0,3
2935,8.0,1994,4.0,1.0,3.0,345.0,1,3.91,7.7,7.7,20.0,1.94,6.5,6.5,10.0,1.94,6.5,6.5,10.0,1,0,1,0,0,3
2936,9.0,2005,2.0,33.0,284.0,1064.0,10,0.3,5.9,6.8,46.396146867328426,0.15,5.2,6.8,45.01510299925285,0.15,5.2,6.8,45.991941509232575,0,0,0,0,0,3
2937,16.0,1981,9.0,138.0,706.0,341.0,1,0.0,0.0,0.0,0.0,0.0,0.0,0.0,0.0,0.0,0.0,0.0,0.0,0,0,0,1,0,3
2938,5.0,2014,1.0,3.0,145.0,161.0,11,1.13,6.6,5.78,24.5,1.13,8.0,7.73,38.0,1.13,6.6,5.78,24.5,1,1,1,1,0,3
2939,10.0,2014,9.0,20.0,234.0,573.0,2,1.32,6.9,6.8,20.0,1.32,6.9,6.8,20.0,1.32,6.9,6.8,20.0,0,0,0,0,0,3
2940,5.0,2009,9.0,5.0,212.0,998.0,1,0.75,6.0,6.7,43.0,0.01,7.07,7.38,13.0,0.01,7.07,7.38,13.0,1,0,0,0,0,3
2941,17.0,2007,9.0,15.0,56.0,61.0,11,0.11,8.0,8.2,1.0,0.04,7.8,7.8,1.0,0.03,7.8,9.0,2.0,1,1,0,0,0,3
2942,1.0,2010,9.0,33.0,57.0,56.0,1,1.04,8.0,7.0,45.0,1.04,8.0,7.0,45.0,1.04,8.0,7.0,45.0,0,0,1,0,0,3
2943,5.0,2007,9.0,5.0,518.0,370.0,1,1.24,5.05,3.25,2.0,0.24,5.05,3.25,2.0,0.13,5.05,4.8,2.0,0,0,0,0,1,3
2944,5.0,2011,3.0,11.0,662.0,563.0,2,0.14,4.1,4.0,1.0,0.01,5.33,5.53,61.0,0.51,7.17,7.77,55.0,1,0,0,1,0,3
2945,13.0,1997,3.0,8.0,641.0,935.0,1,0.73,6.9,6.9,37.0,0.73,6.9,6.9,37.0,0.73,6.9,6.9,37.0,0,0,0,0,0,3
2946,14.0,2005,7.0,2.0,15.0,20.0,7,0.7,7.95,7.85,61.0,6.43,8.68,8.4,247.0,8.49,7.75,8.2,158.0,1,1,0,1,0,3
2947,6.0,2015,11.0,109.0,590.0,27.0,10,0.91,6.5,6.0,0.5,0.03,4.0,6.3,50.0,2.25,8.5,8.25,115.0,0,1,0,1,0,3
2948,7.0,2005,9.0,40.0,347.0,216.0,10,0.09,6.3,7.65,2.0,1.6,9.5,7.5,21.0,0.11,6.85,7.75,5.0,1,1,0,1,0,3
2949,17.0,2006,3.0,29.0,217.0,1065.0,2,0.11,5.3,7.0,3.0,0.4,6.75,7.15,3.0,0.4,6.75,7.15,3.0,1,0,0,0,0,3
2950,6.0,2014,9.0,5.0,155.0,280.0,10,0.93,6.25,6.4,2.0,0.16,5.0,6.7,19.0,0.93,6.25,6.4,2.0,1,0,0,1,0,3
2951,9.0,2004,6.0,1.0,707.0,2.0,10,2.25,7.85,8.7,99.0,2.25,7.85,8.7,99.0,10.42,8.0,8.7,445.0,0,1,0,0,0,3
2952,2.0,1984,2.0,26.0,708.0,1066.0,1,1.52,3.0,6.1,7.0,1.52,3.0,6.1,7.0,1.52,3.0,6.1,7.0,0,0,0,0,0,3
2953,8.0,1993,1.0,26.0,40.0,1067.0,1,1.2,7.4,7.4,60.0,0.42,7.4,7.4,60.0,0.42,7.4,7.4,60.0,0,0,1,0,0,3
2954,19.0,2003,10.0,11.0,709.0,188.0,10,0.09,5.65,8.3,1.0,0.09,5.65,8.3,1.0,3.09,7.07,7.52,128.5,0,0,0,0,0,3
2955,13.0,1998,1.0,4.0,395.0,1068.0,1,0.83,5.0,7.6,70.0,1.4,5.0,6.7,3.0,1.4,5.0,6.7,3.0,0,0,0,0,0,3
2956,6.0,2010,2.0,4.0,572.0,387.0,11,10.77,7.7,7.5,200.0,0.1,4.13,5.1,3.0,0.93,7.0,7.2,63.0,0,0,0,0,0,3
2957,6.0,2013,9.0,26.0,253.0,1069.0,8,0.38,7.75,6.95,38.0,0.61,6.27,7.73,44.5,0.61,6.27,7.73,44.5,0,0,0,1,0,3
2958,15.0,2013,9.0,6.0,19.0,55.0,10,2.21,7.5,7.55,247.5,2.21,7.5,7.55,247.5,2.74,7.77,7.85,358.0,1,1,1,1,1,3
2959,19.0,2002,9.0,8.0,131.0,135.0,11,0.82,6.4,7.4,30.0,0.82,6.4,7.4,30.0,1.99,7.3,7.0,34.0,0,0,0,0,0,3
2960,6.0,2011,3.0,8.0,191.0,1070.0,1,1.48,8.47,8.5,472.5,1.92,7.43,6.82,143.0,1.92,7.43,6.82,143.0,1,1,0,1,0,3
2961,19.0,2003,9.0,8.0,710.0,169.0,11,1.03,8.2,8.8,80.0,1.03,8.2,8.8,80.0,3.28,7.75,7.8,80.0,0,0,0,0,0,3
2962,10.0,2015,6.0,1.0,711.0,1071.0,1,0.74,6.8,6.8,11.0,0.74,6.8,6.8,11.0,0.74,6.8,6.8,11.0,0,0,1,0,0,3
2963,5.0,2007,3.0,29.0,217.0,860.0,12,0.12,6.7,6.25,13.0,0.25,6.7,8.5,13.0,0.25,6.7,8.5,13.0,1,0,0,0,0,3
2964,5.0,2008,4.0,17.0,57.0,1072.0,11,0.7,6.4,6.7,39.0,0.08,6.4,8.1,3.0,0.08,6.4,8.1,3.0,0,0,1,0,0,3
2965,4.0,2013,2.0,33.0,147.0,1073.0,1,0.02,5.0,4.7,3.0,0.08,5.0,5.2,3.0,0.08,5.0,5.2,3.0,0,0,0,0,0,3
2966,15.0,2011,8.0,8.0,32.0,1074.0,3,0.76,4.1,4.85,58.0,1.49,3.0,4.65,58.0,1.49,3.0,4.65,58.0,0,0,0,0,0,3
2967,7.0,2004,4.0,120.0,712.0,623.0,2,0.43,6.9,7.1,6.0,0.01,8.3,7.9,18.0,0.2,7.98,7.9,44.0,1,0,0,0,0,3
2968,9.0,2004,9.0,5.0,82.0,993.0,9,0.9,7.1,7.55,7.0,0.64,6.7,6.2,7.0,0.64,6.7,6.2,7.0,0,0,1,0,0,3
2969,18.0,2014,7.0,8.0,474.0,666.0,2,1.16,6.63,7.55,36.5,1.16,6.63,7.55,36.5,1.16,6.63,7.55,36.5,0,0,0,1,1,3
2970,1.0,2012,9.0,1.0,44.0,81.0,9,0.21,5.95,6.65,11.0,1.04,8.15,7.95,26.0,1.04,8.15,7.95,26.0,1,0,0,0,0,3
2971,1.0,2009,9.0,5.0,396.0,543.0,10,0.77,8.07,7.5,42.5,0.12,6.15,7.45,2.0,1.39,5.75,5.95,17.0,0,0,0,0,0,3
2972,13.0,1997,9.0,18.0,149.0,184.0,1,1.95,9.0,8.12,32.0,0.88,9.0,6.4,18.0,0.88,9.0,6.4,18.0,0,0,0,0,0,3
2973,1.0,2011,4.0,1.0,578.0,1075.0,8,0.95,5.0,5.4,6.0,0.92,6.9,8.05,144.0,0.92,6.9,8.05,144.0,0,0,0,0,0,3
2974,14.0,2003,1.0,8.0,31.0,230.0,4,0.2,8.2,7.7,34.0,2.61,7.05,6.95,34.0,0.53,7.0,7.9,8.0,1,0,0,0,1,3
2975,6.0,2008,9.0,9.0,713.0,257.0,5,0.39,6.5,6.95,56.0,0.25,7.0,7.4,56.0,0.24,5.13,6.32,8.5,0,0,0,0,0,3
2976,11.0,2015,9.0,33.0,249.0,411.0,8,0.03,5.03,6.9,7.0,0.6,5.03,6.9,7.0,0.6,5.03,6.9,7.0,1,0,0,1,0,3
2977,6.0,2007,2.0,5.0,11.0,158.0,5,2.14,5.7,6.45,6.0,1.52,7.0,6.2,48.0,0.16,6.93,7.38,19.0,0,0,1,1,0,3
2978,14.0,2004,1.0,8.0,27.0,378.0,7,0.19,6.35,7.25,20.0,0.26,8.9,7.2,20.0,0.15,8.9,7.2,20.0,1,0,1,0,0,3
2979,13.0,1997,10.0,14.0,249.0,216.0,1,0.85,5.7,5.7,3.0,0.85,5.7,5.7,3.0,2.79,7.2,7.2,9.0,1,1,0,1,0,3
2980,20.0,2013,2.0,6.0,265.0,194.0,8,0.99,7.6,7.4,89.0,0.29,7.6,7.4,89.0,0.15,8.2,7.2,284.0,1,0,1,1,1,3
2981,19.0,2003,10.0,101.0,714.0,637.0,3,0.23,6.0,7.0,40.0,0.23,6.0,7.0,40.0,0.32,6.0,7.0,40.0,0,0,0,0,0,3
2982,7.0,2005,9.0,6.0,62.0,298.0,12,0.09,7.5,7.95,7.5,0.05,7.25,7.6,17.0,0.8,8.15,7.5,109.0,1,0,1,0,1,3
2983,17.0,2007,1.0,4.0,171.0,1076.0,6,1.44,6.15,6.7,3.0,0.9,6.0,8.1,3.0,0.9,6.0,8.1,3.0,0,0,0,0,0,3
2984,11.0,2014,9.0,42.0,715.0,1077.0,1,0.19,7.37,7.13,153.0,0.36,7.17,8.02,100.0,0.36,7.17,8.02,100.0,0,0,0,1,0,3
2985,4.0,2010,4.0,1.0,595.0,866.0,11,2.69,7.45,7.65,12.0,0.9,5.5,6.2,1.0,0.3,5.5,6.2,1.0,0,0,0,0,0,3
2986,14.0,2005,9.0,18.0,116.0,754.0,1,0.2,6.07,4.6,275.5,0.07,4.0,6.8,275.5,0.76,7.0,6.8,15.0,0,0,0,0,0,3
2987,11.0,2014,7.0,12.0,315.0,812.0,1,0.44,7.13,6.48,105.0,0.85,5.9,6.68,95.5,0.85,5.9,6.68,95.5,1,0,0,0,0,3
2988,18.0,2016,7.0,7.0,117.0,144.0,1,1.23,7.47,6.53,299.0,0.03,5.8,6.88,141.5,0.03,5.8,6.88,141.5,1,0,0,1,1,3
2989,13.0,1998,10.0,10.0,716.0,676.0,1,0.14,8.3,7.75,10.0,0.14,8.3,7.75,10.0,1.16,8.3,7.75,10.0,0,0,0,0,0,3
2990,13.0,1998,4.0,15.0,87.0,811.0,8,0.03,5.0,5.0,45.726888496119265,0.27,5.0,5.0,45.88607546299854,0.6,5.0,5.0,47.24875124875125,1,0,1,0,0,3
2991,18.0,2015,3.0,8.0,222.0,43.0,1,3.49,7.0,6.7,123.0,0.27,7.2,5.0,107.5,0.27,7.2,5.0,107.5,1,1,0,1,0,3
2992,4.0,2007,3.0,29.0,217.0,1078.0,10,0.01,6.03,4.95,17.0,0.25,5.5,6.62,8.5,0.25,5.5,6.62,8.5,0,0,0,0,1,3
2993,14.0,2005,1.0,8.0,45.0,31.0,10,0.89,7.6,7.08,3.5,0.08,7.8,8.4,3.5,0.12,7.3,7.7,3.5,1,1,1,0,1,3
2994,4.0,2009,11.0,97.0,717.0,1079.0,1,0.02,6.06531266560678,6.414785373608896,47.58155002891845,0.02,6.151277159512439,6.537713301536816,45.36119144013881,0.02,6.18789083200847,6.572859035506092,49.094852515905146,0,0,0,0,0,3
2995,1.0,2006,7.0,6.0,42.0,1080.0,11,1.96,7.9,7.5,48.0,0.06,5.05,6.65,4.0,0.06,5.05,6.65,4.0,0,0,1,0,1,3
2996,14.0,2004,10.0,8.0,27.0,437.0,1,0.07,5.45,6.65,40.0,2.03,8.03,7.3,12.5,2.03,8.03,7.3,12.5,1,0,1,0,0,3
2997,7.0,2006,3.0,4.0,718.0,1081.0,1,1.49,6.0,6.3,3.0,1.49,6.0,6.3,3.0,1.49,6.0,6.3,3.0,0,0,0,0,0,3
2998,15.0,2008,4.0,8.0,154.0,187.0,11,0.78,5.73,6.27,40.0,2.93,8.7,8.53,642.0,2.93,8.7,8.53,642.0,1,0,0,1,0,3
2999,7.0,2002,4.0,11.0,385.0,604.0,5,0.08,7.6,8.3,7.0,0.02,7.6,8.1,7.0,1.27,6.75,7.2,21.0,1,0,0,0,0,3
3000,1.0,2011,6.0,139.0,448.0,1082.0,3,0.0,0.0,0.0,0.0,0.16,0.0,0.8,0.0,0.16,0.0,0.8,0.0,0,0,0,0,0,3
3001,6.0,2008,9.0,131.0,670.0,372.0,2,0.14,7.4,7.6,26.0,0.75,5.58,6.35,117.0,0.12,6.07,6.85,13.5,1,0,0,0,0,3
3002,7.0,2004,6.0,40.0,237.0,519.0,10,1.66,7.6,8.25,3.5,1.66,7.6,8.25,3.5,0.43,7.4,4.6,1.0,1,0,0,0,0,3
3003,4.0,2008,6.0,1.0,343.0,1083.0,6,0.61,7.4,8.0,63.0,1.25,6.2,7.35,18.0,1.25,6.2,7.35,18.0,0,0,0,0,0,3
3004,6.0,2007,7.0,40.0,49.0,1010.0,11,0.19,7.75,8.2,0.0,0.28,7.75,8.2,0.0,0.02,8.65,8.6,42.0,1,0,0,0,1,3
3005,4.0,2007,4.0,17.0,57.0,25.0,3,0.71,5.75,5.55,23.0,5.95,9.1,7.65,314.0,0.11,9.1,7.5,6.0,1,1,1,0,0,3
3006,14.0,2003,7.0,5.0,719.0,473.0,5,0.2,6.1,6.0,4.0,0.2,6.1,6.0,4.0,0.17,6.23,7.65,25.5,0,0,0,0,0,3
3007,18.0,2013,3.0,8.0,222.0,43.0,11,1.44,7.33,6.28,78.5,1.44,7.33,6.28,78.5,1.44,7.33,6.28,78.5,1,1,0,1,0,3
3008,6.0,2012,9.0,20.0,720.0,1084.0,6,0.77,8.0,6.4,31.0,0.28,6.9,7.53,62.0,0.28,6.9,7.53,62.0,0,0,0,0,0,3
3009,6.0,2007,7.0,3.0,721.0,1085.0,6,0.09,6.1,7.05,10.0,0.14,6.55,7.05,10.0,0.14,6.55,7.05,10.0,0,0,0,0,0,3
3010,13.0,1998,1.0,8.0,722.0,1086.0,1,0.9,6.0160609318996405,6.403268817204285,46.05333068992863,0.9,6.099759856630821,6.523605734767007,42.11122125297383,0.9,6.1246594982078815,6.541229390680994,45.49722442505948,0,0,0,0,0,3
3011,4.0,2010,11.0,33.0,147.0,182.0,1,0.78,6.0,6.8,20.0,0.42,3.5,6.0,7.0,3.16,3.5,8.1,7.0,0,0,0,0,0,3
3012,13.0,1996,7.0,15.0,535.0,1087.0,1,0.06,7.3,7.3,4.0,0.06,7.3,7.3,4.0,0.06,7.3,7.3,4.0,1,0,0,0,0,3
3013,6.0,2006,8.0,6.0,19.0,895.0,3,1.54,7.25,7.4,41.0,0.15,7.7,7.45,91.0,0.15,7.7,7.45,91.0,0,0,1,0,1,3
3014,14.0,2004,10.0,8.0,27.0,437.0,1,1.14,6.0,6.6,58.0,0.24,8.1,6.6,58.0,0.68,7.0,8.0,3.0,1,0,1,0,0,3
3015,18.0,2014,7.0,7.0,351.0,473.0,5,0.9,6.55,6.2,31.0,1.58,6.97,7.55,169.5,0.05,6.13,6.73,100.5,1,0,0,1,1,3
3016,1.0,2010,1.0,29.0,596.0,735.0,11,0.9,6.8,6.8,44.246983408748115,0.11,6.6,6.6,32.7447209653092,0.32,6.3,6.3,36.71266968325792,0,0,0,0,0,3
3017,4.0,2006,6.0,140.0,723.0,1088.0,1,0.0,0.0,0.0,0.0,0.0,0.0,0.0,0.0,0.0,0.0,0.0,0.0,0,0,0,0,0,3
3018,13.0,1998,9.0,4.0,724.0,1089.0,1,0.78,7.7,7.7,3.0,0.78,7.7,7.7,3.0,0.78,7.7,7.7,3.0,0,0,0,0,0,3
3019,14.0,2005,7.0,5.0,164.0,184.0,2,0.05,8.2,7.9,1.0,0.07,8.2,7.9,1.0,0.35,3.9,4.45,1.0,0,0,0,0,0,3
3020,7.0,2002,8.0,141.0,227.0,946.0,5,0.09,5.3,5.6,0.0,0.41,5.75,8.5,0.0,0.79,6.9,7.3,1.0,1,0,0,0,0,3
3021,1.0,2008,3.0,8.0,394.0,43.0,11,0.77,4.9,6.03,61.0,0.33,7.0,8.05,3.0,0.78,5.73,6.27,40.0,0,0,0,0,0,3
3022,1.0,2008,6.0,26.0,725.0,981.0,1,0.19,5.17,6.8,12.0,0.19,5.17,6.8,12.0,0.05,5.17,7.0,1.0,1,0,0,0,0,3
3023,15.0,2015,4.0,26.0,110.0,136.0,5,3.73,9.23,8.98,665.0,3.73,9.23,8.98,665.0,3.73,9.23,8.98,665.0,0,0,0,1,0,3
3024,17.0,2005,1.0,9.0,169.0,760.0,1,0.01,7.5,8.57,29.5,0.14,6.95,8.3,22.0,0.18,8.27,8.07,41.5,1,0,0,1,1,3
3025,11.0,2014,9.0,20.0,234.0,573.0,2,1.01,8.0,6.5,20.0,1.01,8.0,6.5,20.0,1.01,8.0,6.5,20.0,0,0,0,0,0,3
3026,17.0,2007,9.0,29.0,70.0,613.0,8,1.26,5.75,5.0,12.5,1.26,5.75,5.0,12.5,1.26,5.75,5.0,12.5,0,0,0,0,0,3
3027,15.0,2011,4.0,54.0,726.0,231.0,3,0.01,6.8,6.95,57.0,0.01,6.8,6.95,57.0,0.09,6.8,6.95,57.0,0,0,0,0,0,3
3028,13.0,1999,4.0,4.0,727.0,1090.0,1,0.83,7.2,7.2,19.0,0.66,6.4,6.4,12.0,0.66,6.4,6.4,12.0,0,0,0,0,0,3
3029,1.0,2008,1.0,6.0,728.0,1091.0,1,0.09,4.2,4.2,6.0,0.09,4.2,4.2,6.0,0.09,4.2,4.2,6.0,0,0,0,0,0,3
3030,5.0,2010,9.0,15.0,491.0,597.0,10,0.04,3.7,7.05,61.5,0.01,6.27,7.05,61.5,0.18,3.95,5.25,10.0,1,0,0,1,0,3
3031,15.0,2013,7.0,3.0,178.0,221.0,3,1.96,8.93,8.37,446.5,1.96,8.93,8.37,446.5,1.96,8.93,8.37,446.5,1,0,0,1,0,3
3032,11.0,2015,11.0,109.0,590.0,27.0,10,0.91,6.5,6.0,0.5,0.91,6.5,6.0,0.5,0.91,6.5,6.0,0.5,0,1,0,1,0,3
3033,1.0,2008,5.0,6.0,729.0,1092.0,10,1.07,6.6,6.32,305.5,0.05,6.6,6.32,305.5,0.05,6.6,6.32,305.5,0,0,0,0,0,3
3034,4.0,2010,8.0,12.0,603.0,68.0,10,0.13,6.2,7.8,8.0,0.88,6.2,4.8,8.0,5.72,5.85,5.85,8.0,0,0,0,0,0,3
3035,1.0,2008,9.0,5.0,11.0,151.0,10,1.49,5.83,6.43,95.5,1.49,5.83,6.43,95.5,1.49,5.83,6.43,95.5,0,0,1,0,0,3
3036,1.0,2010,6.0,32.0,237.0,260.0,10,0.38,7.03,7.77,11.0,0.14,3.85,6.75,1.0,0.38,7.03,7.77,11.0,1,0,0,1,0,3
3037,15.0,2008,12.0,8.0,46.0,1093.0,10,0.9,8.0,7.85,83.0,1.23,7.75,7.4,26.0,1.23,7.75,7.4,26.0,0,0,1,0,0,3
3038,7.0,2003,2.0,29.0,390.0,1094.0,11,0.05,6.5,6.5,1.0,0.11,6.5,6.5,1.0,0.21,6.5,6.5,1.0,0,0,0,0,0,3
3039,17.0,2006,10.0,29.0,145.0,249.0,11,0.01,3.0,8.75,2.0,0.4,7.2,7.57,12.0,0.4,7.2,7.57,12.0,0,0,1,0,0,3
3040,4.0,2010,6.0,6.0,730.0,1095.0,1,0.02,6.66,6.55,17.5,0.02,6.66,6.55,17.5,0.02,6.66,6.55,17.5,0,0,0,0,0,3
3041,16.0,1981,9.0,142.0,731.0,1096.0,1,0.0,0.0,0.0,0.0,0.0,0.0,0.0,0.0,0.0,0.0,0.0,0.0,0,0,0,0,0,3
3042,4.0,2007,11.0,13.0,51.0,763.0,10,0.25,6.25,6.0,135.0,1.06,7.6,7.65,135.0,0.58,7.2,8.25,143.5,0,0,1,0,0,3
3043,5.0,2012,1.0,8.0,31.0,1097.0,9,5.18,9.0,7.0,136.0,5.18,9.0,7.0,136.0,5.18,9.0,7.0,136.0,1,0,0,1,0,3
3044,6.0,2014,7.0,3.0,732.0,157.0,10,1.36,8.25,8.35,25.5,1.36,8.25,8.35,25.5,0.83,7.8,7.13,163.5,1,0,0,0,0,3
3045,15.0,2010,8.0,8.0,32.0,1098.0,2,1.09,7.0,7.28,214.0,8.11,5.8,7.25,58.0,8.11,5.8,7.25,58.0,0,0,0,0,0,3
3046,9.0,2005,9.0,33.0,245.0,1099.0,11,0.14,6.8,5.0,1.0,0.26,3.0,5.0,1.0,0.26,3.0,5.0,1.0,0,0,0,0,0,3
3047,4.0,2006,6.0,143.0,733.0,1100.0,1,0.0,0.0,0.0,0.0,0.0,0.0,0.0,0.0,0.0,0.0,0.0,0.0,0,0,0,0,0,3
3048,13.0,1999,8.0,3.0,734.0,1101.0,7,0.31,6.139621742785096,6.5057488091902895,45.73674096848578,0.41,6.228350378257221,6.610783833006482,45.89534973097617,0.41,6.2584134211263605,6.648856822639413,47.258954650269025,1,0,0,0,0,3
3049,14.0,2004,1.0,8.0,68.0,463.0,1,0.68,7.0,8.0,3.0,5.23,8.63,8.8,3.5,5.23,8.63,8.8,3.5,0,0,1,0,0,3
3050,6.0,2008,1.0,6.0,62.0,435.0,11,0.82,6.83,7.32,42.5,0.49,7.67,6.37,362.0,1.67,6.9,7.6,20.0,0,0,1,0,0,3
3051,20.0,2014,9.0,20.0,234.0,573.0,2,0.69,5.85,5.85,20.0,0.69,5.85,5.85,20.0,0.69,5.85,5.85,20.0,0,0,0,0,0,3
3052,7.0,2007,1.0,5.0,422.0,86.0,11,1.15,8.17,8.1,672.0,0.11,4.95,7.1,10.0,0.24,6.13,5.4,22.0,1,0,0,0,0,3
3053,7.0,2003,1.0,4.0,395.0,1102.0,3,0.7,6.6,7.17,11.5,0.23,5.5,7.17,11.5,0.23,5.5,7.17,11.5,0,0,0,0,0,3
3054,7.0,2007,10.0,11.0,385.0,637.0,1,0.2,6.4,5.8,16.0,0.16,5.7,6.6,3.0,0.58,5.1,7.05,5.0,0,0,0,0,0,3
3055,13.0,1998,1.0,8.0,31.0,1103.0,1,0.87,7.5,7.5,2.0,1.25,7.7,7.7,3.0,1.25,7.7,7.7,3.0,0,0,0,0,1,3
3056,13.0,2001,4.0,8.0,735.0,1104.0,1,1.73,5.0,6.4,40.0,1.73,5.0,6.4,40.0,1.73,5.0,6.4,40.0,0,0,0,0,0,3
3057,7.0,2002,1.0,8.0,184.0,1105.0,11,0.78,6.5,7.65,30.0,0.53,7.0,7.9,8.0,0.53,7.0,7.9,8.0,0,0,0,0,0,3
3058,14.0,2003,9.0,29.0,60.0,224.0,5,2.82,4.0,6.1,4.0,0.28,6.47,7.12,6.0,0.28,6.47,7.12,6.0,0,0,1,0,0,3
3059,7.0,2006,12.0,11.0,226.0,1106.0,12,0.03,5.1,5.5,8.0,0.01,7.0,4.5,1.0,0.01,7.0,4.5,1.0,0,0,0,0,0,3
3060,5.0,2009,1.0,8.0,45.0,651.0,9,0.76,6.97,6.98,45.5,1.53,8.43,7.55,59.5,0.15,7.5,6.87,2.5,1,0,1,0,0,3
3061,7.0,2000,1.0,15.0,736.0,1107.0,1,2.18,6.080184531886015,6.4249240162822545,49.17336199229173,2.18,6.164715061058349,6.539900949796512,47.802772013044766,2.18,6.208497964721839,6.582871099050231,49.20360213459828,0,0,0,0,0,3
3062,19.0,2005,2.0,5.0,47.0,582.0,5,1.34,8.4,7.7,107.0,0.11,6.8,7.3,0.0,0.11,6.8,7.3,0.0,0,0,0,0,0,3
3063,1.0,2012,5.0,26.0,737.0,1108.0,1,0.24,7.1,6.9,6.0,0.24,7.1,6.9,6.0,0.07,2.0,6.9,0.0,0,0,0,0,0,3
3064,9.0,2003,4.0,25.0,738.0,1109.0,1,0.38,6.8,6.8,2.0,0.38,6.8,6.8,2.0,0.38,6.8,6.8,2.0,1,1,0,0,0,3
3065,9.0,2004,11.0,35.0,635.0,1110.0,11,0.06,3.7,3.7,50.551418439716315,0.06,3.7,3.7,48.66979557780559,0.06,3.7,3.7,49.56727158948686,0,0,0,0,0,3
3066,6.0,2013,2.0,6.0,265.0,194.0,8,0.98,7.7,7.5,89.0,1.02,6.85,7.25,119.0,0.08,8.7,8.47,418.5,1,0,1,1,1,3
3067,15.0,2013,6.0,6.0,543.0,680.0,1,1.0,6.016843832020995,6.3843011811023525,43.64141414141414,1.0,6.091391076115479,6.49972440944881,40.217532467532465,1.0,6.117578740157478,6.52308070866142,43.198232323232325,0,0,1,1,0,3
3068,7.0,2004,10.0,13.0,51.0,57.0,8,0.42,8.1,8.8,26.5,0.5,6.43,8.53,26.5,0.25,8.2,7.6,97.0,1,0,1,1,0,3
3069,13.0,1998,4.0,4.0,727.0,1111.0,1,0.69,6.0160609318996405,6.403268817204285,46.05333068992863,0.69,6.099759856630821,6.523605734767007,42.11122125297383,0.69,6.1246594982078815,6.541229390680994,45.49722442505948,0,0,0,0,0,3
3070,15.0,2010,12.0,9.0,270.0,730.0,2,0.98,6.9,7.7,116.5,0.15,5.43,5.48,10.5,0.37,5.43,8.4,6.0,0,0,0,0,1,3
3071,6.0,2010,9.0,118.0,524.0,320.0,11,0.14,4.75,6.95,8.0,0.03,4.75,6.95,8.0,0.55,6.27,7.55,22.0,0,0,0,0,0,3
3072,4.0,2007,2.0,1.0,739.0,295.0,3,5.26,7.75,8.1,162.0,0.16,7.73,8.1,23.5,2.26,8.6,8.3,102.5,1,0,0,0,0,3
3073,17.0,2010,9.0,33.0,249.0,317.0,1,0.69,8.0,7.0,45.0,1.11,6.0,6.8,20.0,1.11,6.0,6.8,20.0,0,0,0,1,0,3
3074,19.0,2003,8.0,8.0,108.0,265.0,12,0.05,7.4,7.7,76.5,1.92,7.0,7.55,3.0,1.92,7.0,7.55,3.0,0,0,0,0,0,3
3075,6.0,2008,1.0,8.0,68.0,454.0,8,0.71,7.27,7.93,2.0,0.85,7.6,7.85,3.0,0.38,6.9,5.0,1.0,0,0,1,0,1,3
3076,16.0,1982,9.0,5.0,321.0,1112.0,1,0.43,6.044535910681546,6.403519413431087,49.29867055181206,0.39,6.128021996333945,6.518846858856858,47.36022582407576,0.39,6.173142809531743,6.559936677220455,48.332179930795846,0,0,0,0,0,3
3077,23.0,2013,9.0,20.0,234.0,257.0,11,0.89,7.5,6.0,30.0,0.89,7.5,6.0,30.0,0.89,7.5,6.0,30.0,0,0,0,0,0,3
3078,1.0,2008,12.0,1.0,1.0,1113.0,3,0.01,7.25,7.15,39.5,0.51,7.0,7.5,4.0,0.51,7.0,7.5,4.0,0,0,1,0,0,3
3079,9.0,2002,9.0,73.0,111.0,370.0,10,0.29,5.35,6.9,0.0,0.13,6.7,6.6,15.0,0.3,2.35,6.05,1.0,0,0,0,0,1,3
3080,7.0,2004,4.0,15.0,103.0,811.0,1,0.92,4.97,6.65,3.0,0.28,8.53,8.68,74.0,0.6,5.0,8.68,74.0,1,0,0,0,0,3
3081,17.0,2010,9.0,26.0,438.0,1114.0,3,0.2,5.85,4.9,2.0,0.33,4.55,5.05,1.0,0.33,4.55,5.05,1.0,0,0,0,0,0,3
3082,9.0,2004,2.0,33.0,284.0,1115.0,9,0.38,5.25,5.5,2.0,0.17,5.25,5.5,2.0,0.51,6.2,7.0,1.0,0,0,0,0,0,3
3083,13.0,1998,6.0,4.0,740.0,363.0,1,0.67,6.6,5.0,1.0,0.67,6.6,5.0,1.0,1.92,6.6,7.3,18.0,0,0,0,0,0,3
3084,14.0,2005,7.0,6.0,127.0,844.0,3,1.11,8.7,8.4,121.0,0.6,8.73,8.87,150.5,0.6,8.73,8.87,150.5,0,0,0,0,0,3
3085,17.0,2009,1.0,8.0,68.0,77.0,9,0.73,7.73,7.07,5.5,2.37,8.0,7.18,16.5,2.37,8.0,7.18,16.5,1,1,1,0,0,3
3086,17.0,2007,9.0,5.0,123.0,624.0,1,1.11,3.0,5.3,4.0,0.42,4.0,5.5,4.0,1.24,4.0,5.5,4.0,0,0,0,0,0,3
3087,4.0,2007,6.0,26.0,323.0,981.0,1,0.11,7.1,7.8,9.0,0.06,6.0,6.9,9.0,0.1,6.0,6.9,9.0,1,0,0,0,0,3
3088,11.0,2015,3.0,36.0,130.0,159.0,7,0.26,6.7,5.73,5.5,0.03,7.4,6.05,40.0,0.26,6.7,5.73,5.5,0,0,0,0,0,3
3089,5.0,2008,6.0,2.0,280.0,1116.0,10,0.48,7.6,7.85,10.0,0.11,3.63,4.7,9.0,0.48,7.3,7.1,10.0,0,0,0,0,0,3
3090,13.0,1998,1.0,74.0,615.0,1117.0,1,1.31,5.7,5.7,3.0,0.85,5.7,5.7,3.0,0.85,5.7,5.7,3.0,0,0,0,0,0,3
3091,20.0,2014,9.0,33.0,492.0,711.0,1,1.12,6.0370023640661925,6.4082836879432445,47.3185817805383,1.12,6.127933806146561,6.533567375886503,45.40683229813665,1.12,6.178366430260039,6.570146572104003,49.021868530020704,1,0,0,1,0,3
3092,6.0,2012,1.0,8.0,31.0,1097.0,9,0.72,9.0,5.0,136.0,0.72,9.0,5.0,136.0,0.72,9.0,5.0,136.0,1,0,0,1,0,3
3093,7.0,2008,9.0,5.0,581.0,191.0,6,0.92,6.0,6.35,20.0,0.03,6.3,6.6,1.0,0.02,5.0,6.0,20.0,0,0,0,0,0,3
3094,6.0,2008,12.0,6.0,196.0,858.0,11,0.73,4.55,3.85,6.0,0.4,4.55,3.85,6.0,0.1,4.55,3.85,6.0,1,0,1,0,0,3
3095,18.0,2014,9.0,7.0,293.0,385.0,10,1.81,7.33,7.45,251.0,1.81,7.33,7.45,251.0,1.81,7.33,7.45,251.0,0,0,0,1,0,3
3096,5.0,2008,1.0,8.0,68.0,454.0,8,0.7,5.0,2.2,2.0,0.71,7.27,7.93,2.0,0.06,7.2,6.87,1.5,0,0,1,0,1,3
3097,7.0,2005,4.0,17.0,316.0,1118.0,9,0.49,7.7,7.35,15.0,0.81,7.55,8.7,110.0,0.81,7.55,8.7,110.0,0,0,0,0,0,3
3098,19.0,2003,3.0,1.0,176.0,217.0,8,0.97,8.43,8.82,114.0,0.05,5.4,6.75,17.0,1.04,8.3,7.58,86.0,1,0,0,1,1,3
3099,7.0,2005,2.0,33.0,249.0,1064.0,10,0.14,6.9,8.1,46.396146867328426,0.15,7.5,8.1,45.01510299925285,0.7,7.1,8.1,45.991941509232575,0,0,0,0,0,3
3100,17.0,2008,2.0,29.0,70.0,520.0,7,0.97,7.73,7.55,60.5,1.02,5.25,5.3,6.5,1.02,5.25,5.3,6.5,0,0,0,0,0,3
3101,9.0,2004,2.0,1.0,181.0,1119.0,6,0.81,8.6,7.5,2.0,0.08,4.55,6.0,2.0,0.08,4.55,6.0,2.0,0,0,0,1,0,3
3102,4.0,2009,9.0,29.0,286.0,1120.0,5,2.07,7.5,7.78,82.5,1.49,6.8,7.0,82.5,1.49,6.8,7.0,82.5,0,0,0,0,0,3
3103,7.0,2002,3.0,6.0,19.0,1121.0,6,2.86,8.6,8.55,125.0,0.55,6.6,6.6,16.0,0.05,6.6,6.6,16.0,0,0,1,0,0,3
3104,1.0,2009,9.0,144.0,741.0,1122.0,9,0.32,6.0,6.35,1.0,0.32,6.0,6.35,1.0,0.32,6.0,6.35,1.0,0,0,0,0,0,3
3105,9.0,2005,6.0,29.0,742.0,1123.0,1,0.11,2.8,3.9,50.56199677938808,0.25,2.8,3.9,37.569243156199676,0.05,5.2,3.9,43.750402576489535,0,0,0,0,0,3
3106,13.0,1999,4.0,25.0,250.0,1124.0,1,0.04,5.9864729458917845,6.425400801603205,44.05604395604396,0.09,6.120961923847696,6.589959919839676,34.17912087912088,0.09,6.162114228456913,6.618947895791575,38.04120879120879,0,0,0,0,0,3
3107,4.0,2009,5.0,29.0,240.0,979.0,10,0.76,5.8,6.0,5.0,0.09,7.5,7.3,5.0,0.09,7.5,7.3,5.0,0,0,0,0,0,3
3108,11.0,2014,1.0,145.0,571.0,836.0,5,0.39,8.1,6.85,1.0,0.39,8.1,6.85,1.0,0.39,8.1,6.85,1.0,0,0,0,0,0,3
3109,5.0,2009,1.0,8.0,68.0,454.0,7,0.81,8.0,7.45,1.0,0.81,8.0,7.45,1.0,1.09,7.77,7.65,6.0,0,0,1,0,1,3
3110,9.0,2003,12.0,1.0,3.0,1057.0,6,1.23,7.95,8.15,36.0,5.47,9.1,7.8,221.0,0.18,9.1,7.8,221.0,0,0,1,0,0,3
3111,4.0,2008,4.0,1.0,3.0,345.0,2,0.04,7.4,8.45,63.0,0.51,7.4,8.45,63.0,0.54,8.5,9.0,63.0,1,0,1,0,0,3
3112,13.0,1998,7.0,11.0,405.0,553.0,1,0.15,7.0,7.0,7.0,1.36,7.0,7.0,7.0,1.36,7.0,7.0,7.0,0,0,0,0,1,3
3113,7.0,2003,4.0,17.0,360.0,1125.0,3,0.17,6.129625212947189,6.49317484900112,46.11504800747727,0.17,6.21220380981881,6.590912188322794,45.224657999830065,0.17,6.245301223478409,6.630641938980961,46.5193304443878,1,0,0,0,0,3
3114,7.0,2007,6.0,4.0,121.0,373.0,1,0.26,6.3,6.3,47.55820785897907,0.89,6.3,6.3,46.14738646101114,1.1,6.9,7.1,47.53813196229649,1,0,0,0,0,3
3115,16.0,1987,9.0,5.0,743.0,1126.0,1,0.03,6.0,6.0,1.0,0.03,6.0,6.0,1.0,0.03,6.0,6.0,1.0,0,0,0,0,1,3
3116,7.0,2005,4.0,77.0,428.0,1127.0,2,0.19,7.7,8.1,44.0,0.2,7.98,7.9,44.0,0.2,7.98,7.9,44.0,0,0,0,0,0,3
3117,7.0,2005,9.0,8.0,31.0,135.0,11,1.29,7.27,7.55,127.0,0.05,5.0,7.0,8.0,0.38,6.35,7.05,20.0,0,0,0,0,0,3
3118,7.0,2007,6.0,4.0,121.0,373.0,1,1.16,6.099566138746374,6.4607807271916755,47.55820785897907,1.16,6.186688601383021,6.564681017176054,46.14738646101114,1.16,6.2206457729199345,6.6001962971225066,47.53813196229649,1,0,0,0,0,3
3119,13.0,2000,11.0,31.0,399.0,1128.0,1,0.37,8.5,7.22,15.0,1.38,8.5,6.8,12.0,1.38,8.5,6.8,12.0,0,0,0,0,0,3
3120,17.0,2007,3.0,29.0,217.0,860.0,12,0.07,5.73,7.37,15.0,0.15,5.8,8.0,15.0,0.69,6.5,6.95,4.0,1,0,0,0,0,3
3121,1.0,2010,6.0,33.0,609.0,504.0,10,0.35,6.057083503054985,6.415594704684301,49.885309852875615,0.61,6.142910386965374,6.540040733197534,48.07779759251003,0.61,6.1904786150712745,6.577492871690405,49.565425769059296,0,0,0,0,0,3
3122,6.0,2012,10.0,49.0,301.0,395.0,9,0.27,7.0,7.77,11.5,0.25,5.93,6.07,24.5,0.17,3.9,5.1,12.0,1,0,0,1,0,3
3123,17.0,2007,4.0,17.0,111.0,416.0,10,1.26,7.83,8.2,214.5,1.16,7.43,8.8,125.0,0.14,7.43,8.8,125.0,1,0,0,0,0,3
3124,7.0,2002,12.0,58.0,744.0,939.0,1,0.36,5.0,8.5,2.0,0.36,5.0,8.5,2.0,0.62,5.0,8.5,2.0,1,0,0,0,0,3
3125,6.0,2014,4.0,8.0,745.0,251.0,11,0.91,8.0,7.55,109.5,0.28,8.5,8.15,210.5,0.91,8.0,7.55,109.5,1,0,0,1,0,3
3126,1.0,2011,6.0,6.0,138.0,101.0,11,0.79,8.73,8.45,481.0,0.25,6.35,7.2,91.0,0.11,6.0,5.6,13.0,0,0,1,0,0,3
3127,4.0,2008,6.0,26.0,746.0,1129.0,1,0.19,5.1,5.15,11.0,0.19,5.1,5.15,11.0,0.19,5.1,5.15,11.0,0,0,0,0,0,3
3128,6.0,2010,9.0,13.0,51.0,1130.0,10,1.38,7.67,7.07,213.5,0.76,6.77,6.4,104.0,0.05,6.77,7.0,4.0,1,0,1,1,0,3
3129,15.0,2013,7.0,8.0,407.0,560.0,2,0.92,6.53,6.65,126.5,0.92,6.53,6.65,126.5,0.92,6.53,6.65,126.5,1,0,0,1,0,3
3130,4.0,2007,8.0,29.0,747.0,1131.0,1,0.04,6.5,5.8,47.55820785897907,0.04,6.5,5.8,46.14738646101114,0.16,6.5,5.8,47.53813196229649,0,0,0,0,0,3
3131,7.0,2009,9.0,8.0,387.0,135.0,6,8.11,5.8,7.25,58.0,0.27,5.5,6.0,6.5,0.04,5.65,5.35,9.0,0,0,1,0,0,3
3132,9.0,2004,2.0,24.0,82.0,1132.0,6,0.16,5.8,6.27,2.5,0.31,5.75,6.45,13.0,0.31,5.75,6.45,13.0,1,0,1,0,0,3
3133,18.0,2014,4.0,5.0,52.0,78.0,1,0.11,7.25,5.68,5.5,2.05,8.53,7.47,284.5,2.05,8.53,7.47,284.5,1,0,0,0,0,3
3134,7.0,2004,2.0,24.0,131.0,88.0,11,0.09,8.9,8.2,497.5,0.12,6.45,7.7,8.0,0.71,4.8,5.1,8.0,0,0,0,0,0,3
3135,17.0,2007,9.0,24.0,748.0,40.0,10,0.13,7.5,7.65,18.0,0.16,5.7,6.15,3.0,0.26,6.27,6.12,28.0,0,0,0,0,0,3
3136,6.0,2013,7.0,9.0,127.0,706.0,2,0.04,8.63,8.32,486.0,0.93,8.63,8.32,486.0,0.18,6.8,7.25,15.0,0,0,0,1,0,3
3137,7.0,2004,2.0,24.0,60.0,40.0,10,0.02,5.15,6.0,4.0,0.66,5.15,6.45,4.0,0.26,6.6,7.6,4.0,0,0,1,0,0,3
3138,6.0,2011,3.0,11.0,662.0,563.0,2,0.06,4.95,5.2,55.0,0.14,4.95,5.2,55.0,0.02,7.13,7.75,86.0,1,0,0,1,0,3
3139,14.0,2003,7.0,3.0,411.0,168.0,11,0.03,7.7,8.4,166.0,0.02,8.3,8.65,283.0,1.34,7.27,8.05,97.5,1,0,0,0,1,3
3140,5.0,2010,10.0,26.0,161.0,188.0,11,0.15,5.65,7.6,8.0,0.27,5.65,7.6,8.0,0.27,5.65,7.6,8.0,0,0,0,0,0,3
3141,7.0,2004,7.0,8.0,46.0,1133.0,11,2.28,6.85,7.6,58.0,1.17,5.75,5.85,22.0,1.17,5.75,5.85,22.0,0,0,1,0,0,3
3142,18.0,2016,1.0,3.0,102.0,126.0,9,0.07,6.13,6.57,43.0,0.8,8.5,6.8,14.5,0.09,8.5,6.62,19.5,1,0,1,0,1,3
3143,6.0,2008,7.0,13.0,51.0,565.0,1,0.1,5.6,8.0,0.0,0.67,7.87,8.85,173.5,1.34,7.3,7.4,106.5,0,0,1,1,0,3
3144,5.0,2012,12.0,3.0,328.0,1024.0,10,2.48,8.0,8.08,109.0,1.69,8.0,7.7,113.0,0.09,8.0,8.5,15.0,1,0,0,1,0,3
3145,10.0,2011,2.0,6.0,749.0,194.0,3,0.02,6.1,6.0,1.0,0.1,6.1,5.38,14.0,0.26,5.4,6.5,10.0,1,0,1,0,1,3
3146,11.0,2016,9.0,20.0,234.0,488.0,1,0.51,7.35,6.15,8.5,0.56,8.5,6.85,4.0,0.51,7.35,6.15,8.5,0,0,0,0,0,3
3147,14.0,2004,7.0,8.0,122.0,285.0,2,2.31,8.4,8.4,25.0,3.53,7.1,7.15,25.0,3.53,7.1,7.15,25.0,0,0,1,0,0,3
3148,7.0,2003,2.0,5.0,750.0,1134.0,4,1.14,7.45,7.85,40.0,1.14,7.45,7.85,40.0,1.14,7.45,7.85,40.0,1,0,0,0,0,3
3149,5.0,2007,3.0,29.0,337.0,483.0,8,0.85,5.75,6.5,13.0,0.02,5.9,6.0,4.0,1.55,6.53,6.53,31.0,0,0,0,0,0,3
3150,14.0,2005,1.0,8.0,45.0,247.0,9,0.77,4.15,6.6,5.0,0.21,6.7,7.7,5.0,1.64,4.0,5.4,5.0,1,0,1,0,1,3
3151,15.0,2011,9.0,8.0,154.0,251.0,3,0.74,7.7,6.83,553.5,1.12,6.3,6.0,170.0,1.12,6.3,6.0,170.0,1,0,0,0,0,3
3152,5.0,2006,9.0,18.0,60.0,235.0,9,1.09,5.35,5.95,28.0,1.41,7.15,7.45,28.0,1.41,7.15,7.45,28.0,0,0,1,0,0,3
3153,12.0,1999,7.0,61.0,341.0,452.0,1,1.64,5.0,7.1,51.0,1.64,5.0,7.1,51.0,1.64,5.0,7.1,51.0,1,0,1,0,0,3
3154,12.0,1999,2.0,15.0,453.0,597.0,12,0.03,9.3,9.05,144.0,1.23,9.3,9.05,144.0,1.27,9.3,9.05,144.0,1,0,0,0,0,3
3155,12.0,1999,2.0,6.0,265.0,194.0,10,0.13,6.4,7.9,153.0,0.13,6.4,7.9,153.0,3.03,8.0,7.9,153.0,1,0,1,0,1,3
3157,5.0,2009,9.0,8.0,116.0,980.0,1,0.85,7.97,7.98,69.5,0.87,6.1,6.0,13.0,0.87,6.1,6.0,13.0,0,0,0,0,0,3
3158,14.0,2002,7.0,22.0,541.0,1061.0,10,2.96,8.33,8.25,76.5,0.43,7.05,6.75,10.0,0.43,7.05,6.75,10.0,1,0,0,0,1,3
3159,7.0,2006,9.0,13.0,51.0,234.0,3,0.07,6.43,8.42,51.5,0.04,6.43,8.3,50.0,0.08,6.4,7.1,2.0,1,0,1,0,0,3
3160,6.0,2010,4.0,17.0,360.0,1136.0,4,0.19,7.57,6.3,92.0,0.51,5.13,6.12,7.0,0.51,5.13,6.12,7.0,0,0,0,0,0,3
3161,4.0,2009,2.0,33.0,187.0,1137.0,11,0.34,4.0,5.15,2.0,0.11,5.3,5.15,2.0,0.11,5.3,5.15,2.0,0,0,0,0,0,3
3162,6.0,2007,3.0,9.0,752.0,678.0,10,0.23,5.05,8.3,0.0,0.23,5.05,8.3,0.0,1.16,5.05,8.2,56.0,1,0,0,0,0,3
3164,23.0,2012,9.0,4.0,754.0,1139.0,6,0.29,7.35,7.45,9.0,0.29,7.35,7.45,9.0,0.29,7.35,7.45,9.0,0,0,0,0,0,3
3165,9.0,2002,6.0,15.0,755.0,1140.0,3,0.03,4.95,4.95,47.00641389488024,0.03,4.95,4.95,45.229821773186515,0.03,4.95,4.95,46.14320581223748,0,0,0,0,0,3
3166,6.0,2010,4.0,4.0,59.0,840.0,9,0.21,8.0,8.2,115.0,5.84,8.35,8.2,115.0,0.93,5.7,6.9,13.0,0,0,0,0,0,3
3167,6.0,2009,7.0,5.0,117.0,473.0,8,0.14,6.85,7.55,25.0,0.71,6.85,7.55,25.0,0.67,7.2,8.2,54.0,1,0,0,0,0,3
3168,7.0,2005,6.0,4.0,756.0,1141.0,1,1.85,7.3,8.1,223.0,1.85,7.3,8.1,223.0,1.85,7.3,8.1,223.0,0,0,0,0,0,3
3169,11.0,2015,9.0,20.0,60.0,488.0,9,0.13,7.83,5.33,193.0,0.24,6.4,7.0,21.0,0.24,7.0,7.2,1.0,0,0,1,0,0,3
3170,6.0,2010,6.0,4.0,342.0,1142.0,9,3.87,6.3,6.95,22.0,3.87,6.3,6.95,22.0,3.87,6.3,6.95,22.0,0,0,0,1,0,3
3171,12.0,1998,3.0,1.0,287.0,407.0,1,1.19,6.8,6.8,5.0,0.03,1.0,1.0,2.0,1.74,7.5,7.5,2.0,1,0,0,0,0,3
3172,12.0,2000,1.0,8.0,68.0,77.0,12,0.32,7.75,6.8,7.0,1.74,7.75,6.8,7.0,1.67,7.75,7.4,1.0,1,1,1,1,1,3
3173,6.0,2007,1.0,8.0,45.0,247.0,10,0.73,5.8,5.1,7.0,1.02,6.75,6.35,43.0,0.46,5.97,4.65,12.0,1,0,1,0,1,3
3174,5.0,2013,7.0,5.0,204.0,942.0,3,0.01,6.97,6.22,5.0,0.29,6.97,6.22,5.0,0.03,9.0,8.2,428.0,0,0,0,0,0,3
3175,1.0,2007,3.0,1.0,757.0,26.0,10,5.17,8.67,8.02,679.0,0.24,6.67,6.67,6.5,0.24,6.67,6.67,6.5,1,1,0,0,1,3
3176,1.0,2008,9.0,13.0,92.0,1143.0,4,1.35,8.13,7.88,247.0,4.22,7.83,8.18,134.0,0.63,9.03,8.95,419.0,0,0,0,0,0,3
3177,7.0,2004,2.0,5.0,758.0,1144.0,11,2.89,6.3,6.85,18.0,0.02,5.9,6.2,18.0,0.02,5.9,6.2,18.0,0,0,0,0,0,3
3178,6.0,2014,9.0,20.0,162.0,169.0,1,0.05,4.3,6.0,117.0,0.49,7.36,7.28,117.0,0.86,5.55,6.65,40.0,0,0,0,0,0,3
3179,1.0,2009,6.0,6.0,625.0,1145.0,9,0.24,4.4,4.4,48.85785172212493,0.83,4.4,4.4,47.55465557501459,0.83,4.4,4.4,48.898423817863396,0,0,0,0,0,3
3180,1.0,2010,7.0,6.0,42.0,1080.0,3,0.1,5.0,5.05,19.0,0.49,5.0,5.05,19.0,0.68,5.15,6.1,55.0,0,0,1,1,1,3
3181,7.0,2005,4.0,5.0,212.0,1146.0,9,0.24,5.05,3.25,2.0,0.53,7.05,7.75,7.0,0.53,7.05,7.75,7.0,1,0,0,0,0,3
3182,13.0,1997,9.0,4.0,759.0,1147.0,1,1.68,6.3,6.3,6.0,0.26,6.3,6.3,6.0,0.26,6.3,6.3,6.0,0,0,0,0,0,3
3183,7.0,2009,6.0,4.0,299.0,373.0,3,0.9,7.05,7.4,7.0,1.36,5.8,8.08,3.0,0.18,5.8,8.08,3.0,1,0,0,0,0,3
3184,5.0,2014,6.0,6.0,19.0,23.0,10,2.28,7.5,8.17,5.0,2.28,7.5,8.17,5.0,2.28,7.5,8.17,5.0,1,1,1,1,0,3
3185,6.0,2013,3.0,36.0,408.0,159.0,10,0.29,7.27,6.37,46.5,0.89,8.3,7.92,148.5,0.29,6.13,6.35,11.5,0,0,0,0,0,3
3186,5.0,2007,3.0,29.0,760.0,1148.0,9,0.03,5.75,6.58,8.0,0.18,6.4,6.55,3.0,0.18,6.4,6.55,3.0,0,0,0,0,0,3
3187,14.0,2001,1.0,5.0,11.0,86.0,11,1.12,4.07,6.95,2.5,0.28,4.07,6.95,2.5,4.41,8.5,7.83,63.5,1,0,1,0,1,3
3188,13.0,1999,12.0,8.0,220.0,329.0,1,1.07,7.0,7.0,13.0,0.09,7.0,7.0,13.0,0.09,7.0,7.0,13.0,0,0,0,0,0,3
3189,14.0,2002,1.0,8.0,45.0,31.0,11,0.69,7.35,7.25,34.0,3.4,7.9,6.4,14.0,0.05,7.4,6.55,5.0,1,1,1,0,1,3
3190,5.0,2009,9.0,11.0,204.0,248.0,6,0.02,7.3,7.25,7.0,2.58,6.0,6.7,39.0,0.88,7.6,7.15,6.0,0,0,0,0,0,3
3191,7.0,2005,3.0,8.0,27.0,472.0,8,0.97,8.7,7.7,41.584122203098104,0.97,8.7,7.7,35.80141996557659,1.41,8.7,8.2,40.565834767641995,0,0,1,0,0,3
3192,6.0,2006,1.0,5.0,73.0,86.0,11,1.07,7.1,6.5,48.0,0.27,6.22,7.08,38.0,0.21,7.3,7.1,33.5,1,0,1,0,1,3
3193,9.0,2004,8.0,6.0,495.0,571.0,4,0.06,7.4,7.05,102.0,0.11,7.7,6.2,102.0,0.11,7.7,6.2,102.0,0,0,0,0,0,3
3194,6.0,2011,9.0,33.0,131.0,746.0,10,0.33,6.3,7.3,3.0,0.1,4.17,6.25,3.0,1.07,4.87,6.03,12.0,0,0,0,0,0,3
3195,6.0,2009,6.0,5.0,73.0,84.0,5,0.95,7.17,8.02,37.0,0.95,7.17,8.02,37.0,0.95,7.17,8.02,37.0,1,0,1,0,0,3
3196,17.0,2008,9.0,9.0,284.0,257.0,5,0.38,6.17,7.0,18.0,0.79,6.45,7.35,36.0,0.12,5.37,5.25,2.5,0,0,0,0,0,3
3197,10.0,2012,6.0,26.0,40.0,981.0,1,0.15,4.3,4.9,2.0,0.07,4.3,4.9,2.0,0.42,4.3,7.5,2.0,1,0,1,0,0,3
3198,4.0,2009,9.0,8.0,387.0,135.0,6,0.77,5.0,5.0,4.0,0.77,5.0,5.0,4.0,0.77,5.0,5.0,4.0,0,0,1,0,0,3
3199,12.0,1998,2.0,5.0,182.0,228.0,2,0.12,5.0,5.0,7.0,0.12,5.0,5.0,7.0,0.12,5.0,5.0,7.0,0,0,0,0,0,3
3200,8.0,1991,2.0,15.0,87.0,597.0,8,0.48,7.3,7.3,9.0,0.48,7.3,7.3,9.0,0.93,7.3,7.3,38.0,0,0,1,0,0,3
3201,1.0,2010,6.0,5.0,512.0,758.0,10,0.82,8.03,7.97,34.5,0.82,8.03,7.97,34.5,0.82,8.03,7.97,34.5,0,0,0,1,0,3
3202,10.0,2012,9.0,5.0,394.0,1149.0,9,0.01,6.9,7.25,8.0,0.7,5.15,6.45,58.0,0.24,9.0,7.18,50.5,1,0,0,0,0,3
3203,5.0,2008,9.0,9.0,162.0,1150.0,3,0.94,6.4,7.8,18.0,0.14,6.35,8.3,24.0,0.42,7.55,7.8,73.0,0,0,0,0,0,3
3204,1.0,2007,1.0,5.0,761.0,422.0,1,0.69,3.0,5.5,2.0,0.69,3.0,5.5,2.0,0.14,5.3,5.1,2.0,0,0,0,0,0,3
3205,7.0,2003,10.0,26.0,51.0,701.0,1,0.49,6.3,7.25,1.0,0.1,7.15,8.2,14.0,0.57,7.15,8.2,14.0,0,0,1,0,0,3
3206,6.0,2011,6.0,6.0,19.0,23.0,10,10.26,7.13,7.77,78.5,10.26,7.13,7.77,78.5,10.26,7.13,7.77,78.5,1,1,1,1,0,3
3207,4.0,2010,7.0,5.0,399.0,16.0,11,1.4,8.0,6.82,330.0,0.18,4.93,6.25,6.0,1.63,8.03,6.2,978.0,1,0,0,1,0,3
3208,11.0,2015,9.0,4.0,762.0,91.0,3,2.38,8.6,8.7,256.0,0.12,8.6,8.5,2.0,2.29,7.5,7.25,108.0,1,0,0,1,0,3
3209,7.0,2002,2.0,4.0,334.0,459.0,3,0.14,5.4,8.0,234.0,0.47,9.0,8.65,234.0,1.63,9.0,8.4,234.0,1,0,0,0,0,3
3210,1.0,2009,7.0,1.0,14.0,1151.0,8,33.0,7.5,7.35,103.0,1.33,9.2,8.9,103.0,1.33,9.2,8.9,103.0,1,0,0,1,0,3
3211,16.0,1982,9.0,148.0,763.0,1152.0,1,0.0,0.0,0.0,0.0,0.0,0.0,0.0,0.0,0.0,0.0,0.0,0.0,1,0,0,0,0,3
3212,5.0,2009,7.0,5.0,155.0,624.0,1,0.7,5.0,4.5,2.0,0.43,5.5,4.6,37.5,0.17,6.9,4.6,37.5,0,0,0,0,0,3
3213,4.0,2008,12.0,1.0,3.0,1057.0,1,0.3,6.85,7.55,22.0,3.76,8.33,7.9,297.0,0.4,7.6,8.6,297.0,0,0,1,0,0,3
3214,15.0,2011,8.0,8.0,32.0,1153.0,5,0.07,3.0,5.15,2.0,0.47,3.0,5.3,2.0,0.47,3.0,5.3,2.0,0,0,0,0,0,3
3215,18.0,2014,3.0,6.0,322.0,423.0,12,0.18,5.8,6.3,1.0,0.18,7.13,7.23,41.5,0.18,7.13,7.23,41.5,0,0,1,1,0,3
3216,4.0,2009,12.0,6.0,138.0,907.0,9,0.1,3.0,6.15,3.0,0.83,3.0,6.15,3.0,0.83,3.0,6.15,3.0,0,0,1,0,0,3
3217,10.0,2016,4.0,17.0,764.0,1154.0,1,0.88,7.03,6.98,41.5,0.88,7.03,6.98,41.5,0.88,7.03,6.98,41.5,1,1,0,0,0,3
3218,5.0,2012,3.0,9.0,169.0,62.0,11,0.23,8.55,8.47,39.0,0.98,6.9,7.7,116.5,1.01,6.95,7.12,160.5,0,1,0,0,0,3
3219,7.0,2007,4.0,49.0,634.0,1155.0,4,0.09,5.0,8.2,85.0,0.45,7.8,7.3,85.0,0.45,7.8,7.3,85.0,0,0,0,0,0,3
3220,7.0,2001,1.0,8.0,27.0,31.0,11,1.73,7.98,8.48,44.5,1.16,8.5,8.5,44.5,0.09,7.0,6.6,7.0,1,1,1,0,1,3
3221,17.0,2009,4.0,149.0,400.0,1156.0,7,0.02,7.0,6.6,6.0,0.29,7.0,6.6,6.0,0.29,7.0,6.6,6.0,0,0,0,0,0,3
3222,13.0,1997,4.0,55.0,215.0,25.0,1,1.77,8.0,8.2,33.5,2.14,8.0,8.2,33.5,0.11,7.0,7.2,66.0,1,1,0,1,0,3
3223,5.0,2011,1.0,8.0,31.0,454.0,3,0.69,7.35,5.65,7.0,0.05,7.35,5.65,7.0,0.53,7.41,7.18,2.0,0,0,0,0,1,3
3224,7.0,2006,9.0,13.0,765.0,1143.0,9,0.08,7.1,7.95,22.0,0.07,6.43,8.42,51.5,0.07,6.43,8.42,51.5,0,0,0,0,0,3
3225,13.0,2000,1.0,8.0,422.0,1157.0,9,1.67,7.75,7.4,1.0,1.67,7.75,7.4,1.0,1.67,7.75,7.4,1.0,1,0,0,0,1,3
3226,1.0,2009,8.0,29.0,702.0,1058.0,11,0.99,5.9,6.85,3.5,0.26,5.9,8.1,5.0,0.26,5.9,8.1,5.0,0,0,0,0,0,3
3227,18.0,2015,9.0,20.0,234.0,824.0,6,0.93,7.5,7.15,13.5,0.93,7.5,7.15,13.5,0.93,7.5,7.15,13.5,0,0,0,0,0,3
3228,6.0,2009,7.0,7.0,284.0,1158.0,9,0.24,4.75,7.65,3.0,0.74,4.75,5.0,1.0,0.74,4.75,5.0,1.0,0,0,0,0,0,3
3229,4.0,2009,3.0,8.0,137.0,137.0,6,0.64,4.0,4.8,4.0,0.3,5.8,6.35,9.5,0.3,5.8,6.35,9.5,0,0,1,0,0,3
3230,13.0,2000,2.0,5.0,60.0,1159.0,9,0.58,5.85,7.95,13.0,1.71,7.5,7.25,16.0,1.71,7.5,7.25,16.0,0,0,1,0,0,3
3231,19.0,2002,6.0,26.0,91.0,107.0,10,0.04,4.2,6.9,47.153113889207475,0.28,5.4,6.9,45.36168138547998,1.82,7.2,6.6,46.27904576212868,1,0,0,0,1,3
3232,8.0,1993,12.0,49.0,524.0,1160.0,1,0.25,6.031933001358078,6.3974558623811495,47.68694362017804,0.25,6.124495246717962,6.522283838841079,46.41444114737883,0.28,6.171109099139873,6.561172476233574,49.107195845697326,0,0,0,0,0,3
3233,24.0,1995,7.0,9.0,766.0,1161.0,1,1.93,7.0,8.0,38.0,0.55,7.0,7.8,72.0,0.55,7.0,7.8,72.0,1,0,1,0,0,3
3234,14.0,2002,9.0,15.0,54.0,61.0,11,1.3,6.0,7.0,62.0,0.52,8.85,8.73,62.0,0.06,8.85,8.73,62.0,1,1,0,0,0,3
3235,14.0,2005,1.0,5.0,73.0,86.0,10,0.72,6.8,7.53,54.0,1.62,6.0,6.4,17.0,1.45,6.0,6.4,17.0,1,0,1,1,1,3
3236,13.0,1996,10.0,31.0,767.0,161.0,1,0.06,6.5,6.5,2.0,0.12,6.5,6.5,2.0,0.12,6.5,6.5,2.0,0,0,0,0,0,3
3237,5.0,2010,9.0,6.0,62.0,298.0,5,0.11,7.65,6.2,169.0,0.11,7.65,6.2,169.0,0.51,7.65,6.9,24.0,1,0,1,0,1,3
3238,6.0,2010,7.0,9.0,163.0,1162.0,10,0.54,8.15,7.8,50.0,0.8,7.55,7.75,146.0,0.8,7.55,7.75,146.0,0,0,0,1,0,3
3239,7.0,2002,4.0,6.0,768.0,1090.0,10,0.11,6.3,3.5,8.0,0.11,6.3,3.5,8.0,0.67,6.3,6.8,8.0,0,0,0,0,0,3
3240,13.0,1997,1.0,4.0,297.0,1163.0,1,1.22,6.042070079121586,6.394020668496688,49.29562687356727,0.31,6.127673179396085,6.510931697077347,47.72615059072474,0.31,6.172315517519764,6.551114161149683,49.20948686298713,0,0,0,0,1,3
3241,6.0,2009,4.0,42.0,769.0,1164.0,10,0.01,6.55,6.8,5.0,0.04,6.55,6.8,5.0,0.02,6.55,6.85,4.0,0,0,0,0,0,3
3242,19.0,2006,1.0,8.0,68.0,77.0,8,0.06,6.95,7.6,21.0,0.12,6.9,7.1,21.0,0.12,7.18,6.87,4.5,1,1,1,1,1,3
3243,15.0,2014,7.0,6.0,62.0,118.0,11,1.05,6.4,7.3,56.0,1.61,7.4,7.57,113.5,1.44,7.0,6.8,101.5,1,1,1,1,0,3
3244,16.0,1982,7.0,11.0,770.0,1165.0,1,0.77,4.6,4.6,8.0,0.77,4.6,4.6,8.0,0.77,4.6,4.6,8.0,0,0,0,0,0,3
3245,14.0,2003,1.0,8.0,27.0,454.0,9,1.08,8.8,8.6,4.0,1.63,8.22,7.92,4.0,1.64,8.43,8.58,3.0,0,0,1,0,1,3
3246,10.0,2011,9.0,33.0,60.0,450.0,5,0.99,5.65,7.0,36.0,0.99,5.65,7.0,36.0,0.99,5.65,7.0,36.0,0,0,1,0,0,3
3247,6.0,2014,1.0,15.0,87.0,102.0,11,0.15,6.0,6.35,127.0,0.12,6.0,6.35,127.0,0.11,6.97,5.85,72.5,0,1,1,0,0,3
3248,18.0,2015,7.0,3.0,564.0,828.0,2,0.04,7.0,7.3,6.0,0.95,7.03,5.78,39.5,0.95,7.03,5.78,39.5,0,0,0,1,0,3
3249,7.0,2004,2.0,29.0,249.0,689.0,10,0.94,5.65,7.35,1.0,0.55,6.45,7.25,4.0,0.55,6.45,7.25,4.0,0,0,0,0,0,3
3250,6.0,2013,9.0,42.0,225.0,273.0,4,0.05,7.0,1.5,2.0,0.22,7.0,6.98,318.5,0.22,7.0,6.98,318.5,1,0,0,1,0,3
3251,6.0,2011,9.0,118.0,253.0,320.0,4,0.66,4.83,6.95,96.0,0.39,5.55,7.1,9.0,0.92,5.85,7.05,12.0,0,0,0,0,0,3
3252,4.0,2008,11.0,33.0,771.0,1166.0,1,1.58,4.0,4.0,50.52577025484975,1.58,4.0,4.0,48.40728413845569,1.58,4.0,4.0,49.56694560669456,0,0,0,0,0,3
3253,19.0,2003,9.0,13.0,765.0,1167.0,10,0.03,5.45,8.1,47.44406405941743,0.03,5.45,8.1,45.58605082975514,0.03,5.45,8.1,46.54206800510619,0,0,0,1,0,3
3254,9.0,2004,8.0,8.0,187.0,400.0,11,1.76,5.5,7.05,13.0,0.13,6.2,7.05,13.0,0.13,6.2,7.05,13.0,0,0,0,1,1,3
3255,12.0,1999,3.0,8.0,337.0,1168.0,2,0.21,8.0,7.95,30.0,1.12,8.0,7.95,30.0,1.12,8.0,7.95,30.0,0,0,0,0,0,3
3256,23.0,2012,1.0,8.0,31.0,31.0,2,0.89,7.5,7.45,108.0,0.08,7.5,7.45,108.0,0.05,7.2,5.25,1.0,1,1,0,0,1,3
3257,13.0,2000,2.0,22.0,47.0,1169.0,11,0.01,8.67,9.1,225.0,6.82,7.0,6.9,13.0,6.82,7.0,6.9,13.0,0,0,0,0,0,3
3258,4.0,2010,6.0,5.0,255.0,326.0,6,0.32,6.0,7.28,5.5,2.09,6.0,5.7,5.5,0.2,6.0,5.7,5.5,1,0,0,0,1,3
3259,7.0,2004,1.0,99.0,772.0,1170.0,5,0.33,6.0,7.7,3.0,0.33,6.0,7.7,3.0,0.33,6.0,7.7,3.0,1,0,0,0,0,3
3260,1.0,2007,9.0,29.0,120.0,392.0,11,1.19,6.93,7.25,22.0,0.26,4.4,5.0,2.0,0.44,2.0,6.0,2.0,0,0,0,0,0,3
3261,6.0,2014,9.0,15.0,56.0,61.0,3,0.04,6.93,7.48,73.5,0.38,7.4,7.5,15.0,0.39,9.3,8.95,18.0,1,1,0,0,1,3
3262,16.0,1982,9.0,150.0,773.0,1171.0,1,0.0,0.0,0.0,0.0,0.0,0.0,0.0,0.0,0.0,0.0,0.0,0.0,0,0,0,0,0,3
3263,6.0,2011,10.0,26.0,161.0,188.0,10,1.0,8.63,8.62,347.5,0.83,6.17,7.37,248.5,0.64,6.07,7.2,122.5,0,0,0,0,0,3
3264,17.0,2009,10.0,29.0,145.0,665.0,10,0.75,7.1,7.2,59.5,1.05,7.17,7.78,148.0,1.05,7.17,7.78,148.0,0,0,1,0,0,3
3265,13.0,1999,1.0,51.0,485.0,1172.0,1,0.08,5.9864729458917845,6.425400801603205,44.05604395604396,0.17,6.120961923847696,6.589959919839676,34.17912087912088,0.17,6.162114228456913,6.618947895791575,38.04120879120879,0,0,0,0,0,3
3266,7.0,2004,3.0,22.0,209.0,1173.0,10,0.17,7.6,7.15,18.0,0.11,4.97,6.88,5.5,0.11,4.97,6.88,5.5,1,0,0,0,0,3
3267,3.0,1995,5.0,1.0,1.0,1174.0,1,3.2,7.9,7.9,70.0,5.19,7.9,7.9,70.0,5.19,7.9,7.9,70.0,0,1,1,0,0,3
3268,19.0,2003,6.0,26.0,40.0,1175.0,1,0.11,5.5,6.0,1.0,0.14,7.7,7.5,1.0,0.14,7.7,7.5,1.0,1,0,1,0,0,3
3269,11.0,2014,6.0,6.0,543.0,680.0,1,0.29,7.87,7.78,170.0,0.94,7.87,7.78,170.0,0.94,7.87,7.78,170.0,0,0,1,1,0,3
3270,24.0,1996,10.0,9.0,766.0,1176.0,1,0.03,6.0,6.0,25.0,0.05,6.0,6.0,25.0,0.05,6.0,6.0,25.0,0,0,1,0,0,3
3271,8.0,1996,4.0,10.0,215.0,1177.0,1,0.6,5.0,8.6,28.0,0.89,5.0,8.6,28.0,0.89,5.0,8.6,28.0,0,0,0,0,0,3
3272,5.0,2008,2.0,29.0,70.0,520.0,7,0.75,5.73,6.5,5.0,0.75,5.73,6.5,5.0,0.75,5.73,6.5,5.0,0,0,0,0,0,3
3273,15.0,1998,9.0,22.0,81.0,76.0,11,0.13,9.1,6.5,2.0,4.63,9.1,8.4,2.0,2.29,9.1,7.95,139.0,1,1,0,1,1,3
3274,10.0,2012,11.0,26.0,774.0,1178.0,1,0.66,6.072961653015631,6.425969843633651,50.50295255548768,0.66,6.152457185405805,6.543201787043918,48.179596823457544,0.66,6.196662323157107,6.5816586001488995,49.25208715129302,0,0,0,0,0,3
3275,4.0,2011,4.0,17.0,775.0,1179.0,1,0.16,8.0,7.6,4.0,0.16,8.0,7.6,4.0,0.16,8.0,7.6,4.0,1,1,0,1,0,3
3276,12.0,1998,1.0,31.0,263.0,757.0,1,1.04,8.5,7.7,39.0,0.05,8.5,7.7,39.0,0.22,8.5,7.7,39.0,1,0,0,0,0,3
3277,13.0,2001,12.0,58.0,643.0,939.0,1,0.2,8.4,8.4,7.0,0.8,8.4,8.4,7.0,0.8,8.4,8.4,7.0,1,0,0,0,0,3
3278,6.0,2006,3.0,4.0,776.0,1180.0,1,0.89,4.0,4.0,2.0,0.36,4.0,4.0,2.0,0.36,4.0,4.0,2.0,0,0,0,0,0,3
3279,1.0,2009,4.0,71.0,777.0,1181.0,9,0.28,6.8,7.95,68.0,0.28,6.8,7.95,68.0,0.28,6.8,7.95,68.0,0,0,0,0,0,3
3280,6.0,2008,1.0,3.0,102.0,126.0,10,1.27,8.47,7.93,35.5,0.07,6.67,6.53,4.5,0.55,8.2,6.95,32.0,1,0,1,0,1,3
3281,7.0,2008,6.0,4.0,121.0,373.0,1,4.94,7.93,7.93,997.0,0.65,7.93,7.93,997.0,0.46,7.6,7.93,997.0,1,0,0,0,0,3
3282,11.0,2015,1.0,8.0,27.0,651.0,9,2.85,8.0,4.92,42.0,2.85,8.0,4.92,42.0,0.38,8.0,4.65,5.0,1,0,1,1,0,3
3283,11.0,2014,7.0,8.0,474.0,666.0,2,0.76,6.5,8.12,21.0,0.76,6.5,8.12,21.0,0.76,6.5,8.12,21.0,0,0,0,1,1,3
3284,14.0,2002,1.0,2.0,522.0,803.0,8,0.01,8.0,7.8,16.0,0.99,7.45,8.3,0.0,0.99,7.45,8.3,0.0,0,0,0,1,0,3
3285,7.0,2006,9.0,49.0,253.0,559.0,9,0.13,6.03,7.25,15.5,0.34,6.07,7.67,13.0,0.19,5.7,5.2,1.0,0,0,0,0,0,3
3286,6.0,2013,9.0,49.0,253.0,320.0,7,0.15,5.5,6.3,12.5,0.15,5.5,6.3,12.5,0.23,5.8,7.3,6.0,1,0,0,1,1,3
3287,1.0,2010,6.0,33.0,609.0,504.0,8,0.61,7.1,7.6,63.0,0.87,5.8,5.5,63.0,0.34,4.0,5.5,63.0,0,0,0,0,0,3
3288,9.0,2005,6.0,29.0,778.0,1182.0,1,1.83,8.0,7.3,73.0,1.83,8.0,7.3,73.0,1.83,8.0,7.3,73.0,0,0,0,0,0,3
3289,7.0,2002,7.0,73.0,779.0,1183.0,1,0.11,7.3,6.85,3.0,0.11,7.3,6.85,3.0,0.3,7.3,6.5,2.0,0,0,0,0,0,3
3290,9.0,2004,2.0,65.0,780.0,1184.0,10,0.05,7.0,8.0,50.91388518024032,0.26,7.0,8.0,41.10447263017357,0.26,7.0,8.0,47.05941255006675,0,0,0,0,0,3
3291,1.0,2010,6.0,3.0,96.0,1185.0,9,0.09,5.0,5.0,49.51921757035004,0.32,5.0,5.0,47.858499199267904,0.32,5.0,5.0,49.493479752916954,0,0,0,0,0,3
3292,5.0,2009,1.0,5.0,781.0,86.0,11,0.8,7.2,6.3,24.5,0.8,7.2,6.3,24.5,0.21,3.45,6.3,0.0,0,0,0,0,0,3
3293,20.0,2013,6.0,6.0,19.0,23.0,10,0.98,7.63,7.42,14.0,0.98,7.63,7.42,14.0,3.76,7.5,6.62,19.0,1,1,1,1,1,3
3294,10.0,2011,8.0,12.0,603.0,1186.0,11,0.11,4.8,4.1,41.036795626576954,0.67,4.8,4.1,35.344407064760304,0.67,4.8,4.1,39.97560975609756,1,0,0,0,0,3
3295,9.0,2004,6.0,35.0,782.0,1187.0,11,0.05,5.2,5.2,50.551418439716315,0.05,5.2,5.2,48.66979557780559,0.05,5.2,5.2,49.56727158948686,0,0,0,0,0,3
3296,7.0,2003,7.0,26.0,40.0,433.0,10,1.0,8.47,8.5,243.0,1.0,8.47,8.5,243.0,0.05,5.55,6.5,2.0,1,0,1,0,0,3
3297,1.0,2010,1.0,5.0,783.0,422.0,3,0.25,5.6,6.7,2.0,0.16,5.6,5.0,2.0,0.4,7.0,6.38,2.0,0,0,0,0,0,3
3298,4.0,2007,6.0,1.0,784.0,1188.0,1,1.09,6.6,7.5,21.0,1.09,6.6,7.5,21.0,1.09,6.6,7.5,21.0,0,0,0,0,0,3
3299,5.0,2010,1.0,15.0,87.0,102.0,9,2.42,7.57,6.87,231.5,2.42,7.57,6.87,231.5,2.42,7.57,6.87,231.5,0,0,1,0,0,3
3300,1.0,2008,2.0,1.0,1.0,1189.0,5,3.17,7.65,7.85,10.0,3.17,7.65,7.85,10.0,3.17,7.65,7.85,10.0,0,0,1,0,0,3
3301,13.0,1998,2.0,8.0,785.0,1190.0,1,0.67,6.0,6.0,1.0,0.67,6.0,6.0,1.0,0.67,6.0,6.0,1.0,0,0,0,0,0,3
3302,6.0,2011,7.0,9.0,487.0,707.0,3,0.24,4.15,5.2,12.0,1.13,6.95,7.6,61.0,0.29,8.0,8.5,2.0,1,0,0,1,0,3
3303,4.0,2008,8.0,8.0,31.0,804.0,10,0.71,7.07,7.32,12.0,1.92,7.0,6.8,3.0,0.99,3.0,6.8,3.0,0,0,0,0,0,3
3304,14.0,2005,7.0,8.0,95.0,114.0,11,1.04,7.15,7.65,94.0,0.09,8.9,8.2,497.5,1.11,7.2,7.85,87.0,1,0,0,1,0,3
3305,13.0,1997,7.0,14.0,786.0,547.0,1,0.75,7.0,7.0,1.0,0.75,7.0,7.0,1.0,0.75,7.0,7.0,1.0,1,0,0,0,0,3
3306,1.0,2010,6.0,26.0,111.0,37.0,11,0.83,6.17,7.37,248.5,1.08,6.0,6.6,22.5,0.04,4.55,7.5,22.5,1,0,0,1,0,3
3307,17.0,2009,2.0,4.0,107.0,108.0,11,2.63,8.55,8.35,163.0,0.29,6.2,6.4,163.0,0.55,6.8,7.1,10.0,1,0,0,0,0,3
3308,5.0,2008,1.0,7.0,373.0,1028.0,3,0.91,3.15,4.25,2.0,0.13,7.03,8.03,3.5,0.25,7.4,4.7,3.5,0,0,0,0,0,3
3309,4.0,2007,8.0,8.0,275.0,137.0,6,0.43,7.6,7.2,34.0,0.54,7.7,8.25,35.0,0.03,6.97,5.05,23.0,1,0,0,1,0,3
3310,5.0,2009,1.0,132.0,787.0,1028.0,3,0.02,8.0,7.6,11.0,0.18,8.1,7.1,11.0,0.08,4.9,6.5,11.0,0,0,0,0,0,3
3311,4.0,2008,8.0,6.0,19.0,571.0,11,0.66,6.93,6.4,45.0,1.67,6.9,7.6,20.0,0.43,6.9,7.6,20.0,1,0,1,0,0,3
3312,5.0,2010,3.0,33.0,214.0,1000.0,5,0.15,7.77,7.35,88.0,0.9,7.77,7.35,88.0,0.9,7.77,7.35,88.0,0,0,0,0,0,3
3313,9.0,2005,4.0,1.0,111.0,25.0,12,0.33,6.7,7.4,1.0,0.14,7.1,5.7,1.0,0.25,7.7,8.6,8.0,1,1,0,0,0,3
3314,9.0,2002,1.0,8.0,296.0,77.0,9,1.06,7.37,7.55,7.5,0.32,8.0,7.55,0.0,0.43,9.2,7.6,0.0,1,1,0,1,0,3
3315,13.0,1999,9.0,22.0,67.0,76.0,1,5.01,6.5,6.5,8.0,2.48,6.8,6.8,55.0,0.62,7.45,7.45,87.0,1,1,0,1,1,3
3316,9.0,2005,9.0,8.0,94.0,135.0,11,0.65,6.4,5.25,19.0,0.03,7.76,7.43,27.5,0.19,6.35,7.25,20.0,0,0,0,0,0,3
3317,9.0,2004,9.0,11.0,327.0,188.0,9,0.09,6.65,6.55,6.5,1.08,2.5,4.0,1.0,0.51,6.65,6.7,19.0,0,0,0,0,0,3
3318,19.0,2001,1.0,8.0,27.0,77.0,11,1.69,5.7,6.9,40.0,0.58,8.5,7.6,0.0,3.08,8.47,8.12,14.0,1,1,1,0,1,3
3319,1.0,2009,6.0,5.0,229.0,1191.0,6,1.24,7.13,7.15,310.5,0.17,4.65,6.35,1.0,0.17,4.65,6.35,1.0,1,0,0,0,0,3
3320,1.0,2008,6.0,33.0,788.0,1192.0,1,1.15,5.05,8.1,50.52577025484975,0.08,5.05,8.1,48.40728413845569,0.08,5.05,8.1,49.56694560669456,0,0,0,0,0,3
3321,9.0,2001,9.0,5.0,82.0,1193.0,9,0.76,7.97,8.52,25.5,0.06,7.97,5.8,25.5,0.06,7.97,5.8,25.5,0,0,1,1,0,3
3322,12.0,1999,1.0,8.0,27.0,77.0,1,0.95,6.9,6.9,37.0,0.09,6.9,6.9,37.0,1.74,6.9,6.9,37.0,1,1,1,0,0,3
3323,5.0,2007,9.0,5.0,123.0,624.0,1,0.66,3.0,5.3,4.0,1.11,3.0,5.3,4.0,1.11,3.0,5.3,4.0,0,0,0,0,0,3
3324,9.0,2002,6.0,1.0,1.0,1194.0,10,1.87,8.1,7.65,197.0,4.6,9.6,9.0,197.0,4.6,9.6,9.0,197.0,0,0,1,0,0,3
3325,4.0,2008,8.0,8.0,31.0,804.0,10,0.67,7.6,6.85,52.0,0.99,3.0,6.85,52.0,0.99,3.0,6.85,52.0,0,0,0,0,0,3
3326,7.0,2003,10.0,11.0,385.0,637.0,6,0.45,6.3,8.1,40.0,0.32,6.0,7.0,40.0,0.68,7.1,7.8,19.0,0,0,0,0,0,3
3327,5.0,2010,10.0,6.0,19.0,1195.0,11,0.76,6.2,7.1,4.0,2.32,6.0,5.15,4.0,2.32,6.0,5.15,4.0,0,0,1,0,0,3
3328,5.0,2009,7.0,6.0,225.0,867.0,7,0.11,6.53,6.77,28.5,0.19,6.53,6.77,28.5,0.19,6.53,6.77,28.5,1,0,0,0,0,3
3329,1.0,2009,12.0,1.0,1.0,1196.0,6,0.28,7.7,7.3,2.0,4.68,6.65,7.15,22.0,4.68,6.65,7.15,22.0,0,0,1,0,0,3
3330,9.0,2003,1.0,5.0,82.0,86.0,11,3.27,6.73,7.17,57.5,1.23,6.73,5.2,1.0,0.7,8.9,7.5,1.0,1,0,1,1,0,3
3331,23.0,2011,1.0,4.0,171.0,1197.0,2,2.79,7.7,7.6,153.0,0.68,8.2,8.1,153.0,0.68,8.2,8.1,153.0,0,0,0,0,1,3
3332,9.0,2004,3.0,35.0,782.0,1198.0,11,0.66,4.9,6.7,7.0,0.61,4.9,6.7,7.0,0.61,4.9,6.7,7.0,0,0,0,0,0,3
3333,7.0,2005,2.0,9.0,55.0,62.0,11,3.15,7.6,7.35,28.0,0.07,6.4,7.15,15.0,3.15,7.6,7.35,28.0,0,0,1,0,0,3
3334,19.0,2001,3.0,1.0,1.0,205.0,11,3.6,7.8,8.6,56.5,3.6,7.8,8.6,56.5,2.94,8.85,8.08,56.5,0,0,1,0,1,3
3335,7.0,2003,10.0,22.0,686.0,1199.0,10,0.08,5.4,5.8,3.0,0.11,5.6,5.0,3.0,0.11,5.6,5.0,3.0,0,0,0,0,0,3
3336,14.0,2005,10.0,8.0,27.0,437.0,2,1.54,8.7,8.7,4.0,0.94,8.7,8.7,4.0,0.67,7.0,7.5,4.0,1,0,1,0,0,3
3337,17.0,2010,4.0,13.0,789.0,1200.0,1,1.08,6.75,7.15,39.0,1.08,6.75,7.15,39.0,1.08,6.75,7.15,39.0,0,0,0,0,0,3
3338,4.0,2007,9.0,9.0,284.0,1201.0,12,0.26,4.4,7.45,5.0,0.18,4.4,4.7,3.0,0.18,4.4,4.7,3.0,0,0,0,0,0,3
3339,7.0,2007,1.0,3.0,102.0,126.0,11,0.97,7.17,7.53,124.5,0.15,7.3,7.3,124.5,0.38,8.17,8.12,16.5,1,0,1,0,1,3
3340,1.0,2011,9.0,33.0,107.0,374.0,8,0.23,6.0,4.62,5.0,0.61,5.37,6.63,59.0,1.86,8.0,5.0,59.0,0,0,0,0,0,3
3341,20.0,2013,9.0,33.0,249.0,411.0,9,1.43,5.13,6.82,19.5,1.43,5.13,6.82,19.5,1.43,5.13,6.82,19.5,1,0,0,1,0,3
3342,1.0,2007,9.0,9.0,146.0,1201.0,12,0.01,7.2,7.0,40.0,0.49,5.47,6.4,56.0,0.6,4.15,5.75,3.0,0,0,0,0,0,3
3343,4.0,2009,6.0,1.0,3.0,1202.0,3,0.88,6.8,7.9,20.0,0.63,8.3,8.15,74.0,0.63,8.3,8.15,74.0,1,0,1,0,0,3
3344,6.0,2009,1.0,5.0,781.0,86.0,11,0.75,7.2,6.93,20.0,0.61,4.6,3.0,20.0,0.95,4.7,4.3,20.0,0,0,0,0,0,3
3345,10.0,2015,9.0,20.0,234.0,824.0,6,0.89,7.25,7.53,14.0,0.89,7.25,7.53,14.0,0.89,7.25,7.53,14.0,0,0,0,0,0,3
3346,6.0,2011,11.0,8.0,790.0,1203.0,6,0.12,5.75,6.0,0.0,0.12,5.75,6.0,0.0,0.12,5.75,6.0,0.0,0,0,0,0,0,3
3347,11.0,2014,9.0,20.0,234.0,488.0,4,0.41,5.95,5.95,20.0,0.41,5.95,5.95,20.0,0.03,7.0,7.0,1.0,0,0,0,0,0,3
3348,13.0,1995,4.0,15.0,103.0,811.0,1,0.11,6.105477410782085,6.471694191344031,46.30825496342738,0.11,6.192767653758562,6.565149962034973,45.062225705329155,0.11,6.223125474563416,6.604986712224803,46.031556948798325,1,0,0,0,0,3
3349,7.0,2009,2.0,4.0,572.0,165.0,7,2.94,7.75,7.75,259.0,0.12,3.97,5.7,1.0,0.58,6.0,6.6,57.0,0,0,0,0,0,3
3350,7.0,2001,3.0,6.0,19.0,194.0,9,0.5,8.2,8.0,323.0,0.11,7.33,6.2,6.0,0.3,7.5,8.15,120.0,1,0,1,0,1,3
3351,17.0,2009,9.0,6.0,587.0,856.0,1,0.78,4.0,6.0,21.0,0.78,4.0,6.0,21.0,0.78,4.0,6.0,21.0,0,0,0,0,0,3
3352,7.0,2006,9.0,29.0,535.0,1204.0,5,0.08,6.13,6.4,39.5,0.07,6.13,6.4,39.5,0.07,6.13,6.4,39.5,0,0,0,0,0,3
3353,24.0,1997,5.0,93.0,478.0,690.0,1,0.02,6.042070079121586,6.394020668496688,49.29562687356727,0.02,6.127673179396085,6.510931697077347,47.72615059072474,0.02,6.172315517519764,6.551114161149683,49.20948686298713,1,0,0,0,0,3
3354,7.0,2001,7.0,24.0,127.0,114.0,12,2.23,6.7,6.3,2.0,2.23,6.7,6.3,2.0,4.12,9.03,8.9,325.0,1,0,0,0,0,3
3355,18.0,2014,9.0,17.0,211.0,76.0,1,0.79,8.0,7.7,644.0,1.41,8.0,7.7,644.0,1.92,8.0,7.7,644.0,1,1,0,1,1,3
3356,12.0,2000,3.0,1.0,33.0,192.0,11,1.38,7.93,8.6,96.0,1.49,8.0,8.68,102.5,0.1,6.0,6.3,7.0,0,0,0,0,0,3
3357,12.0,1997,1.0,15.0,791.0,978.0,1,0.07,8.5,8.5,16.5,0.28,8.5,8.5,16.5,0.16,8.5,8.5,16.5,1,0,0,0,1,3
3358,20.0,2013,2.0,5.0,82.0,280.0,10,1.33,7.43,6.7,5.5,1.33,7.43,6.7,5.5,1.33,7.43,6.7,5.5,1,0,1,0,0,3
3359,7.0,2001,3.0,53.0,559.0,1205.0,6,0.04,5.6,7.0,2.0,0.39,5.6,7.0,2.0,0.39,5.6,7.0,2.0,0,0,0,0,1,3
3360,1.0,2008,6.0,33.0,609.0,1206.0,2,0.28,6.0,6.0,1.0,0.28,6.0,6.0,1.0,0.28,6.0,6.0,1.0,0,0,0,0,0,3
3361,13.0,2002,10.0,26.0,672.0,1207.0,1,0.8,9.0,8.12,4.5,0.49,9.0,5.0,1.0,0.49,9.0,5.0,1.0,0,0,0,0,0,3
3362,13.0,1998,8.0,15.0,87.0,729.0,1,1.09,7.0,7.0,3.0,1.61,7.0,7.0,3.0,1.09,7.0,7.0,3.0,0,0,1,0,0,3
3363,5.0,2005,3.0,2.0,252.0,318.0,1,0.03,4.75,8.4,0.0,1.67,9.0,8.4,39.0,1.67,9.0,8.4,39.0,0,0,0,0,0,3
3364,6.0,2012,12.0,3.0,328.0,1024.0,10,0.72,8.47,8.13,200.0,0.72,8.47,8.13,200.0,0.72,8.47,8.13,200.0,1,0,0,1,0,3
3365,5.0,2010,3.0,5.0,252.0,1007.0,5,0.14,5.4,8.0,41.5,0.23,6.57,6.52,41.5,0.23,6.57,6.52,41.5,0,0,0,0,0,3
3366,13.0,1998,11.0,8.0,792.0,1208.0,1,0.66,6.0160609318996405,6.403268817204285,46.05333068992863,0.66,6.099759856630821,6.523605734767007,42.11122125297383,0.66,6.1246594982078815,6.541229390680994,45.49722442505948,1,0,0,0,0,3
3367,10.0,2012,9.0,20.0,240.0,299.0,2,0.38,8.0,8.3,487.0,1.5,7.05,7.55,6.0,2.22,6.95,7.0,15.0,0,0,0,0,0,3
3368,8.0,1995,12.0,10.0,793.0,1209.0,1,1.3,7.0,8.1,9.0,1.3,7.0,8.1,9.0,1.3,7.0,8.1,9.0,1,0,0,0,0,3
3369,6.0,2010,1.0,8.0,31.0,651.0,9,0.76,8.0,6.85,108.0,0.43,7.0,7.0,25.0,0.58,7.93,7.58,17.0,1,0,0,1,0,3
3370,5.0,2012,11.0,2.0,70.0,1210.0,3,2.44,8.6,8.15,244.0,0.26,4.55,8.3,244.0,0.26,4.55,8.3,244.0,0,0,0,0,0,3
3371,5.0,2008,6.0,8.0,387.0,272.0,10,0.61,3.0,7.6,0.0,0.12,6.25,7.6,0.0,0.13,6.5,8.2,0.0,0,0,1,0,0,3
3372,11.0,2014,9.0,33.0,492.0,711.0,1,1.02,6.0370023640661925,6.4082836879432445,47.3185817805383,1.02,6.127933806146561,6.533567375886503,45.40683229813665,1.02,6.178366430260039,6.570146572104003,49.021868530020704,1,0,0,1,0,3
3373,7.0,2007,1.0,132.0,373.0,1028.0,2,0.02,7.77,7.6,14.5,0.08,7.77,7.6,14.5,0.17,6.6,7.6,14.5,0,0,0,0,0,3
3374,4.0,2004,3.0,6.0,729.0,1211.0,10,0.04,6.75,7.3,8.0,0.04,6.75,7.3,8.0,0.04,6.75,7.3,8.0,1,0,0,0,1,3
3375,6.0,2010,10.0,4.0,794.0,1212.0,11,1.01,7.8,8.0,80.0,0.1,5.0,5.97,4.0,0.1,5.0,5.97,4.0,0,0,0,1,0,3
3376,7.0,2003,12.0,58.0,744.0,939.0,1,0.1,7.0,8.1,3.0,0.1,7.0,8.1,3.0,0.26,7.0,8.0,3.0,0,0,0,0,0,3
3377,4.0,2005,5.0,1.0,343.0,1213.0,3,0.24,6.67,6.67,6.5,0.24,6.67,6.67,6.5,0.24,6.67,6.67,6.5,1,1,0,0,0,3
3378,15.0,2008,9.0,8.0,257.0,343.0,10,0.61,3.0,6.9,0.0,0.42,5.0,6.9,32.0,2.02,8.6,8.68,647.5,1,0,0,0,0,3
3379,7.0,2004,3.0,29.0,460.0,747.0,11,0.13,5.5,8.2,8.0,0.19,5.85,7.05,8.0,0.14,4.0,6.1,0.5,0,0,0,0,0,3
3380,23.0,2012,2.0,6.0,531.0,194.0,11,1.02,6.85,7.25,119.0,0.79,8.73,8.45,481.0,0.79,8.73,8.45,481.0,1,0,0,1,1,3
3381,5.0,2012,1.0,9.0,700.0,1047.0,6,0.12,7.05,7.1,13.0,0.7,5.3,6.55,6.0,0.7,5.3,6.55,6.0,0,0,1,0,0,3
3382,5.0,2008,1.0,9.0,287.0,885.0,1,5.14,6.5,6.6,48.0,0.25,6.5,6.6,48.0,0.25,6.5,6.6,48.0,0,0,0,0,0,3
3383,7.0,2005,12.0,58.0,744.0,939.0,1,0.26,5.941533923303834,6.313171091445431,50.56199677938808,0.26,6.055781710914458,6.470575221238942,37.569243156199676,0.19,6.052935103244841,6.466165191740415,43.750402576489535,0,0,0,0,0,3
3384,1.0,2010,6.0,29.0,120.0,1045.0,11,0.87,7.05,6.15,4.0,2.46,7.1,6.15,0.0,0.29,7.1,6.15,0.0,0,0,0,0,0,3
3385,13.0,1997,1.0,15.0,87.0,1214.0,1,0.03,6.042070079121586,6.394020668496688,49.29562687356727,0.08,6.127673179396085,6.510931697077347,47.72615059072474,0.08,6.172315517519764,6.551114161149683,49.20948686298713,0,0,1,0,0,3
3386,15.0,2011,9.0,6.0,62.0,55.0,11,0.76,7.83,7.45,350.0,0.88,6.27,7.12,16.0,2.84,8.67,8.25,1122.0,1,1,1,1,0,3
3387,13.0,1998,1.0,8.0,615.0,454.0,1,0.61,5.0,5.0,2.0,0.85,5.7,5.7,3.0,0.85,5.7,5.7,3.0,0,0,0,0,0,3
3388,13.0,2001,6.0,4.0,795.0,1215.0,1,0.15,5.7,5.7,47.903901046622266,0.15,5.7,5.7,46.559535136604595,0.15,5.7,5.7,47.730256898192195,0,0,0,0,0,3
3389,19.0,2002,7.0,8.0,796.0,49.0,11,0.66,6.2,7.9,58.0,0.66,6.2,7.9,58.0,6.83,8.4,7.75,58.0,1,0,0,1,0,3
3390,4.0,2009,4.0,17.0,250.0,25.0,10,2.04,6.75,7.35,40.0,0.19,7.2,7.1,5.0,0.48,7.17,6.95,57.0,1,1,0,1,0,3
3391,1.0,2008,9.0,9.0,284.0,257.0,5,0.68,4.23,4.87,26.5,0.6,4.15,5.75,3.0,0.68,4.23,4.87,26.5,0,0,0,0,0,3
3392,6.0,2010,7.0,17.0,165.0,984.0,8,0.29,7.35,8.48,154.0,0.29,6.43,7.73,32.5,0.76,5.33,5.05,90.5,0,0,0,0,0,3
3393,13.0,2000,1.0,40.0,210.0,502.0,9,0.13,8.5,7.7,47.22648344066237,0.58,8.5,7.7,45.44520469181233,1.06,8.5,7.7,46.36321297148114,1,0,0,0,0,3
3394,15.0,2011,12.0,9.0,270.0,730.0,3,0.97,7.4,7.95,69.0,0.66,8.05,7.85,33.0,1.09,8.67,7.67,299.0,1,0,0,0,0,3
3395,13.0,1998,1.0,15.0,87.0,1216.0,1,0.81,7.0,7.0,3.0,1.09,7.0,7.0,3.0,1.09,7.0,7.0,3.0,0,0,1,0,0,3
3396,7.0,2008,6.0,32.0,71.0,260.0,3,1.5,8.55,8.08,36.5,1.5,8.55,8.08,36.5,1.5,8.55,8.08,36.5,1,0,0,0,0,3
3397,6.0,2012,9.0,9.0,487.0,707.0,12,0.48,7.33,7.65,103.0,0.97,7.4,7.95,69.0,0.61,5.7,6.8,19.0,1,0,0,1,0,3
3398,17.0,2009,9.0,5.0,60.0,535.0,11,0.61,4.6,3.0,13.0,1.04,6.55,6.9,13.0,1.04,6.55,6.9,13.0,0,0,1,0,0,3
3399,16.0,1981,5.0,142.0,797.0,1217.0,1,0.67,6.112886276873627,6.478469961824459,47.1133296460177,0.67,6.1980540486236935,6.574292746634577,45.50840707964602,0.67,6.23059272654211,6.615235081374369,46.38069690265487,0,0,0,0,0,3
3400,5.0,2008,9.0,6.0,62.0,637.0,11,0.65,6.92,7.05,33.0,0.82,6.83,7.32,42.5,0.39,6.6,7.35,5.0,0,0,1,0,0,3
3401,7.0,2002,1.0,8.0,27.0,31.0,4,0.06,6.2,8.0,14.0,0.04,7.0,6.3,14.0,0.15,7.55,5.75,11.0,0,0,1,0,0,3
3402,14.0,2004,1.0,8.0,27.0,491.0,3,0.42,8.4,8.4,4.0,0.67,7.0,7.5,4.0,0.2,8.2,7.7,4.0,1,0,1,0,0,3
3403,19.0,2002,2.0,21.0,60.0,40.0,9,0.42,6.5,7.27,11.0,5.42,5.8,6.85,16.0,1.73,7.9,7.8,6.0,1,0,1,0,0,3
3404,16.0,1981,9.0,70.0,798.0,1218.0,1,1.46,3.0,5.9,38.0,1.46,3.0,5.9,38.0,1.46,3.0,5.9,38.0,0,0,0,0,0,3
3405,4.0,2007,6.0,12.0,799.0,1219.0,9,0.02,6.5,6.88,8.5,0.02,6.37,6.88,8.5,0.02,6.37,6.88,8.5,0,0,0,0,0,3
3406,1.0,2008,9.0,3.0,448.0,1220.0,10,0.99,6.95,7.65,5.0,0.53,6.95,6.5,1.0,0.53,6.95,6.5,1.0,0,0,0,0,0,3
3407,1.0,2007,9.0,5.0,123.0,624.0,1,0.63,3.0,5.3,4.0,0.66,3.0,5.3,4.0,0.66,3.0,5.3,4.0,0,0,0,0,0,3
3408,12.0,1997,3.0,31.0,800.0,1221.0,9,0.02,6.0563121434392775,6.4147758761206015,49.87187778768956,0.02,6.14221475142624,6.5392726161368975,48.063559322033896,0.02,6.189802363488173,6.576597392013017,49.58351917930419,0,0,0,0,0,3
3409,12.0,1999,1.0,40.0,183.0,739.0,10,0.58,8.5,7.7,26.0,1.08,7.0,6.8,26.0,1.08,7.0,6.8,26.0,0,0,0,0,1,3
3410,5.0,2013,7.0,12.0,801.0,1222.0,8,0.49,7.7,7.73,42.5,0.49,7.7,7.73,42.5,0.49,7.7,7.73,42.5,0,0,0,0,0,3
3411,14.0,2003,1.0,2.0,301.0,395.0,1,0.01,7.1,7.2,5.0,0.28,6.7,8.5,5.0,1.0,8.0,7.3,103.0,1,0,0,0,0,3
3412,7.0,2004,4.0,26.0,40.0,625.0,1,0.08,5.35,6.1,17.0,0.09,5.35,5.2,17.0,0.29,7.2,8.15,49.0,1,0,1,0,0,3
3413,5.0,2012,10.0,26.0,665.0,336.0,2,0.01,8.03,4.5,2.0,0.76,8.03,6.62,225.5,0.51,7.5,6.65,22.0,1,0,0,0,0,3
3414,6.0,2011,1.0,8.0,31.0,651.0,9,0.79,7.92,7.22,111.0,0.37,7.33,6.8,1.5,0.6,7.93,8.03,25.0,1,0,0,0,0,3
3415,6.0,2015,4.0,26.0,185.0,625.0,10,0.15,5.47,6.93,75.0,0.08,4.9,5.15,1.0,0.54,4.9,7.5,1.0,1,0,1,0,0,3
3416,7.0,2010,9.0,15.0,460.0,470.0,2,0.02,6.4,6.75,5.0,0.38,6.4,6.75,5.0,0.45,6.22,6.75,95.5,1,0,0,0,0,3
3417,5.0,2005,1.0,8.0,68.0,77.0,9,0.75,7.48,7.4,6.5,0.11,4.4,5.65,13.0,4.91,7.91,7.67,12.0,1,1,1,1,1,3
3418,1.0,2008,1.0,8.0,31.0,237.0,11,0.68,8.63,8.4,579.5,0.15,6.2,8.4,579.5,0.72,7.53,8.5,72.5,0,0,0,0,0,3
3419,5.0,2010,6.0,20.0,317.0,255.0,11,0.05,3.97,3.9,0.0,0.45,3.97,3.9,0.0,2.52,2.75,3.9,0.0,0,0,0,0,0,3
3420,13.0,1999,9.0,4.0,802.0,1223.0,1,0.74,5.9864729458917845,6.425400801603205,44.05604395604396,0.74,6.120961923847696,6.589959919839676,34.17912087912088,0.74,6.162114228456913,6.618947895791575,38.04120879120879,0,0,0,0,0,3
3421,5.0,2008,9.0,6.0,62.0,1224.0,2,0.01,8.03,5.0,1.0,5.55,8.03,7.68,959.5,5.55,8.03,7.68,959.5,0,0,1,0,0,3
3422,7.0,2004,2.0,13.0,586.0,500.0,6,0.57,5.8,7.5,10.0,0.09,8.3,7.3,24.0,0.58,5.27,5.85,6.0,1,0,0,0,0,3
3423,17.0,2007,4.0,17.0,803.0,1225.0,1,2.12,7.73,7.65,283.5,2.12,7.73,7.65,283.5,2.12,7.73,7.65,283.5,1,1,0,0,0,3
3424,11.0,2015,4.0,26.0,804.0,332.0,1,0.02,4.0,4.5,2.0,0.12,4.0,4.5,2.0,0.76,8.53,8.13,136.0,0,0,0,1,0,3
3425,17.0,2008,9.0,103.0,562.0,427.0,10,0.95,4.0,4.05,4.0,0.95,4.0,4.05,4.0,0.95,4.0,4.05,4.0,0,0,0,0,0,3
3426,15.0,2011,7.0,17.0,433.0,544.0,8,1.39,8.63,8.05,483.5,0.08,7.5,7.48,206.0,1.39,8.63,8.05,483.5,1,0,0,1,0,3
3427,6.0,2010,1.0,12.0,48.0,51.0,11,6.81,4.5,5.65,10.0,6.81,4.5,5.65,10.0,6.81,4.5,5.65,10.0,0,0,0,0,0,3
3428,9.0,2003,8.0,6.0,111.0,857.0,11,2.22,9.1,8.45,198.0,0.21,5.7,8.45,198.0,0.79,7.9,8.5,198.0,1,0,0,0,0,3
3429,7.0,2003,1.0,11.0,805.0,1226.0,1,0.09,6.55,5.85,25.5,0.43,6.55,5.85,25.5,0.43,6.55,5.85,25.5,0,0,0,0,0,3
3430,4.0,2009,1.0,8.0,394.0,31.0,10,0.98,7.6,7.45,138.0,0.18,6.4,6.9,15.5,1.16,8.15,7.5,95.0,1,1,0,0,1,3
3431,8.0,1994,1.0,1.0,65.0,81.0,1,3.07,7.0,8.65,24.0,5.13,7.0,7.85,48.0,5.13,7.0,7.85,48.0,1,0,0,0,0,3
3432,6.0,2012,7.0,7.0,117.0,144.0,10,1.73,8.77,8.08,476.0,1.33,8.03,7.15,285.5,1.34,8.4,7.7,107.0,1,0,0,1,1,3
3433,7.0,2003,9.0,13.0,806.0,500.0,3,0.1,8.0,8.15,86.0,0.1,8.0,8.15,86.0,0.42,6.75,7.65,8.0,1,0,0,0,0,3
3434,1.0,2008,9.0,3.0,807.0,1036.0,6,0.88,8.89,7.68,887.5,0.1,7.68,7.87,39.0,0.17,7.17,7.12,42.0,0,0,0,0,0,3
3435,1.0,2007,8.0,6.0,19.0,571.0,11,1.02,4.0,7.0,1.0,0.16,4.0,6.7,1.0,1.1,2.0,4.0,1.0,1,0,1,0,0,3
3436,7.0,2008,9.0,29.0,808.0,392.0,1,0.11,3.0,4.0,2.0,0.32,3.0,3.5,2.0,0.05,4.2,5.5,2.0,0,0,0,0,0,3
3437,1.0,2009,7.0,9.0,448.0,1227.0,7,0.38,6.27,6.15,25.5,0.38,6.27,6.0,1.0,0.38,6.27,6.0,1.0,0,0,0,1,0,3
3438,20.0,2015,6.0,6.0,19.0,23.0,10,1.28,6.43,6.4,96.0,0.03,6.43,6.4,96.0,0.28,7.5,7.22,3.0,1,1,1,1,0,3
3439,13.0,1995,8.0,15.0,87.0,1228.0,1,0.04,7.8,7.8,6.0,0.18,7.8,7.8,6.0,0.18,7.8,7.8,6.0,0,0,1,0,0,3
3440,13.0,1997,4.0,8.0,809.0,78.0,1,0.7,6.042070079121586,6.394020668496688,49.29562687356727,0.7,6.127673179396085,6.510931697077347,47.72615059072474,0.7,6.172315517519764,6.551114161149683,49.20948686298713,1,0,0,0,0,3
3441,1.0,2010,1.0,5.0,321.0,1229.0,5,0.74,7.2,7.58,111.5,0.13,6.25,7.97,1.5,0.13,6.25,7.97,1.5,0,0,0,0,0,3
3442,11.0,2014,1.0,8.0,27.0,651.0,9,0.84,6.75,4.53,39.0,0.84,6.75,4.53,39.0,0.57,8.0,7.05,16.0,1,0,1,1,0,3
3443,16.0,1982,5.0,46.0,621.0,906.0,1,0.93,6.044535910681546,6.403519413431087,49.29867055181206,0.93,6.128021996333945,6.518846858856858,47.36022582407576,0.93,6.173142809531743,6.559936677220455,48.332179930795846,0,0,0,0,0,3
3444,7.0,2005,4.0,17.0,57.0,561.0,10,0.65,7.4,8.05,14.0,0.15,5.7,7.2,12.0,0.94,5.7,7.4,22.0,0,0,1,0,0,3
3445,7.0,2004,4.0,8.0,137.0,169.0,11,0.64,4.5,5.35,13.0,0.19,6.35,7.25,20.0,0.17,6.1,8.1,20.0,0,0,1,0,0,3
3446,4.0,2008,8.0,71.0,617.0,857.0,1,1.44,5.0,4.4,1.0,0.04,5.0,4.4,1.0,0.84,6.25,7.15,1.0,1,0,0,0,0,3
3447,1.0,2009,6.0,8.0,387.0,1230.0,3,0.43,7.0,8.1,1.0,1.45,6.3,7.0,1.0,0.19,5.1,6.0,1.0,0,0,1,0,0,3
3448,1.0,2008,2.0,24.0,810.0,88.0,10,0.09,3.9,6.4,7.0,0.03,4.95,7.05,7.0,0.37,4.87,4.35,12.0,0,0,0,0,0,3
3449,15.0,2009,8.0,8.0,32.0,1231.0,11,1.16,8.0,7.25,58.0,8.11,5.8,7.25,58.0,8.11,5.8,7.25,58.0,0,0,0,0,0,3
3450,18.0,2014,1.0,2.0,522.0,60.0,4,1.54,6.77,6.98,231.5,0.17,6.77,7.65,13.0,6.24,6.15,6.9,13.0,0,0,0,1,1,3
3451,1.0,2011,2.0,6.0,531.0,194.0,11,0.65,6.5,6.25,7.0,1.03,8.73,8.55,517.0,1.03,8.73,8.55,517.0,1,0,0,1,1,3
3452,18.0,2015,1.0,3.0,145.0,161.0,10,0.09,8.5,6.62,19.5,0.56,6.3,5.5,21.0,0.56,6.3,5.5,21.0,1,1,1,1,0,3
3453,15.0,2014,7.0,8.0,168.0,210.0,3,2.9,7.7,7.22,254.5,2.9,7.7,7.22,254.5,2.9,7.7,7.22,254.5,0,0,0,1,1,3
3454,6.0,2008,1.0,8.0,68.0,378.0,7,0.08,8.2,4.7,1.0,0.53,8.2,6.1,1.0,0.08,8.2,7.1,1.0,1,0,1,0,0,3
3455,5.0,2009,9.0,6.0,811.0,858.0,3,0.04,6.33,6.67,9.5,0.15,6.33,6.67,9.5,0.12,6.66,6.17,12.5,1,0,1,0,0,3
3456,13.0,2000,1.0,78.0,812.0,1232.0,1,0.39,5.0,6.67,4.0,0.39,5.0,6.67,4.0,0.39,5.0,6.67,4.0,0,0,0,0,0,3
3457,10.0,2013,2.0,33.0,147.0,1073.0,1,0.02,5.0,4.7,3.0,0.06,5.0,4.7,3.0,0.06,5.0,4.7,3.0,0,0,0,0,0,3
3458,7.0,2003,9.0,11.0,579.0,1233.0,11,1.08,2.5,4.0,1.0,0.91,5.73,7.7,5.0,0.41,4.4,5.9,1.0,0,0,0,0,0,3
3459,5.0,2010,7.0,5.0,89.0,624.0,1,0.1,4.0,6.7,6.0,0.44,6.55,6.75,30.0,0.33,6.55,6.75,30.0,0,0,0,0,0,3
3460,4.0,2010,8.0,80.0,617.0,857.0,9,0.04,6.13,7.45,17.0,0.31,6.13,7.45,17.0,0.15,7.4,7.3,1.0,1,0,0,0,0,3
3461,12.0,1997,1.0,8.0,27.0,31.0,1,0.69,6.5,6.5,13.0,0.92,6.5,6.5,13.0,0.05,5.9,5.9,12.0,1,1,1,0,0,3
3462,12.0,1998,1.0,8.0,27.0,31.0,1,0.6,5.4,5.4,5.0,0.87,7.5,7.5,2.0,0.58,6.9,6.9,37.0,0,0,1,0,0,3
3463,12.0,1998,1.0,15.0,813.0,978.0,9,0.76,9.2,8.3,22.0,0.36,7.35,8.08,14.5,0.42,7.35,7.5,2.0,1,0,1,0,1,3
3464,7.0,2002,3.0,54.0,559.0,1234.0,11,0.91,5.9,7.2,45.226486486486486,0.6,7.05,8.4,38.287837837837834,0.6,7.05,8.4,43.71081081081081,0,0,0,0,0,3
3465,7.0,2000,7.0,53.0,49.0,1010.0,3,0.1,6.139316450338602,6.506447516930062,45.87851335656214,0.32,6.227496472911969,6.61041055304744,45.86039488966318,0.32,6.2573518623024835,6.647404768623042,47.110259388308165,1,0,0,0,1,3
3466,13.0,2000,4.0,26.0,424.0,588.0,5,0.09,6.0,6.0,1.0,0.06,6.0,6.0,1.0,0.28,6.0,6.0,1.0,1,0,0,0,0,3
3467,13.0,1998,4.0,26.0,40.0,625.0,1,1.5,6.0,7.0,1.0,0.89,8.3,8.05,14.0,0.4,7.0,8.32,37.0,1,0,1,0,0,3
3468,14.0,2005,9.0,6.0,19.0,298.0,12,0.04,6.5,7.08,15.0,0.15,5.9,7.08,15.0,0.2,8.15,7.6,109.0,1,0,1,0,1,3
3469,7.0,2004,4.0,4.0,814.0,406.0,1,1.33,7.0,7.6,28.0,1.33,7.0,7.6,28.0,1.46,8.4,9.05,75.0,1,0,0,0,0,3
3470,13.0,1998,2.0,151.0,425.0,881.0,1,0.11,8.53,4.0,2.0,1.03,8.53,8.05,373.0,1.03,8.53,8.05,373.0,1,0,0,0,0,3
3471,9.0,2004,11.0,5.0,815.0,1235.0,1,0.2,7.43,8.03,8.0,0.2,7.43,8.03,8.0,0.2,7.43,8.03,8.0,0,0,0,0,1,3
3472,4.0,2007,9.0,13.0,51.0,1236.0,1,0.33,7.25,7.7,9.0,0.33,7.25,7.7,9.0,0.33,7.25,7.7,9.0,1,0,1,0,0,3
3473,6.0,2013,10.0,26.0,385.0,1237.0,4,0.96,7.57,7.63,432.5,0.96,7.57,7.63,432.5,0.05,7.57,7.63,432.5,0,0,0,0,0,3
3474,4.0,2009,8.0,6.0,816.0,571.0,11,1.14,7.8,8.2,32.76409185803758,0.56,7.8,8.2,23.798538622129435,0.08,7.8,8.2,28.856993736951985,1,0,0,0,0,3
3475,7.0,2002,7.0,15.0,103.0,1087.0,10,0.02,7.1,8.4,32.0,2.99,9.3,8.4,32.0,0.07,7.0,7.5,32.0,1,0,0,0,0,3
3476,13.0,1998,3.0,29.0,817.0,1238.0,1,1.46,4.0,4.0,1.0,0.03,4.0,4.0,1.0,0.03,4.0,4.0,1.0,0,0,0,0,0,3
3477,8.0,1992,4.0,26.0,818.0,188.0,1,0.33,6.03269493844049,6.3998449612402935,47.56792123629113,0.33,6.126103511171898,6.525690834473301,46.22083748753739,0.33,6.171917464660274,6.563750569995426,48.952018943170486,0,0,0,0,0,3
3478,5.0,2006,1.0,3.0,373.0,126.0,10,0.94,8.35,8.3,137.0,0.01,7.4,6.2,5.0,0.03,8.15,7.65,8.0,1,0,0,1,1,3
3479,6.0,2015,1.0,3.0,145.0,161.0,10,1.2,7.4,6.98,15.5,1.2,7.4,6.98,15.5,1.2,7.4,6.98,15.5,1,1,1,1,0,3
3480,4.0,2006,11.0,13.0,51.0,763.0,3,0.02,3.6,5.95,3.0,0.27,6.55,8.45,190.0,0.14,6.55,8.45,190.0,0,0,1,0,0,3
3481,8.0,1996,12.0,1.0,3.0,345.0,1,1.74,9.5,7.5,2.0,1.42,9.5,9.22,169.0,0.7,7.0,7.5,4.0,1,0,1,0,0,3
3482,6.0,2010,6.0,32.0,71.0,260.0,10,0.88,8.93,8.27,45.0,0.38,7.03,7.77,11.0,0.88,8.93,8.27,45.0,1,0,0,1,0,3
3483,6.0,2011,4.0,134.0,819.0,1239.0,10,0.01,5.3,6.75,5.0,0.08,6.4,7.1,5.0,0.25,7.65,7.85,39.0,1,0,0,0,0,3
3484,6.0,2009,10.0,152.0,676.0,1240.0,4,0.06,7.5,8.35,17.5,0.06,7.5,8.35,17.5,0.05,5.05,7.3,84.0,1,0,0,0,0,3
3485,13.0,2000,9.0,5.0,269.0,347.0,8,0.26,7.6,7.6,31.0,1.99,8.7,8.35,31.0,1.99,8.7,8.35,31.0,1,0,0,0,0,3
3486,19.0,2002,1.0,5.0,73.0,86.0,10,0.06,8.0,8.2,44.0,0.55,8.55,7.45,44.0,0.55,8.55,7.45,44.0,1,0,1,1,1,3
3487,6.0,2011,1.0,4.0,571.0,836.0,3,0.6,7.3,7.75,47.0,0.08,6.9,3.0,47.0,0.41,6.9,9.5,2.0,0,0,0,0,0,3
3488,7.0,2006,9.0,26.0,360.0,637.0,9,0.04,4.55,7.5,21.5,0.1,4.5,6.08,21.5,0.16,5.7,6.6,3.0,0,0,0,0,0,3
3489,7.0,2005,1.0,8.0,45.0,651.0,9,0.64,6.85,5.9,5.0,0.77,4.15,6.6,5.0,0.16,7.18,6.6,2.0,1,0,1,0,0,3
3490,6.0,2009,1.0,8.0,45.0,651.0,9,0.66,7.93,7.75,23.0,1.41,8.4,7.83,73.5,0.02,7.07,5.15,10.0,1,0,1,0,0,3
3491,4.0,2010,11.0,1.0,820.0,1241.0,6,0.27,8.7,6.3,49.04950405770965,0.27,8.7,6.3,47.05843101893598,0.27,8.7,6.3,48.10054102795311,0,0,0,0,0,3
3492,1.0,2009,1.0,5.0,321.0,1242.0,9,0.91,6.43,6.78,22.0,0.14,6.43,6.78,22.0,0.17,3.1,5.7,2.0,0,0,0,0,0,3
3493,13.0,1999,4.0,10.0,22.0,321.0,9,1.86,9.4,8.65,96.0,7.86,8.5,8.4,350.0,2.1,8.1,8.5,46.0,0,0,0,0,0,3
3494,1.0,2010,5.0,1.0,657.0,4.0,9,0.98,8.73,8.73,571.5,0.78,6.2,7.1,4.5,0.11,5.2,6.5,2.0,1,1,0,0,1,3
3495,12.0,1999,1.0,40.0,210.0,502.0,7,0.11,6.139621742785096,6.5057488091902895,45.73674096848578,0.11,6.228350378257221,6.610783833006482,45.89534973097617,1.09,6.2584134211263605,6.648856822639413,47.258954650269025,1,0,0,0,1,3
3496,6.0,2008,2.0,4.0,75.0,165.0,1,0.32,7.9,8.2,68.5,4.35,7.8,7.45,92.0,3.33,8.43,8.45,191.0,0,0,0,0,0,3
3497,14.0,2001,1.0,54.0,27.0,77.0,10,0.27,8.57,8.3,15.0,1.2,8.57,8.3,15.0,0.43,7.9,8.2,0.0,1,1,1,0,1,3
3498,7.0,2009,1.0,8.0,68.0,378.0,7,0.79,7.53,7.68,7.5,0.79,7.53,7.68,7.5,0.94,8.3,7.35,1.0,1,0,1,0,0,3
3499,6.0,2008,9.0,3.0,807.0,1036.0,6,0.12,5.9,7.0,42.0,0.17,7.17,7.12,42.0,0.05,6.37,6.88,22.5,0,0,0,0,0,3
3500,10.0,2013,4.0,72.0,400.0,1243.0,7,0.74,7.87,7.23,26.5,1.38,8.75,9.05,188.5,0.22,7.4,5.6,16.0,0,0,0,1,0,3
3501,13.0,1994,8.0,8.0,220.0,1244.0,1,0.06,5.25,6.17,38.5,0.06,5.25,6.17,38.5,0.06,5.25,6.17,38.5,0,0,0,0,0,3
3502,5.0,2007,7.0,40.0,684.0,1026.0,11,2.52,2.75,3.9,0.0,0.29,6.6,6.35,1.0,0.29,6.6,6.35,1.0,0,0,0,1,0,3
3503,5.0,2007,2.0,5.0,11.0,158.0,5,0.9,5.17,5.78,72.5,1.07,7.1,6.5,48.0,0.9,5.17,5.78,72.5,0,0,1,1,0,3
3504,17.0,2005,3.0,85.0,460.0,268.0,4,0.11,5.25,6.2,1.0,0.09,5.25,6.2,1.0,0.4,6.75,7.15,3.0,1,0,0,0,0,3
3505,14.0,2005,7.0,6.0,62.0,118.0,9,0.15,5.9,7.08,15.0,0.1,8.05,7.9,121.0,0.43,7.15,7.8,17.0,1,1,1,0,0,3
3506,7.0,2008,5.0,8.0,387.0,528.0,11,0.67,4.97,5.95,61.5,0.6,5.6,6.05,3.0,1.45,6.3,7.0,3.0,0,0,1,0,0,3
3507,9.0,2002,1.0,5.0,82.0,86.0,11,3.67,8.63,7.8,41.5,1.19,7.1,5.9,1.0,0.58,9.1,8.1,1.0,1,0,1,1,1,3
3508,1.0,2009,9.0,29.0,228.0,1120.0,5,1.77,7.5,7.65,70.5,0.39,7.5,7.65,70.5,0.39,7.5,7.65,70.5,0,0,0,0,0,3
3509,7.0,2005,4.0,26.0,40.0,625.0,11,0.08,5.6,7.9,6.0,0.08,6.0,8.45,6.0,0.49,6.4,7.6,11.0,1,0,1,1,0,3
3510,5.0,2011,9.0,33.0,131.0,746.0,10,1.07,4.87,6.03,12.0,1.07,4.87,6.03,12.0,1.07,4.87,6.03,12.0,0,0,0,0,0,3
3511,5.0,2008,9.0,9.0,713.0,257.0,5,0.63,4.3,4.6,12.0,0.02,3.6,5.95,3.0,0.63,4.3,4.6,12.0,0,0,0,0,0,3
3512,13.0,2000,12.0,26.0,821.0,1245.0,1,0.04,4.1,5.6,49.17336199229173,0.04,4.1,5.6,47.802772013044766,0.04,4.1,5.6,49.20360213459828,0,0,0,0,0,3
3513,9.0,2004,9.0,24.0,82.0,1246.0,6,0.12,4.57,6.65,9.0,0.26,6.6,7.6,9.0,0.26,6.6,7.6,9.0,0,0,1,0,0,3
3514,6.0,2010,9.0,26.0,338.0,1247.0,10,1.22,7.7,7.85,756.0,1.66,6.45,7.05,85.0,1.66,6.45,7.05,85.0,0,0,0,1,0,3
3515,4.0,2008,9.0,29.0,669.0,392.0,10,1.69,7.46,7.4,241.0,0.03,7.46,7.4,241.0,0.62,2.0,4.9,241.0,0,0,0,0,0,3
3516,13.0,1995,4.0,4.0,375.0,1248.0,1,0.85,8.8,8.8,23.0,0.19,8.8,8.8,23.0,0.19,8.8,8.8,23.0,0,0,0,0,0,3
3517,7.0,2008,9.0,103.0,562.0,427.0,10,0.81,4.17,7.72,6.5,0.81,4.17,7.72,6.5,0.81,4.17,7.72,6.5,0,0,0,0,0,3
3518,17.0,2007,9.0,22.0,425.0,76.0,6,0.12,4.75,6.0,1.0,0.13,7.6,7.0,132.0,0.02,7.73,7.58,163.5,1,1,0,1,1,3
3519,5.0,2011,7.0,29.0,822.0,1249.0,9,0.1,3.75,4.4,7.5,0.1,8.2,8.05,44.0,0.33,6.07,7.42,23.0,0,0,0,1,0,3
3520,19.0,2005,1.0,8.0,27.0,77.0,8,1.86,7.51,6.55,7.0,1.86,7.51,6.55,7.0,0.26,7.77,7.85,3.0,1,1,1,1,1,3
3521,1.0,2007,9.0,71.0,720.0,1250.0,3,0.06,5.5,4.0,1.0,0.05,6.6,7.1,1.0,0.05,6.6,7.1,1.0,1,0,0,0,0,3
3522,15.0,2010,9.0,6.0,62.0,55.0,11,0.7,3.0,2.75,2.0,2.84,8.67,8.25,1122.0,3.5,8.63,8.0,888.0,1,1,1,1,0,3
3523,4.0,2008,8.0,6.0,94.0,1251.0,2,0.01,6.140338405797094,6.509248550724672,46.03618002544529,0.01,6.227481159420292,6.610048550724669,45.58993320610687,0.01,6.254673188405799,6.646629710144933,46.776558524173026,1,0,0,0,0,3
3524,7.0,2004,10.0,26.0,385.0,637.0,6,0.05,6.7,4.8,13.0,0.18,6.7,6.2,9.0,1.04,6.7,7.55,5.0,0,0,0,0,0,3
3525,5.0,2013,7.0,153.0,726.0,1252.0,4,0.01,7.7,7.6,22.0,0.67,7.7,7.6,22.0,0.67,7.7,7.6,22.0,0,0,0,0,0,3
3526,4.0,2006,8.0,6.0,495.0,571.0,4,0.04,8.6,8.35,2.0,0.63,5.4,7.65,6.0,0.63,5.4,7.65,6.0,0,0,0,0,0,3
3527,6.0,2009,4.0,85.0,398.0,1253.0,5,0.06,6.9,7.35,15.0,0.06,6.9,7.35,15.0,0.06,6.9,7.35,15.0,0,0,0,0,0,3
3528,2.0,1986,9.0,1.0,823.0,1254.0,1,1.96,6.8,6.8,13.0,1.96,6.8,6.8,13.0,1.96,6.8,6.8,13.0,0,0,0,0,0,3
3529,12.0,1997,1.0,14.0,817.0,1255.0,1,0.68,5.0,5.0,4.0,0.06,5.0,5.0,4.0,0.06,5.0,5.0,4.0,0,0,0,0,1,3
3530,1.0,2009,1.0,35.0,824.0,603.0,10,0.16,5.27,4.65,1.5,0.06,5.27,4.65,1.5,1.27,3.0,2.0,1.5,0,0,0,0,0,3
3531,17.0,2011,9.0,15.0,87.0,102.0,9,0.15,8.0,7.7,103.0,0.21,8.0,8.3,103.0,0.03,6.0,5.8,24.0,0,1,1,0,0,3
3532,1.0,2010,6.0,12.0,825.0,1256.0,1,0.08,7.0,7.9,14.0,0.08,7.0,7.9,14.0,0.08,7.0,7.9,14.0,0,0,0,0,0,3
3533,14.0,2001,7.0,2.0,80.0,1257.0,12,0.24,5.6,6.2,2.0,0.31,6.5,7.5,3.0,0.31,6.5,7.5,3.0,0,0,0,0,1,3
3534,7.0,2005,9.0,49.0,253.0,320.0,11,0.07,5.6,7.55,1.0,1.39,6.97,8.2,47.0,0.11,4.3,6.25,1.0,1,0,0,1,1,3
3535,10.0,2011,9.0,5.0,82.0,220.0,10,0.97,7.65,6.58,42.0,0.13,6.2,7.3,42.0,0.13,6.2,7.3,42.0,1,0,1,1,0,3
3536,1.0,2008,2.0,3.0,448.0,759.0,1,0.17,6.0,5.0,1.0,0.84,5.5,7.65,8.5,0.12,5.5,7.5,8.5,0,0,0,0,0,3
3537,7.0,2002,6.0,4.0,826.0,1258.0,5,0.32,5.2,7.1,50.12277777777778,0.32,5.2,7.1,48.375238095238096,0.32,5.2,7.1,49.76777777777778,0,0,0,0,0,3
3538,7.0,2006,1.0,8.0,45.0,31.0,4,0.04,5.77,6.65,27.5,0.37,6.3,7.58,61.0,0.15,6.27,7.18,42.0,1,1,1,0,0,3
3539,14.0,2002,3.0,5.0,827.0,1259.0,2,0.11,5.0,5.0,0.0,0.11,5.0,5.0,0.0,0.11,5.0,5.0,0.0,0,0,0,0,0,3
3540,8.0,1992,5.0,69.0,532.0,778.0,1,0.96,4.0,8.0,1.0,1.03,4.0,8.0,9.0,1.03,4.0,8.0,9.0,0,0,0,0,0,3
3541,14.0,2003,2.0,29.0,228.0,392.0,10,1.15,5.9,7.45,4.0,1.67,7.1,5.9,1.0,1.23,7.1,5.2,1.0,0,0,0,0,0,3
3542,6.0,2012,7.0,3.0,828.0,330.0,6,1.66,8.53,7.95,450.5,0.05,6.5,6.5,1.0,0.43,2.0,5.75,1.0,1,0,0,1,0,3
3543,7.0,2002,12.0,26.0,424.0,701.0,1,0.76,6.0,7.5,2.0,0.04,6.0,7.5,2.0,0.04,6.0,7.5,2.0,0,0,0,0,0,3
3544,4.0,2007,11.0,29.0,120.0,508.0,11,0.99,6.63,5.83,23.0,0.09,5.3,5.83,23.0,0.01,3.0,8.75,2.0,0,0,0,0,0,3
3545,14.0,2002,3.0,2.0,653.0,1260.0,3,0.13,5.55,5.6,16.0,0.36,4.95,4.6,16.0,0.01,8.0,7.8,16.0,0,0,0,0,1,3
3546,7.0,2004,9.0,13.0,51.0,67.0,4,0.15,6.7,7.55,17.0,0.15,6.7,7.55,17.0,0.35,6.25,6.65,8.0,1,1,1,0,0,3
3547,13.0,2000,9.0,29.0,416.0,1261.0,1,3.58,6.7,6.7,3.0,3.58,6.7,6.7,3.0,3.58,6.7,6.7,3.0,0,0,0,0,0,3
3548,7.0,2003,7.0,6.0,42.0,1262.0,11,0.94,9.1,8.05,198.0,0.94,9.1,8.05,198.0,0.94,9.1,8.05,198.0,1,0,1,0,0,3
3549,6.0,2013,1.0,8.0,31.0,651.0,9,2.9,8.23,6.73,265.5,0.29,7.9,5.9,136.0,0.7,8.2,7.6,27.0,1,0,0,1,0,3
3550,5.0,2009,6.0,20.0,77.0,488.0,11,0.11,5.3,5.15,2.0,1.21,5.95,6.4,13.0,1.31,5.75,8.6,0.0,0,0,0,0,0,3
3551,1.0,2008,11.0,33.0,249.0,1166.0,11,3.16,5.9,8.1,2.0,0.04,5.9,5.0,2.0,0.04,5.9,5.0,2.0,0,0,0,0,0,3
3552,5.0,2008,9.0,3.0,807.0,1036.0,6,0.58,7.1,6.03,68.0,0.58,7.1,6.03,68.0,0.58,7.1,6.03,68.0,0,0,0,0,0,3
3553,6.0,2009,9.0,6.0,811.0,858.0,3,0.04,6.4,6.92,10.5,0.14,6.4,6.92,10.5,0.09,6.69,7.08,7.0,1,0,1,0,0,3
3554,5.0,2015,9.0,20.0,234.0,488.0,9,0.04,7.35,7.37,22.0,0.41,7.5,7.23,10.0,0.21,7.5,7.0,1.0,0,0,0,0,0,3
3555,13.0,2000,4.0,13.0,51.0,793.0,11,0.07,7.5,7.15,3.0,1.21,7.8,8.0,32.0,0.36,8.5,7.88,17.5,1,0,1,0,0,3
3556,19.0,2003,9.0,5.0,238.0,170.0,11,1.38,6.35,7.1,30.0,1.12,4.07,6.95,2.5,3.27,6.73,7.17,57.5,0,0,0,0,0,3
3557,7.0,2007,4.0,17.0,829.0,1263.0,5,0.67,7.35,6.9,28.0,0.67,7.35,6.9,28.0,0.67,7.35,6.9,28.0,0,0,0,0,0,3
3558,4.0,2007,2.0,1.0,830.0,26.0,1,0.73,7.93,5.7,3.0,0.73,7.93,5.7,3.0,2.04,7.93,8.67,135.0,1,1,0,0,1,3
3559,9.0,2003,9.0,21.0,132.0,1264.0,1,0.71,4.8,5.1,13.0,0.24,4.8,5.8,13.0,0.24,4.8,5.8,13.0,0,0,0,0,0,3
3560,9.0,2004,5.0,88.0,831.0,37.0,9,0.06,6.0,8.7,19.5,0.11,7.35,6.75,19.5,0.28,5.4,6.9,19.5,0,0,0,0,0,3
3561,7.0,2006,1.0,8.0,68.0,1265.0,2,0.01,4.0,6.1,10.0,0.75,7.48,7.4,6.5,0.75,7.48,7.4,6.5,0,0,1,0,0,3
3562,9.0,2003,9.0,8.0,187.0,169.0,11,0.79,7.6,7.3,20.0,0.23,7.6,7.3,20.0,1.14,7.7,7.55,80.0,0,0,0,0,0,3
3563,7.0,2001,1.0,40.0,218.0,1266.0,3,0.24,7.47,6.35,8.0,0.81,7.3,7.1,8.0,0.81,7.3,7.1,8.0,1,0,0,0,1,3
3564,9.0,2004,5.0,1.0,1.0,1267.0,10,0.7,7.3,7.45,97.0,1.2,9.0,9.0,97.0,1.2,9.0,9.0,97.0,0,0,1,0,0,3
3565,14.0,2003,8.0,8.0,108.0,265.0,12,2.43,8.1,8.4,45.86576885837514,2.43,8.1,8.4,45.062538508934075,2.43,8.1,8.4,46.35604260188364,0,0,0,0,0,3
3566,7.0,2007,1.0,8.0,45.0,1268.0,1,0.8,5.35,6.8,10.0,1.29,7.03,7.23,64.0,1.29,7.03,7.23,64.0,0,0,1,0,0,3
3567,13.0,2001,2.0,4.0,284.0,1269.0,10,0.47,9.0,8.65,234.0,0.21,7.2,7.6,4.0,0.21,7.2,7.6,4.0,0,0,0,0,0,3
3568,7.0,2006,6.0,8.0,31.0,1270.0,10,2.09,4.95,5.55,10.0,0.01,4.0,6.1,10.0,0.01,4.0,6.1,10.0,0,0,0,0,0,3
3569,17.0,2006,1.0,5.0,422.0,86.0,11,0.87,6.63,6.27,23.0,0.14,6.5,6.8,23.0,0.87,6.63,6.27,23.0,1,0,0,0,1,3
3570,9.0,2004,6.0,15.0,54.0,277.0,2,0.05,7.2,6.5,2.0,0.95,7.2,7.6,10.0,0.56,6.1,6.35,2.0,0,0,0,1,0,3
3571,7.0,2004,1.0,5.0,391.0,422.0,11,1.21,6.15,6.95,18.0,0.37,6.15,8.5,18.0,0.37,6.15,8.5,18.0,0,0,0,0,0,3
3572,4.0,2007,11.0,1.0,832.0,1271.0,1,0.61,7.0,8.2,47.55820785897907,0.3,7.0,8.2,46.14738646101114,0.3,7.0,8.2,47.53813196229649,0,0,0,0,0,3
3573,7.0,2001,10.0,8.0,579.0,496.0,12,1.05,6.05,6.45,4.0,0.28,6.05,4.0,1.0,0.92,6.0,8.3,7.0,1,0,0,0,0,3
3574,13.0,1999,9.0,78.0,615.0,894.0,1,1.28,6.0,6.0,1.0,0.59,6.0,6.0,1.0,0.85,6.0,6.0,1.0,1,0,0,0,0,3
3575,4.0,2011,9.0,33.0,286.0,374.0,8,0.12,6.0,3.6,11.5,0.15,6.0,3.6,11.5,0.31,6.0,3.6,11.5,0,0,0,0,0,3
3576,7.0,2007,8.0,6.0,19.0,571.0,11,0.8,5.7,6.7,1.0,1.45,7.1,6.9,1.0,1.02,4.0,7.0,1.0,1,0,1,0,0,3
3577,14.0,2005,7.0,8.0,653.0,42.0,10,0.81,6.75,5.95,62.0,0.27,8.35,8.35,21.0,0.02,7.0,6.3,9.0,1,1,0,1,0,3
3578,5.0,2009,7.0,5.0,117.0,473.0,8,0.11,5.9,7.0,5.0,0.06,5.9,7.0,5.0,0.53,6.3,8.2,54.0,1,0,0,0,0,3
3579,7.0,2001,1.0,31.0,302.0,875.0,5,0.19,7.33,7.0,2.0,0.71,6.0,7.85,7.0,0.89,6.0,7.85,7.0,1,0,0,0,1,3
3580,9.0,2002,1.0,53.0,805.0,1226.0,1,0.18,5.2,8.3,2.0,0.04,5.2,7.0,2.0,0.13,5.2,7.0,2.0,0,0,0,0,0,3
3581,19.0,2005,3.0,8.0,45.0,43.0,11,0.61,8.5,8.4,256.0,1.29,7.27,7.55,127.0,1.29,7.27,7.55,127.0,1,1,1,1,1,3
3582,13.0,2000,3.0,8.0,31.0,472.0,1,0.83,8.7,8.7,3.0,0.4,8.7,8.7,3.0,1.59,8.7,8.7,3.0,0,0,0,0,0,3
3583,1.0,2010,1.0,5.0,781.0,86.0,10,0.75,8.03,7.77,32.0,0.61,4.6,3.0,32.0,0.61,4.6,3.0,32.0,0,0,0,1,0,3
3584,5.0,2007,1.0,5.0,73.0,86.0,11,1.06,7.6,7.55,209.5,4.53,8.17,8.0,120.0,0.22,6.37,6.6,12.5,1,0,1,0,0,3
3585,14.0,2003,10.0,29.0,833.0,161.0,9,0.09,7.75,8.05,18.0,0.55,6.8,6.1,18.0,0.08,5.5,7.5,18.0,0,0,0,0,0,3
3586,12.0,1999,9.0,19.0,198.0,67.0,8,0.02,6.95,8.1,7.0,0.02,6.95,8.1,7.0,5.82,6.95,8.7,235.0,1,1,0,0,0,3
3587,8.0,1993,2.0,154.0,51.0,1272.0,3,0.0,0.0,0.0,0.0,0.15,7.0,7.1,8.0,0.15,7.0,7.1,8.0,1,0,1,0,0,3
3588,7.0,2007,9.0,3.0,549.0,596.0,10,0.41,9.37,8.68,657.5,0.41,9.37,8.68,657.5,1.28,7.03,7.65,72.0,0,0,0,0,0,3
3589,10.0,2015,4.0,1.0,814.0,810.0,8,1.29,7.43,7.93,79.5,0.12,7.43,8.7,3.0,0.98,8.73,8.73,571.5,1,0,0,0,0,3
3590,7.0,2003,4.0,17.0,106.0,1273.0,1,0.0,0.0,0.0,0.0,0.09,7.0,7.45,1.0,0.09,7.0,7.45,1.0,0,0,0,0,0,3
3591,1.0,2011,6.0,29.0,120.0,817.0,10,0.03,6.0,6.0,1.0,0.09,6.0,6.0,1.0,0.96,6.0,6.0,1.0,0,0,0,0,0,3
3592,17.0,2011,4.0,17.0,834.0,25.0,4,0.89,7.4,7.7,45.0,0.06,6.5,6.55,1.0,0.74,7.97,7.12,287.5,1,1,0,0,0,3
3593,5.0,2008,7.0,29.0,378.0,1274.0,2,0.2,6.140338405797094,6.509248550724672,46.03618002544529,0.2,6.227481159420292,6.610048550724669,45.58993320610687,0.2,6.254673188405799,6.646629710144933,46.776558524173026,0,0,0,0,0,3
3594,5.0,2009,6.0,2.0,652.0,954.0,10,0.17,6.55,7.65,13.0,0.78,6.55,6.85,9.0,0.78,6.55,6.85,9.0,0,0,0,0,0,3
3595,3.0,2001,4.0,1.0,835.0,1275.0,1,0.89,6.097708281522011,6.447693359860781,47.903901046622266,0.89,6.1815792091519635,6.559855757274357,46.559535136604595,0.89,6.221097985575736,6.597542899776213,47.730256898192195,0,0,0,0,0,3
3596,7.0,2005,9.0,8.0,131.0,71.0,6,0.11,4.2,7.05,3.0,0.1,4.6,7.1,4.0,0.1,4.6,7.1,4.0,0,0,0,0,0,3
3597,4.0,2008,8.0,29.0,33.0,457.0,9,1.49,6.8,7.0,32.0,1.63,7.7,7.5,32.0,0.24,4.8,5.35,3.0,0,0,0,0,0,3
3598,7.0,2003,6.0,24.0,788.0,1276.0,11,0.17,5.95,6.65,1.0,0.17,5.95,6.65,1.0,0.11,5.95,6.65,1.0,0,0,0,0,0,3
3599,9.0,2002,6.0,21.0,653.0,1277.0,9,0.31,2.6,3.0,0.0,0.57,8.35,7.7,16.0,0.57,8.35,7.7,16.0,0,0,0,0,0,3
3600,9.0,2003,12.0,15.0,87.0,277.0,6,0.71,8.17,8.5,126.5,0.1,8.17,8.5,126.5,0.71,4.4,6.15,2.0,0,0,1,1,0,3
3601,14.0,2002,2.0,2.0,181.0,1278.0,10,0.61,6.6,8.5,0.0,0.08,4.55,6.0,2.0,0.08,4.55,6.0,2.0,0,0,0,1,0,3
3602,1.0,2008,9.0,5.0,836.0,999.0,1,3.05,5.0,6.0,20.0,3.05,5.0,6.0,20.0,3.05,5.0,6.0,20.0,0,0,0,0,0,3
3603,17.0,2005,5.0,155.0,837.0,1279.0,4,0.08,6.95,7.5,18.0,0.08,6.95,7.5,18.0,0.08,6.95,7.5,18.0,0,0,0,0,1,3
3604,7.0,2003,1.0,9.0,102.0,575.0,11,0.12,7.0,7.42,39.5,0.36,8.05,8.15,2.0,0.22,9.2,7.55,1.0,0,0,1,0,0,3
3605,8.0,1994,10.0,156.0,380.0,1280.0,1,0.39,5.0,7.6,31.0,0.14,5.0,7.6,31.0,0.39,5.0,7.6,31.0,1,0,0,0,0,3
3606,4.0,2006,8.0,6.0,534.0,571.0,5,0.24,7.25,7.0,24.0,0.2,7.5,7.5,24.0,0.24,6.0,5.97,8.0,0,0,0,0,0,3
3607,14.0,2005,1.0,3.0,373.0,511.0,2,0.02,7.9,4.0,1.0,0.42,7.9,7.6,3.0,0.42,7.9,7.6,3.0,0,0,0,0,0,3
3608,4.0,2008,6.0,1.0,838.0,1281.0,1,7.84,7.0,7.7,46.0,7.84,7.0,7.7,46.0,7.84,7.0,7.7,46.0,0,0,0,0,0,3
3609,18.0,2014,1.0,3.0,145.0,161.0,11,0.85,7.0,5.38,15.0,1.13,6.6,5.78,24.5,0.85,7.0,5.38,15.0,1,1,1,1,0,3
3610,4.0,2008,8.0,6.0,816.0,571.0,11,0.61,6.044421151439289,6.38992177722153,48.44426425401161,0.16,6.126584793491856,6.504150500625782,46.782946398088086,0.84,6.170384856070071,6.544500938673344,48.1357972004097,1,0,0,0,0,3
3611,23.0,2013,4.0,4.0,334.0,1282.0,4,0.71,8.35,8.38,8.0,0.21,3.3,5.3,2.0,0.21,3.3,5.3,2.0,1,0,0,1,0,3
3612,4.0,2009,9.0,33.0,839.0,1283.0,7,0.23,7.55,3.4,1.0,0.21,7.55,8.0,42.0,0.21,7.55,8.0,42.0,0,0,0,0,0,3
3613,1.0,2010,1.0,8.0,27.0,454.0,7,0.84,7.38,6.65,4.0,0.05,7.6,6.05,95.0,0.24,7.17,8.15,2.5,0,0,1,1,1,3
3614,7.0,2001,7.0,36.0,840.0,1284.0,11,0.15,5.73,6.88,4.0,0.28,4.93,6.77,6.5,0.28,4.93,6.77,6.5,0,0,0,0,0,3
3615,4.0,2006,4.0,71.0,841.0,857.0,8,0.24,4.15,5.3,1.0,0.11,6.9,8.3,1.0,0.09,6.1,7.8,1.0,0,0,0,0,0,3
3616,1.0,2010,3.0,5.0,415.0,1121.0,11,0.72,5.75,6.75,14.0,0.15,3.0,6.75,14.0,0.14,3.5,4.9,4.0,0,0,0,0,0,3
3617,1.0,2006,1.0,5.0,842.0,1242.0,3,0.05,7.0,6.0,0.5,0.07,7.0,4.9,1.0,0.06,5.0,4.9,0.0,0,0,0,0,0,3
3618,7.0,2001,3.0,29.0,696.0,1238.0,9,0.11,7.7,6.2,48.00314164731594,0.11,7.7,6.2,46.66698538451031,0.58,7.7,6.2,47.85002048900424,0,0,0,0,0,3
3619,4.0,2007,8.0,29.0,843.0,1285.0,3,0.03,6.096220589602905,6.461108527852757,45.66953053083768,0.03,6.183231656281981,6.557158002417978,44.51851283624834,0.03,6.214412722031078,6.597117083604627,45.52531451365449,0,0,0,0,0,3
3620,14.0,2006,1.0,8.0,27.0,378.0,7,1.7,8.7,8.7,46.243225858325964,1.7,8.7,8.7,45.80172067218783,1.7,8.7,8.7,46.99489426710622,1,0,1,1,0,3
3621,6.0,2011,9.0,4.0,92.0,91.0,9,1.5,7.65,7.3,51.0,0.64,8.88,8.8,419.0,4.84,8.6,8.5,437.0,1,0,0,1,0,3
3622,5.0,2011,3.0,29.0,844.0,860.0,5,0.11,6.0,5.55,10.5,0.11,6.0,5.55,10.5,0.24,5.25,6.95,9.0,1,0,0,0,0,3
3623,13.0,1998,4.0,157.0,13.0,1286.0,5,0.08,6.0,7.7,15.0,0.12,6.0,7.7,15.0,0.21,6.0,7.5,37.0,1,0,0,0,0,3
3624,6.0,2015,10.0,26.0,148.0,188.0,2,0.01,6.15,6.5,2.0,0.77,6.15,7.35,19.0,0.08,4.77,5.25,87.5,0,0,0,0,0,3
3625,13.0,1999,1.0,40.0,287.0,1287.0,1,0.42,7.5,7.5,2.0,0.29,1.0,1.0,2.0,0.29,1.0,1.0,2.0,0,0,0,0,1,3
3626,4.0,2010,8.0,5.0,321.0,781.0,10,0.63,8.1,7.7,21.0,0.05,8.1,7.7,21.0,1.04,8.1,7.7,21.0,0,0,0,0,0,3
3627,5.0,2014,4.0,8.0,154.0,251.0,11,0.73,8.0,6.7,211.5,0.91,8.0,7.55,109.5,0.73,8.0,6.7,211.5,1,0,0,1,0,3
3628,7.0,2001,9.0,22.0,425.0,773.0,11,0.26,5.85,7.25,12.0,1.04,9.1,8.7,99.0,0.44,9.1,7.7,49.0,1,0,0,0,0,3
3629,7.0,2005,9.0,15.0,845.0,61.0,3,0.06,6.47,4.15,1.0,0.22,5.5,5.0,1.0,0.47,8.75,8.75,472.0,1,1,0,0,0,3
3630,6.0,2013,2.0,16.0,572.0,387.0,2,1.71,8.4,8.9,25.0,0.07,8.0,7.7,25.0,0.69,8.5,8.05,64.0,1,0,0,0,0,3
3631,14.0,2006,9.0,8.0,31.0,731.0,1,1.21,7.0,6.5,14.0,0.2,6.05,7.15,12.0,0.2,6.05,7.15,12.0,0,0,0,0,0,3
3632,24.0,1994,3.0,9.0,766.0,1288.0,1,1.76,8.2,8.2,82.0,1.76,8.2,8.2,82.0,1.76,8.2,8.2,82.0,1,0,1,0,1,3
3633,1.0,2010,9.0,8.0,31.0,135.0,11,0.92,6.15,6.17,3.5,0.21,6.15,1.8,3.5,0.32,5.2,4.15,4.0,0,0,0,0,0,3
3634,6.0,2012,1.0,8.0,31.0,454.0,3,0.92,7.6,6.7,150.0,0.07,7.6,6.7,150.0,0.63,7.17,7.25,4.5,0,0,0,0,1,3
3635,14.0,2002,10.0,29.0,833.0,161.0,2,0.04,5.75,7.8,0.0,0.04,5.75,7.8,0.0,0.71,6.0,7.85,7.0,0,0,0,0,0,3
3636,13.0,1996,4.0,58.0,643.0,939.0,1,0.04,7.0,7.0,1.0,0.38,7.0,7.0,1.0,0.37,7.0,7.0,1.0,0,0,0,0,0,3
3637,4.0,2005,10.0,1.0,672.0,188.0,1,1.34,8.53,8.1,248.5,0.32,8.53,8.0,2.0,1.94,7.35,8.2,69.0,0,0,0,0,0,3
3638,6.0,2009,10.0,29.0,261.0,1289.0,1,0.12,6.06531266560678,6.414785373608896,47.58155002891845,0.33,6.151277159512439,6.537713301536816,45.36119144013881,0.33,6.18789083200847,6.572859035506092,49.094852515905146,0,0,0,0,0,3
3639,16.0,1982,1.0,5.0,321.0,1290.0,1,0.39,6.044535910681546,6.403519413431087,49.29867055181206,0.87,6.128021996333945,6.518846858856858,47.36022582407576,0.87,6.173142809531743,6.559936677220455,48.332179930795846,0,0,0,0,0,3
3640,13.0,2001,7.0,59.0,61.0,1291.0,1,1.06,6.7,7.0,2.0,0.02,6.7,7.0,2.0,0.02,6.7,7.0,2.0,0,0,0,0,0,3
3641,4.0,2009,6.0,158.0,846.0,1292.0,3,0.06,6.091280098280098,6.442550368550418,47.69869728713403,0.03,6.175740786240802,6.554272727272775,46.337630942788074,0.03,6.215514742014753,6.591929975430013,47.46736502820306,0,0,0,0,0,3
3642,13.0,1999,9.0,22.0,67.0,576.0,1,1.07,6.0,6.0,4.0,0.38,6.0,6.0,4.0,1.32,5.8,5.8,17.0,0,0,0,0,0,3
3643,24.0,1996,11.0,9.0,34.0,1293.0,1,0.03,4.0,4.0,1.0,0.15,6.0,6.0,1.0,0.15,6.0,6.0,1.0,1,0,1,0,0,3
3644,10.0,2016,9.0,38.0,847.0,1294.0,1,2.28,6.139692021200393,6.5099813780261035,46.00420630552716,2.28,6.228947858472998,6.612544764360438,45.91736771758786,2.28,6.258451511244804,6.6494134078212355,47.09733469612391,0,0,0,1,0,3
3645,7.0,2001,9.0,4.0,848.0,1295.0,7,0.07,7.5,7.4,2.0,0.07,7.5,7.4,2.0,0.07,7.5,7.4,2.0,0,0,0,0,0,3
3646,7.0,2001,11.0,6.0,19.0,1296.0,11,0.25,8.2,7.6,97.0,0.05,8.2,2.0,1.0,0.05,8.2,2.0,1.0,0,0,1,0,0,3
3647,23.0,2012,7.0,4.0,113.0,1297.0,3,0.07,7.27,6.98,55.5,1.32,6.0,7.3,18.0,1.32,6.0,7.3,18.0,0,0,0,0,0,3
3648,1.0,2010,10.0,13.0,533.0,1298.0,1,4.87,6.0,7.4,34.0,0.18,3.4,3.1,0.0,0.1,7.0,7.0,11.0,0,0,0,0,0,3
3649,5.0,2007,9.0,6.0,62.0,110.0,3,1.02,7.8,7.25,41.0,0.13,6.3,5.93,13.5,0.02,6.3,5.93,13.5,0,0,1,0,0,3
3650,6.0,2007,7.0,24.0,483.0,1299.0,10,0.04,8.13,7.75,66.0,0.36,7.55,7.5,5.0,0.34,7.83,7.35,112.5,0,0,0,1,0,3
3651,17.0,2008,2.0,4.0,107.0,231.0,1,0.61,4.0,6.0,1.0,3.77,8.5,8.1,1.0,1.24,6.55,7.7,14.0,0,0,0,0,0,3
3652,15.0,2014,9.0,6.0,19.0,106.0,11,0.98,7.0,7.45,89.0,1.44,7.0,6.8,101.5,1.37,6.0,6.6,72.0,1,1,1,1,0,3
3653,7.0,2004,1.0,159.0,254.0,324.0,1,0.13,6.5,8.5,47.43754583231484,0.13,6.5,8.5,46.20019555120997,0.15,6.5,8.5,48.87949156685407,1,0,0,0,0,3
3654,6.0,2007,1.0,3.0,102.0,126.0,11,0.85,8.2,7.78,25.5,0.85,8.2,7.78,25.5,0.85,8.2,7.78,25.5,1,0,1,0,1,3
3655,4.0,2008,1.0,5.0,321.0,1277.0,10,1.16,5.83,6.13,90.5,0.16,3.5,6.82,3.0,0.12,3.5,6.82,3.0,0,0,0,0,0,3
3656,4.0,2008,5.0,42.0,849.0,1300.0,5,0.03,6.77,6.58,31.0,0.03,6.77,6.58,31.0,0.03,6.77,6.58,31.0,0,0,0,0,0,3
3657,14.0,2002,1.0,5.0,73.0,86.0,3,0.57,7.4,5.4,63.5,4.41,8.5,7.83,63.5,0.82,9.1,8.2,63.5,1,0,1,1,1,3
3658,9.0,2002,2.0,13.0,850.0,1301.0,11,0.11,7.4,8.3,86.0,0.11,7.4,8.3,86.0,0.11,7.4,8.3,86.0,1,0,0,0,0,3
3659,13.0,2000,10.0,78.0,851.0,408.0,12,0.24,4.4,6.9,0.0,0.24,4.4,6.9,0.0,1.66,9.15,8.38,222.0,0,0,0,0,0,3
3660,11.0,2014,9.0,5.0,852.0,158.0,1,0.07,6.35,3.0,15.0,0.07,6.35,3.0,15.0,0.1,6.35,6.5,15.0,0,0,0,1,0,3
3661,13.0,1996,7.0,18.0,149.0,184.0,1,1.95,9.0,8.12,32.0,2.65,8.0,7.17,23.5,2.65,8.0,7.17,23.5,0,0,0,0,0,3
3662,13.0,1999,12.0,26.0,323.0,701.0,1,1.45,3.0,8.3,3.0,0.2,3.0,8.3,3.0,0.72,3.0,8.0,2.0,0,0,0,0,0,3
3663,24.0,1997,12.0,58.0,643.0,939.0,1,0.55,6.042070079121586,6.394020668496688,49.29562687356727,0.55,6.127673179396085,6.510931697077347,47.72615059072474,0.55,6.172315517519764,6.551114161149683,49.20948686298713,1,0,0,0,0,3
3664,14.0,2004,2.0,5.0,139.0,370.0,4,0.1,6.95,9.0,1.0,1.38,6.35,7.1,30.0,0.21,5.7,7.1,30.0,0,0,0,0,1,3
3665,7.0,2002,1.0,9.0,34.0,1302.0,1,0.89,8.5,8.75,1.0,0.11,8.5,8.75,1.0,0.49,8.5,8.75,1.0,0,0,1,0,1,3
3666,6.0,2010,7.0,26.0,620.0,433.0,10,0.79,7.63,8.27,410.5,0.48,5.75,5.9,43.0,0.22,5.8,6.5,4.0,1,0,0,1,0,3
3667,9.0,2001,9.0,29.0,298.0,392.0,11,2.79,7.6,7.3,49.86247139588101,2.79,7.6,7.3,48.43188405797101,1.78,7.6,7.3,49.87780320366133,0,0,0,0,0,3
3668,24.0,1998,12.0,58.0,643.0,939.0,1,0.55,7.5,7.5,2.0,0.55,7.5,7.5,2.0,0.55,7.5,7.5,2.0,1,0,0,0,0,3
3669,5.0,2010,9.0,26.0,338.0,1247.0,10,0.57,7.33,7.35,176.5,1.66,6.45,7.05,85.0,1.66,6.45,7.05,85.0,0,0,0,1,0,3
3670,10.0,2012,4.0,160.0,841.0,857.0,10,0.0,0.0,0.0,0.0,0.22,5.5,7.65,9.0,0.1,7.2,6.3,9.0,0,0,0,1,0,3
3671,1.0,2008,1.0,6.0,853.0,1303.0,4,0.22,5.83,6.37,15.5,0.18,6.9,6.5,15.5,0.18,6.9,6.5,15.5,0,0,0,0,0,3
3672,9.0,2003,2.0,29.0,249.0,689.0,10,0.95,7.1,5.7,1.0,0.17,7.1,6.5,1.0,1.15,5.9,7.45,4.0,0,0,0,0,0,3
3673,6.0,2010,9.0,49.0,253.0,320.0,7,0.46,3.25,6.35,28.0,0.05,5.0,6.0,4.0,0.03,5.0,6.0,4.0,1,0,0,1,1,3
3674,13.0,1995,10.0,4.0,183.0,216.0,1,0.71,7.7,7.7,3.0,1.11,7.0,7.0,22.0,1.53,6.6,6.6,26.0,1,1,0,1,0,3
3675,14.0,2002,7.0,31.0,302.0,372.0,1,0.15,7.15,7.05,7.0,0.17,8.1,6.9,13.0,0.37,8.5,7.22,15.0,1,0,0,0,0,3
3676,7.0,2005,3.0,4.0,39.0,108.0,10,1.69,7.6,7.9,5.0,2.78,7.85,7.75,60.0,2.78,7.85,7.75,60.0,0,0,1,0,0,3
3677,5.0,2010,7.0,29.0,715.0,1077.0,3,0.18,5.7,8.1,46.59712738403579,0.18,5.7,8.1,45.16023075111843,0.18,5.7,8.1,46.507829055804095,0,0,0,0,0,3
3678,1.0,2008,6.0,29.0,120.0,1304.0,10,0.8,5.2,5.2,211.0,0.08,8.9,8.9,211.0,0.53,8.9,8.9,211.0,0,0,0,0,0,3
3679,7.0,2003,6.0,36.0,854.0,1305.0,11,0.47,6.45,7.8,1.0,0.47,6.45,7.8,1.0,0.47,6.45,7.8,1.0,0,0,0,0,0,3
3680,13.0,1996,6.0,98.0,855.0,846.0,1,0.09,8.5,8.5,15.0,0.48,7.5,7.5,4.0,0.48,7.5,7.5,4.0,0,0,0,0,0,3
3681,14.0,2004,7.0,3.0,50.0,54.0,5,0.19,7.2,7.4,35.0,1.78,7.67,7.87,21.5,1.78,7.67,7.87,21.5,1,1,0,0,0,3
3682,17.0,2006,10.0,11.0,148.0,188.0,3,0.05,5.2,7.5,2.0,1.94,7.35,8.2,69.0,0.15,5.0,5.8,11.0,0,0,0,0,0,3
3683,6.0,2014,9.0,20.0,234.0,488.0,4,0.06,6.8,6.45,20.0,0.06,6.8,6.45,20.0,0.05,4.3,6.0,20.0,0,0,0,0,0,3
3684,7.0,2008,9.0,9.0,284.0,257.0,5,0.59,4.3,4.82,12.5,0.63,4.3,4.6,12.0,0.59,4.3,4.82,12.5,0,0,0,0,0,3
3685,7.0,2008,6.0,4.0,121.0,373.0,1,0.58,6.0,6.6,57.0,0.65,6.0,7.0,1.0,0.13,6.0,7.0,1.0,1,0,0,0,0,3
3686,5.0,2007,1.0,8.0,530.0,454.0,10,0.72,6.49,4.73,7.0,1.03,6.9,6.23,3.5,1.03,6.9,6.23,3.5,0,0,1,0,1,3
3687,6.0,2009,1.0,8.0,45.0,247.0,10,0.95,7.65,7.3,138.0,0.66,7.93,7.75,23.0,0.39,6.75,6.75,7.5,1,0,1,0,1,3
3688,14.0,2004,2.0,29.0,228.0,392.0,10,0.84,5.65,5.8,4.0,0.94,5.65,7.35,1.0,1.46,4.0,7.2,1.0,0,0,0,0,0,3
3689,14.0,2006,1.0,8.0,27.0,31.0,1,0.75,7.6,8.6,14.0,4.11,7.0,6.5,14.0,4.11,7.0,6.5,14.0,1,1,1,0,1,3
3690,7.0,2000,1.0,10.0,856.0,1306.0,1,7.86,8.5,8.4,350.0,7.86,8.5,8.4,350.0,7.86,8.5,8.4,350.0,0,0,0,0,0,3
3691,3.0,1999,4.0,161.0,857.0,1307.0,1,0.16,7.0,7.0,1.0,0.16,7.0,7.0,1.0,0.4,7.0,7.0,1.0,0,0,0,0,0,3
3692,1.0,2006,3.0,1.0,559.0,795.0,11,7.31,9.08,8.65,564.0,0.09,5.1,6.75,3.0,1.0,8.4,7.85,5.0,0,0,0,1,1,3
3693,5.0,2009,4.0,42.0,769.0,1164.0,10,0.22,5.57,6.52,18.5,0.06,7.53,6.7,73.5,0.06,7.53,6.7,73.5,0,0,0,0,0,3
3694,1.0,2008,3.0,162.0,619.0,1308.0,1,0.06,3.6,7.3,3.0,0.17,3.6,5.8,4.5,0.17,3.6,5.8,4.5,0,0,0,0,0,3
3695,14.0,2003,8.0,15.0,221.0,297.0,11,0.26,5.9,8.4,1.5,0.18,5.5,2.75,1.5,0.02,5.5,8.0,1.0,1,0,1,0,0,3
3696,17.0,2010,3.0,4.0,571.0,703.0,5,0.01,5.7,7.3,11.0,0.26,7.8,6.9,11.0,1.13,7.23,7.8,190.0,0,0,0,0,0,3
3697,7.0,2005,3.0,24.0,79.0,40.0,11,0.16,6.6,7.0,44.6111833550065,0.16,6.6,7.0,34.02925877763329,0.16,6.6,7.0,39.31014304291288,0,0,0,0,0,3
3698,5.0,2011,4.0,54.0,699.0,1046.0,11,0.03,7.0,6.7,50.5,0.71,6.0,5.32,50.5,0.71,6.0,5.32,50.5,0,0,0,0,0,3
3699,6.0,2012,3.0,9.0,169.0,62.0,11,1.17,8.53,7.2,83.5,0.8,6.25,7.25,74.0,0.11,7.32,7.93,170.5,0,1,0,0,0,3
3700,6.0,2011,6.0,6.0,62.0,101.0,11,0.59,8.6,8.1,425.5,0.76,7.83,7.45,350.0,0.88,6.27,7.12,16.0,0,0,1,0,0,3
3701,7.0,2003,12.0,17.0,57.0,1209.0,6,0.13,7.0,7.9,9.0,1.35,7.0,8.0,3.0,0.14,7.0,8.0,3.0,1,0,1,0,0,3
3702,9.0,2003,2.0,29.0,390.0,1094.0,1,0.09,4.1,5.9,1.0,0.08,6.1,6.6,1.0,0.2,6.1,6.6,1.0,0,0,0,0,0,3
3703,6.0,2015,9.0,20.0,234.0,488.0,9,0.64,8.25,6.97,26.5,0.04,7.35,7.37,22.0,0.64,8.25,6.97,26.5,0,0,0,0,0,3
3704,4.0,2008,4.0,1.0,59.0,540.0,1,0.63,8.3,8.15,74.0,5.26,7.75,8.1,162.0,5.26,7.75,8.1,162.0,1,0,0,0,0,3
3705,4.0,2010,4.0,38.0,190.0,486.0,1,0.03,7.0,6.8,47.0,0.2,7.0,6.8,47.0,0.08,7.0,6.8,47.0,0,0,0,0,0,3
3706,18.0,2015,11.0,109.0,590.0,27.0,10,0.69,6.5,6.5,0.0,0.69,6.5,6.5,0.0,0.69,6.5,6.5,0.0,0,1,0,1,0,3
3707,11.0,2015,9.0,13.0,51.0,67.0,2,0.05,7.83,7.52,103.5,0.05,7.83,7.52,103.5,0.2,7.83,7.52,103.5,1,1,1,1,0,3
3708,1.0,2007,9.0,3.0,136.0,596.0,10,1.27,6.9,6.35,39.0,0.53,7.3,7.85,57.0,0.19,7.2,7.4,35.0,0,0,0,0,0,3
3709,7.0,2004,3.0,26.0,619.0,1309.0,1,0.07,7.25,7.8,3.0,0.19,5.45,4.65,1.0,0.19,5.45,4.65,1.0,0,0,0,0,0,3
3710,4.0,2010,5.0,59.0,377.0,1310.0,7,0.23,7.67,7.82,24.0,0.22,7.67,7.82,24.0,0.1,4.0,7.82,24.0,0,0,0,0,0,3
3711,14.0,2004,10.0,8.0,275.0,353.0,9,0.9,7.42,6.8,2.0,0.22,6.1,8.0,2.0,0.22,7.0,8.0,35.0,0,0,0,1,0,3
3712,16.0,1982,9.0,163.0,858.0,1311.0,1,0.0,0.0,0.0,0.0,0.0,0.0,0.0,0.0,0.0,0.0,0.0,0.0,0,0,0,0,0,3
3713,12.0,1999,9.0,40.0,859.0,682.0,7,0.17,7.5,7.7,6.0,0.17,7.5,7.7,6.0,0.17,7.5,7.7,6.0,1,0,0,0,0,3
3714,12.0,1998,1.0,8.0,27.0,31.0,1,0.59,7.7,7.7,3.0,0.78,7.7,7.7,3.0,1.87,6.3,6.3,15.0,1,1,1,0,0,3
3715,6.0,2011,10.0,26.0,683.0,701.0,1,0.24,6.107652813930537,6.467882595817321,45.77475613360922,0.24,6.194403554438579,6.56657391616556,44.85269484678293,0.03,6.2266573916165795,6.606709451575302,45.76973100798108,0,0,0,0,0,3
3716,5.0,2011,10.0,26.0,161.0,188.0,10,0.74,7.23,6.6,79.0,0.64,6.07,7.2,122.5,0.09,6.0,7.3,3.0,0,0,0,0,0,3
3717,6.0,2013,4.0,26.0,185.0,625.0,2,0.01,5.0,7.87,95.5,0.35,8.1,7.87,95.5,0.87,7.1,7.4,35.0,1,0,1,0,0,3
3718,13.0,1998,6.0,4.0,860.0,1312.0,1,0.66,6.4,6.4,12.0,0.66,6.4,6.4,12.0,0.66,6.4,6.4,12.0,0,0,0,0,0,3
3719,19.0,2005,9.0,1.0,3.0,345.0,10,0.4,7.6,8.6,97.0,0.89,8.0,8.4,97.0,0.97,8.43,8.82,114.0,1,0,1,0,0,3
3720,7.0,2002,4.0,25.0,206.0,1313.0,1,1.21,7.0,7.4,116.0,0.77,7.0,4.0,1.0,0.77,7.0,4.0,1.0,1,1,0,0,0,3
3721,4.0,2008,6.0,6.0,861.0,1314.0,3,1.35,7.05,7.35,50.0,1.35,7.05,7.35,50.0,1.35,7.05,7.35,50.0,0,0,0,0,0,3
3722,13.0,1999,6.0,164.0,862.0,1315.0,1,0.0,0.0,0.0,0.0,0.0,0.0,0.0,0.0,0.0,0.0,0.0,0.0,0,0,0,0,0,3
3723,5.0,2013,1.0,8.0,31.0,651.0,9,1.19,8.27,6.5,141.5,0.48,7.95,7.05,136.0,0.59,8.2,7.6,24.5,1,0,0,1,0,3
3724,17.0,2010,4.0,9.0,34.0,592.0,8,0.04,6.57,7.17,115.5,0.13,6.57,7.17,115.5,1.29,8.2,8.48,151.5,1,0,1,1,0,3
3725,5.0,2014,9.0,20.0,243.0,169.0,11,0.95,7.85,7.05,10.0,0.05,7.85,5.6,10.0,1.32,7.85,7.6,121.0,0,0,0,0,0,3
3726,1.0,2012,1.0,8.0,68.0,77.0,8,2.86,8.05,7.08,19.0,2.86,8.05,7.08,19.0,2.86,8.05,7.08,19.0,1,1,1,1,1,3
3727,4.0,2008,4.0,71.0,841.0,1316.0,11,0.23,5.0,5.8,2.0,0.05,5.0,4.5,2.0,0.05,5.0,4.5,2.0,0,0,0,0,0,3
3728,6.0,2009,7.0,20.0,480.0,1233.0,5,0.37,5.1,6.4,13.0,0.37,5.1,6.4,13.0,0.06,5.8,6.7,4.0,0,0,0,0,0,3
3729,6.0,2011,3.0,33.0,249.0,520.0,6,1.32,6.0,4.97,12.0,1.32,6.0,4.97,12.0,1.32,6.0,4.97,12.0,0,0,0,0,1,3
3730,9.0,2004,6.0,29.0,863.0,508.0,10,0.62,6.05,5.65,2.0,0.62,6.05,5.65,2.0,0.13,6.05,5.65,2.0,0,0,0,0,0,3
3731,4.0,2010,9.0,5.0,187.0,1317.0,3,1.04,6.08441887842466,6.453391481164448,46.59712738403579,0.08,6.169430650684952,6.553359375000063,45.16023075111843,0.08,6.204124571917825,6.5905062071918294,46.507829055804095,0,0,0,0,0,3
3732,19.0,2001,1.0,8.0,339.0,408.0,12,0.74,6.63,7.2,5.0,1.66,9.15,8.38,222.0,0.55,7.0,7.1,21.0,1,0,1,1,1,3
3733,4.0,2009,10.0,29.0,145.0,665.0,10,0.65,7.2,7.7,59.5,0.75,7.1,7.2,59.5,0.75,7.1,7.2,59.5,0,0,1,0,0,3
3734,14.0,2004,7.0,5.0,864.0,1318.0,11,0.64,4.65,5.55,1.0,0.53,5.45,5.75,8.0,0.53,5.45,5.75,8.0,0,0,0,0,0,3
3735,4.0,2008,5.0,91.0,679.0,531.0,11,0.07,7.4,7.4,0.0,0.12,7.4,7.4,0.0,0.04,4.0,4.0,0.0,0,0,0,0,0,3
3736,4.0,2006,7.0,1.0,865.0,119.0,8,0.17,6.2,6.3,197.0,0.17,6.2,6.3,197.0,1.87,8.1,7.65,197.0,1,0,0,0,0,3
3737,7.0,2004,1.0,15.0,103.0,102.0,1,0.88,5.0,6.6,19.0,0.94,6.95,7.65,29.0,0.24,8.0,7.0,1.0,0,0,0,0,0,3
3738,7.0,2003,1.0,9.0,102.0,126.0,11,0.05,7.45,8.0,12.0,0.27,8.35,7.6,0.0,0.16,8.4,6.3,0.0,0,0,1,0,0,3
3739,10.0,2011,4.0,1.0,190.0,540.0,1,1.78,7.0,7.5,76.0,0.54,7.0,7.3,171.0,1.42,6.0,6.7,7.0,1,0,0,0,0,3
3740,7.0,2006,2.0,5.0,186.0,1319.0,5,0.04,4.6,4.6,34.38205128205128,0.2,6.7,6.7,24.756410256410255,0.2,6.7,6.7,30.93717948717949,0,0,0,0,0,3
3741,13.0,2001,1.0,5.0,336.0,1320.0,5,0.27,6.95,8.12,6.5,0.44,6.95,8.12,6.5,0.27,6.95,8.12,6.5,0,0,0,0,0,3
3742,11.0,2016,9.0,20.0,234.0,1321.0,6,0.23,7.0,7.15,6.0,0.23,7.0,7.15,6.0,0.23,7.0,7.15,6.0,0,1,0,1,0,3
3743,5.0,2012,9.0,33.0,156.0,783.0,1,0.57,5.03,6.33,11.5,3.04,6.0,6.5,49.0,3.04,6.0,6.5,49.0,0,0,0,1,0,3
3744,16.0,1982,2.0,46.0,1.0,725.0,1,0.22,5.4,5.4,24.0,0.97,5.4,5.4,24.0,0.97,5.4,5.4,24.0,0,0,1,0,1,3
3745,4.0,2008,4.0,15.0,87.0,1322.0,5,0.07,3.3,2.5,1.0,0.27,7.3,7.6,50.0,0.27,7.3,7.6,50.0,0,0,1,0,0,3
3746,7.0,2003,2.0,24.0,866.0,169.0,11,1.95,5.63,6.62,77.5,0.11,6.6,7.2,77.5,0.69,7.7,7.6,80.0,0,0,0,0,0,3
3747,7.0,2003,10.0,4.0,393.0,1323.0,4,0.18,7.55,8.3,1.0,0.18,5.1,7.4,1.0,0.18,5.1,7.4,1.0,0,0,0,1,0,3
3748,1.0,2008,4.0,26.0,323.0,625.0,11,0.08,6.7,8.5,6.0,1.7,6.7,8.5,6.0,0.07,8.0,8.53,6.0,1,0,0,0,0,3
3749,19.0,2003,1.0,8.0,31.0,230.0,4,0.13,5.8,7.3,30.0,0.09,7.4,7.3,1.0,2.79,8.3,8.47,27.0,1,0,0,0,1,3
3750,7.0,2005,9.0,24.0,79.0,257.0,8,0.2,4.6,7.68,14.0,0.99,6.95,7.65,25.0,0.29,5.0,6.4,5.0,0,0,0,0,0,3
3751,15.0,2015,7.0,8.0,37.0,38.0,1,2.39,5.0,6.3,11.0,7.67,7.0,6.7,123.0,7.67,7.0,6.7,123.0,0,0,0,0,0,3
3752,24.0,1998,11.0,9.0,34.0,1293.0,1,0.11,9.0,9.0,24.0,0.49,9.0,9.0,24.0,0.55,9.0,9.0,24.0,0,0,1,0,0,3
3753,4.0,2009,5.0,144.0,846.0,1324.0,11,0.65,6.35,7.78,4.0,0.25,6.3,7.78,4.0,0.03,6.3,7.78,4.0,0,0,0,0,0,3
3754,7.0,2001,7.0,26.0,40.0,433.0,10,0.16,5.1,9.0,1.0,0.16,5.1,9.0,1.0,1.68,5.0,9.0,1.0,1,0,1,0,0,3
3755,13.0,1996,11.0,51.0,867.0,1325.0,1,1.05,6.074598214285714,6.518080357142857,51.629901960784316,0.28,6.105133928571427,6.627678571428572,32.81127450980392,0.28,6.240669642857141,6.645223214285716,43.85294117647059,1,0,0,0,0,3
3756,7.0,2005,1.0,8.0,45.0,1326.0,10,0.68,5.5,6.8,22.0,4.21,5.5,6.95,22.0,4.21,5.5,6.95,22.0,0,0,1,0,0,3
3757,1.0,2008,9.0,29.0,547.0,392.0,10,0.57,3.0,4.7,2.0,0.49,3.0,6.7,2.0,0.58,3.0,3.5,2.0,0,0,0,0,0,3
3758,7.0,2004,6.0,4.0,868.0,1327.0,1,1.27,5.0,4.0,1.0,1.27,5.0,4.0,1.0,1.27,5.0,4.0,1.0,0,0,0,0,0,3
3759,6.0,2013,4.0,134.0,777.0,1328.0,8,0.07,5.7,6.3,298.0,0.61,8.05,8.15,298.0,0.61,8.05,8.15,298.0,0,0,0,1,0,3
3760,17.0,2010,4.0,17.0,57.0,1043.0,2,0.02,6.2,7.1,13.0,2.11,6.2,7.1,13.0,0.41,8.5,9.15,5.5,0,0,1,0,0,3
3761,7.0,2003,9.0,22.0,425.0,773.0,1,1.26,6.8,7.35,21.0,0.19,6.8,7.35,21.0,0.19,6.8,7.35,21.0,1,0,0,0,0,3
3762,9.0,2004,6.0,165.0,298.0,392.0,1,0.95,7.1,5.7,1.0,0.95,7.1,5.7,1.0,0.95,7.1,5.7,1.0,0,0,0,0,0,3
3763,7.0,2004,1.0,8.0,45.0,1329.0,11,0.62,5.6,7.25,13.0,6.9,7.23,7.6,130.5,6.9,7.23,7.6,130.5,0,0,1,0,0,3
3764,13.0,2000,3.0,8.0,619.0,151.0,11,0.92,6.1,6.15,11.0,0.92,6.1,6.15,11.0,1.55,8.1,6.75,11.0,0,0,0,0,0,3
3765,7.0,2004,7.0,114.0,355.0,477.0,9,0.04,6.75,8.4,44.0,0.06,5.5,7.3,44.0,0.08,6.2,8.1,44.0,0,0,0,0,0,3
3766,14.0,2004,6.0,9.0,869.0,1330.0,1,0.16,8.3,8.5,47.43754583231484,0.16,8.3,8.5,46.20019555120997,0.16,8.3,8.5,48.87949156685407,0,0,0,0,0,3
3767,4.0,2006,4.0,9.0,206.0,1331.0,3,0.13,4.8,7.1,15.0,0.02,4.8,10.0,1.0,0.02,4.8,10.0,1.0,1,0,0,0,1,3
3768,4.0,2009,8.0,8.0,31.0,137.0,1,0.76,5.4,7.1,28.0,0.01,5.4,7.1,28.0,1.58,6.27,6.1,28.0,0,0,0,0,0,3
3769,7.0,2003,1.0,40.0,210.0,913.0,3,0.03,5.0,9.0,46.11504800747727,0.06,7.0,9.0,45.224657999830065,0.2,7.9,6.2,46.5193304443878,0,0,0,0,0,3
3770,13.0,1999,2.0,22.0,870.0,1332.0,1,0.61,5.0,5.5,36.0,0.61,5.0,5.5,36.0,0.61,5.0,5.5,36.0,1,0,0,0,0,3
3771,7.0,2008,3.0,8.0,68.0,472.0,6,1.46,8.1,7.6,197.0,0.12,4.5,4.0,2.0,0.24,5.6,7.9,2.0,0,0,1,0,0,3
3772,14.0,2004,1.0,40.0,210.0,502.0,10,0.76,7.05,8.05,5.0,1.66,7.6,8.25,3.5,0.05,7.1,6.6,3.5,0,0,0,1,0,3
3773,13.0,1996,6.0,4.0,184.0,230.0,1,0.92,7.3,7.3,18.0,0.24,7.3,7.3,18.0,0.24,7.3,7.3,18.0,0,0,0,0,0,3
3774,20.0,2015,9.0,20.0,234.0,824.0,6,0.63,7.25,7.35,13.0,0.63,7.25,7.35,13.0,0.63,7.25,7.35,13.0,0,0,0,0,0,3
3775,5.0,2011,6.0,20.0,551.0,1333.0,10,5.53,9.03,8.8,909.5,0.98,7.6,7.45,138.0,0.11,7.6,7.45,138.0,0,0,0,0,0,3
3776,8.0,1993,1.0,69.0,132.0,1334.0,1,0.57,4.0,5.6,13.0,1.93,8.5,8.05,36.0,1.93,8.5,8.05,36.0,0,0,0,0,0,3
3777,8.0,1994,12.0,49.0,524.0,1335.0,1,0.62,6.060073064770927,6.419377962085287,50.71839204668252,0.29,6.1445201421800935,6.542274881516566,48.91938621136806,0.25,6.189670221169031,6.580169826224309,49.949751458828615,1,0,0,0,0,3
3778,8.0,1993,1.0,49.0,871.0,1336.0,1,0.29,6.031933001358078,6.3974558623811495,47.68694362017804,0.29,6.124495246717962,6.522283838841079,46.41444114737883,0.29,6.171109099139873,6.561172476233574,49.107195845697326,0,0,0,0,0,3
3779,14.0,2005,9.0,6.0,265.0,341.0,11,0.09,5.85,6.55,2.0,0.07,8.7,8.5,2.0,0.69,8.7,8.5,2.0,0,0,1,1,1,3
3780,6.0,2010,6.0,4.0,299.0,373.0,11,0.69,8.5,8.05,64.0,0.99,6.83,6.88,39.0,0.09,6.83,6.88,39.0,1,0,0,0,0,3
3781,20.0,2015,2.0,1.0,44.0,81.0,2,0.01,6.0,6.2,11.0,0.68,8.2,8.8,11.0,0.68,8.2,8.8,11.0,1,0,0,0,0,3
3782,14.0,2005,3.0,8.0,170.0,238.0,9,0.59,7.44,6.4,10.0,0.9,8.5,8.37,106.0,0.9,8.5,8.37,106.0,1,0,0,1,1,3
3783,17.0,2011,1.0,8.0,45.0,31.0,9,0.7,8.2,7.6,27.0,4.19,7.92,7.75,412.5,4.19,7.92,7.75,412.5,1,1,1,1,0,3
3784,14.0,2005,7.0,8.0,46.0,49.0,6,0.21,6.7,7.7,13.0,0.36,4.5,5.25,13.0,1.88,5.0,7.0,8.0,1,0,1,1,0,3
3785,15.0,2011,9.0,20.0,63.0,71.0,10,4.76,8.97,8.75,731.5,5.53,9.03,8.8,909.5,5.53,9.03,8.8,909.5,1,0,0,1,0,3
3786,7.0,2004,2.0,8.0,280.0,669.0,10,2.59,7.58,7.75,19.0,0.18,5.9,8.25,3.0,0.27,5.95,7.9,3.0,0,0,0,0,0,3
3787,14.0,2002,9.0,21.0,864.0,169.0,9,0.59,5.6,6.6,16.0,0.59,5.6,6.6,16.0,0.59,5.6,6.6,16.0,0,0,0,0,0,3
3788,7.0,2005,1.0,4.0,872.0,1163.0,11,0.04,6.3,7.8,44.6111833550065,0.22,7.2,5.4,34.02925877763329,0.26,5.8,7.8,39.31014304291288,0,0,0,0,1,3
3789,20.0,2012,3.0,9.0,169.0,62.0,11,0.63,7.57,8.0,112.5,0.63,7.57,8.0,112.5,0.63,7.57,8.0,112.5,0,1,0,0,0,3
3790,12.0,2000,9.0,5.0,186.0,158.0,9,4.68,8.4,7.45,48.0,4.68,8.4,7.45,48.0,0.93,8.4,7.45,48.0,0,0,0,1,0,3
3791,1.0,2008,8.0,12.0,873.0,1337.0,9,0.09,7.37,7.42,18.5,0.09,7.37,7.42,18.5,0.09,7.37,7.42,18.5,0,0,0,0,0,3
3792,17.0,2007,7.0,6.0,448.0,356.0,8,0.04,5.03,6.55,2.0,0.05,5.03,6.55,2.0,1.02,7.8,7.25,41.0,1,0,0,1,0,3
3793,19.0,2004,4.0,5.0,212.0,357.0,9,0.75,6.9,6.0,136.5,0.04,7.53,8.18,136.5,0.04,7.53,8.18,136.5,1,0,0,0,0,3
3794,1.0,2010,11.0,33.0,810.0,1338.0,3,0.13,4.5,6.13,16.0,0.4,3.0,6.3,5.0,0.4,3.0,6.3,5.0,0,0,0,0,0,3
3795,4.0,2010,8.0,8.0,874.0,804.0,1,0.95,7.15,6.9,37.0,0.95,7.15,6.9,37.0,0.26,7.15,6.9,37.0,0,0,1,0,0,3
3796,13.0,1997,12.0,10.0,215.0,1209.0,1,1.35,7.0,8.0,3.0,1.22,7.0,8.0,3.0,0.24,7.0,8.0,3.0,1,0,0,0,0,3
3797,6.0,2011,7.0,8.0,49.0,785.0,2,0.12,5.0,6.0,1.0,0.47,8.07,7.6,62.5,0.47,8.07,7.6,62.5,0,0,0,1,0,3
3798,5.0,2009,7.0,20.0,162.0,1299.0,2,0.17,7.33,3.3,3.0,0.63,7.33,7.5,82.0,0.09,5.3,6.4,8.0,0,0,0,1,0,3
3799,5.0,2010,1.0,8.0,27.0,454.0,7,0.84,8.5,7.75,1.0,0.84,7.38,6.65,4.0,0.84,7.38,6.65,4.0,0,0,1,1,1,3
3800,6.0,2007,3.0,29.0,337.0,483.0,8,0.67,5.75,6.35,14.0,0.03,5.1,5.5,8.0,0.04,6.73,7.02,9.5,0,0,0,0,0,3
3801,4.0,2007,6.0,52.0,875.0,1304.0,11,0.05,7.55,7.45,35.0,0.14,7.55,7.45,35.0,0.14,7.55,7.45,35.0,0,0,0,0,0,3
3802,17.0,2009,3.0,36.0,169.0,159.0,11,0.05,6.87,5.83,91.0,0.33,6.17,5.97,38.0,3.41,6.0,6.7,3.0,0,0,0,0,0,3
3803,7.0,2001,9.0,3.0,136.0,1339.0,1,0.25,3.3,3.6,7.0,0.11,3.3,5.7,7.0,0.11,3.3,5.7,7.0,1,0,0,0,0,3
3804,19.0,2002,9.0,8.0,80.0,94.0,12,0.01,7.35,7.4,34.0,4.67,8.2,8.1,34.0,4.67,8.2,8.1,34.0,0,0,0,0,0,3
3805,7.0,2005,3.0,29.0,760.0,1148.0,6,0.13,5.9,6.9,3.0,0.13,5.9,6.9,3.0,0.13,5.9,6.9,3.0,0,0,0,0,0,3
3806,7.0,2005,9.0,3.0,136.0,1340.0,10,0.21,7.65,8.25,1.0,0.53,7.47,6.22,34.5,0.53,7.47,6.22,34.5,0,0,0,0,0,3
3807,23.0,2013,9.0,20.0,876.0,71.0,10,2.39,7.53,7.62,257.5,2.39,7.53,7.62,257.5,2.39,7.53,7.62,257.5,1,0,0,1,0,3
3808,8.0,1994,1.0,26.0,40.0,1067.0,1,0.27,5.0,5.0,1.0,0.46,5.0,5.0,1.0,0.69,5.0,5.0,1.0,0,0,1,0,0,3
3809,1.0,2008,9.0,3.0,448.0,1220.0,2,0.57,6.2,6.0,1.0,0.09,6.2,8.4,1.0,0.17,6.0,5.0,1.0,0,0,0,0,0,3
3810,6.0,2013,7.0,5.0,204.0,942.0,3,1.67,8.53,8.1,713.0,1.78,5.25,4.55,4.0,0.18,9.0,8.2,428.0,0,0,0,0,0,3
3811,4.0,2009,5.0,1.0,44.0,1341.0,5,2.25,7.2,8.15,53.0,2.96,7.8,8.0,32.0,2.96,7.8,8.0,32.0,0,0,0,0,0,3
3812,18.0,2014,6.0,6.0,19.0,23.0,10,0.75,7.5,6.82,5.5,0.75,7.5,6.82,5.5,0.75,7.5,6.82,5.5,1,1,1,1,0,3
3813,17.0,2007,9.0,15.0,460.0,470.0,11,0.01,7.18,6.38,83.5,0.4,5.2,6.65,1.0,0.51,7.2,7.62,87.5,1,0,0,0,0,3
3814,12.0,1999,3.0,8.0,350.0,472.0,1,0.63,7.2,7.2,13.0,0.11,6.4,6.4,15.0,0.98,6.3,6.3,3.0,0,0,0,0,0,3
3815,12.0,1996,1.0,1.0,877.0,1342.0,1,0.82,6.9,6.9,24.0,0.82,6.9,6.9,24.0,0.82,6.9,6.9,24.0,0,0,0,0,0,3
3816,13.0,2000,6.0,164.0,862.0,1315.0,1,0.54,6.080184531886015,6.4249240162822545,49.17336199229173,0.54,6.164715061058349,6.539900949796512,47.802772013044766,0.54,6.208497964721839,6.582871099050231,49.20360213459828,0,0,0,0,0,3
3817,7.0,2003,7.0,5.0,878.0,473.0,5,0.12,5.6,5.7,4.0,0.12,5.6,5.7,4.0,0.17,6.23,7.65,25.5,0,0,0,0,0,3
3818,9.0,2005,1.0,1.0,231.0,1343.0,12,1.61,7.3,7.55,66.0,0.45,8.2,8.55,6.0,0.45,8.2,8.55,6.0,1,1,0,0,0,3
3819,22.0,1999,8.0,9.0,879.0,1344.0,8,0.09,4.0,5.7,11.0,0.09,4.0,5.7,11.0,0.09,4.0,5.7,11.0,0,0,0,0,0,3
3820,4.0,2008,9.0,20.0,77.0,772.0,11,0.06,7.0,7.3,69.0,3.15,6.6,7.4,69.0,3.15,6.6,7.4,69.0,0,0,0,0,0,3
3821,13.0,1999,11.0,15.0,243.0,1345.0,1,0.96,6.5,6.5,4.0,0.23,6.0,6.0,1.0,0.23,6.0,6.0,1.0,0,0,0,0,0,3
3822,1.0,2006,3.0,6.0,495.0,1346.0,11,1.44,7.6,7.7,8.0,0.24,6.0,5.97,8.0,0.11,7.7,6.2,8.0,0,0,0,0,1,3
3823,7.0,2006,4.0,26.0,40.0,625.0,1,0.07,3.5,5.6,45.5,0.57,7.77,8.28,45.5,0.27,8.5,8.0,77.0,1,0,1,0,0,3
3824,4.0,2008,4.0,33.0,288.0,991.0,10,1.54,7.77,7.8,64.0,0.86,7.77,8.55,64.0,0.75,5.15,7.05,7.0,0,0,0,0,0,3
3825,4.0,2009,6.0,6.0,19.0,1347.0,6,0.02,2.8,4.35,1.0,0.08,2.8,4.35,1.0,0.08,2.8,4.35,1.0,0,0,1,0,0,3
3826,1.0,2009,10.0,1.0,880.0,637.0,1,1.42,6.0,6.7,7.0,0.1,7.0,7.0,11.0,0.59,7.0,7.45,21.0,0,0,0,0,0,3
3827,17.0,2006,10.0,8.0,333.0,437.0,3,1.47,7.98,8.47,42.5,1.56,7.91,8.0,18.5,1.56,7.91,8.0,18.5,1,0,1,0,1,3
3828,7.0,2007,9.0,9.0,146.0,1201.0,12,0.6,4.15,5.75,3.0,0.31,5.65,6.4,12.0,0.6,4.15,5.75,3.0,0,0,0,0,0,3
3829,13.0,2001,4.0,55.0,111.0,1348.0,6,0.45,6.7,8.7,3.0,0.13,6.7,6.6,15.0,0.13,6.7,6.6,15.0,1,1,0,0,0,3
3830,5.0,2007,1.0,8.0,45.0,247.0,10,0.64,6.66,6.67,25.5,0.72,6.49,4.73,7.0,0.72,6.49,4.73,7.0,1,0,1,0,1,3
3831,13.0,2001,7.0,4.0,593.0,213.0,11,0.32,7.7,8.3,49.86247139588101,0.32,7.7,8.3,48.43188405797101,0.32,7.7,8.3,49.87780320366133,1,0,0,0,0,3
3832,4.0,2009,7.0,18.0,399.0,962.0,11,0.03,3.8,4.9,3.0,0.33,5.67,5.95,9.5,0.33,5.67,5.95,9.5,0,0,0,0,0,3
3833,7.0,2002,9.0,15.0,54.0,61.0,3,2.99,9.3,8.4,72.0,0.75,7.4,7.05,72.0,6.05,9.37,8.58,182.5,1,1,0,0,0,3
3834,7.0,2005,5.0,8.0,40.0,1019.0,9,0.58,7.52,8.05,11.0,1.46,7.6,8.4,11.0,0.73,7.8,8.45,7.0,0,0,1,0,0,3
3835,14.0,2002,1.0,8.0,27.0,378.0,7,0.03,7.2,7.8,46.050303078013066,0.03,7.2,7.8,45.954538298039836,0.31,5.2,6.5,47.137605290088956,1,0,1,0,0,3
3836,6.0,2008,9.0,166.0,269.0,1349.0,3,0.0,0.0,0.0,0.0,0.14,7.0,6.0,2.0,0.08,4.9,7.0,3.0,0,0,0,0,0,3
3837,6.0,2008,1.0,8.0,45.0,247.0,10,0.6,5.6,6.05,3.0,0.9,8.0,7.85,83.0,0.18,5.96,5.95,4.5,1,0,1,0,1,3
3838,6.0,2011,4.0,77.0,881.0,1350.0,1,0.65,6.85,7.05,5.0,0.65,6.85,7.05,5.0,0.65,6.85,7.05,5.0,0,0,0,0,1,3
3839,13.0,2000,10.0,40.0,330.0,739.0,11,0.16,7.0,8.28,7.0,0.16,7.0,8.28,7.0,0.59,8.0,6.8,18.0,0,0,0,0,1,3
3840,2.0,1993,2.0,13.0,51.0,500.0,1,1.75,5.0,6.7,17.0,1.02,5.0,6.7,17.0,0.28,5.0,8.3,66.0,1,0,1,0,0,3
3841,13.0,1999,9.0,53.0,882.0,670.0,1,0.04,6.55,6.63,8.5,0.04,6.55,6.63,8.5,1.17,6.55,6.63,8.5,0,0,0,0,0,3
3842,10.0,2014,4.0,17.0,106.0,25.0,1,0.72,5.45,7.6,62.0,0.35,5.45,6.9,2.0,1.12,8.0,7.6,31.0,1,1,0,0,0,3
3843,13.0,1998,10.0,13.0,51.0,1351.0,1,0.06,7.0,8.0,7.0,5.82,6.95,8.7,235.0,5.82,6.95,8.7,235.0,1,0,1,0,0,3
3844,1.0,2008,9.0,3.0,136.0,743.0,3,0.04,4.9,5.0,1.0,0.54,4.9,6.5,13.5,0.54,4.9,6.5,13.5,0,0,0,0,0,3
3845,5.0,2009,8.0,12.0,703.0,1059.0,9,0.26,4.75,5.5,11.0,0.14,4.75,5.47,11.0,0.04,8.6,8.35,2.0,1,0,0,0,0,3
3846,23.0,2012,9.0,4.0,883.0,816.0,11,0.96,6.8,7.05,160.0,0.96,6.8,7.05,160.0,0.96,6.8,7.05,160.0,0,0,0,1,0,3
3847,6.0,2007,9.0,29.0,70.0,613.0,8,0.64,7.5,7.17,34.0,0.85,5.75,6.5,13.0,0.85,5.75,6.5,13.0,0,0,0,0,0,3
3848,1.0,2010,6.0,33.0,609.0,1352.0,10,0.31,7.2,7.2,49.885309852875615,0.17,7.2,7.2,48.07779759251003,0.17,7.2,7.2,49.565425769059296,0,0,0,0,1,3
3849,6.0,2008,9.0,5.0,139.0,191.0,6,0.79,6.03,6.77,9.5,1.86,6.37,6.58,14.5,0.92,6.0,6.35,20.0,0,0,0,0,0,3
3850,7.0,2000,1.0,8.0,884.0,1353.0,10,0.97,8.3,8.05,14.0,0.02,8.3,8.05,14.0,0.02,8.3,8.05,14.0,0,0,0,0,1,3
3851,7.0,2003,1.0,9.0,34.0,1302.0,1,1.6,7.2,7.9,47.685338686698614,0.55,7.2,7.9,46.47707550835384,0.36,7.2,7.9,47.855459137417434,0,0,1,0,0,3
3852,7.0,2006,9.0,22.0,425.0,76.0,4,0.17,4.1,7.3,4.0,0.11,6.78,6.25,4.0,0.14,6.6,7.15,1.0,1,1,0,1,1,3
3853,1.0,2007,9.0,29.0,70.0,613.0,8,0.53,7.53,6.83,18.0,0.67,5.75,6.35,14.0,0.67,5.75,6.35,14.0,0,0,0,0,0,3
3854,7.0,2003,7.0,8.0,165.0,1354.0,9,0.97,8.17,8.02,9.0,2.96,8.33,8.25,76.5,2.96,8.33,8.25,76.5,0,0,0,0,0,3
3855,14.0,2005,7.0,5.0,73.0,668.0,11,1.12,7.8,5.55,9.0,0.32,6.83,6.85,23.0,0.32,6.83,6.85,23.0,0,0,1,0,1,3
3856,9.0,2005,11.0,33.0,284.0,985.0,8,0.06,5.95,5.2,8.0,0.41,5.5,7.5,0.0,0.76,3.9,7.6,0.0,0,0,0,0,0,3
3857,6.0,2007,9.0,4.0,244.0,1355.0,8,0.68,8.2,8.1,45.82505399568034,1.9,9.0,8.6,44.64352566080428,1.9,9.0,8.6,45.60989406561761,0,0,0,0,0,3
3858,6.0,2006,1.0,8.0,68.0,77.0,9,1.8,7.5,7.17,2.5,1.8,7.5,7.17,2.5,1.8,7.5,7.17,2.5,1,1,1,1,1,3
3859,7.0,2005,9.0,29.0,157.0,257.0,3,0.17,5.57,7.7,0.0,0.21,7.3,7.7,4.0,0.28,4.55,5.85,2.0,0,0,0,0,0,3
3860,13.0,1999,12.0,10.0,215.0,1209.0,1,1.11,6.0,7.4,30.0,1.11,6.0,7.4,30.0,0.53,6.0,5.5,2.0,1,0,0,0,0,3
3861,4.0,2006,6.0,1.0,885.0,1356.0,1,1.71,6.057909446618223,6.454225824482941,48.764652014652015,1.71,6.140609278926769,6.574768026830625,40.60225885225885,1.71,6.179580771380661,6.604046953605371,45.93101343101343,0,0,0,0,0,3
3862,7.0,2005,1.0,8.0,45.0,408.0,10,0.56,7.5,7.3,9.0,0.68,5.5,6.8,22.0,0.38,9.2,8.7,22.0,1,0,1,1,1,3
3863,9.0,2002,1.0,5.0,82.0,86.0,11,1.42,5.9,7.9,0.0,0.02,4.0,7.9,0.0,3.67,8.63,7.8,41.5,1,0,1,1,1,3
3864,9.0,2004,9.0,8.0,187.0,135.0,5,0.03,7.7,7.5,11.0,0.56,7.35,7.65,80.0,0.08,5.6,7.2,40.0,0,0,0,0,0,3
3865,4.0,2007,6.0,6.0,886.0,571.0,11,0.58,2.0,4.0,1.0,0.58,2.0,4.0,1.0,0.58,2.0,4.0,1.0,1,0,0,0,0,3
3866,13.0,1999,7.0,4.0,8.0,1357.0,1,0.67,8.3,6.8,8.0,10.95,8.3,7.85,38.0,10.95,8.3,7.85,38.0,0,0,1,0,0,3
3867,15.0,2006,8.0,8.0,108.0,1358.0,2,1.25,6.8,7.88,130.5,0.02,6.8,7.15,1.0,0.02,6.8,7.15,1.0,0,0,0,1,0,3
3868,4.0,2008,9.0,9.0,284.0,257.0,5,0.57,4.33,4.47,25.5,0.59,4.3,4.82,12.5,0.57,4.33,4.47,25.5,0,0,0,0,0,3
3869,14.0,2002,1.0,9.0,887.0,575.0,1,0.15,8.65,9.1,175.0,0.15,8.65,9.1,175.0,1.09,9.7,8.05,1.0,1,0,0,1,1,3
3870,13.0,2001,1.0,8.0,45.0,247.0,10,1.2,8.57,8.3,15.0,2.31,8.6,8.5,15.0,0.44,7.5,7.78,10.5,1,0,1,0,1,3
3871,7.0,2002,6.0,4.0,888.0,1359.0,1,0.38,5.1,5.5,43.711032388663966,0.38,5.1,5.5,37.134362348178136,0.38,5.1,5.5,42.425607287449395,0,0,0,0,0,3
3872,1.0,2007,6.0,6.0,19.0,530.0,11,0.56,2.0,4.0,1.0,0.58,2.0,4.0,1.0,1.45,7.1,6.9,1.0,0,0,1,0,0,3
3873,7.0,2002,9.0,22.0,269.0,1349.0,5,0.21,8.55,8.9,144.0,1.99,8.7,8.35,31.0,1.99,8.7,8.35,31.0,0,0,0,0,0,3
3874,15.0,2009,4.0,8.0,154.0,251.0,11,0.85,5.47,6.8,35.0,2.57,8.09,8.02,265.0,2.57,8.09,8.02,265.0,1,0,0,0,0,3
3875,5.0,2013,10.0,26.0,385.0,637.0,3,0.54,7.13,7.5,235.0,0.45,7.13,7.22,235.0,0.15,6.55,6.0,235.0,0,0,0,0,0,3
3876,7.0,2001,6.0,4.0,91.0,37.0,9,0.33,8.05,7.9,10.0,0.16,8.0,8.15,101.0,0.44,8.0,7.0,1.0,1,0,0,0,0,3
3877,18.0,2014,9.0,20.0,234.0,573.0,2,0.67,7.1,6.6,20.0,0.67,7.1,6.6,20.0,0.67,7.1,6.6,20.0,0,0,0,0,0,3
3878,17.0,2010,4.0,17.0,889.0,321.0,3,1.78,7.6,7.45,470.0,1.78,7.6,7.45,470.0,2.1,8.1,8.5,46.0,0,0,0,1,0,3
3879,6.0,2010,9.0,6.0,890.0,298.0,1,0.78,7.26,1.0,1.0,0.78,7.26,1.0,1.0,1.01,7.26,7.02,297.5,1,0,0,0,1,3
3880,13.0,1996,1.0,15.0,87.0,1360.0,1,0.05,7.5,7.5,6.0,0.06,7.3,7.3,4.0,0.06,7.3,7.3,4.0,0,0,1,0,0,3
3881,4.0,2009,5.0,6.0,19.0,1361.0,10,0.09,6.2,5.55,4.0,0.1,6.2,5.55,4.0,0.1,6.2,5.55,4.0,0,0,1,0,0,3
3882,7.0,2002,3.0,167.0,891.0,1362.0,1,0.04,4.5,4.95,6.5,0.04,4.5,4.95,6.5,0.04,4.5,4.95,6.5,0,0,0,0,0,3
3883,15.0,2015,12.0,5.0,52.0,92.0,11,0.06,2.75,3.55,1.0,1.74,8.5,7.6,207.5,4.83,9.15,8.35,269.0,1,0,0,0,0,3
3884,5.0,2012,1.0,8.0,31.0,454.0,3,0.72,7.73,7.02,127.5,0.62,7.9,7.2,127.5,0.37,7.33,6.8,1.5,0,0,0,0,1,3
3885,17.0,2009,10.0,26.0,323.0,336.0,9,0.45,8.0,7.7,78.5,0.22,7.0,7.4,99.0,1.59,8.5,7.77,250.5,1,0,0,0,0,3
3886,5.0,2009,9.0,8.0,116.0,1363.0,12,0.32,7.5,7.0,45.496519612454144,0.64,5.5,7.0,44.671996989935096,0.64,5.5,7.0,45.642884018436646,0,0,0,0,0,3
3887,11.0,2014,4.0,17.0,473.0,1364.0,10,0.06,5.8,6.83,69.0,0.22,4.73,6.2,22.5,0.22,4.73,6.2,22.5,0,0,0,1,0,3
3888,1.0,2009,1.0,15.0,87.0,102.0,10,0.81,7.17,6.83,142.5,0.81,7.17,6.83,142.5,0.81,7.17,6.83,142.5,0,1,1,1,0,3
3889,5.0,2011,7.0,5.0,131.0,937.0,11,0.8,7.23,6.63,94.0,0.57,5.03,6.33,11.5,0.57,5.03,6.33,11.5,0,0,0,1,0,3
3890,4.0,2008,6.0,1.0,1.0,1365.0,1,0.56,9.4,9.02,1029.0,11.52,9.4,9.02,1029.0,0.19,7.0,7.5,4.0,0,0,1,0,0,3
3891,19.0,2003,1.0,8.0,68.0,77.0,8,0.08,5.2,7.0,0.0,0.71,8.6,7.65,1.0,0.61,8.03,8.15,0.5,1,1,1,1,0,3
3892,7.0,2003,1.0,15.0,87.0,1366.0,1,0.08,6.1012652384897565,6.454888152444128,47.685338686698614,0.08,6.1868883891584945,6.56346904959172,46.47707550835384,0.08,6.225610131376502,6.600911350455717,47.855459137417434,0,0,1,0,0,3
3893,7.0,2000,4.0,29.0,157.0,1367.0,6,0.07,6.114744396065153,6.479843573617211,45.977839702760086,0.07,6.202151265924871,6.5803789711337375,45.177547770700635,0.07,6.235394291243367,6.623435736171611,46.42011677282378,0,0,0,0,1,3
3894,13.0,1997,1.0,120.0,892.0,1368.0,1,0.83,6.042070079121586,6.394020668496688,49.29562687356727,0.83,6.127673179396085,6.510931697077347,47.72615059072474,0.83,6.172315517519764,6.551114161149683,49.20948686298713,0,0,0,0,0,3
3895,17.0,2006,1.0,8.0,27.0,247.0,10,1.3,6.1,5.93,18.5,0.03,6.92,6.6,5.0,0.06,5.45,5.45,4.0,1,0,1,0,1,3
3896,1.0,2008,1.0,9.0,360.0,1369.0,8,0.24,5.0,7.0,1.0,0.14,4.95,5.25,2.0,0.17,6.8,5.25,2.0,0,0,0,0,0,3
3897,1.0,2007,12.0,1.0,3.0,345.0,11,9.02,7.1,7.35,28.0,0.33,7.8,7.4,4.0,0.89,8.0,8.4,97.0,1,0,1,0,0,3
3898,17.0,2004,9.0,49.0,524.0,320.0,3,0.14,8.37,7.95,32.0,0.04,8.37,7.95,32.0,0.16,7.25,8.2,20.0,1,0,0,1,1,3
3899,9.0,2005,6.0,29.0,377.0,1370.0,10,0.07,6.25,8.6,0.0,0.05,6.8,8.6,0.0,0.05,6.8,8.6,0.0,0,0,0,0,0,3
3900,5.0,2009,10.0,26.0,161.0,188.0,11,0.15,5.5,5.9,4.0,0.01,5.5,5.9,4.0,0.2,5.25,6.75,16.0,0,0,0,0,0,3
3901,12.0,1999,6.0,29.0,893.0,1371.0,1,1.48,8.0,8.0,1.0,1.48,8.0,8.0,1.0,1.48,8.0,8.0,1.0,0,0,0,0,0,3
3902,2.0,1985,2.0,1.0,1.0,1372.0,1,1.32,3.0,5.0,5.0,1.5,3.0,5.9,12.0,1.5,3.0,5.9,12.0,0,0,1,0,1,3
3903,12.0,1999,1.0,15.0,87.0,978.0,1,0.81,8.2,9.05,59.0,0.68,8.2,9.05,59.0,0.76,9.2,8.3,22.0,1,0,1,0,1,3
3904,5.0,2010,1.0,3.0,102.0,1028.0,3,1.55,8.27,8.1,484.0,0.39,7.75,8.12,14.0,0.17,7.75,6.3,14.0,0,0,1,0,0,3
3905,4.0,2009,9.0,5.0,187.0,1373.0,3,0.29,5.17,6.67,6.0,0.1,6.35,6.5,15.0,0.1,6.35,6.5,15.0,0,0,0,0,0,3
3906,6.0,2010,7.0,5.0,89.0,624.0,1,1.86,7.0,6.6,75.0,0.39,6.5,6.85,30.0,0.02,5.0,4.5,2.0,0,0,0,0,0,3
3907,1.0,2006,2.0,29.0,390.0,392.0,11,2.58,7.5,7.98,39.5,0.33,6.2,7.5,39.5,0.3,5.9,7.6,39.5,0,0,0,0,0,3
3908,6.0,2008,9.0,6.0,62.0,1224.0,2,0.59,4.75,5.55,18.0,4.83,8.03,7.5,1014.0,4.83,8.03,7.5,1014.0,0,0,1,0,0,3
3909,14.0,2003,1.0,8.0,27.0,247.0,10,1.67,8.6,8.58,96.0,0.16,8.9,7.1,96.0,0.3,8.2,8.2,96.0,1,0,1,0,1,3
3910,13.0,1996,12.0,58.0,643.0,939.0,1,0.03,7.5,7.5,2.0,0.04,7.5,7.5,2.0,0.38,7.0,7.0,1.0,0,0,0,0,0,3
3911,9.0,2002,2.0,29.0,98.0,1115.0,11,1.5,6.63,6.85,39.0,0.35,6.8,6.85,39.0,0.35,6.8,6.85,39.0,0,0,0,0,0,3
3912,5.0,2006,10.0,29.0,145.0,249.0,11,0.67,7.43,7.75,11.0,2.58,7.5,7.98,39.5,2.58,7.5,7.98,39.5,0,0,1,0,0,3
3913,7.0,2006,8.0,26.0,40.0,181.0,4,0.03,5.7,7.2,19.0,0.02,5.7,7.2,19.0,0.83,5.7,7.2,19.0,1,0,1,0,0,3
3914,6.0,2010,12.0,6.0,894.0,1374.0,9,0.87,7.0,5.3,4.0,0.13,7.0,7.3,4.0,0.13,7.0,7.3,4.0,0,0,0,0,0,3
3915,6.0,2008,4.0,17.0,819.0,1239.0,2,0.02,8.0,8.0,24.0,0.03,8.0,8.0,24.0,0.33,7.97,7.25,29.5,1,0,0,0,0,3
3916,17.0,2007,3.0,11.0,427.0,563.0,9,0.1,5.9,7.6,24.0,0.5,4.17,6.15,24.0,0.23,5.77,7.48,7.5,1,0,0,1,0,3
3917,20.0,2015,9.0,20.0,60.0,488.0,9,0.56,8.5,6.85,4.0,1.22,8.05,7.55,52.5,0.56,8.5,6.85,4.0,0,0,1,0,0,3
3918,4.0,2007,5.0,1.0,288.0,8.0,7,0.23,4.9,4.8,1.0,0.75,5.15,7.05,7.0,22.72,8.0,6.9,52.0,0,0,0,0,0,3
3919,17.0,2007,4.0,17.0,215.0,25.0,1,1.78,6.25,7.2,10.0,0.27,6.25,8.5,10.0,2.12,7.73,7.65,283.5,1,1,0,0,0,3
3920,7.0,2006,1.0,8.0,27.0,651.0,9,0.72,7.3,7.4,3.5,0.37,7.5,7.9,3.5,0.25,7.33,7.7,2.0,1,0,1,0,0,3
3921,17.0,2009,9.0,8.0,387.0,135.0,6,0.63,4.4,4.55,4.0,0.64,4.0,4.8,4.0,0.64,4.0,4.8,4.0,0,0,1,0,0,3
3922,18.0,2016,9.0,2.0,411.0,1375.0,4,1.74,8.4,8.08,74.5,1.35,8.1,8.23,848.0,1.35,8.1,8.23,848.0,0,0,0,1,0,3
3923,1.0,2010,9.0,3.0,102.0,126.0,10,1.15,8.0,8.15,1798.5,2.09,8.63,8.55,100.0,2.09,8.63,8.55,100.0,1,0,1,0,1,3
3924,14.0,2004,6.0,68.0,561.0,430.0,11,0.05,5.05,7.3,84.0,0.28,5.05,8.3,84.0,0.95,6.0,7.9,84.0,0,0,0,0,0,3
3925,7.0,2007,1.0,3.0,368.0,1376.0,6,0.18,8.1,7.1,45.848692033293695,0.18,8.1,7.1,44.92196789536266,0.18,8.1,7.1,45.84106222750694,0,0,0,0,0,3
3926,26.0,2000,4.0,10.0,129.0,25.0,1,0.58,6.95,7.95,58.0,0.58,6.95,7.95,58.0,0.58,6.95,7.95,58.0,1,1,0,0,0,3
3927,5.0,2006,3.0,8.0,170.0,238.0,9,0.52,7.37,6.52,3.5,1.25,6.8,7.88,130.5,0.53,8.45,8.1,67.0,1,0,0,1,1,3
3928,11.0,2015,9.0,8.0,68.0,1377.0,7,0.14,6.87,5.35,117.0,1.07,6.35,6.0,117.0,0.29,6.35,5.0,1.0,0,0,1,0,0,3
3929,15.0,2008,8.0,144.0,895.0,1378.0,10,0.03,6.102638001824813,6.459495894160645,47.32791802049488,0.03,6.191270529197094,6.566937728102246,45.973319170207446,0.03,6.229014598540156,6.60431341240881,47.42195701074731,0,0,0,0,0,3
3930,9.0,2004,10.0,11.0,676.0,188.0,6,1.23,5.07,5.75,101.5,0.35,8.35,8.4,35.0,1.08,2.5,4.0,1.0,0,0,0,0,0,3
3931,15.0,2012,9.0,7.0,313.0,412.0,10,1.55,8.8,7.9,438.0,1.73,8.77,8.08,476.0,1.73,8.77,8.08,476.0,0,0,0,1,0,3
3932,4.0,2007,8.0,29.0,896.0,1131.0,1,1.76,5.0,5.0,1.0,1.76,5.0,5.0,1.0,0.16,5.0,5.0,1.0,0,0,0,0,0,3
3933,14.0,2004,1.0,40.0,210.0,444.0,4,0.02,3.6,5.05,1.0,0.17,7.2,5.05,1.0,0.17,7.2,5.05,1.0,0,0,0,0,1,3
3934,7.0,2004,9.0,15.0,103.0,470.0,9,0.23,7.6,7.0,0.0,0.07,5.65,7.5,0.0,1.28,8.63,9.03,199.0,1,0,0,0,0,3
3935,16.0,1988,7.0,5.0,897.0,469.0,1,0.65,7.0,7.0,32.0,0.65,7.0,7.0,32.0,1.6,7.0,7.0,1.0,0,0,0,0,0,3
3936,7.0,2005,6.0,13.0,98.0,1379.0,11,0.17,4.77,6.73,3.5,0.15,8.1,8.3,6.0,0.15,8.1,8.3,6.0,0,0,0,0,0,3
3937,18.0,2015,6.0,5.0,512.0,84.0,10,0.23,7.55,5.7,1.5,0.28,6.0,5.75,1.0,0.82,7.13,7.1,64.5,1,0,0,1,0,3
3938,6.0,2014,7.0,7.0,351.0,473.0,5,1.58,6.97,7.55,169.5,1.58,6.97,7.55,169.5,1.58,6.97,7.55,169.5,1,0,0,1,1,3
3939,7.0,2002,6.0,53.0,605.0,272.0,1,0.06,5.9,6.2,1.0,0.43,2.0,5.75,1.0,0.21,2.0,6.3,3.0,0,0,0,0,0,3
3940,4.0,2009,11.0,97.0,898.0,1380.0,11,0.02,5.945329457364344,6.3206201550387675,32.76409185803758,0.22,6.042635658914737,6.440271317829467,23.798538622129435,0.21,6.047189922480624,6.441937984496127,28.856993736951985,0,0,0,0,0,3
3941,13.0,1997,1.0,4.0,899.0,1381.0,1,0.63,6.3,6.3,6.0,0.46,6.3,6.3,6.0,0.45,6.3,6.3,6.0,1,0,0,0,0,3
3942,9.0,2004,9.0,29.0,568.0,1382.0,9,0.45,7.9,8.05,3.0,0.09,7.9,7.4,7.0,0.11,7.9,7.4,7.0,0,0,0,0,0,3
3943,5.0,2012,3.0,36.0,130.0,159.0,9,0.19,7.0,6.63,45.0,0.19,7.0,6.63,45.0,0.15,7.7,7.08,38.5,0,0,0,1,0,3
3944,5.0,2008,1.0,8.0,45.0,651.0,9,1.17,7.8,6.55,344.0,0.23,7.8,6.55,344.0,0.25,7.53,7.58,6.0,1,0,1,0,0,3
3945,7.0,2006,3.0,9.0,55.0,62.0,3,0.03,5.9,8.45,10.0,0.92,5.9,8.0,10.0,0.15,7.0,8.15,1.0,0,1,1,0,0,3
3946,7.0,2003,2.0,20.0,312.0,1383.0,11,0.0,0.0,0.0,0.0,0.11,5.7,6.4,1.0,0.29,6.55,7.6,0.0,0,0,0,0,0,3
3947,5.0,2009,7.0,7.0,284.0,1158.0,9,0.07,3.85,4.9,7.0,0.01,3.85,4.9,7.0,0.63,5.83,6.15,71.5,0,0,0,0,0,3
3948,16.0,1983,9.0,11.0,900.0,1384.0,1,0.78,7.0,7.0,1.0,0.78,7.0,7.0,1.0,0.78,7.0,7.0,1.0,0,0,0,0,0,3
3949,5.0,2011,11.0,8.0,790.0,1203.0,6,0.63,5.5,4.1,5.0,0.6,6.0,7.65,109.0,0.6,6.0,7.65,109.0,0,0,0,0,0,3
3950,5.0,2011,9.0,15.0,87.0,102.0,9,2.19,7.17,6.57,179.0,2.19,7.17,6.57,179.0,2.19,7.17,6.57,179.0,0,1,1,0,0,3
3951,6.0,2006,1.0,8.0,122.0,454.0,9,0.51,7.31,6.48,13.0,0.41,5.95,7.05,12.0,0.2,7.5,7.53,3.5,0,0,1,0,1,3
3952,14.0,2003,3.0,3.0,50.0,139.0,6,0.17,6.1,6.35,6.0,0.13,6.8,6.35,0.0,0.48,4.0,5.3,3.0,1,0,0,0,1,3
3953,6.0,2009,4.0,134.0,901.0,1385.0,1,0.24,7.15,7.0,2.0,0.1,4.1,6.8,18.0,0.04,4.0,5.4,8.0,1,0,0,0,0,3
3954,6.0,2011,4.0,13.0,51.0,73.0,1,0.65,6.53,7.78,42.5,0.3,6.67,8.22,27.0,0.04,6.67,8.22,27.0,1,1,1,0,0,3
3955,4.0,2005,10.0,11.0,676.0,188.0,11,0.06,6.5,6.55,1.0,0.1,5.93,6.82,7.5,0.28,6.9,6.95,3.0,0,0,0,0,0,3
3956,19.0,2006,11.0,29.0,902.0,1386.0,10,0.05,8.77,8.68,186.0,0.05,8.77,8.68,186.0,0.05,8.77,8.68,186.0,0,0,0,0,0,3
3957,13.0,2001,6.0,29.0,903.0,1387.0,1,1.78,6.097708281522011,6.447693359860781,47.903901046622266,1.78,6.1815792091519635,6.559855757274357,46.559535136604595,1.78,6.221097985575736,6.597542899776213,47.730256898192195,0,0,0,0,0,3
3958,7.0,2001,9.0,21.0,390.0,1388.0,10,5.42,5.8,6.85,16.0,1.43,6.35,8.2,16.0,1.43,6.35,8.2,16.0,0,0,0,0,0,3
3959,7.0,2006,9.0,22.0,165.0,204.0,5,0.02,5.1,6.9,4.0,0.13,8.3,7.7,4.0,0.34,7.0,7.4,31.0,1,0,0,1,0,3
3960,7.0,2008,6.0,33.0,369.0,647.0,11,1.2,5.5,6.2,3.0,0.11,3.0,4.65,2.0,0.11,3.0,4.65,2.0,0,0,0,0,0,3
3961,16.0,1982,7.0,5.0,321.0,1389.0,1,0.66,6.044535910681546,6.403519413431087,49.29867055181206,0.66,6.128021996333945,6.518846858856858,47.36022582407576,0.66,6.173142809531743,6.559936677220455,48.332179930795846,0,0,0,0,0,3
3962,7.0,2002,6.0,5.0,904.0,1390.0,1,0.14,8.55,9.18,66.0,0.14,8.55,9.18,66.0,0.14,8.55,9.18,66.0,0,0,0,0,0,3
3963,7.0,2008,2.0,24.0,79.0,40.0,10,0.09,4.3,6.65,18.0,0.32,6.56,6.65,18.0,0.41,6.72,6.8,51.5,0,0,0,0,0,3
3964,5.0,2015,1.0,3.0,145.0,161.0,10,0.58,7.35,5.63,20.5,0.58,7.35,5.63,20.5,0.58,7.35,5.63,20.5,1,1,1,1,0,3
3965,5.0,2014,9.0,20.0,234.0,488.0,4,0.6,6.6,6.4,17.0,0.6,6.6,6.4,17.0,0.6,6.6,6.4,17.0,0,0,0,0,0,3
3966,1.0,2010,8.0,12.0,603.0,1391.0,11,2.39,4.5,5.67,2.5,0.88,6.2,4.8,2.5,0.88,6.2,4.8,2.5,0,0,0,0,0,3
3967,1.0,2007,6.0,8.0,340.0,1392.0,8,0.89,7.37,6.28,5.5,0.23,7.8,7.55,50.0,0.23,7.8,7.55,50.0,0,0,1,0,0,3
3968,10.0,2012,6.0,17.0,150.0,1393.0,7,0.96,6.0,6.3,45.875417475728156,0.27,8.7,6.3,45.93530097087378,0.27,8.7,6.3,47.195533980582525,0,0,0,0,0,3
3969,6.0,2011,10.0,134.0,106.0,1394.0,8,0.03,5.73,6.88,7.5,0.17,5.73,6.88,7.5,0.03,5.73,6.88,7.5,0,0,0,0,0,3
3970,1.0,2006,1.0,8.0,45.0,77.0,9,0.51,8.47,8.23,75.5,0.03,4.85,5.45,3.0,0.83,7.43,6.8,2.0,1,1,1,1,1,3
3971,12.0,2000,9.0,29.0,249.0,153.0,11,3.2,7.5,7.2,1.0,0.23,7.5,7.2,1.0,3.52,7.5,4.3,4.0,0,0,0,0,0,3
3972,5.0,2007,8.0,15.0,87.0,297.0,12,0.53,7.6,7.73,98.0,0.11,8.0,8.2,98.0,2.08,6.65,6.7,4.0,1,0,1,0,0,3
3973,7.0,2002,8.0,5.0,164.0,184.0,3,0.13,6.27,6.1,4.5,0.1,8.13,7.88,42.5,0.5,5.0,6.1,12.0,0,0,0,0,0,3
3974,9.0,2001,4.0,1.0,697.0,1043.0,5,1.76,8.87,8.8,214.5,0.08,8.0,8.6,61.0,0.08,8.0,8.6,61.0,0,0,0,0,0,3
3975,1.0,2011,6.0,1.0,588.0,1395.0,12,12.21,8.25,8.05,272.0,12.21,8.25,8.05,272.0,12.21,8.25,8.05,272.0,0,0,0,1,0,3
3976,7.0,2004,12.0,58.0,744.0,939.0,1,0.02,7.7,8.1,2.0,0.02,7.7,8.1,2.0,0.23,7.7,8.8,4.0,1,0,0,0,0,3
3977,4.0,2010,11.0,33.0,810.0,1338.0,3,0.07,4.9,5.55,22.5,0.32,4.6,6.4,5.0,0.53,6.9,7.1,5.0,0,0,0,0,0,3
3978,5.0,2007,1.0,8.0,45.0,230.0,3,0.33,7.2,7.1,13.0,0.56,6.3,8.6,13.0,0.29,8.8,7.9,13.0,1,0,1,0,1,3
3979,4.0,2004,9.0,5.0,82.0,158.0,11,0.56,5.5,4.7,1.0,0.76,3.9,7.6,1.0,1.12,6.65,7.25,20.0,0,0,1,1,1,3
3980,13.0,1995,1.0,168.0,219.0,1396.0,1,0.0,0.0,0.0,0.0,0.0,0.0,0.0,0.0,0.0,0.0,0.0,0.0,0,0,0,0,0,3
3981,14.0,2004,10.0,49.0,301.0,395.0,10,0.07,6.55,6.5,4.0,0.59,6.65,7.15,39.0,1.77,7.85,8.0,59.0,1,0,0,0,0,3
3982,13.0,1997,4.0,51.0,905.0,1397.0,9,0.11,6.0563121434392775,6.4147758761206015,49.87187778768956,0.11,6.14221475142624,6.5392726161368975,48.063559322033896,0.11,6.189802363488173,6.576597392013017,49.58351917930419,0,0,0,0,0,3
3983,23.0,2013,1.0,8.0,45.0,31.0,9,0.57,8.0,7.05,16.0,2.9,8.23,6.73,265.5,2.9,8.23,6.73,265.5,1,1,1,1,1,3
3984,7.0,2002,7.0,18.0,116.0,184.0,1,0.42,7.3,6.95,14.0,0.42,7.3,6.95,14.0,0.42,7.3,6.95,14.0,0,0,0,0,0,3
3985,6.0,2009,9.0,8.0,116.0,1363.0,12,0.06,7.53,7.9,446.5,0.03,5.7,6.7,446.5,0.03,5.7,6.7,446.5,0,0,0,0,0,3
3986,7.0,2004,9.0,29.0,120.0,1382.0,9,0.71,4.9,6.6,0.5,0.14,4.0,6.1,0.5,0.35,4.0,6.1,0.5,0,0,0,0,0,3
3987,5.0,2013,9.0,15.0,163.0,61.0,2,0.06,5.77,9.0,1.0,0.17,5.77,6.95,27.0,0.38,7.4,7.5,15.0,1,1,0,1,0,3
3988,7.0,2010,1.0,8.0,68.0,77.0,8,0.38,7.67,8.0,1.0,0.38,7.67,8.0,1.0,0.74,7.67,7.08,5.0,1,1,1,1,0,3
3989,5.0,2012,1.0,3.0,102.0,1028.0,3,0.33,7.13,7.58,86.5,0.28,8.5,6.78,30.0,0.2,6.85,7.45,9.0,0,0,1,0,0,3
3990,18.0,2014,7.0,9.0,270.0,706.0,10,0.02,8.0,7.7,14.0,0.76,7.7,6.03,345.5,0.18,3.5,4.43,144.5,0,0,0,1,0,3
3991,4.0,2008,6.0,6.0,625.0,912.0,9,0.87,7.03,7.05,60.5,0.83,7.03,4.4,60.5,0.83,7.03,4.4,60.5,0,0,0,0,0,3
3992,7.0,2004,4.0,13.0,51.0,73.0,5,1.45,7.75,7.9,45.0,1.45,7.75,7.9,45.0,1.45,7.75,7.9,45.0,1,1,1,0,0,3
3993,5.0,2011,3.0,33.0,249.0,520.0,6,0.95,6.0,6.0,10.0,0.95,6.0,6.0,10.0,0.95,6.0,6.0,10.0,0,0,0,0,1,3
3994,1.0,2009,3.0,5.0,321.0,582.0,10,0.73,5.25,7.0,6.0,0.1,5.25,7.0,6.0,0.31,5.25,5.0,6.0,0,0,0,0,0,3
3995,19.0,2004,1.0,5.0,73.0,86.0,10,1.93,6.63,7.93,16.0,2.37,7.6,8.13,43.0,2.37,7.6,8.13,43.0,1,0,1,1,0,3
3996,7.0,2003,3.0,29.0,217.0,1398.0,8,0.03,4.4,8.8,46.19905533063428,0.04,7.0,8.4,45.39591767881242,0.04,7.0,8.4,46.679740215924426,0,0,0,0,0,3
3997,8.0,1996,1.0,26.0,40.0,301.0,1,0.4,7.0,8.32,37.0,1.59,7.0,8.1,66.0,0.39,7.0,8.1,66.0,0,0,1,0,0,3
3998,6.0,2008,9.0,26.0,253.0,320.0,4,0.01,4.0,6.0,1.0,0.25,4.0,4.1,9.0,0.25,4.0,4.1,9.0,1,0,0,1,1,3
3999,7.0,2005,9.0,5.0,336.0,370.0,11,0.76,5.5,7.07,65.0,0.22,7.0,4.5,1.0,0.22,7.0,4.5,1.0,0,0,0,0,1,3
4000,9.0,2001,2.0,6.0,98.0,194.0,6,0.22,7.63,7.52,32.0,0.18,7.63,5.5,2.0,0.32,7.33,7.6,120.0,1,0,0,0,1,3
4001,7.0,2008,12.0,26.0,744.0,939.0,1,0.67,7.5,7.5,2.0,0.67,7.5,7.5,2.0,0.3,7.5,7.5,2.0,1,0,0,0,0,3
4002,13.0,1996,4.0,4.0,454.0,1399.0,1,0.87,6.074598214285714,6.518080357142857,51.629901960784316,0.87,6.105133928571427,6.627678571428572,32.81127450980392,0.87,6.240669642857141,6.645223214285716,43.85294117647059,0,0,0,0,0,3
4003,7.0,2007,9.0,22.0,425.0,76.0,6,0.05,6.7,6.6,132.0,0.08,7.4,7.4,132.0,0.08,7.4,7.4,132.0,1,1,0,1,1,3
4004,7.0,2005,9.0,5.0,518.0,1400.0,6,1.31,5.8,6.08,12.5,0.4,6.15,7.7,0.0,0.4,6.15,7.7,0.0,0,0,0,0,0,3
4005,6.0,2012,9.0,33.0,156.0,783.0,1,1.03,5.0,6.3,14.0,1.03,5.0,6.3,14.0,1.03,5.0,6.3,14.0,0,0,0,1,0,3
4006,7.0,2002,7.0,53.0,427.0,1401.0,7,0.16,5.6,7.7,23.0,0.05,7.0,7.7,23.0,0.06,5.9,6.2,1.0,0,0,0,0,0,3
4007,5.0,2014,9.0,7.0,293.0,385.0,10,0.92,7.25,7.35,126.5,0.92,7.25,7.35,126.5,0.92,7.25,7.35,126.5,0,0,0,1,0,3
4008,16.0,1982,1.0,11.0,489.0,1402.0,1,0.72,7.0,7.0,3.0,0.13,6.0,6.0,1.0,0.21,2.0,2.0,1.0,0,0,0,0,0,3
4009,7.0,2007,2.0,29.0,906.0,392.0,10,1.61,4.2,6.2,47.35864844149208,0.23,3.9,5.9,46.229496678589676,0.51,5.35,5.7,47.57901124169648,0,0,0,0,0,3
4010,16.0,1981,9.0,11.0,907.0,1009.0,1,0.97,5.4,5.4,24.0,0.97,5.4,5.4,24.0,0.97,5.4,5.4,24.0,0,0,0,0,0,3
4011,16.0,1982,9.0,169.0,908.0,682.0,1,0.0,0.0,0.0,0.0,0.0,0.0,0.0,0.0,0.0,0.0,0.0,0.0,1,0,0,0,0,3
4012,10.0,2011,3.0,26.0,185.0,335.0,3,0.09,4.2,5.72,12.5,0.31,6.0,8.0,12.5,0.1,5.0,7.6,11.0,1,0,1,1,1,3
4013,1.0,2007,3.0,29.0,547.0,1403.0,11,0.62,2.0,4.9,46.33063646170442,0.62,2.0,4.9,44.32092772384035,0.62,2.0,4.9,47.683791801510246,0,0,0,0,1,3
4014,5.0,2011,9.0,26.0,536.0,181.0,10,0.62,5.43,5.15,211.5,0.24,6.3,6.2,6.0,0.24,6.3,6.2,6.0,1,0,0,1,0,3
4015,10.0,2011,9.0,13.0,51.0,67.0,6,0.17,6.9,6.82,20.0,1.08,8.0,7.5,74.5,0.18,8.0,7.5,74.5,1,1,1,1,0,3
4016,10.0,2011,9.0,9.0,34.0,294.0,3,0.61,5.7,6.8,19.0,0.21,5.7,6.8,19.0,2.27,7.2,5.95,19.0,1,0,1,0,1,3
4017,5.0,2006,1.0,5.0,73.0,86.0,11,0.63,6.87,6.83,13.0,0.18,7.7,8.3,13.0,0.63,6.87,6.83,13.0,1,0,1,0,1,3
4018,9.0,2004,1.0,5.0,82.0,86.0,10,0.75,7.15,7.15,18.0,0.68,6.3,7.8,18.0,0.75,7.15,7.15,18.0,1,0,1,1,0,3
4019,6.0,2011,3.0,4.0,100.0,124.0,5,0.9,6.35,6.5,10.0,3.88,7.7,7.3,62.0,1.04,7.63,8.07,96.5,1,0,0,1,1,3
4020,16.0,1980,1.0,5.0,1.0,267.0,1,1.15,6.102650200921301,6.463859649122879,46.501239624878735,1.15,6.190823287268469,6.56118494560429,45.05502856526895,1.15,6.2224767225326065,6.601727923159902,45.990136897704,0,0,1,0,0,3
4021,6.0,2015,9.0,17.0,253.0,65.0,1,0.86,8.25,8.4,234.0,0.11,7.37,7.65,6.0,0.86,8.25,8.4,234.0,1,1,0,0,0,3
4022,23.0,2014,9.0,20.0,234.0,829.0,11,0.92,7.3,7.05,10.0,0.95,7.3,7.05,10.0,0.95,7.3,7.05,10.0,0,1,0,0,0,3
4023,7.0,2005,9.0,11.0,146.0,179.0,11,0.05,3.8,6.2,31.0,1.2,5.25,6.35,31.0,1.2,5.25,6.35,31.0,0,0,0,0,0,3
4024,5.0,2010,7.0,17.0,165.0,984.0,8,1.5,8.0,6.62,123.0,0.02,6.47,7.63,30.0,0.76,5.3,4.7,63.5,0,0,0,0,0,3
4025,5.0,2012,9.0,20.0,720.0,1084.0,6,0.74,7.6,6.33,31.5,0.19,6.87,7.62,75.0,0.67,6.57,7.02,87.5,0,0,0,0,0,3
4026,19.0,2002,10.0,29.0,145.0,1404.0,6,0.1,7.1,8.2,45.704528985507245,2.79,7.6,7.3,44.989945652173915,2.79,7.6,7.3,46.33048007246377,0,0,1,0,0,3
4027,10.0,2013,2.0,9.0,148.0,62.0,10,0.27,8.15,8.53,35.0,1.37,6.95,7.65,48.0,0.48,7.33,7.65,103.0,0,1,0,1,0,3
4028,9.0,2003,9.0,29.0,909.0,1041.0,1,2.09,4.0,5.5,4.0,2.09,4.0,5.5,4.0,0.2,4.0,5.3,9.0,0,0,0,0,0,3
4029,14.0,2004,7.0,8.0,46.0,1133.0,11,0.58,6.15,7.45,32.0,0.42,5.9,6.2,22.0,0.42,5.9,6.2,22.0,0,0,1,0,0,3
4030,1.0,2008,11.0,119.0,910.0,914.0,10,0.83,5.3,5.3,47.32791802049488,0.83,5.3,5.3,45.973319170207446,0.83,5.3,5.3,47.42195701074731,1,0,0,0,0,3
4031,4.0,2006,2.0,29.0,377.0,392.0,10,1.48,3.0,3.88,11.0,0.51,3.0,3.88,11.0,0.35,6.7,6.9,11.0,0,0,0,0,0,3
4032,19.0,2003,8.0,8.0,186.0,202.0,3,0.02,6.0,6.4,5.0,0.76,7.97,8.52,25.5,0.05,6.6,6.55,24.0,0,0,0,0,0,3
4033,7.0,2005,4.0,17.0,13.0,1405.0,2,1.85,7.3,7.75,67.0,0.38,6.8,6.8,2.0,0.29,7.76,8.05,61.5,1,0,0,0,0,3
4034,4.0,2008,1.0,8.0,45.0,31.0,10,0.59,8.5,8.38,528.0,0.71,7.07,7.32,12.0,1.35,8.2,7.35,83.0,1,1,1,0,1,3
4035,7.0,2006,7.0,26.0,683.0,701.0,1,0.04,4.4,6.0,48.764652014652015,0.04,4.4,6.0,40.60225885225885,0.07,4.4,6.0,45.93101343101343,0,0,0,0,0,3
4036,8.0,1993,5.0,1.0,6.0,1406.0,1,0.98,7.0,8.0,2.0,0.98,7.0,8.0,2.0,0.98,7.0,8.0,2.0,0,1,0,0,0,3
4037,14.0,2006,9.0,24.0,79.0,655.0,10,0.04,6.7,6.7,6.0,0.26,6.27,6.12,28.0,0.26,6.27,6.12,28.0,0,0,0,0,0,3
4038,1.0,2009,7.0,5.0,155.0,624.0,1,0.69,6.0,6.7,43.0,0.7,5.0,4.5,2.0,0.7,5.0,4.5,2.0,0,0,0,0,0,3
4039,10.0,2014,6.0,1.0,205.0,1407.0,10,1.26,6.8,7.7,113.0,0.24,5.9,7.15,11.0,0.24,5.9,7.15,11.0,1,1,0,0,0,3
4040,12.0,1997,1.0,8.0,791.0,978.0,1,0.58,5.0,5.0,49.29562687356727,0.14,5.0,5.0,47.72615059072474,0.19,5.0,5.0,49.20948686298713,1,1,0,0,1,3
4041,5.0,2008,10.0,11.0,148.0,188.0,6,0.86,5.87,6.45,160.5,0.1,6.05,6.0,2.0,0.22,6.0,6.0,33.0,0,0,0,0,0,3
4042,4.0,2010,9.0,5.0,911.0,543.0,1,0.58,6.0,6.4,8.0,0.58,6.0,6.4,8.0,0.24,5.75,5.6,5.5,0,0,0,0,0,3
4043,15.0,2010,7.0,8.0,201.0,49.0,10,0.72,7.15,7.5,108.0,2.62,6.8,6.32,288.0,2.83,6.83,6.65,375.5,1,0,0,1,0,3
4044,5.0,2012,7.0,7.0,117.0,144.0,10,0.59,5.85,6.65,27.0,0.37,7.97,6.53,379.5,0.71,6.85,7.55,25.0,1,0,0,1,1,3
4045,24.0,1997,1.0,9.0,34.0,1302.0,1,0.11,7.8,7.8,6.0,0.11,7.0,7.0,3.0,0.26,7.0,7.0,3.0,0,0,1,0,0,3
4046,6.0,2013,9.0,12.0,687.0,1029.0,5,0.07,7.35,7.35,1.0,0.02,5.5,6.0,5.0,0.15,7.77,8.1,291.0,0,0,0,0,0,3
4047,7.0,2004,1.0,11.0,805.0,1226.0,3,0.06,6.122058244785515,6.486428964974464,45.87070454152996,0.59,6.2045147579693145,6.583374262101584,44.89656363322397,0.2,6.237591499409697,6.624576151121619,46.36703505439475,0,0,0,0,0,3
4048,7.0,2009,3.0,4.0,912.0,782.0,12,0.46,5.4,5.4,66.5,0.04,6.0,6.9,14.0,0.32,7.9,8.2,68.5,0,0,0,0,0,3
4049,7.0,2003,1.0,21.0,390.0,1277.0,11,1.06,6.7,6.97,37.0,0.06,6.7,6.97,37.0,0.56,4.7,8.5,1.0,0,0,0,0,0,3
4050,10.0,2012,9.0,33.0,913.0,1408.0,1,0.54,5.0,6.3,14.0,0.07,7.9,8.0,1.0,0.07,7.9,8.0,1.0,0,0,0,1,0,3
4051,4.0,2013,9.0,20.0,234.0,257.0,11,0.74,7.73,7.43,31.5,0.74,7.73,7.43,31.5,0.74,7.73,7.43,31.5,0,0,0,0,0,3
4052,7.0,2003,6.0,26.0,40.0,981.0,1,0.63,8.0,9.0,1.0,0.11,5.5,6.0,1.0,0.76,6.0,7.5,2.0,1,0,1,0,0,3
4053,5.0,2008,11.0,11.0,662.0,1409.0,6,0.75,7.97,8.2,283.5,0.32,7.23,7.92,108.0,0.31,3.0,4.8,55.0,1,0,0,0,0,3
4054,13.0,2001,10.0,11.0,672.0,1207.0,1,0.08,4.35,6.1,7.0,0.08,4.35,6.1,7.0,0.08,4.35,6.1,7.0,0,0,0,0,0,3
4055,7.0,2009,7.0,5.0,155.0,624.0,1,0.63,5.0,4.5,2.0,0.63,5.0,4.5,2.0,0.63,5.0,4.5,2.0,0,0,0,0,0,3
4056,17.0,2008,1.0,9.0,363.0,498.0,1,0.87,6.0,5.4,12.0,0.34,6.0,7.7,3.0,0.34,6.0,7.7,3.0,1,0,0,0,0,3
4057,15.0,2008,7.0,90.0,473.0,1410.0,10,0.0,0.0,0.0,0.0,0.0,0.0,0.0,0.0,0.0,0.0,0.0,0.0,0,0,0,0,0,3
4058,19.0,2001,3.0,31.0,421.0,253.0,11,0.15,3.7,3.58,9.0,0.27,7.03,7.28,17.0,2.52,7.56,7.83,85.0,1,0,0,1,1,3
4059,7.0,2003,3.0,40.0,198.0,441.0,2,0.03,6.3,6.45,3.0,2.63,5.4,6.45,3.0,0.34,7.1,7.8,3.0,0,0,0,0,0,3
4060,6.0,2014,3.0,36.0,130.0,159.0,10,0.1,7.25,5.73,15.0,0.1,7.25,5.73,15.0,0.63,7.9,7.33,30.0,0,0,0,0,0,3
4061,14.0,2002,9.0,26.0,40.0,37.0,10,3.44,7.95,7.7,48.0,0.72,6.4,7.05,12.0,0.37,7.4,8.4,12.0,1,0,1,0,0,3
4062,1.0,2009,1.0,170.0,660.0,1411.0,10,0.02,3.0,6.08,2.5,0.33,5.17,6.08,2.5,0.07,5.17,6.08,2.5,0,0,0,0,0,3
4063,13.0,1999,9.0,30.0,399.0,492.0,1,0.22,7.6,7.6,37.0,0.07,7.6,7.6,37.0,1.54,7.6,7.6,37.0,0,0,0,0,0,3
4064,4.0,2008,11.0,6.0,94.0,1412.0,2,0.57,6.140338405797094,6.509248550724672,46.03618002544529,1.33,6.227481159420292,6.610048550724669,45.58993320610687,1.33,6.254673188405799,6.646629710144933,46.776558524173026,0,0,0,0,0,3
4065,10.0,2011,3.0,6.0,729.0,1211.0,3,0.23,4.9,4.65,6.0,0.09,4.9,4.65,6.0,0.14,7.5,6.92,30.5,1,0,0,0,1,3
4066,7.0,2001,6.0,69.0,591.0,861.0,1,0.17,6.097708281522011,6.447693359860781,47.903901046622266,0.17,6.1815792091519635,6.559855757274357,46.559535136604595,0.47,6.221097985575736,6.597542899776213,47.730256898192195,0,0,0,0,0,3
4067,10.0,2011,9.0,1.0,1.0,1413.0,3,0.79,5.0,7.35,2.0,2.69,7.45,7.65,12.0,2.69,7.45,7.65,12.0,0,0,1,1,1,3
4068,7.0,2005,4.0,26.0,40.0,625.0,2,0.02,4.0,5.0,1.0,3.87,8.4,8.0,70.0,1.1,8.6,9.0,70.0,1,0,1,0,0,3
4069,8.0,1995,8.0,29.0,247.0,315.0,1,0.0,0.0,0.0,0.0,2.14,8.5,8.07,31.0,2.14,8.5,8.07,31.0,1,0,0,1,0,3
4070,4.0,2007,9.0,24.0,245.0,40.0,10,0.64,6.58,7.03,20.5,0.48,4.3,5.3,2.0,0.09,3.7,4.3,2.0,0,0,0,0,0,3
4071,15.0,2008,9.0,6.0,62.0,118.0,10,0.83,3.0,6.15,3.0,1.6,7.67,6.68,270.5,1.6,7.67,6.68,270.5,1,1,1,0,0,3
4072,6.0,2015,7.0,8.0,257.0,42.0,3,2.09,6.93,5.98,74.0,2.09,6.93,5.98,74.0,2.09,6.93,5.98,74.0,1,1,0,0,0,3
4073,1.0,2007,9.0,8.0,137.0,135.0,6,0.85,5.05,4.95,9.0,0.29,6.2,7.4,32.0,0.2,6.5,5.65,19.0,0,0,1,0,0,3
4074,4.0,2008,6.0,6.0,42.0,340.0,11,0.59,7.0,7.45,21.0,0.8,5.7,6.7,21.0,2.04,6.15,6.4,19.0,1,0,1,0,1,3
4075,6.0,2009,7.0,20.0,162.0,1299.0,2,0.1,7.4,3.3,3.0,0.4,7.4,7.15,69.0,0.01,6.1,6.8,8.0,0,0,0,1,0,3
4076,23.0,2012,3.0,9.0,169.0,62.0,11,0.54,7.57,7.9,132.5,0.54,7.57,7.9,132.5,0.54,7.57,7.9,132.5,0,1,0,0,0,3
4077,5.0,2007,6.0,2.0,914.0,1116.0,11,0.03,7.3,7.3,4.0,0.03,7.3,7.3,4.0,0.03,7.3,7.3,4.0,0,0,0,0,0,3
4078,1.0,2009,7.0,8.0,131.0,343.0,10,0.59,8.0,7.1,95.0,0.22,5.4,6.35,1.0,1.42,8.63,8.68,591.5,1,0,0,0,0,3
4079,4.0,2007,5.0,6.0,915.0,1414.0,1,0.02,6.03,4.62,3.5,0.02,6.03,4.62,3.5,0.25,6.03,4.62,3.5,0,0,0,0,0,3
4080,7.0,2007,9.0,5.0,245.0,370.0,5,0.68,5.5,5.87,54.0,0.18,5.5,6.3,54.0,0.32,3.0,5.5,2.0,0,0,0,0,1,3
4081,23.0,2012,9.0,15.0,86.0,61.0,1,0.07,6.7,6.8,181.0,0.01,8.0,8.3,181.0,0.01,8.0,8.3,181.0,1,1,0,0,0,3
4082,4.0,2006,4.0,1.0,620.0,383.0,11,3.12,8.1,8.2,113.0,0.06,6.6,7.9,113.0,0.74,7.6,7.65,81.0,0,0,0,0,0,3
4083,9.0,2005,9.0,5.0,82.0,582.0,11,0.52,6.78,6.85,23.0,0.29,6.7,7.5,8.0,0.89,6.3,6.28,11.0,0,0,1,0,0,3
4084,1.0,2009,1.0,26.0,111.0,1415.0,8,0.1,6.15,6.3,1.0,0.19,6.93,7.78,28.0,0.04,6.93,7.78,28.0,0,0,0,0,0,3
4085,1.0,2007,8.0,8.0,108.0,327.0,6,0.61,6.45,5.95,6.0,0.8,5.35,6.8,10.0,0.8,5.35,6.8,10.0,0,0,0,1,0,3
4086,10.0,2014,1.0,1.0,231.0,2.0,5,6.96,8.4,8.6,439.0,0.84,7.45,7.65,63.0,1.85,5.35,5.75,8.0,1,1,0,0,0,3
4087,9.0,2004,3.0,88.0,916.0,43.0,3,0.06,8.3,7.85,2.0,0.29,7.23,7.9,39.0,0.05,7.4,7.7,76.5,1,1,0,1,0,3
4088,13.0,1999,4.0,15.0,87.0,277.0,1,0.52,5.0,5.0,0.0,0.81,5.0,5.0,0.0,1.61,5.0,5.0,0.0,0,0,1,1,0,3
4089,14.0,2004,1.0,8.0,68.0,463.0,12,0.08,7.23,7.6,133.0,4.53,8.53,8.42,8.5,1.42,7.17,8.78,7.0,0,0,1,0,0,3
4090,1.0,2009,9.0,15.0,460.0,470.0,2,0.01,7.4,7.35,32.0,0.02,7.4,7.35,32.0,0.53,7.6,7.73,98.0,1,0,0,0,0,3
4091,16.0,1983,7.0,11.0,489.0,553.0,1,0.77,5.0,5.0,2.0,0.14,5.0,5.0,2.0,1.36,5.0,5.0,2.0,0,0,0,0,0,3
4092,8.0,1991,11.0,15.0,87.0,1416.0,1,2.23,6.8,6.8,27.0,2.23,6.8,6.8,27.0,2.23,6.8,6.8,27.0,0,0,1,0,0,3
4093,5.0,2008,6.0,2.0,369.0,1417.0,11,0.78,6.55,6.85,9.0,1.2,5.5,6.2,3.0,1.2,5.5,6.2,3.0,0,0,0,1,0,3
4094,5.0,2008,7.0,59.0,381.0,1418.0,4,0.01,8.53,8.0,65.5,0.01,8.53,8.0,65.5,0.01,8.53,8.0,65.5,0,0,0,0,0,3
4095,5.0,2010,7.0,5.0,252.0,1032.0,11,0.63,7.8,6.92,171.5,0.06,7.2,7.22,66.5,0.06,7.2,7.22,66.5,0,0,0,0,0,3
4096,7.0,2003,6.0,11.0,560.0,1045.0,10,0.04,6.73,7.02,9.5,0.26,6.6,7.75,3.0,0.1,6.6,7.75,3.0,0,0,0,0,0,3
4097,7.0,2006,9.0,29.0,116.0,831.0,10,0.5,4.5,5.6,4.0,0.05,6.28,5.3,3.0,0.94,6.8,7.73,36.5,1,0,0,1,0,3
4098,13.0,1999,10.0,31.0,917.0,1419.0,1,0.06,5.0,5.0,44.05604395604396,0.06,5.0,5.0,34.17912087912088,0.06,5.0,5.0,38.04120879120879,0,0,0,0,0,3
4099,1.0,2008,6.0,162.0,317.0,1420.0,2,0.12,4.0,5.6,8.0,0.14,6.0,7.7,3.0,0.14,6.0,7.7,3.0,0,0,0,0,1,3
4100,5.0,2006,1.0,8.0,122.0,454.0,9,0.5,7.37,8.65,1.5,0.72,7.3,7.4,3.5,0.72,7.3,7.4,3.5,0,0,1,0,1,3
4101,13.0,1998,10.0,5.0,347.0,1421.0,1,1.37,6.0160609318996405,6.403268817204285,46.05333068992863,1.37,6.099759856630821,6.523605734767007,42.11122125297383,1.37,6.1246594982078815,6.541229390680994,45.49722442505948,0,0,0,0,0,3
4102,15.0,2014,9.0,171.0,52.0,380.0,11,0.0,0.0,0.0,0.0,0.64,8.0,7.5,413.0,1.83,7.23,6.1,570.0,0,0,0,1,0,3
4103,17.0,2009,6.0,32.0,71.0,260.0,6,0.11,6.072216863165409,6.424708824580193,50.939571150097464,0.11,6.151868524473027,6.540253662022141,48.451559454191035,0.11,6.1993461950696656,6.582299035369757,49.943567251461985,1,0,0,0,0,3
4104,4.0,2010,11.0,13.0,51.0,1143.0,3,0.04,7.0,8.0,86.0,0.07,7.0,8.0,86.0,0.63,9.03,8.95,419.0,0,0,1,0,0,3
4105,5.0,2008,2.0,24.0,79.0,40.0,10,0.58,4.7,6.0,5.0,0.15,6.37,7.65,23.0,0.32,6.56,6.65,18.0,0,0,0,0,0,3
4106,17.0,2010,1.0,8.0,31.0,31.0,4,1.23,7.6,7.15,25.0,1.16,8.0,7.15,25.0,1.23,7.6,7.15,25.0,0,0,0,0,0,3
4107,7.0,2003,8.0,18.0,918.0,1422.0,11,0.14,8.77,8.83,268.5,0.14,8.77,8.83,268.5,0.14,8.77,8.83,268.5,0,0,0,1,0,3
4108,4.0,2008,9.0,3.0,513.0,1220.0,10,0.61,8.4,8.0,37.5,0.13,3.7,3.0,2.0,0.04,3.7,5.0,1.0,0,0,0,0,0,3
4109,12.0,1998,1.0,31.0,302.0,875.0,1,0.71,8.0,7.8,184.0,1.76,8.0,7.8,184.0,1.76,8.0,7.8,184.0,1,0,0,0,0,3
4110,12.0,1999,8.0,172.0,919.0,857.0,11,0.0,0.0,0.0,0.0,0.23,0.0,6.0,1.0,0.23,0.0,6.0,1.0,1,0,0,0,0,3
4111,7.0,2008,1.0,8.0,68.0,378.0,7,0.71,8.3,7.7,46.12766046942038,0.71,8.3,7.7,45.3263228737276,0.71,8.3,7.7,46.65588457979305,1,0,1,0,0,3
4112,7.0,2007,8.0,29.0,390.0,1423.0,9,0.79,6.65,6.65,2.0,0.01,3.0,8.75,2.0,0.01,3.0,8.75,2.0,0,0,0,0,0,3
4113,20.0,2012,9.0,8.0,31.0,31.0,11,2.89,6.75,7.5,59.0,0.37,9.0,5.45,136.0,0.37,9.0,5.45,136.0,1,1,0,0,1,3
4114,4.0,2005,8.0,71.0,669.0,857.0,1,0.0,0.0,0.0,0.0,0.13,5.5,8.2,0.0,0.24,7.0,7.45,20.0,1,0,0,0,0,3
4115,13.0,1999,3.0,5.0,452.0,631.0,1,0.05,8.93,8.9,205.0,1.23,5.0,6.3,14.0,1.23,5.0,6.3,14.0,0,0,0,0,0,3
4116,6.0,2011,4.0,54.0,699.0,1046.0,11,0.02,7.7,6.9,66.0,0.71,6.0,5.32,50.5,0.54,6.57,6.17,45.5,0,0,0,0,0,3
4117,15.0,2014,8.0,9.0,363.0,498.0,11,0.16,6.87,7.4,3.0,0.14,7.0,7.9,19.0,0.14,7.0,7.9,19.0,1,0,0,0,0,3
4118,7.0,2000,12.0,8.0,220.0,1424.0,12,1.5,7.87,8.17,20.0,0.63,7.87,7.2,13.0,0.63,7.87,7.2,13.0,0,0,0,0,0,3
4119,1.0,2010,3.0,8.0,394.0,43.0,11,0.81,8.0,7.1,95.0,0.59,8.0,7.1,95.0,2.81,8.13,7.58,396.0,1,1,0,1,0,3
4120,20.0,2015,9.0,5.0,82.0,1425.0,9,1.91,7.3,6.6,25.0,0.37,7.3,6.9,5.5,0.26,7.3,6.3,3.0,1,0,1,1,0,3
4121,5.0,2008,8.0,2.0,33.0,457.0,9,0.02,8.57,7.87,241.5,1.24,6.15,7.3,84.0,0.02,7.4,7.35,32.0,0,0,0,0,0,3
4122,4.0,2011,9.0,3.0,513.0,1426.0,11,0.28,8.5,6.78,30.0,0.39,8.5,6.78,30.0,0.39,8.5,6.78,30.0,0,0,0,0,0,3
4123,1.0,2010,9.0,1.0,181.0,1427.0,11,0.84,7.45,7.65,63.0,0.06,3.0,4.35,2.0,0.06,3.0,4.35,2.0,0,0,0,1,0,3
4124,13.0,1999,1.0,43.0,395.0,1068.0,1,1.28,7.0,7.0,1.0,0.69,7.0,7.0,1.0,0.69,7.0,7.0,1.0,0,0,0,0,0,3
4125,1.0,2007,2.0,5.0,82.0,158.0,5,0.57,5.6,6.35,84.0,1.24,5.6,6.35,84.0,0.68,5.5,5.87,54.0,0,0,1,1,0,3
4126,9.0,2001,3.0,173.0,198.0,139.0,11,0.0,0.0,0.0,0.0,0.56,7.63,8.72,145.0,2.63,5.4,6.45,3.0,1,0,0,0,1,3
4127,6.0,2007,9.0,49.0,524.0,1428.0,11,0.2,5.1,6.8,7.5,0.07,4.8,6.8,0.0,0.07,4.8,6.8,0.0,1,0,0,1,1,3
4128,1.0,2008,9.0,22.0,425.0,76.0,11,1.27,7.33,7.1,240.0,0.86,7.35,7.45,132.0,1.27,7.33,7.1,240.0,1,1,0,1,1,3
4129,4.0,2009,4.0,17.0,57.0,25.0,3,0.01,7.45,7.6,76.0,0.06,7.45,7.6,76.0,2.25,7.45,7.6,76.0,1,1,1,0,0,3
4130,5.0,2014,4.0,2.0,194.0,82.0,10,1.11,7.37,7.4,74.5,2.66,8.25,8.05,100.0,0.32,7.67,6.2,240.0,1,0,0,1,0,3
4131,14.0,2005,1.0,8.0,27.0,454.0,9,0.53,8.45,8.1,67.0,0.27,7.9,6.55,1.0,0.01,8.2,6.3,3.5,0,0,1,0,1,3
4132,5.0,2006,1.0,8.0,45.0,31.0,4,0.02,7.2,7.4,21.0,0.15,6.27,7.18,42.0,0.04,5.77,6.65,27.5,1,1,1,0,0,3
4133,7.0,2009,9.0,29.0,70.0,1120.0,5,0.65,5.25,7.0,1.0,0.4,5.25,5.82,5.0,0.4,5.25,5.82,5.0,0,0,0,0,0,3
4134,16.0,1981,3.0,5.0,855.0,1429.0,1,1.6,7.0,7.0,1.0,1.6,7.0,7.0,1.0,1.6,7.0,7.0,1.0,1,0,0,0,0,3
4135,1.0,2008,3.0,174.0,920.0,1430.0,9,0.07,5.7,5.3,3.0,0.05,4.6,7.65,1.0,0.05,4.6,7.65,1.0,0,0,0,0,0,3
4136,1.0,2008,8.0,8.0,31.0,137.0,9,1.08,6.5,5.9,2.0,0.08,6.5,4.7,2.0,3.69,6.23,6.42,88.5,1,0,0,1,0,3
4137,7.0,2002,3.0,155.0,921.0,1431.0,3,0.05,6.101871646718945,6.467837391663294,47.00641389488024,0.05,6.185934791580704,6.565147544366548,45.229821773186515,0.05,6.2184791580685275,6.602485555097038,46.14320581223748,0,0,0,0,0,3
4138,4.0,2009,3.0,29.0,568.0,806.0,11,0.7,3.5,5.05,3.0,0.24,5.25,6.95,9.0,0.24,5.25,6.95,9.0,0,0,0,0,1,3
4139,1.0,2008,3.0,6.0,922.0,1432.0,5,0.02,6.9,7.1,50.0,0.08,5.4,6.5,1.0,0.08,5.4,6.5,1.0,1,0,1,0,0,3
4140,6.0,2006,2.0,175.0,55.0,62.0,6,0.5,4.83,7.0,28.0,0.5,4.83,7.0,28.0,1.18,5.43,5.97,17.0,1,1,1,0,0,3
4141,6.0,2006,2.0,175.0,55.0,62.0,11,0.48,5.43,5.97,17.0,0.48,5.43,5.97,17.0,1.18,3.93,5.2,70.5,1,1,1,0,0,3
4142,7.0,2000,5.0,4.0,923.0,1433.0,11,0.09,8.5,8.45,4.0,0.09,8.5,8.45,4.0,0.09,8.5,8.45,4.0,0,0,0,0,0,3
4143,16.0,1989,9.0,5.0,924.0,1434.0,1,0.51,5.891243781094525,6.21597014925374,34.694148936170215,0.51,5.940845771144283,6.361865671641795,25.28058510638298,0.51,5.987761194029854,6.3659701492537355,31.13563829787234,1,0,0,0,0,3
4144,13.0,1996,7.0,31.0,132.0,706.0,1,0.92,6.0,7.8,21.0,0.2,6.0,7.8,21.0,0.79,6.0,7.5,147.0,0,0,0,0,0,3
4145,12.0,1998,1.0,8.0,27.0,247.0,1,0.58,7.0,6.5,21.0,0.58,7.0,6.5,21.0,1.52,7.0,7.3,4.0,1,0,1,0,1,3
4146,10.0,2015,4.0,1.0,398.0,546.0,4,0.06,7.0,7.4,6.0,1.38,9.0,7.7,6.0,1.38,9.0,7.7,6.0,0,0,0,0,0,3
4147,6.0,2008,7.0,59.0,381.0,1418.0,4,0.12,4.75,6.85,6.0,0.1,5.75,6.3,8.0,0.1,5.75,6.3,8.0,0,0,0,0,0,3
4148,5.0,2008,7.0,40.0,49.0,1010.0,11,2.0,6.2,6.45,77.5,0.02,8.57,7.87,241.5,0.67,8.2,7.55,68.0,1,0,0,0,1,3
4149,7.0,2002,10.0,5.0,686.0,1435.0,11,0.57,8.33,7.43,14.0,0.72,6.6,6.7,1.0,0.72,6.6,6.7,1.0,1,0,0,0,0,3
4150,5.0,2012,10.0,13.0,51.0,57.0,3,0.84,7.97,6.42,132.0,0.84,7.2,7.95,36.0,1.22,8.25,7.95,260.0,1,0,1,1,0,3
4151,7.0,2006,9.0,8.0,31.0,731.0,1,0.55,4.0,6.1,10.0,0.2,6.5,5.65,19.0,0.55,4.0,6.1,10.0,0,0,0,0,0,3
4152,1.0,2009,3.0,8.0,137.0,137.0,6,0.63,5.57,6.63,13.5,0.23,5.53,5.65,5.5,0.23,5.53,5.65,5.5,0,0,1,0,0,3
4153,4.0,2006,9.0,6.0,816.0,571.0,11,0.68,5.15,6.1,55.0,0.68,5.15,6.1,55.0,0.57,6.0,7.5,15.0,0,0,0,0,0,3
4154,5.0,2010,4.0,8.0,154.0,251.0,3,2.97,8.43,8.28,703.0,3.11,8.53,8.6,645.0,1.69,8.12,7.98,241.0,1,0,0,0,0,3
4155,8.0,1995,5.0,93.0,324.0,1436.0,1,0.0,0.0,0.0,0.0,1.7,0.0,7.9,9.0,1.7,0.0,7.9,9.0,0,0,0,0,0,3
4156,13.0,2000,9.0,40.0,859.0,682.0,1,0.54,6.0,7.38,3.0,0.54,6.0,7.38,3.0,0.54,6.0,7.38,3.0,1,0,0,0,0,3
4157,4.0,2005,2.0,15.0,87.0,597.0,10,0.03,4.7,6.75,3.0,0.15,6.5,6.75,3.0,0.94,6.95,7.65,29.0,1,0,1,0,0,3
4158,6.0,2014,10.0,26.0,385.0,637.0,9,0.05,3.0,5.3,8.5,0.51,7.33,7.65,173.0,0.96,7.57,7.63,432.5,0,0,0,0,0,3
4159,6.0,2013,9.0,5.0,89.0,1437.0,6,0.05,2.2,1.15,1.0,0.41,6.85,7.4,8.0,0.41,6.85,7.4,8.0,0,0,0,1,0,3
4160,13.0,1995,9.0,89.0,925.0,782.0,1,0.06,7.4,7.4,16.0,0.06,7.4,7.4,16.0,0.06,7.4,7.4,16.0,0,0,0,0,0,3
4161,7.0,2001,9.0,4.0,334.0,1438.0,9,0.4,6.2,7.1,48.00314164731594,0.4,6.2,7.1,46.66698538451031,0.4,6.2,7.1,47.85002048900424,0,0,0,0,0,3
4162,6.0,2012,9.0,15.0,926.0,470.0,3,0.13,5.5,5.52,14.5,0.13,5.5,5.52,14.5,0.31,6.99,7.65,69.5,1,0,0,1,0,3
4163,5.0,2014,1.0,8.0,45.0,31.0,4,0.58,7.7,6.7,227.5,0.23,8.0,4.65,65.0,0.23,8.0,4.65,65.0,0,0,1,0,0,3
4164,1.0,2010,10.0,29.0,145.0,721.0,10,0.88,7.17,7.47,124.0,0.88,7.17,7.47,124.0,0.88,7.17,7.47,124.0,0,0,1,0,0,3
4165,1.0,2011,4.0,17.0,927.0,1439.0,1,0.05,5.1,5.42,11.5,0.05,5.1,5.42,11.5,0.05,5.1,5.42,11.5,1,1,0,0,0,3
4166,7.0,2000,10.0,91.0,928.0,1440.0,11,0.18,7.8,7.4,47.93749171417208,0.18,7.8,7.4,46.73472093331566,0.18,7.8,7.4,47.96314463741217,0,0,0,0,0,3
4167,1.0,2008,8.0,6.0,19.0,571.0,1,0.89,4.55,4.05,6.0,0.16,4.55,4.05,6.0,0.52,4.55,4.05,6.0,1,0,1,0,0,3
4168,20.0,2014,9.0,20.0,234.0,829.0,11,0.54,7.0,6.0,121.0,0.92,7.3,7.05,10.0,0.92,7.3,7.05,10.0,0,1,0,0,0,3
4169,9.0,2002,2.0,1.0,1.0,893.0,1,15.85,8.0,7.8,55.0,15.85,8.0,7.8,55.0,15.85,8.0,7.8,55.0,0,0,1,0,0,3
4170,7.0,2006,4.0,17.0,316.0,928.0,9,0.43,5.7,5.55,6.0,1.72,7.83,8.05,86.5,0.81,7.55,8.7,110.0,1,0,0,0,0,3
4171,7.0,2002,3.0,29.0,929.0,747.0,11,1.08,6.6,5.35,1.0,0.16,6.6,5.35,1.0,0.06,6.6,8.0,1.0,0,0,0,0,0,3
4172,5.0,2007,4.0,2.0,604.0,1441.0,6,0.02,7.5,7.1,12.0,0.87,8.4,8.25,18.0,0.87,8.4,8.25,18.0,0,0,0,0,0,3
4173,23.0,2012,9.0,8.0,45.0,31.0,1,2.97,8.5,6.35,581.0,0.39,7.92,7.17,89.5,0.09,7.92,7.33,74.5,1,1,1,0,1,3
4174,23.0,2011,1.0,9.0,930.0,760.0,1,1.09,4.35,3.95,5.0,0.26,3.0,7.7,51.0,0.38,6.27,6.15,25.5,1,0,0,0,1,3
4175,15.0,2009,12.0,29.0,822.0,1442.0,2,0.91,5.97,7.6,44.0,0.05,8.77,8.68,186.0,0.05,8.77,8.68,186.0,0,0,0,1,0,3
4176,17.0,2007,3.0,9.0,34.0,253.0,8,0.08,4.53,4.93,3.0,0.19,4.53,4.93,3.0,0.2,5.2,6.75,6.0,1,0,1,1,1,3
4177,4.0,2010,9.0,38.0,931.0,1443.0,4,0.93,6.0,6.0,1.0,0.93,6.0,6.0,1.0,0.93,6.0,6.0,1.0,0,0,0,0,0,3
4178,4.0,2007,2.0,5.0,82.0,158.0,5,0.48,4.3,5.3,2.0,0.9,5.17,5.78,72.5,0.57,5.6,6.35,84.0,0,0,1,1,0,3
4179,6.0,2015,9.0,33.0,249.0,411.0,8,0.14,4.0,6.85,4.5,0.29,4.0,6.85,4.5,0.29,4.0,6.85,4.5,1,0,0,1,0,3
4180,7.0,2005,3.0,40.0,210.0,994.0,11,0.14,4.95,4.3,0.0,0.14,4.95,4.3,0.0,0.2,4.37,7.53,2.0,0,0,0,0,0,3
4181,12.0,1998,2.0,1.0,24.0,778.0,1,0.79,7.1,7.1,14.0,0.39,7.1,7.1,14.0,1.04,6.6,6.6,17.0,1,0,0,0,0,3
4182,12.0,1997,3.0,106.0,932.0,1444.0,1,0.07,5.0,5.5,4.0,0.39,5.0,5.5,4.0,0.39,5.0,5.5,4.0,0,0,0,0,0,3
4183,12.0,1998,4.0,15.0,933.0,1445.0,1,0.6,7.0,7.0,3.0,0.6,7.0,7.0,3.0,0.6,7.0,7.0,3.0,0,0,0,0,0,3
4184,13.0,1999,6.0,126.0,934.0,1446.0,1,0.79,5.9864729458917845,6.425400801603205,44.05604395604396,0.79,6.120961923847696,6.589959919839676,34.17912087912088,0.79,6.162114228456913,6.618947895791575,38.04120879120879,0,0,0,0,0,3
4185,12.0,1997,7.0,40.0,935.0,144.0,1,0.07,6.042070079121586,6.394020668496688,49.29562687356727,0.03,6.127673179396085,6.510931697077347,47.72615059072474,0.78,6.172315517519764,6.551114161149683,49.20948686298713,1,0,0,1,1,3
4186,1.0,2009,5.0,8.0,46.0,1447.0,5,0.75,5.35,6.65,11.0,0.67,7.6,6.85,52.0,0.67,7.6,6.85,52.0,0,0,1,0,0,3
4187,15.0,2010,8.0,8.0,122.0,1448.0,6,2.68,7.5,8.18,138.0,0.79,5.25,6.5,11.0,0.79,5.25,6.5,11.0,0,0,1,0,0,3
4188,5.0,2005,10.0,49.0,301.0,395.0,12,0.57,5.7,7.3,3.0,0.5,7.15,8.0,37.0,0.59,6.65,7.15,39.0,1,0,0,0,0,3
4189,16.0,1987,9.0,5.0,480.0,698.0,1,0.03,7.0,6.0,1.0,1.14,7.0,6.4,45.0,1.14,7.0,6.4,45.0,0,0,0,0,0,3
4190,5.0,2011,9.0,9.0,34.0,1449.0,9,0.18,6.0,6.25,8.0,0.15,6.08,7.17,32.0,0.15,6.08,7.17,32.0,0,0,1,1,0,3
4191,1.0,2009,2.0,33.0,187.0,1137.0,11,0.26,4.0,5.85,18.0,1.24,5.15,5.85,18.0,1.24,5.15,5.85,18.0,0,0,0,0,0,3
4192,7.0,2006,1.0,40.0,210.0,444.0,4,0.18,6.1,6.75,3.0,0.18,6.1,6.75,3.0,1.66,7.6,8.25,3.5,0,0,0,0,1,3
4193,14.0,2006,3.0,8.0,45.0,43.0,10,0.56,5.6,7.2,5.0,0.11,5.6,5.7,3.0,0.26,6.75,7.73,54.0,1,1,1,1,0,3
4194,1.0,2007,1.0,8.0,122.0,454.0,9,1.1,6.6,6.5,59.5,0.16,5.85,7.25,10.0,0.27,7.27,8.3,2.5,0,0,1,0,1,3
4195,18.0,2015,1.0,8.0,27.0,651.0,9,1.69,8.0,5.0,38.0,1.69,8.0,5.0,38.0,0.02,8.0,8.0,1.0,1,0,1,1,0,3
4196,15.0,2011,1.0,8.0,45.0,31.0,9,0.59,8.2,7.6,24.5,0.79,7.92,7.22,111.0,0.79,7.92,7.22,111.0,1,1,1,1,0,3
4197,13.0,1999,6.0,36.0,693.0,1450.0,1,1.26,5.9864729458917845,6.425400801603205,44.05604395604396,1.26,6.120961923847696,6.589959919839676,34.17912087912088,1.26,6.162114228456913,6.618947895791575,38.04120879120879,0,0,0,0,0,3
4198,4.0,2007,9.0,5.0,284.0,1451.0,10,0.44,2.0,3.0,1.0,1.87,4.8,3.0,1.0,1.87,4.8,3.0,1.0,0,0,0,1,0,3
4199,5.0,2013,1.0,3.0,102.0,1028.0,1,0.14,7.83,7.38,17.5,0.14,7.83,7.38,17.5,0.08,7.5,7.38,0.0,0,0,1,0,0,3
4200,8.0,1995,6.0,69.0,591.0,861.0,1,0.33,6.105477410782085,6.471694191344031,46.30825496342738,0.33,6.192767653758562,6.565149962034973,45.062225705329155,0.32,6.223125474563416,6.604986712224803,46.031556948798325,0,0,0,0,0,3
4201,7.0,2005,1.0,15.0,103.0,102.0,1,0.04,5.5,7.55,53.0,0.18,6.8,7.55,53.0,0.09,9.0,7.7,53.0,0,0,0,0,0,3
4202,15.0,2011,8.0,8.0,32.0,1452.0,2,1.02,7.47,7.47,215.5,1.71,5.2,6.15,58.0,1.71,5.2,6.15,58.0,0,0,0,0,0,3
4203,7.0,2009,3.0,29.0,547.0,806.0,11,0.63,3.5,6.53,3.5,0.53,3.85,4.55,2.0,0.53,3.85,4.55,2.0,0,0,0,0,1,3
4204,7.0,2003,3.0,36.0,393.0,1453.0,7,0.12,5.91,7.0,5.5,1.41,7.37,8.07,15.0,1.41,7.37,8.07,15.0,0,0,0,0,0,3
4205,5.0,2014,1.0,8.0,27.0,651.0,9,0.76,6.75,4.73,32.5,0.76,6.75,4.73,32.5,0.54,8.05,7.35,8.5,1,0,1,1,0,3
4206,9.0,2006,11.0,33.0,245.0,450.0,6,0.3,7.0,7.7,14.0,0.15,7.0,6.3,3.0,1.29,4.9,6.8,3.0,0,0,0,0,0,3
4207,7.0,2005,6.0,5.0,321.0,1454.0,2,0.01,5.45,8.22,2.0,0.36,5.45,8.22,2.0,0.36,5.45,8.22,2.0,0,0,0,0,0,3
4208,10.0,2012,4.0,38.0,190.0,540.0,1,0.22,7.0,7.0,1.0,0.1,7.0,7.5,46.0,0.19,7.0,7.5,46.0,1,0,0,0,0,3
4209,13.0,1996,1.0,8.0,936.0,651.0,1,1.0,7.3,7.3,3.0,1.0,7.3,7.3,3.0,1.0,7.3,7.3,3.0,1,0,0,0,0,3
4210,1.0,2010,6.0,127.0,937.0,1455.0,1,0.05,7.3,7.3,3.0,0.05,7.3,7.3,3.0,0.05,7.3,7.3,3.0,0,0,0,0,0,3
4211,9.0,2005,9.0,6.0,19.0,1456.0,11,2.04,7.1,7.55,55.0,0.31,6.15,6.95,30.0,0.31,6.15,6.95,30.0,0,0,1,0,0,3
4212,6.0,2011,3.0,29.0,844.0,860.0,5,0.1,4.17,6.25,3.0,0.56,4.93,6.72,35.5,0.14,5.25,7.38,4.0,1,0,0,0,0,3
4213,4.0,2008,9.0,13.0,51.0,1457.0,1,1.54,6.25,6.7,57.0,0.42,8.35,8.1,88.0,0.42,8.35,8.1,88.0,1,0,1,0,0,3
4214,4.0,2007,5.0,155.0,938.0,1458.0,10,0.01,7.0,8.0,71.0,0.01,7.0,8.0,71.0,0.01,7.0,8.0,71.0,0,0,0,0,0,3
4215,7.0,2004,10.0,11.0,694.0,1039.0,12,0.11,6.05,6.3,5.0,0.12,6.05,6.1,5.0,0.12,6.05,6.1,5.0,0,0,0,0,0,3
4216,19.0,2005,6.0,1.0,29.0,1459.0,10,0.3,7.0,8.2,46.396146867328426,2.08,6.9,7.9,45.01510299925285,2.08,6.9,7.9,45.991941509232575,1,0,0,0,0,3
4217,19.0,2004,9.0,15.0,650.0,61.0,3,0.11,6.6,7.0,49.0,0.44,6.6,7.7,49.0,0.52,8.85,8.73,62.0,1,1,0,0,0,3
4218,4.0,2007,1.0,6.0,939.0,1460.0,1,0.01,5.8,6.9,47.55820785897907,0.01,5.8,6.9,46.14738646101114,0.01,5.8,6.9,47.53813196229649,0,0,0,0,0,3
4219,7.0,2002,1.0,5.0,217.0,1320.0,9,0.2,6.25,6.0,1.0,0.11,6.4,6.0,1.0,0.54,6.88,8.3,0.0,0,0,0,0,0,3
4220,7.0,2007,11.0,15.0,87.0,61.0,3,0.01,8.35,7.45,78.0,0.02,8.35,7.45,78.0,1.19,8.35,7.45,78.0,1,1,1,0,0,3
4221,4.0,2008,2.0,24.0,810.0,88.0,10,0.5,6.15,6.35,4.0,0.03,6.0,7.0,1.0,0.22,5.0,6.18,15.5,0,0,0,0,0,3
4222,9.0,2001,7.0,29.0,940.0,1461.0,5,0.1,5.3,7.8,45.75492383443607,0.1,5.3,7.8,45.895599322972764,0.1,5.3,7.8,47.25780889367595,0,0,0,0,1,3
4223,6.0,2007,3.0,29.0,217.0,860.0,12,0.69,6.5,6.95,4.0,0.69,6.5,6.95,4.0,0.69,6.5,6.95,4.0,1,0,0,0,0,3
4224,9.0,2004,5.0,1.0,1.0,1462.0,6,0.73,4.25,6.0,38.0,0.81,8.6,7.5,38.0,0.81,8.6,7.5,38.0,0,0,1,0,0,3
4225,14.0,2005,7.0,29.0,116.0,831.0,6,0.94,6.8,7.73,36.5,0.68,7.0,6.8,15.0,0.94,6.8,7.73,36.5,1,0,0,1,0,3
4226,9.0,2002,6.0,53.0,555.0,1463.0,5,0.17,7.3,7.1,14.0,0.17,7.3,7.1,14.0,0.17,7.3,7.1,14.0,0,0,0,0,0,3
4227,1.0,2011,6.0,176.0,448.0,1082.0,11,0.09,7.3,7.3,1.0,0.13,7.3,7.3,1.0,0.68,7.3,7.3,1.0,0,0,0,0,0,3
4228,13.0,1999,1.0,6.0,336.0,1464.0,12,0.64,8.17,8.2,120.0,0.64,8.17,8.2,120.0,0.64,8.17,8.2,120.0,0,0,0,0,0,3
4229,1.0,2007,9.0,24.0,79.0,40.0,10,0.55,7.4,7.4,111.5,0.16,5.8,3.0,111.5,0.64,6.58,7.03,20.5,0,0,0,0,0,3
4230,6.0,2011,7.0,20.0,483.0,1299.0,6,2.11,7.8,7.9,117.0,0.33,5.77,6.37,30.5,0.49,7.36,7.28,117.0,0,0,0,1,0,3
4231,9.0,2005,2.0,33.0,284.0,1115.0,8,0.34,4.7,7.5,2.0,0.12,6.0,8.75,2.0,0.51,6.2,7.0,1.0,0,0,0,0,0,3
4232,7.0,2002,9.0,177.0,538.0,1465.0,11,0.14,6.2,8.7,45.226486486486486,0.36,7.7,8.5,38.287837837837834,0.36,7.7,8.5,43.71081081081081,0,0,0,0,0,3
4233,17.0,2007,7.0,4.0,593.0,213.0,11,0.33,6.75,7.3,24.0,0.29,7.57,8.35,61.5,0.29,7.57,8.35,61.5,1,0,0,0,0,3
4234,8.0,1992,1.0,26.0,40.0,1466.0,1,0.28,6.03269493844049,6.3998449612402935,47.56792123629113,1.18,6.126103511171898,6.525690834473301,46.22083748753739,1.18,6.171917464660274,6.563750569995426,48.952018943170486,0,0,1,0,0,3
4235,7.0,2001,12.0,29.0,524.0,826.0,9,1.92,8.1,7.3,65.5,0.95,6.75,7.35,13.0,0.95,6.75,7.35,13.0,1,0,0,0,1,3
4236,8.0,1993,2.0,26.0,941.0,1467.0,1,0.73,6.2,6.2,37.0,0.73,6.2,6.2,37.0,0.73,6.2,6.2,37.0,0,0,0,0,0,3
4237,9.0,2002,2.0,5.0,942.0,1468.0,10,0.93,8.5,7.65,23.0,0.04,3.8,7.65,23.0,0.04,3.8,7.65,23.0,0,0,0,0,0,3
4238,15.0,2014,7.0,7.0,351.0,473.0,5,0.67,6.97,7.45,149.0,0.67,6.97,7.45,149.0,0.67,6.97,7.45,149.0,1,0,0,1,1,3
4239,6.0,2011,7.0,29.0,822.0,1249.0,9,0.09,6.83,6.73,48.0,0.08,8.0,7.85,1.0,0.07,5.73,7.37,15.0,0,0,0,1,0,3
4240,9.0,2004,2.0,29.0,249.0,689.0,10,0.54,5.7,7.4,1.0,0.4,6.05,7.3,4.0,0.4,6.05,7.3,4.0,0,0,0,0,0,3
4241,10.0,2012,9.0,1.0,1.0,250.0,10,1.13,7.15,7.8,40.0,9.09,7.9,8.2,88.0,2.57,7.5,8.12,50.0,0,0,1,0,0,3
4242,4.0,2008,12.0,3.0,328.0,429.0,7,0.83,7.2,7.5,26.0,0.83,7.2,7.5,26.0,0.83,7.2,7.5,26.0,0,0,0,0,0,3
4243,17.0,2006,3.0,4.0,460.0,268.0,10,0.96,5.1,6.4,1.0,0.11,5.3,7.0,1.0,1.03,6.47,7.75,12.5,1,0,0,0,0,3
4244,4.0,2008,2.0,3.0,448.0,759.0,1,0.14,8.2,5.9,4.0,0.72,5.67,7.6,4.0,1.06,4.4,4.0,4.0,0,0,0,0,0,3
4245,7.0,2007,6.0,4.0,299.0,373.0,9,0.28,7.0,7.57,10.0,1.1,6.9,7.1,10.0,0.87,7.3,7.0,2.0,1,0,0,0,0,3
4246,7.0,2005,7.0,6.0,127.0,844.0,10,0.19,6.03,7.38,20.0,0.66,7.9,7.45,11.0,0.66,7.9,7.45,11.0,0,0,0,0,0,3
4247,1.0,2010,1.0,15.0,943.0,1469.0,1,0.08,7.3,7.3,42.41893830703013,0.02,7.3,7.3,36.190578670492584,0.02,7.3,7.3,41.083213773314206,0,0,0,0,0,3
4248,4.0,2011,9.0,5.0,89.0,624.0,1,0.02,5.65,6.7,14.0,0.51,6.0,6.4,8.0,0.28,5.05,6.3,8.0,0,0,0,0,0,3
4249,7.0,2005,10.0,11.0,249.0,188.0,3,0.03,6.25,5.8,2.0,0.33,6.25,5.8,2.0,0.55,7.0,7.7,20.0,0,0,0,0,0,3
4250,9.0,2001,2.0,29.0,262.0,322.0,11,1.71,7.0,7.83,12.0,0.16,7.0,7.83,12.0,0.16,7.0,7.83,12.0,0,0,0,0,0,3
4251,6.0,2008,2.0,24.0,810.0,88.0,10,0.48,5.5,6.15,4.0,0.58,4.7,6.0,5.0,0.58,4.7,6.0,5.0,0,0,0,0,0,3
4252,13.0,1999,3.0,40.0,944.0,1470.0,1,0.43,8.4,7.25,24.0,0.43,8.4,7.25,24.0,0.43,8.4,7.25,24.0,0,0,0,0,1,3
4253,17.0,2006,7.0,6.0,196.0,844.0,12,0.1,6.5,8.35,9.0,0.78,7.25,7.55,127.0,0.46,6.7,7.87,17.5,0,0,1,0,0,3
4254,4.0,2008,11.0,29.0,327.0,1471.0,6,0.02,7.65,8.05,54.0,0.11,7.65,4.0,54.0,0.11,7.65,4.0,54.0,0,0,0,0,0,3
4255,10.0,2016,9.0,1.0,1.0,1472.0,3,0.42,6.0,7.1,113.0,0.45,5.4,5.25,11.0,0.45,5.4,5.25,11.0,0,1,1,0,0,3
4256,13.0,1996,1.0,4.0,899.0,1381.0,1,0.53,7.0,7.9,8.0,0.53,7.0,7.9,8.0,0.45,7.0,7.9,8.0,1,0,0,0,0,3
4257,5.0,2013,9.0,5.0,89.0,1437.0,6,0.03,2.1,1.2,1.0,0.01,6.9,7.25,8.0,0.01,6.9,7.25,8.0,0,0,0,1,0,3
4258,7.0,2005,7.0,6.0,127.0,844.0,3,0.95,8.35,8.1,121.0,0.04,8.16,8.13,273.0,0.66,7.9,7.45,11.0,0,0,0,0,0,3
4259,6.0,2011,1.0,9.0,34.0,760.0,4,0.59,9.0,8.35,263.5,0.24,4.15,5.2,12.0,0.33,6.17,5.97,38.0,1,0,1,0,1,3
4260,18.0,2014,1.0,8.0,27.0,331.0,6,0.47,6.2,5.5,4.0,0.19,3.7,2.45,2.5,1.0,7.83,7.9,47.0,0,0,1,1,0,3
4261,16.0,1983,9.0,11.0,489.0,1473.0,1,0.5,5.0,5.0,2.0,0.77,5.0,5.0,2.0,0.77,5.0,5.0,2.0,0,0,0,0,0,3
4262,7.0,2002,9.0,4.0,101.0,1474.0,3,0.02,5.9,5.4,47.00641389488024,0.36,5.1,5.4,45.229821773186515,0.36,5.1,5.4,46.14320581223748,0,0,0,0,0,3
4263,7.0,2003,6.0,4.0,945.0,1475.0,1,1.41,5.0,4.9,13.0,1.41,5.0,4.9,13.0,1.41,5.0,4.9,13.0,0,0,0,0,0,3
4264,9.0,2001,9.0,29.0,946.0,1476.0,1,0.84,6.097708281522011,6.447693359860781,47.903901046622266,0.84,6.1815792091519635,6.559855757274357,46.559535136604595,0.84,6.221097985575736,6.597542899776213,47.730256898192195,0,0,0,0,0,3
4265,9.0,2003,3.0,24.0,82.0,40.0,11,0.56,5.6,6.8,77.5,1.95,5.63,6.62,77.5,1.36,7.5,7.55,4.0,0,0,1,0,0,3
4266,6.0,2009,9.0,18.0,164.0,184.0,10,0.79,5.4,6.85,1.0,0.28,4.75,4.95,1.0,0.79,5.4,6.85,1.0,0,0,0,0,0,3
4267,6.0,2015,8.0,103.0,450.0,630.0,1,0.04,6.023708006279429,6.380546310832016,44.238808539944905,0.16,6.098238618524324,6.497463108320238,40.88240358126722,0.16,6.122084772370479,6.520916797488228,43.51325757575758,1,0,0,0,0,3
4268,4.0,2006,10.0,9.0,947.0,1394.0,10,0.15,5.1,6.6,8.0,0.04,6.75,7.3,8.0,0.07,6.75,4.0,1.0,0,0,0,0,0,3
4269,1.0,2011,1.0,8.0,68.0,77.0,8,0.24,4.25,7.33,31.5,0.36,7.13,7.33,31.5,0.5,7.0,7.4,6.0,1,1,1,1,0,3
4270,4.0,2009,6.0,20.0,237.0,488.0,11,0.71,6.33,6.62,14.5,1.43,7.45,7.35,75.0,0.71,6.33,6.62,14.5,0,0,0,0,0,3
4271,18.0,2015,9.0,20.0,291.0,712.0,1,1.11,6.0,6.9,81.0,0.13,7.63,7.55,259.0,0.13,7.63,7.55,259.0,0,0,0,1,0,3
4272,4.0,2011,6.0,29.0,948.0,1277.0,9,0.57,6.53,7.1,84.0,0.44,6.53,7.1,84.0,0.44,6.53,7.1,84.0,0,0,0,0,0,3
4273,7.0,2009,2.0,4.0,107.0,108.0,11,2.58,8.85,8.38,246.0,0.13,6.23,6.7,48.5,4.22,7.83,8.18,134.0,1,0,0,0,0,3
4274,7.0,2002,6.0,69.0,591.0,861.0,1,0.16,6.050969223702346,6.468989435002288,43.711032388663966,0.16,6.146789159393657,6.595062011943035,37.134362348178136,0.32,6.180679834634819,6.631194304088199,42.425607287449395,0,0,0,0,0,3
4275,5.0,2008,12.0,8.0,46.0,1093.0,11,0.59,6.33,7.7,37.5,0.24,6.75,6.85,10.0,0.24,6.75,6.85,10.0,0,0,1,0,0,3
4276,17.0,2006,9.0,22.0,565.0,76.0,4,0.06,5.27,6.7,6.0,0.06,5.27,6.7,6.0,1.25,5.1,5.55,34.0,1,1,0,1,1,3
4277,5.0,2015,9.0,5.0,82.0,1425.0,9,1.17,7.45,6.15,25.0,0.31,7.0,6.27,5.5,0.11,7.0,6.3,3.0,1,0,1,1,0,3
4278,5.0,2007,9.0,9.0,146.0,1201.0,12,0.6,3.75,6.8,3.0,0.6,3.75,6.8,3.0,0.6,3.75,6.8,3.0,0,0,0,0,0,3
4279,13.0,2000,3.0,5.0,139.0,184.0,11,0.53,7.85,8.12,7.0,0.53,7.85,8.12,7.0,3.12,9.0,8.6,57.0,0,0,0,0,0,3
4280,1.0,2010,9.0,20.0,548.0,322.0,9,0.09,5.6,8.4,49.51921757035004,0.33,5.6,8.4,47.858499199267904,0.09,5.6,8.4,49.493479752916954,0,0,0,0,0,3
4281,23.0,2015,4.0,26.0,323.0,1477.0,11,0.38,6.9,6.87,39.0,0.25,6.37,6.42,33.0,0.1,6.37,6.1,11.0,0,0,0,0,0,3
4282,13.0,1999,10.0,19.0,24.0,1478.0,1,1.03,8.15,8.5,70.0,0.06,8.15,6.0,1.0,0.39,8.15,7.1,14.0,1,0,0,0,0,3
4283,7.0,2005,7.0,178.0,315.0,1479.0,6,0.0,0.0,0.0,0.0,0.02,4.35,6.05,2.0,0.02,4.35,6.05,2.0,0,0,0,0,0,3
4284,17.0,2007,3.0,8.0,170.0,238.0,3,0.07,7.4,7.3,3.0,0.42,6.85,7.6,26.0,0.18,5.9,6.0,60.0,1,0,0,0,1,3
4285,5.0,2006,1.0,8.0,27.0,247.0,10,0.51,6.13,6.4,8.5,1.3,6.1,5.93,18.5,1.3,6.1,5.93,18.5,1,0,1,0,1,3
4286,5.0,2009,3.0,6.0,423.0,1480.0,1,0.73,4.0,6.0,21.0,0.19,4.0,6.0,21.0,0.19,4.0,6.0,21.0,0,0,0,0,0,3
4287,8.0,1994,7.0,95.0,548.0,1481.0,1,0.24,3.0,3.0,3.0,0.24,3.0,3.0,3.0,0.24,3.0,3.0,3.0,1,0,0,0,1,3
4288,7.0,2002,4.0,11.0,385.0,604.0,9,1.55,6.53,6.53,31.0,1.27,6.75,7.2,21.0,1.27,6.75,7.2,21.0,1,0,0,0,0,3
4289,5.0,2013,2.0,6.0,265.0,194.0,8,0.68,8.73,8.37,250.0,0.68,8.73,8.37,250.0,0.68,8.73,8.37,250.0,1,0,1,1,1,3
4290,9.0,2003,4.0,1.0,949.0,929.0,1,5.2,9.0,8.9,197.0,5.2,9.0,8.9,197.0,0.81,9.0,8.5,45.0,1,0,0,0,0,3
4291,6.0,2010,4.0,49.0,950.0,1482.0,2,0.02,5.7,8.2,45.58566176470588,0.05,5.7,8.2,44.6546875,0.05,5.7,8.2,45.84627757352941,1,0,0,0,0,3
4292,1.0,2009,11.0,5.0,390.0,1017.0,10,0.68,5.85,6.83,9.5,0.09,5.85,6.83,9.5,0.73,5.85,7.0,9.5,0,0,0,0,0,3
4293,10.0,2015,5.0,1.0,951.0,1483.0,1,0.71,7.0,7.4,10.0,0.71,7.0,7.4,10.0,0.71,7.0,7.4,10.0,0,0,0,0,0,3
4294,5.0,2010,9.0,8.0,387.0,135.0,11,0.55,3.55,5.85,3.0,0.03,5.2,4.75,4.0,0.03,5.2,4.75,4.0,0,0,1,0,0,3
4295,14.0,2003,1.0,2.0,807.0,1036.0,10,0.04,7.7,8.25,23.0,0.04,7.7,8.25,23.0,0.04,7.7,8.25,23.0,0,0,0,0,0,3
4296,1.0,2010,6.0,33.0,952.0,1484.0,8,0.04,6.95,7.5,63.0,0.05,5.1,4.2,63.0,0.05,5.1,4.2,63.0,0,0,0,0,0,3
4297,13.0,1995,8.0,4.0,953.0,762.0,1,0.57,6.0,6.0,2.0,0.57,6.0,6.0,2.0,0.57,6.0,6.0,2.0,0,0,0,0,1,3
4298,1.0,2007,9.0,33.0,131.0,450.0,5,0.12,6.8,9.5,3.0,0.39,6.8,7.2,3.0,0.25,4.05,6.7,1.0,0,0,0,0,0,3
4299,6.0,2011,7.0,29.0,157.0,360.0,6,0.06,7.73,7.38,69.0,0.03,7.73,7.38,69.0,0.75,7.83,7.68,116.0,1,0,0,1,0,3
4300,6.0,2011,6.0,4.0,121.0,373.0,1,0.15,6.6,6.6,2.0,0.09,6.6,6.6,2.0,0.03,7.0,7.0,4.0,0,0,0,0,0,3
4301,23.0,2015,6.0,134.0,400.0,1243.0,11,0.06,7.1,6.9,7.0,0.22,7.0,7.4,37.0,0.3,6.7,6.2,10.0,1,0,0,1,0,3
4302,6.0,2009,4.0,26.0,954.0,625.0,6,0.19,6.05,8.4,0.0,0.19,6.05,8.4,0.0,0.23,6.05,5.5,2.0,1,0,0,0,0,3
4303,18.0,2014,9.0,17.0,211.0,899.0,1,0.6,8.0,7.7,644.0,0.84,5.0,5.5,50.0,0.17,7.6,7.15,18.0,0,0,0,1,1,3
4304,17.0,2009,9.0,118.0,253.0,320.0,4,0.0,0.0,0.0,0.0,0.28,5.0,5.4,6.0,0.28,5.0,5.4,6.0,1,0,0,1,1,3
4305,9.0,2005,2.0,29.0,955.0,1485.0,1,0.65,5.941533923303834,6.313171091445431,50.56199677938808,0.65,6.055781710914458,6.470575221238942,37.569243156199676,0.65,6.052935103244841,6.466165191740415,43.750402576489535,0,0,0,0,0,3
4306,23.0,2013,4.0,26.0,956.0,625.0,1,0.01,4.45,2.2,14.0,0.24,4.45,6.8,14.0,0.1,6.0,6.0,2.0,1,0,1,0,0,3
4307,13.0,1999,7.0,11.0,187.0,232.0,1,0.84,5.9864729458917845,6.425400801603205,44.05604395604396,2.76,6.120961923847696,6.589959919839676,34.17912087912088,2.76,6.162114228456913,6.618947895791575,38.04120879120879,0,0,0,0,0,3
4308,10.0,2014,9.0,20.0,234.0,829.0,11,0.49,7.2,7.2,10.0,0.49,7.2,7.2,10.0,0.49,7.2,7.2,10.0,0,1,0,0,0,3
4309,1.0,2007,11.0,5.0,679.0,1277.0,10,0.02,7.63,7.65,48.0,0.07,6.93,6.93,83.5,0.23,6.93,6.93,83.5,0,0,0,0,0,3
4310,8.0,1996,1.0,15.0,87.0,1486.0,1,0.67,3.0,3.0,1.0,0.05,7.5,7.5,6.0,0.05,7.5,7.5,6.0,0,0,1,0,0,3
4311,11.0,2014,11.0,179.0,590.0,942.0,1,0.06,6.6,5.2,26.0,0.03,9.0,8.2,428.0,0.53,2.8,4.78,62.5,0,0,0,0,0,3
4312,7.0,2005,1.0,15.0,87.0,1487.0,1,1.2,4.8,8.0,1.0,0.13,4.8,6.15,1.0,0.13,4.8,6.15,1.0,0,0,1,0,0,3
4313,19.0,2003,9.0,11.0,146.0,179.0,5,3.18,5.4,6.82,57.0,3.18,5.4,6.82,57.0,3.18,5.4,6.82,57.0,0,0,0,0,0,3
4314,1.0,2008,2.0,24.0,79.0,40.0,10,0.46,4.35,5.3,5.0,0.5,6.15,6.35,4.0,0.5,6.15,6.35,4.0,0,0,0,0,0,3
4315,14.0,2004,3.0,8.0,68.0,472.0,8,1.41,8.7,8.2,46.24001774622893,1.41,8.7,8.2,45.763329837864,0.12,8.7,8.2,46.973985641687506,0,0,1,0,0,3
4316,8.0,1995,1.0,180.0,957.0,1488.0,1,0.07,6.105477410782085,6.471694191344031,46.30825496342738,0.07,6.192767653758562,6.565149962034973,45.062225705329155,0.07,6.223125474563416,6.604986712224803,46.031556948798325,1,0,0,0,0,3
4317,4.0,2007,5.0,35.0,296.0,1489.0,5,0.03,5.8,4.5,0.0,0.03,5.6,5.8,0.0,0.03,5.6,5.8,0.0,0,1,0,0,0,3
4318,19.0,2002,4.0,53.0,55.0,834.0,10,0.5,4.17,6.15,24.0,0.09,8.3,7.43,42.5,0.2,8.45,8.2,49.0,1,0,1,0,0,3
4319,4.0,2012,6.0,5.0,513.0,1490.0,10,1.32,6.83,6.67,13.0,0.04,6.83,6.67,13.0,0.04,6.83,6.67,13.0,0,0,0,0,0,3
4320,7.0,2002,9.0,181.0,305.0,1491.0,11,0.12,6.0,7.4,45.226486486486486,0.25,3.0,6.3,38.287837837837834,0.25,3.0,6.3,43.71081081081081,0,0,0,0,0,3
4321,23.0,2012,7.0,4.0,329.0,104.0,1,0.82,6.0,6.7,6.0,1.69,2.0,3.2,9.0,0.01,7.0,6.6,68.0,1,0,0,0,0,3
4322,1.0,2012,1.0,3.0,415.0,126.0,10,0.64,8.5,8.23,124.5,0.07,3.5,8.23,0.0,3.0,7.93,7.87,77.5,1,0,0,1,1,3
4323,10.0,2011,10.0,118.0,301.0,395.0,5,0.62,6.5,7.72,25.0,0.17,3.9,5.1,12.0,0.26,4.15,6.0,28.0,1,0,0,0,0,3
4324,14.0,2004,7.0,24.0,721.0,1492.0,6,0.64,6.7,6.2,38.5,0.06,5.25,6.17,38.5,0.06,5.25,6.17,38.5,0,0,0,0,0,3
4325,4.0,2008,6.0,6.0,19.0,1493.0,1,0.67,6.0,7.75,15.0,0.11,6.0,7.75,15.0,0.11,6.0,7.75,15.0,0,0,1,0,0,3
4326,7.0,2006,1.0,8.0,68.0,1494.0,6,0.02,6.6,4.5,46.07439501637249,0.56,6.6,8.1,45.62994169794745,0.56,6.6,8.1,46.82677102467854,0,0,1,0,0,3
4327,15.0,2014,9.0,6.0,62.0,113.0,5,1.55,7.93,6.78,285.0,1.55,7.93,6.78,285.0,1.55,7.93,6.78,285.0,1,0,1,1,0,3
4328,1.0,2008,6.0,15.0,390.0,1495.0,2,0.02,4.0,6.95,1.0,0.48,4.0,6.95,1.0,0.48,4.0,6.95,1.0,1,0,0,1,0,3
4329,5.0,2011,1.0,3.0,102.0,1028.0,6,0.84,4.91,5.33,326.5,0.05,4.91,8.0,7.0,0.05,4.91,8.0,7.0,0,0,1,0,0,3
4330,5.0,2008,7.0,5.0,719.0,1496.0,9,0.1,7.0,8.0,54.0,0.67,7.2,8.2,54.0,0.02,6.53,7.23,78.0,0,0,0,1,0,3
4331,16.0,1985,5.0,5.0,204.0,248.0,1,0.29,6.22424,6.681839999999995,38.648305084745765,0.29,6.186799999999996,6.735519999999998,31.48728813559322,0.29,6.304959999999998,6.693919999999998,42.80084745762712,0,0,0,0,0,3
4332,13.0,1998,1.0,43.0,395.0,1497.0,1,1.53,6.0160609318996405,6.403268817204285,46.05333068992863,0.26,6.099759856630821,6.523605734767007,42.11122125297383,0.26,6.1246594982078815,6.541229390680994,45.49722442505948,0,0,0,0,0,3
4333,7.0,2005,7.0,40.0,684.0,1026.0,5,0.29,6.6,6.35,1.0,0.23,7.15,8.9,2.0,0.11,7.15,8.9,2.0,1,0,0,0,0,3
4334,13.0,1998,1.0,26.0,40.0,1498.0,1,0.72,6.0,8.0,2.0,1.5,6.0,7.0,1.0,0.44,6.0,7.0,1.0,0,0,1,0,0,3
4335,5.0,2007,3.0,9.0,752.0,678.0,10,0.1,6.1,6.95,40.0,0.64,7.25,6.95,40.0,0.41,6.0,7.2,51.0,1,0,0,0,0,3
4336,7.0,2004,1.0,8.0,27.0,651.0,9,0.85,7.9,7.2,1.0,1.44,8.1,8.08,4.0,0.18,8.25,6.5,0.0,1,0,1,0,0,3
4337,5.0,2008,10.0,40.0,347.0,1499.0,9,0.19,5.0,5.23,3.5,0.31,7.4,7.25,6.0,0.31,7.4,7.25,6.0,0,0,0,0,0,3
4338,14.0,2003,7.0,5.0,82.0,1500.0,11,0.6,8.03,7.43,9.0,0.6,8.03,7.43,9.0,0.6,8.03,7.43,9.0,0,0,1,0,0,3
4339,1.0,2007,12.0,18.0,226.0,1106.0,10,0.09,6.3,7.3,5.0,0.66,6.3,6.05,12.0,0.66,6.3,6.05,12.0,0,0,0,0,0,3
4340,16.0,1981,8.0,11.0,511.0,1501.0,1,0.73,6.112886276873627,6.478469961824459,47.1133296460177,0.73,6.1980540486236935,6.574292746634577,45.50840707964602,0.73,6.23059272654211,6.615235081374369,46.38069690265487,0,0,0,0,0,3
4341,6.0,2010,9.0,5.0,229.0,1502.0,9,0.87,7.07,7.48,58.0,0.36,6.15,6.7,16.0,0.36,6.15,6.7,16.0,0,0,0,1,0,3
4342,5.0,2011,7.0,20.0,483.0,1299.0,6,1.55,4.95,8.0,17.5,0.17,5.73,6.08,17.5,0.07,7.36,7.33,152.5,0,0,0,1,0,3
4343,4.0,2007,6.0,6.0,958.0,1503.0,6,1.25,7.8,7.2,48.0,1.25,7.8,7.2,48.0,1.25,7.8,7.2,48.0,0,0,0,0,0,3
4344,11.0,2016,7.0,8.0,474.0,666.0,2,0.19,5.6,6.1,24.0,0.61,6.83,7.77,38.0,0.61,6.83,7.77,38.0,0,0,0,1,1,3
4345,1.0,2009,6.0,32.0,71.0,260.0,7,0.07,7.0,7.0,61.18867924528302,0.07,7.0,7.0,37.9685534591195,0.07,7.0,7.0,51.5188679245283,1,0,0,0,0,3
4346,6.0,2015,1.0,15.0,87.0,102.0,9,0.71,8.5,7.65,152.5,0.07,7.4,6.4,49.5,0.07,7.4,6.4,49.5,0,1,1,1,0,3
4347,13.0,1998,9.0,5.0,400.0,1243.0,1,1.23,5.0,6.3,14.0,0.2,5.0,7.0,1.0,0.38,5.0,7.0,1.0,0,0,0,0,0,3
4348,4.0,2009,9.0,5.0,155.0,624.0,1,0.49,5.0,4.5,2.0,0.49,5.0,4.5,2.0,0.49,5.0,4.5,2.0,0,0,0,0,0,3
4349,1.0,2009,1.0,15.0,213.0,102.0,1,0.07,7.33,7.3,47.5,0.07,7.33,7.3,47.5,1.19,7.55,7.3,84.0,0,0,0,0,0,3
4350,9.0,2004,6.0,15.0,54.0,277.0,10,0.18,6.8,7.55,53.0,0.56,6.8,7.0,3.0,0.31,6.8,7.0,3.0,0,0,0,1,0,3
4351,6.0,2009,6.0,4.0,93.0,373.0,3,0.72,9.0,8.1,70.0,0.82,5.8,8.0,70.0,0.06,5.8,8.0,70.0,1,0,0,0,0,3
4352,23.0,2013,4.0,26.0,959.0,1114.0,1,0.07,3.25,6.05,7.0,0.07,3.25,6.05,7.0,0.66,6.55,7.65,14.0,1,0,0,0,0,3
4353,1.0,2009,9.0,1.0,253.0,559.0,9,0.63,8.55,8.95,73.0,0.34,6.23,6.92,35.0,0.09,5.0,8.2,35.0,0,0,0,1,0,3
4354,7.0,2001,1.0,15.0,103.0,102.0,1,0.38,5.77,6.57,10.5,0.38,5.77,6.57,10.5,0.16,5.77,6.57,10.5,0,0,0,0,0,3
4355,11.0,2015,9.0,26.0,253.0,1504.0,8,0.03,6.1,7.5,5.0,0.05,6.1,7.0,1.0,0.05,6.1,7.0,1.0,0,0,0,1,0,3
4356,7.0,2003,9.0,29.0,131.0,1505.0,11,1.19,6.0,6.92,8.0,0.12,7.3,7.4,2.0,0.12,7.3,7.4,2.0,0,0,0,0,0,3
4357,8.0,1993,10.0,156.0,680.0,1280.0,1,0.39,5.0,5.0,47.68694362017804,0.39,5.0,5.0,46.41444114737883,0.39,5.0,5.0,49.107195845697326,1,0,0,0,0,3
4358,12.0,1998,9.0,14.0,615.0,896.0,1,1.46,8.0,8.0,1.0,0.66,8.0,8.0,1.0,0.24,5.6,5.6,10.0,1,0,0,0,0,3
4359,12.0,2000,5.0,1.0,1.0,1506.0,9,1.77,7.23,7.65,41.0,6.39,6.0,8.0,46.0,6.39,6.0,8.0,46.0,1,1,1,0,0,3
4360,6.0,2008,4.0,11.0,960.0,1507.0,10,0.32,8.6,8.2,137.0,0.33,7.8,7.4,183.0,0.33,7.8,7.4,183.0,0,0,0,0,0,3
4361,1.0,2009,8.0,15.0,87.0,297.0,10,0.8,6.97,6.22,60.5,0.8,6.97,6.22,60.5,0.18,6.97,6.0,60.5,1,0,1,0,0,3
4362,10.0,2014,1.0,8.0,27.0,31.0,9,0.58,6.0,5.35,5.0,0.58,6.0,5.35,5.0,0.84,6.75,4.53,39.0,1,1,1,1,0,3
4363,1.0,2007,8.0,6.0,19.0,571.0,11,0.52,2.0,4.0,1.0,0.56,2.0,4.0,1.0,0.56,2.0,4.0,1.0,1,0,1,0,0,3
4364,4.0,2007,9.0,5.0,82.0,1508.0,10,0.47,4.25,5.0,3.0,0.47,6.13,5.82,23.0,0.47,6.13,5.82,23.0,0,0,1,0,0,3
4365,9.0,2001,10.0,53.0,961.0,44.0,1,0.21,7.2,7.6,4.0,0.21,7.2,7.6,4.0,7.16,9.6,8.5,99.0,1,0,0,0,1,3
4366,7.0,2006,4.0,49.0,634.0,1509.0,8,0.34,6.07,7.67,13.0,0.04,5.8,7.67,13.0,0.04,5.8,7.67,13.0,0,0,0,0,0,3
4367,13.0,1995,4.0,72.0,962.0,1038.0,1,0.37,6.105477410782085,6.471694191344031,46.30825496342738,0.37,6.192767653758562,6.565149962034973,45.062225705329155,0.37,6.223125474563416,6.604986712224803,46.031556948798325,1,0,0,0,0,3
4368,4.0,2009,6.0,5.0,82.0,758.0,11,0.6,4.4,2.0,23.5,0.75,6.47,6.7,23.5,0.8,7.2,6.3,24.5,0,0,1,0,0,3
4369,5.0,2012,10.0,26.0,385.0,637.0,3,0.59,7.9,6.48,181.5,0.24,6.05,6.55,114.0,0.35,5.45,6.9,2.0,0,0,0,0,0,3
4370,9.0,2004,3.0,29.0,460.0,747.0,11,0.11,6.2,7.6,1.0,1.2,7.8,7.6,1.0,0.16,5.9,6.7,1.0,0,0,0,0,0,3
4371,5.0,2008,9.0,9.0,270.0,1510.0,3,0.75,6.0,6.9,25.0,0.03,6.0,8.45,10.0,0.03,6.0,8.45,10.0,0,0,0,0,0,3
4372,13.0,1995,9.0,26.0,683.0,701.0,1,0.19,6.105477410782085,6.471694191344031,46.30825496342738,0.19,6.192767653758562,6.565149962034973,45.062225705329155,0.33,6.223125474563416,6.604986712224803,46.031556948798325,0,0,0,0,0,3
4373,5.0,2009,9.0,15.0,135.0,470.0,2,0.01,4.2,6.05,2.0,0.14,4.2,6.05,2.0,0.07,7.33,7.3,47.5,1,0,0,0,0,3
4374,7.0,2009,6.0,4.0,121.0,373.0,1,0.36,7.83,8.13,51.5,0.19,5.0,5.0,1.0,1.36,5.8,8.08,3.0,1,0,0,0,0,3
4375,17.0,2010,7.0,4.0,442.0,141.0,2,0.03,5.65,6.8,45.58566176470588,1.25,5.65,6.8,44.6546875,1.05,7.05,8.7,45.84627757352941,1,0,0,0,0,3
4376,13.0,1999,4.0,55.0,215.0,25.0,1,0.11,7.0,7.2,66.0,0.94,7.0,7.4,22.0,9.72,9.1,9.05,512.0,1,1,0,0,0,3
4377,7.0,2008,6.0,33.0,609.0,1206.0,2,0.17,5.0,6.7,3.0,0.6,4.0,6.0,3.0,0.6,4.0,6.0,3.0,0,0,0,0,0,3
4378,5.0,2009,1.0,8.0,45.0,247.0,10,0.54,7.48,7.43,16.0,0.58,7.93,7.58,17.0,0.22,5.05,6.05,5.0,1,0,1,0,1,3
4379,7.0,2004,9.0,49.0,253.0,559.0,11,0.32,6.55,8.05,2.0,0.07,6.55,6.5,4.0,1.35,6.6,7.77,12.5,0,0,0,0,0,3
4380,6.0,2007,1.0,5.0,73.0,86.0,11,0.66,6.06,5.85,12.0,2.26,8.1,7.93,116.5,0.66,6.06,5.85,12.0,1,0,1,0,0,3
4381,13.0,1994,1.0,4.0,331.0,1381.0,1,0.79,6.060073064770927,6.419377962085287,50.71839204668252,0.79,6.1445201421800935,6.542274881516566,48.91938621136806,0.79,6.189670221169031,6.580169826224309,49.949751458828615,1,0,0,0,0,3
4382,14.0,2005,10.0,29.0,963.0,1511.0,4,0.4,6.75,7.15,3.0,0.27,4.75,6.5,1.0,0.27,4.75,6.5,1.0,1,0,0,0,0,3
4383,5.0,2010,1.0,12.0,317.0,1512.0,9,0.17,4.0,5.75,1.0,1.71,3.7,4.2,1.0,0.21,3.75,7.3,0.0,0,0,0,0,0,3
4384,17.0,2007,12.0,29.0,511.0,755.0,8,0.52,5.75,5.0,8.5,0.02,3.6,4.0,8.5,0.08,6.13,6.4,39.5,1,0,0,0,0,3
4385,19.0,2004,1.0,8.0,45.0,247.0,9,0.54,7.7,8.25,35.0,0.05,7.2,6.9,1.0,2.03,8.03,7.3,12.5,1,0,1,0,1,3
4386,16.0,1987,7.0,11.0,65.0,765.0,1,0.37,6.107508858267722,6.470185039370146,46.63970110461339,0.37,6.19479527559057,6.566647637795333,45.14208360407191,1.05,6.227049212598441,6.607655511811068,46.04348061511804,0,0,0,0,0,3
4387,19.0,2004,10.0,29.0,145.0,1513.0,8,0.08,7.35,8.1,24.0,0.33,7.6,7.85,1.0,0.33,7.6,7.85,1.0,0,0,1,0,0,3
4388,4.0,2005,9.0,17.0,57.0,1514.0,9,4.33,7.85,8.6,137.0,4.33,7.85,8.6,137.0,4.33,7.85,8.6,137.0,1,1,1,0,0,3
4389,14.0,2003,3.0,31.0,460.0,774.0,1,0.15,5.47,4.9,7.0,0.09,6.7,8.2,7.0,1.04,4.2,4.25,1.0,0,0,0,0,0,3
4390,13.0,2000,3.0,22.0,425.0,1515.0,1,3.72,7.38,8.05,172.0,0.12,7.38,8.05,172.0,0.12,7.38,8.05,172.0,0,0,0,0,0,3
4391,7.0,2002,3.0,8.0,31.0,462.0,9,0.8,6.9,7.65,26.0,0.27,6.9,7.0,0.0,1.62,6.9,7.0,0.0,0,0,0,0,0,3
4392,13.0,1996,4.0,15.0,103.0,1516.0,1,0.51,5.0,7.1,14.0,0.6,5.0,7.1,14.0,0.6,5.0,7.1,14.0,0,0,0,0,0,3
4393,20.0,2015,1.0,1.0,1.0,2.0,11,0.24,5.45,5.2,3.0,1.1,6.15,6.75,23.0,1.55,5.8,6.3,33.0,1,1,1,0,0,3
4394,1.0,2008,1.0,8.0,45.0,1517.0,10,0.52,7.0,7.67,29.5,0.52,7.0,7.67,29.5,0.52,7.0,7.67,29.5,0,0,1,0,0,3
4395,16.0,1981,9.0,138.0,964.0,1518.0,1,0.69,6.112886276873627,6.478469961824459,47.1133296460177,0.69,6.1980540486236935,6.574292746634577,45.50840707964602,0.69,6.23059272654211,6.615235081374369,46.38069690265487,0,0,0,0,0,3
4396,7.0,2004,9.0,29.0,284.0,322.0,3,0.27,6.22,7.2,9.5,0.32,5.2,7.1,9.5,0.44,5.15,6.8,9.5,0,0,0,0,0,3
4397,9.0,2004,1.0,1.0,231.0,1519.0,6,0.65,6.0,6.8,96.0,1.22,8.3,8.6,96.0,1.22,8.3,8.6,96.0,1,1,0,0,0,3
4398,17.0,2008,2.0,24.0,415.0,40.0,10,0.46,4.45,6.15,5.0,0.14,7.5,6.92,30.5,0.48,5.5,6.15,4.0,0,0,0,0,0,3
4399,1.0,2009,6.0,15.0,596.0,1520.0,11,0.45,6.3,7.25,4.0,0.45,6.3,7.25,4.0,0.45,6.3,7.25,4.0,1,0,0,1,0,3
4400,4.0,2009,8.0,12.0,958.0,1521.0,3,0.04,6.091280098280098,6.442550368550418,47.69869728713403,0.22,6.175740786240802,6.554272727272775,46.337630942788074,0.22,6.215514742014753,6.591929975430013,47.46736502820306,0,0,0,0,0,3
4401,18.0,2013,6.0,6.0,19.0,23.0,10,0.69,7.8,7.75,370.5,0.69,7.8,7.75,370.5,0.98,7.63,7.42,14.0,1,1,1,1,1,3
4402,7.0,2004,6.0,15.0,965.0,277.0,10,0.09,8.1,8.7,41.0,0.06,5.55,7.3,5.0,0.56,6.8,7.0,3.0,0,0,0,1,0,3
4403,6.0,2013,7.0,12.0,801.0,1222.0,8,0.02,5.6,6.08,14.0,0.59,7.17,6.92,87.5,0.59,7.17,6.92,87.5,0,0,0,0,0,3
4404,7.0,2006,1.0,132.0,373.0,1028.0,4,0.3,8.2,7.4,46.51040884215045,1.48,8.2,7.4,45.10081553814787,1.48,8.2,7.4,46.075008048073826,0,0,0,0,0,3
4405,7.0,2005,6.0,4.0,966.0,1522.0,1,1.61,5.0,5.8,4.0,1.61,5.0,5.8,4.0,1.61,5.0,5.8,4.0,0,0,0,0,0,3
4406,14.0,2005,1.0,15.0,103.0,102.0,2,0.02,6.0,9.0,1.0,0.47,6.0,9.0,1.0,0.06,6.0,8.0,1.0,0,0,0,0,0,3
4407,12.0,1999,1.0,8.0,27.0,247.0,11,0.92,6.0,8.3,7.0,0.26,6.0,8.3,7.0,0.78,6.0,7.7,3.0,1,0,1,0,1,3
4408,7.0,2004,9.0,15.0,576.0,110.0,11,0.04,7.4,8.1,6.0,0.92,4.97,6.65,3.0,0.19,4.9,5.7,1.0,0,0,0,0,0,3
4409,7.0,2005,6.0,29.0,967.0,1370.0,10,1.0,4.4,4.65,3.0,1.0,4.4,4.65,3.0,1.0,4.4,4.65,3.0,0,0,0,0,0,3
4410,5.0,2015,9.0,33.0,249.0,411.0,8,0.68,7.0,6.58,6.5,0.68,7.0,6.58,6.5,0.68,7.0,6.58,6.5,1,0,0,1,0,3
4411,4.0,2009,5.0,20.0,968.0,1523.0,10,0.33,8.4,8.4,39.8933506044905,0.26,8.4,8.4,32.29706390328152,0.26,8.4,8.4,34.81476683937824,0,0,0,0,0,3
4412,7.0,2002,11.0,24.0,969.0,1524.0,9,0.02,4.1,1.8,49.587620336943445,0.02,4.1,1.8,48.169524669073404,0.02,4.1,1.8,49.57746690734055,0,0,0,0,0,3
4413,20.0,2015,9.0,33.0,249.0,411.0,8,0.47,7.0,8.12,4.0,0.47,7.0,8.12,4.0,0.47,7.0,8.12,4.0,1,0,0,1,0,3
4414,7.0,2004,9.0,5.0,970.0,1525.0,5,1.02,6.0,5.15,2.0,0.14,5.65,5.17,8.5,0.14,5.65,5.17,8.5,0,0,0,0,0,3
4415,14.0,2005,4.0,5.0,212.0,1146.0,9,0.25,5.1,7.93,0.0,1.93,6.63,7.93,16.0,1.93,6.63,7.93,16.0,1,0,0,0,0,3
4416,1.0,2009,6.0,26.0,602.0,1526.0,11,0.77,6.07,6.75,194.0,0.88,7.6,7.15,6.0,0.88,7.6,7.15,6.0,0,0,0,0,0,3
4417,5.0,2012,9.0,5.0,89.0,624.0,8,0.1,7.03,6.87,68.5,0.37,3.85,5.75,1.0,0.14,3.85,5.75,1.0,0,0,0,0,0,3
4418,6.0,2013,9.0,42.0,715.0,1077.0,5,0.62,6.07,6.45,83.5,0.55,7.57,7.7,292.0,0.55,7.57,7.7,292.0,0,0,0,1,0,3
4419,4.0,2004,8.0,8.0,108.0,1527.0,1,0.67,7.0,7.5,4.0,0.66,8.1,8.4,4.0,0.66,8.1,8.4,4.0,0,0,0,1,1,3
4420,7.0,2003,9.0,8.0,330.0,1528.0,3,1.04,8.1,8.3,1.0,0.14,7.2,8.4,1.0,0.24,7.2,8.4,1.0,0,0,0,0,0,3
4421,14.0,2006,9.0,8.0,31.0,731.0,1,0.54,7.0,6.5,14.0,0.55,4.0,6.1,10.0,0.55,4.0,6.1,10.0,0,0,0,0,0,3
4422,5.0,2013,9.0,13.0,338.0,201.0,1,0.82,7.83,6.45,200.5,0.55,7.4,7.5,197.5,0.44,7.35,7.9,36.0,0,0,0,1,0,3
4423,18.0,2016,7.0,8.0,474.0,666.0,2,0.03,5.0,6.3,11.0,0.02,6.93,7.75,21.5,0.02,6.93,7.75,21.5,0,0,0,1,1,3
4424,13.0,1996,1.0,26.0,40.0,1498.0,1,1.45,4.0,7.8,10.0,1.17,4.0,7.8,10.0,1.17,4.0,7.8,10.0,0,0,1,0,0,3
4425,14.0,2002,1.0,8.0,27.0,454.0,10,0.93,7.63,8.05,9.0,0.13,7.9,8.05,9.0,0.06,7.9,8.05,9.0,0,0,1,0,1,3
4426,7.0,2005,7.0,8.0,653.0,42.0,11,0.61,6.55,5.3,19.0,0.08,8.55,8.35,46.0,0.08,8.55,8.35,46.0,1,1,0,1,0,3
4427,1.0,2009,9.0,33.0,131.0,1283.0,7,0.21,2.5,3.5,1.0,0.25,3.8,6.1,1.0,0.25,3.8,6.1,1.0,0,0,0,0,0,3
4428,1.0,2009,9.0,59.0,279.0,427.0,9,0.13,4.7,5.7,20.0,0.06,4.2,6.1,20.0,0.59,4.0,5.95,3.0,0,0,0,0,0,3
4429,14.0,2005,9.0,24.0,300.0,394.0,11,0.13,5.95,6.15,8.0,0.11,2.85,2.95,1.0,1.77,4.4,6.4,31.0,0,0,0,0,0,3
4430,9.0,2003,2.0,1.0,1.0,893.0,1,2.54,7.1,8.1,3.0,0.17,7.1,8.1,3.0,0.47,7.1,6.7,3.0,0,0,1,0,0,3
4431,13.0,1997,7.0,30.0,79.0,1529.0,1,1.54,7.6,7.6,37.0,0.12,7.6,7.6,37.0,0.12,7.6,7.6,37.0,0,0,0,0,0,3
4432,5.0,2011,3.0,8.0,191.0,1070.0,1,1.44,8.8,8.1,544.0,0.06,7.43,6.43,154.5,0.06,7.43,6.43,154.5,1,1,0,1,0,3
4433,13.0,1999,3.0,10.0,215.0,1530.0,1,0.94,9.0,7.4,22.0,0.52,9.0,8.3,35.0,0.52,9.0,8.3,35.0,0,0,0,0,0,3
4434,6.0,2012,9.0,49.0,301.0,628.0,3,0.3,4.97,6.65,60.5,1.41,7.45,6.95,154.0,0.86,7.4,7.55,49.0,1,0,0,1,0,3
4435,5.0,2011,7.0,6.0,494.0,1531.0,6,0.3,6.65,6.65,121.0,0.12,7.2,7.8,121.0,0.12,7.2,7.8,121.0,0,0,0,0,0,3
4436,14.0,2006,9.0,18.0,60.0,235.0,9,0.97,7.2,7.75,28.0,0.97,7.2,7.75,28.0,0.97,7.2,7.75,28.0,0,0,1,0,0,3
4437,1.0,2008,6.0,6.0,971.0,1532.0,10,0.67,7.25,5.3,12.0,0.35,7.25,7.55,12.0,0.35,7.25,7.55,12.0,0,0,0,0,0,3
4438,4.0,2007,6.0,6.0,19.0,530.0,11,0.51,6.8,7.4,1.0,0.51,6.8,7.4,1.0,1.45,7.1,6.9,1.0,0,0,1,0,0,3
4439,5.0,2007,7.0,3.0,721.0,1085.0,6,0.67,7.67,7.7,98.5,0.45,7.95,8.3,48.0,0.67,7.67,7.7,98.5,0,0,0,0,0,3
4440,7.0,2005,7.0,26.0,683.0,701.0,1,0.15,5.65,6.0,6.0,0.15,5.65,6.0,6.0,0.02,5.65,5.0,1.0,0,0,0,0,1,3
4441,13.0,2000,5.0,26.0,40.0,37.0,1,0.34,9.4,8.7,149.0,0.34,9.4,8.7,149.0,1.22,4.0,7.0,38.0,0,0,1,0,0,3
4442,13.0,1996,4.0,113.0,650.0,773.0,1,0.17,7.0,7.0,1.0,0.17,7.0,7.0,1.0,0.17,7.0,7.0,1.0,0,0,0,0,0,3
4443,8.0,1996,5.0,69.0,24.0,778.0,1,0.03,8.0,8.0,17.0,0.03,8.0,8.0,17.0,0.81,8.0,8.0,17.0,0,0,0,0,0,3
4444,2.0,1991,5.0,69.0,972.0,778.0,1,1.05,4.0,6.0,1.0,1.05,4.0,6.0,1.0,1.03,4.0,8.0,9.0,1,0,0,0,0,3
4445,12.0,1997,7.0,14.0,131.0,547.0,10,0.02,7.0,7.8,124.0,0.02,7.0,7.8,124.0,0.61,7.0,7.8,124.0,1,0,0,0,0,3
4446,1.0,2009,7.0,1.0,947.0,1533.0,1,1.2,3.0,6.5,2.0,0.06,3.0,8.0,1.0,0.13,8.5,8.12,37.0,0,0,0,0,0,3
4447,1.0,2009,6.0,182.0,973.0,1534.0,9,0.37,6.081317301269194,6.428591850367435,48.85785172212493,0.1,6.164849699398801,6.541612558450277,47.55465557501459,0.1,6.20785303941215,6.583874415497689,48.898423817863396,0,0,0,0,0,3
4448,6.0,2010,9.0,12.0,284.0,1535.0,6,0.02,6.0,7.0,1.0,0.13,5.3,6.25,10.0,0.13,5.3,6.25,10.0,0,0,0,0,0,3
4449,19.0,2005,6.0,29.0,120.0,1370.0,10,0.51,6.1,8.1,46.396146867328426,0.35,6.1,8.1,45.01510299925285,0.35,6.1,8.1,45.991941509232575,0,0,0,0,0,3
4450,7.0,2007,12.0,58.0,643.0,939.0,1,0.01,7.2,7.5,2.0,0.01,7.2,7.3,4.0,0.09,6.0,7.5,4.0,1,0,0,0,0,3
4451,13.0,2001,9.0,78.0,974.0,1536.0,1,0.17,5.0,5.0,4.0,0.17,5.0,5.0,4.0,0.17,5.0,5.0,4.0,1,0,0,0,0,3
4452,4.0,2007,8.0,6.0,180.0,1537.0,11,0.45,4.0,6.5,46.33063646170442,2.81,4.0,7.6,44.32092772384035,2.81,4.0,7.6,47.683791801510246,1,0,0,0,0,3
4453,4.0,2007,8.0,5.0,975.0,1538.0,9,0.01,3.5,6.38,2.0,0.01,3.5,6.38,2.0,0.01,3.5,6.38,2.0,0,0,0,0,0,3
4454,17.0,2009,12.0,15.0,87.0,277.0,11,0.01,7.17,6.67,137.5,0.45,6.3,7.25,4.0,0.4,6.15,7.85,1.0,0,0,1,1,0,3
4455,14.0,2004,3.0,29.0,217.0,362.0,2,1.75,7.1,8.7,0.0,2.18,7.1,8.7,0.0,2.18,7.1,8.7,0.0,0,0,0,0,0,3
4456,7.0,2002,1.0,15.0,87.0,1539.0,1,0.08,6.5,6.5,43.711032388663966,0.08,6.5,6.5,37.134362348178136,0.25,6.5,6.5,42.425607287449395,0,0,1,0,0,3
4457,13.0,2000,1.0,4.0,336.0,1540.0,1,1.0,4.25,4.25,0.0,0.46,4.25,4.25,0.0,0.46,4.25,4.25,0.0,0,0,0,0,0,3
4458,19.0,2004,10.0,101.0,880.0,637.0,1,0.15,6.75,8.3,11.0,0.15,6.75,8.3,11.0,0.61,6.75,7.2,11.0,0,0,0,0,0,3
4459,4.0,2010,9.0,29.0,948.0,1277.0,11,0.67,6.039757952973729,6.421583679114796,44.246983408748115,0.67,6.120172890733055,6.541791147994463,32.7447209653092,0.23,6.1493775933609935,6.577461964038736,36.71266968325792,0,0,0,0,0,3
4460,19.0,2003,2.0,1.0,947.0,295.0,6,2.04,7.93,8.67,135.0,0.05,6.5,7.9,135.0,0.38,6.5,7.6,25.0,1,0,0,0,0,3
4461,9.0,2003,9.0,29.0,284.0,322.0,9,0.05,6.1,6.25,1.0,0.38,4.7,5.3,1.0,0.3,6.8,6.7,1.0,0,0,0,0,0,3
4462,7.0,2003,6.0,26.0,976.0,1541.0,1,0.62,4.0,7.0,38.0,0.62,4.0,7.0,38.0,0.62,4.0,7.0,38.0,1,0,0,0,0,3
4463,4.0,2010,1.0,183.0,977.0,983.0,10,0.13,6.057083503054985,6.415594704684301,49.885309852875615,0.13,6.142910386965374,6.540040733197534,48.07779759251003,0.76,6.1904786150712745,6.577492871690405,49.565425769059296,0,0,0,0,0,3
4464,5.0,2008,9.0,24.0,89.0,1542.0,6,0.11,4.95,6.0,2.0,0.32,6.2,7.3,4.0,0.32,6.2,7.3,4.0,0,0,0,0,0,3
4465,6.0,2012,6.0,6.0,19.0,23.0,10,1.19,7.23,7.28,15.0,1.19,7.23,7.28,15.0,6.91,7.13,6.85,55.0,1,1,1,1,1,3
4466,19.0,2002,7.0,22.0,541.0,1061.0,10,0.7,8.5,8.3,100.5,0.7,8.5,8.3,100.5,0.7,8.5,8.3,100.5,1,0,0,0,1,3
4467,9.0,2003,9.0,35.0,978.0,1543.0,8,0.7,6.35,8.0,46.19905533063428,0.06,5.3,8.0,45.39591767881242,0.06,5.3,8.0,46.679740215924426,0,0,0,0,0,3
4468,5.0,2012,9.0,13.0,51.0,201.0,3,0.78,5.4,5.48,139.5,0.84,7.97,6.42,132.0,0.04,7.93,7.93,181.0,1,0,1,0,0,3
4469,19.0,2002,11.0,1.0,650.0,1544.0,6,1.22,8.3,8.6,96.0,0.44,8.3,7.7,49.0,0.44,8.3,7.7,49.0,0,0,0,0,0,3
4470,9.0,2004,9.0,29.0,669.0,1041.0,9,0.5,5.6,8.8,47.36133139729699,0.03,4.4,8.8,45.73416731821736,0.33,5.5,7.7,46.57991734614096,0,0,0,0,0,3
4471,7.0,2005,10.0,11.0,385.0,637.0,3,0.02,8.2,7.7,8.0,0.57,6.65,7.55,14.0,0.33,6.65,7.4,18.0,0,0,0,0,0,3
4472,7.0,2009,6.0,4.0,121.0,373.0,1,3.27,5.0,6.4,32.0,0.14,5.0,6.4,32.0,0.95,6.0,6.33,3.5,1,0,0,0,0,3
4473,24.0,1996,11.0,9.0,424.0,1545.0,1,0.62,7.4,7.4,7.0,0.09,8.3,8.3,3.0,0.09,8.3,8.3,3.0,0,0,0,0,0,3
4474,1.0,2007,2.0,29.0,552.0,392.0,10,0.68,6.9,7.2,47.35864844149208,0.29,6.9,6.6,46.229496678589676,1.61,4.2,6.2,47.57901124169648,0,0,0,0,0,3
4475,7.0,2005,9.0,26.0,40.0,701.0,1,0.03,4.8,7.9,1.0,0.14,6.5,7.65,1.0,0.03,4.8,7.9,1.0,0,0,1,0,0,3
4476,4.0,2010,8.0,15.0,979.0,1546.0,1,0.01,6.036517973148549,6.446041576440007,42.41893830703013,0.01,6.13182763100909,6.5621524469467225,36.190578670492584,0.01,6.158211346903418,6.59756604590732,41.083213773314206,0,0,0,0,0,3
4477,7.0,2002,1.0,40.0,330.0,502.0,8,0.03,6.35,8.1,48.57975592246949,0.03,6.35,8.1,47.31751615218952,0.09,7.7,8.1,48.66547020818378,1,0,0,0,0,3
4478,1.0,2011,6.0,6.0,19.0,1547.0,7,0.1,4.55,4.95,1.0,0.3,6.65,6.65,121.0,0.3,6.65,6.65,121.0,1,1,1,0,0,3
4479,7.0,2007,9.0,29.0,120.0,392.0,10,0.5,3.0,8.3,47.35864844149208,0.02,3.1,8.3,46.229496678589676,0.5,3.0,8.3,47.57901124169648,0,0,0,0,0,3
4480,17.0,2007,10.0,11.0,148.0,188.0,3,0.05,2.37,3.4,0.5,0.55,7.0,7.5,18.0,0.3,7.4,8.2,169.5,0,0,0,0,0,3
4481,4.0,2006,5.0,1.0,533.0,1548.0,11,0.54,6.6,7.7,33.0,0.08,5.6,7.9,33.0,0.08,5.6,7.9,33.0,0,0,0,0,0,3
4482,14.0,2002,8.0,5.0,713.0,184.0,5,1.4,7.45,7.1,27.0,0.42,7.3,6.95,14.0,0.31,7.1,7.38,10.0,0,0,0,0,0,3
4483,1.0,2009,1.0,183.0,667.0,1549.0,11,0.05,7.1,7.5,32.76409185803758,0.76,7.1,7.5,23.798538622129435,0.76,7.1,7.5,28.856993736951985,0,0,0,0,0,3
4484,9.0,2004,11.0,1.0,1.0,1550.0,10,0.69,5.6,5.45,13.0,0.7,7.3,7.45,97.0,0.7,7.3,7.45,97.0,0,0,1,0,0,3
4485,6.0,2010,4.0,9.0,97.0,1551.0,5,0.33,3.53,4.37,7.5,0.03,7.73,7.07,83.5,0.03,7.73,7.07,83.5,0,0,0,0,0,3
4486,10.0,2011,5.0,184.0,24.0,4.0,10,0.0,0.0,0.0,0.0,0.12,6.4,7.8,16.0,0.78,6.2,7.1,4.5,1,1,0,0,1,3
4487,4.0,2009,6.0,3.0,980.0,759.0,1,0.09,6.06531266560678,6.414785373608896,47.58155002891845,0.09,6.151277159512439,6.537713301536816,45.36119144013881,0.12,6.18789083200847,6.572859035506092,49.094852515905146,0,0,0,0,0,3
4488,7.0,2003,9.0,4.0,93.0,118.0,3,0.4,7.1,8.1,12.5,0.1,7.8,8.6,12.5,0.1,7.8,8.6,12.5,0,0,0,0,0,3
4489,12.0,2001,1.0,8.0,296.0,77.0,9,1.57,9.0,8.4,0.5,1.57,9.0,8.4,0.5,0.64,7.8,7.15,0.5,1,1,0,0,1,3
4490,9.0,2004,3.0,8.0,916.0,43.0,11,0.53,7.8,8.3,39.0,0.29,7.23,7.9,39.0,6.9,7.23,7.6,130.5,1,1,0,1,0,3
4491,7.0,2008,9.0,5.0,155.0,151.0,10,0.67,5.47,6.4,67.0,1.26,5.0,6.0,20.0,1.16,5.83,6.13,90.5,0,0,0,0,0,3
4492,13.0,2001,7.0,3.0,605.0,330.0,6,0.22,4.8,7.0,1.0,0.07,4.8,7.0,1.0,0.87,4.8,6.7,1.0,1,0,0,0,0,3
4493,14.0,2001,1.0,8.0,339.0,408.0,12,0.56,6.7,7.9,8.0,1.66,9.15,8.38,222.0,1.73,7.98,8.48,44.5,1,0,1,1,1,3
4494,9.0,2005,8.0,29.0,31.0,1552.0,1,0.61,7.65,7.6,53.0,1.21,7.65,7.6,53.0,1.21,7.65,7.6,53.0,0,0,0,0,0,3
4495,15.0,2013,1.0,8.0,45.0,31.0,9,0.54,8.05,7.35,8.5,1.19,8.27,6.5,141.5,1.19,8.27,6.5,141.5,1,1,1,1,1,3
4496,7.0,2005,9.0,33.0,60.0,1099.0,11,0.09,5.75,7.35,5.0,0.64,6.2,7.78,75.5,0.67,5.3,5.5,4.0,0,0,1,0,0,3
4497,11.0,2014,3.0,6.0,981.0,1553.0,4,0.95,8.1,8.1,184.0,0.33,6.07,7.42,23.0,0.33,6.07,7.42,23.0,1,0,0,1,1,3
4498,4.0,2010,6.0,29.0,120.0,614.0,11,0.59,5.6,5.6,44.246983408748115,1.0,7.6,7.6,32.7447209653092,0.95,7.6,7.6,36.71266968325792,0,0,0,0,0,3
4499,24.0,1996,2.0,9.0,55.0,1554.0,1,0.55,8.3,8.3,69.0,1.82,8.3,8.3,69.0,1.82,8.3,8.3,69.0,0,0,1,0,0,3
4500,14.0,2003,1.0,8.0,27.0,378.0,7,0.1,7.5,7.25,16.0,0.2,8.2,7.7,16.0,0.14,8.4,8.4,16.0,1,0,1,0,0,3
4501,15.0,2016,7.0,5.0,52.0,409.0,5,1.73,8.17,7.23,115.5,1.73,8.17,7.23,115.5,1.73,8.17,7.23,115.5,0,0,0,0,0,3
4502,18.0,2015,6.0,185.0,71.0,260.0,10,0.0,0.0,0.0,0.0,0.15,7.7,7.5,0.0,0.07,7.7,7.5,0.0,1,0,0,1,0,3
4503,1.0,2010,1.0,8.0,45.0,339.0,10,0.7,5.15,6.45,58.0,0.32,7.5,6.45,58.0,0.41,5.5,7.8,5.0,1,0,1,1,1,3
4504,7.0,2003,9.0,8.0,109.0,488.0,11,0.69,7.7,7.6,80.0,0.17,5.95,6.65,1.0,0.03,5.4,6.6,1.0,0,0,0,0,0,3
4505,20.0,2016,6.0,2.0,23.0,27.0,11,0.38,8.87,8.3,95.0,2.41,8.5,7.55,119.5,0.54,6.5,9.65,1.5,0,1,0,1,0,3
4506,13.0,2001,1.0,4.0,395.0,875.0,5,2.89,8.5,8.0,45.75492383443607,0.2,5.7,4.0,45.895599322972764,0.23,5.7,4.0,47.25780889367595,0,0,0,0,0,3
4507,11.0,2014,9.0,17.0,484.0,753.0,1,0.52,5.95,7.0,8.0,0.88,7.67,7.97,416.5,0.88,7.67,7.97,416.5,0,0,0,1,0,3
4508,7.0,2000,7.0,22.0,541.0,1061.0,10,0.71,3.45,4.65,9.0,0.71,3.45,4.65,9.0,0.71,3.45,4.65,9.0,1,0,0,0,1,3
4509,16.0,1981,9.0,5.0,321.0,1555.0,1,1.1,6.112886276873627,6.478469961824459,47.1133296460177,0.34,6.1980540486236935,6.574292746634577,45.50840707964602,0.34,6.23059272654211,6.615235081374369,46.38069690265487,0,0,0,0,0,3
4510,7.0,2004,4.0,26.0,982.0,1556.0,11,0.04,5.8,3.5,50.551418439716315,0.04,5.8,3.5,48.66979557780559,0.11,6.9,8.4,49.56727158948686,0,0,0,0,0,3
4511,4.0,2009,4.0,71.0,841.0,1557.0,11,0.18,7.2,8.2,2.0,0.54,7.7,7.75,5.0,0.54,7.7,7.75,5.0,0,0,0,1,0,3
4512,9.0,2002,2.0,181.0,983.0,1491.0,1,0.17,3.9,3.9,43.711032388663966,0.17,3.9,3.9,37.134362348178136,0.16,3.9,3.9,42.425607287449395,0,0,0,0,0,3
4513,9.0,2003,2.0,13.0,850.0,1558.0,10,0.03,6.2,5.8,6.0,0.55,7.73,8.3,6.0,0.55,7.73,8.3,6.0,1,0,0,0,0,3
4514,8.0,1994,8.0,25.0,85.0,1559.0,1,2.79,8.0,8.1,103.0,3.87,8.0,8.0,6.0,3.87,8.0,8.0,6.0,0,0,0,0,0,3
4515,1.0,2010,1.0,8.0,31.0,31.0,4,0.86,7.65,7.55,25.0,0.86,7.65,7.55,25.0,0.86,7.65,7.55,25.0,0,0,0,0,0,3
4516,6.0,2010,4.0,134.0,901.0,1385.0,9,0.08,7.25,7.8,21.0,0.12,7.0,6.65,2.0,0.5,7.0,5.8,19.0,1,0,0,0,0,3
4517,5.0,2012,7.0,3.0,828.0,330.0,6,0.43,8.57,7.65,470.0,0.05,6.5,6.5,1.0,2.07,6.5,6.0,1.0,1,0,0,1,0,3
4518,9.0,2004,6.0,186.0,390.0,1094.0,1,0.67,6.0,8.0,47.43754583231484,0.67,6.0,8.0,46.20019555120997,0.11,6.0,8.0,48.87949156685407,0,0,0,0,0,3
4519,7.0,2009,9.0,11.0,984.0,248.0,6,0.88,7.6,7.15,6.0,0.12,9.0,7.7,238.0,0.86,7.8,6.95,6.0,0,0,0,0,0,3
4520,7.0,2003,9.0,120.0,448.0,1560.0,9,0.38,6.45,6.9,6.0,0.1,4.0,7.0,1.0,0.38,6.45,6.9,6.0,0,0,0,0,0,3
4521,1.0,2010,9.0,5.0,810.0,1317.0,3,0.61,6.9,8.0,46.59712738403579,0.53,6.9,7.1,45.16023075111843,0.53,6.9,7.1,46.507829055804095,0,0,0,0,0,3
4522,5.0,2007,12.0,8.0,46.0,487.0,5,0.03,5.65,6.4,7.0,0.06,6.95,7.6,21.0,0.02,7.1,8.5,4.0,0,0,1,0,0,3
4523,12.0,1998,3.0,40.0,985.0,782.0,11,1.06,9.1,7.85,16.0,0.42,9.1,7.85,16.0,0.25,9.3,8.45,57.0,0,0,0,0,0,3
4524,12.0,1997,2.0,1.0,947.0,1561.0,1,3.51,7.25,8.2,65.0,0.05,7.25,7.7,12.0,0.05,7.25,7.7,12.0,0,0,0,0,0,3
4525,15.0,2012,7.0,3.0,281.0,168.0,5,1.9,8.57,7.97,567.5,1.9,8.57,7.97,567.5,1.9,8.57,7.97,567.5,1,0,0,0,1,3
4526,4.0,2008,8.0,6.0,816.0,571.0,3,1.31,4.0,8.1,46.75586556753329,0.47,4.0,8.0,44.35351934051997,0.45,4.0,6.5,47.66138237159163,1,0,0,0,0,3
4527,4.0,2006,2.0,15.0,87.0,597.0,12,0.02,5.0,6.8,0.0,0.03,6.3,6.0,0.0,0.12,6.2,6.95,19.0,1,0,1,0,0,3
4528,1.0,2010,1.0,54.0,27.0,1562.0,9,0.05,7.4,6.45,108.0,1.21,7.4,6.45,108.0,1.21,7.4,6.45,108.0,1,0,1,1,0,3
4529,7.0,2004,1.0,4.0,71.0,109.0,11,2.57,8.55,8.35,124.0,0.35,8.3,8.7,124.0,4.2,5.5,7.5,124.0,0,0,0,1,0,3
4530,1.0,2013,1.0,8.0,45.0,31.0,9,0.5,8.0,4.47,80.0,0.5,8.0,4.47,80.0,0.5,8.0,4.47,80.0,1,1,1,1,1,3
4531,7.0,2003,4.0,77.0,498.0,593.0,2,0.0,0.0,0.0,0.0,0.0,0.0,0.0,0.0,0.0,0.0,0.0,0.0,0,0,0,0,0,3
4532,13.0,1996,1.0,4.0,233.0,289.0,1,0.5,6.074598214285714,6.518080357142857,51.629901960784316,0.5,6.105133928571427,6.627678571428572,32.81127450980392,0.5,6.240669642857141,6.645223214285716,43.85294117647059,1,0,0,0,0,3
4533,4.0,2009,11.0,122.0,206.0,1563.0,1,0.02,8.0,10.0,1.0,0.13,8.0,7.6,11.0,0.13,8.0,7.6,11.0,0,0,0,0,0,3
4534,7.0,2001,8.0,26.0,986.0,701.0,1,4.05,6.75,7.5,35.0,4.05,6.75,7.5,35.0,0.38,6.75,7.0,1.0,0,0,0,0,0,3
4535,6.0,2012,8.0,15.0,448.0,995.0,10,0.1,7.25,6.2,16.5,0.13,7.25,6.5,16.5,0.06,5.55,7.3,5.0,1,0,0,1,0,3
4536,6.0,2007,9.0,8.0,333.0,353.0,3,0.5,7.83,7.65,34.0,1.47,7.98,8.47,42.5,0.54,7.7,8.25,35.0,0,0,1,0,0,3
4537,17.0,2006,4.0,6.0,570.0,625.0,7,0.07,3.8,7.5,7.0,0.02,6.7,7.35,7.0,0.18,6.7,6.7,3.0,1,0,0,0,0,3
4538,7.0,2008,6.0,8.0,31.0,272.0,10,0.49,8.2,6.85,83.0,0.61,3.0,6.85,83.0,1.92,7.0,6.8,3.0,0,0,0,0,0,3
4539,7.0,2006,4.0,17.0,57.0,383.0,5,0.23,8.7,7.65,4.0,0.23,8.7,7.65,4.0,1.11,6.0,7.4,30.0,0,0,1,0,0,3
4540,15.0,2006,8.0,2.0,522.0,83.0,10,0.92,7.45,7.3,72.0,0.11,6.5,8.8,72.0,5.12,9.03,7.62,86.0,0,0,0,0,0,3
4541,18.0,2014,9.0,20.0,234.0,829.0,11,0.47,7.05,7.05,10.0,0.47,7.05,7.05,10.0,0.47,7.05,7.05,10.0,0,1,0,0,0,3
4542,19.0,2002,1.0,8.0,27.0,77.0,8,0.72,6.4,7.05,12.0,0.52,9.0,7.3,12.0,0.32,8.0,7.3,0.0,1,1,1,1,0,3
4543,1.0,2009,3.0,8.0,31.0,1564.0,2,0.03,5.7,6.7,52.0,0.37,7.0,6.8,52.0,0.37,7.0,6.8,52.0,0,0,0,0,0,3
4544,5.0,2008,6.0,33.0,369.0,647.0,11,0.57,5.0,5.8,1.0,0.5,5.5,7.5,1.0,0.5,5.5,7.5,1.0,0,0,0,0,0,3
4545,9.0,2002,1.0,11.0,805.0,1226.0,1,0.7,7.13,8.25,44.0,0.13,7.13,8.25,44.0,0.13,7.13,8.25,44.0,0,0,0,0,0,3
4546,20.0,2012,7.0,5.0,11.0,18.0,11,13.73,7.93,6.05,1465.0,13.73,7.93,6.05,1465.0,13.73,7.93,6.05,1465.0,1,0,1,1,1,3
4547,6.0,2010,9.0,33.0,670.0,1096.0,2,0.18,5.51,6.23,73.5,0.68,5.51,6.23,73.5,0.06,6.43,7.12,5.5,0,0,0,0,0,3
4548,14.0,2003,6.0,40.0,210.0,519.0,11,0.03,6.4,7.8,1.0,0.23,7.3,8.5,1.0,1.46,7.6,5.1,1.0,1,0,0,0,0,3
4549,4.0,2009,7.0,5.0,399.0,1565.0,11,0.59,6.0,6.2,13.0,0.2,6.17,6.52,7.5,0.2,6.17,6.52,7.5,1,0,0,1,0,3
4550,1.0,2007,8.0,6.0,987.0,1537.0,11,0.44,7.3,7.25,1.0,0.13,7.3,7.25,1.0,0.13,7.3,7.25,1.0,1,0,0,0,0,3
4551,4.0,2011,9.0,6.0,607.0,1218.0,7,0.07,5.3,5.3,4.0,0.87,5.3,5.3,4.0,0.59,5.5,5.5,4.0,0,0,0,0,0,3
4552,7.0,2009,9.0,5.0,396.0,543.0,10,0.5,5.75,4.25,2.0,1.39,5.75,5.95,17.0,1.39,5.75,5.95,17.0,0,0,0,0,0,3
4553,13.0,1997,1.0,43.0,899.0,1381.0,1,0.0,0.0,0.0,0.0,0.46,0.0,0.0,0.0,0.46,0.0,0.0,0.0,1,0,0,0,0,3
4554,11.0,2014,9.0,5.0,47.0,280.0,10,0.7,7.03,7.08,3.5,0.93,6.25,6.4,2.0,0.7,7.03,7.08,3.5,1,0,0,1,0,3
4555,7.0,2005,6.0,9.0,34.0,1566.0,3,0.76,6.15,6.95,5.0,0.36,6.15,6.95,5.0,0.36,6.15,6.95,5.0,0,0,1,0,0,3
4556,17.0,2007,9.0,33.0,131.0,450.0,5,0.74,4.75,6.05,11.0,0.74,4.75,6.05,11.0,0.74,4.75,6.05,11.0,0,0,0,0,0,3
4557,17.0,2006,3.0,29.0,760.0,1148.0,6,0.94,5.5,5.65,11.0,0.53,6.27,6.53,22.0,0.53,6.27,6.53,22.0,0,0,0,0,0,3
4558,4.0,2006,9.0,59.0,845.0,637.0,5,0.13,3.45,5.6,19.0,0.22,5.5,5.0,1.0,0.06,6.0,6.9,9.0,0,0,0,0,0,3
4559,24.0,1997,4.0,9.0,766.0,1545.0,1,0.08,7.4,7.4,7.0,0.62,7.4,7.4,7.0,0.44,6.0,6.0,1.0,0,0,1,0,0,3
4560,17.0,2011,12.0,58.0,744.0,939.0,1,0.02,7.0,7.0,1.0,0.02,7.0,7.0,1.0,0.17,7.0,7.0,1.0,0,0,0,0,0,3
4561,19.0,2002,1.0,8.0,27.0,230.0,2,0.04,7.0,6.3,14.0,0.27,8.45,7.3,5.0,0.27,8.45,7.3,5.0,1,0,1,0,1,3
4562,4.0,2009,9.0,59.0,147.0,427.0,9,0.13,4.77,6.12,22.0,3.16,4.77,8.1,22.0,0.57,4.0,6.05,4.0,0,0,0,0,0,3
4563,17.0,2009,9.0,59.0,279.0,427.0,9,0.44,4.5,5.72,7.0,1.92,3.95,4.4,3.0,0.44,4.5,5.72,7.0,0,0,0,0,0,3
4564,4.0,2008,4.0,17.0,316.0,928.0,3,0.34,6.83,7.45,54.0,0.65,7.4,8.05,14.0,0.36,7.83,8.55,100.0,1,0,0,0,0,3
4565,7.0,2007,2.0,24.0,280.0,88.0,11,0.15,6.37,7.65,23.0,0.19,6.7,5.9,3.0,0.38,6.65,6.22,9.0,0,0,0,0,0,3
4566,9.0,2001,4.0,13.0,51.0,500.0,12,2.99,8.97,8.4,231.5,2.99,8.97,8.4,231.5,0.75,7.3,7.95,5.0,1,0,1,0,1,3
4567,6.0,2009,6.0,20.0,77.0,488.0,11,0.57,6.37,6.93,13.5,0.71,6.33,6.62,14.5,0.57,6.37,6.93,13.5,0,0,0,0,0,3
4568,7.0,2006,7.0,22.0,988.0,1567.0,1,0.02,6.05,6.8,13.0,0.02,6.05,6.8,13.0,0.02,6.05,6.8,13.0,0,0,0,0,0,3
4569,7.0,2005,1.0,3.0,787.0,1568.0,3,0.56,8.1,8.2,2.0,0.56,8.1,8.2,2.0,0.11,8.4,7.25,2.0,1,0,0,0,1,3
4570,19.0,2003,7.0,8.0,46.0,49.0,11,0.56,7.35,7.65,80.0,5.13,5.9,6.7,22.0,5.13,5.9,6.7,22.0,1,0,1,1,0,3
4571,14.0,2003,8.0,8.0,186.0,202.0,3,0.49,6.25,6.3,24.0,2.77,6.15,6.35,24.0,2.77,6.15,6.35,24.0,0,0,0,0,0,3
4572,5.0,2009,6.0,5.0,229.0,1191.0,6,0.74,4.75,5.0,1.0,0.03,4.65,5.2,1.0,0.03,4.65,5.2,1.0,1,0,0,0,0,3
4573,7.0,2003,11.0,4.0,226.0,1569.0,9,0.23,6.1,6.6,22.0,0.36,5.0,6.6,22.0,0.36,5.0,6.6,22.0,0,0,0,0,0,3
4574,13.0,1999,11.0,4.0,989.0,1570.0,1,0.59,5.9864729458917845,6.425400801603205,44.05604395604396,0.59,6.120961923847696,6.589959919839676,34.17912087912088,0.59,6.162114228456913,6.618947895791575,38.04120879120879,0,0,0,0,0,3
4575,8.0,1991,9.0,26.0,40.0,1571.0,1,0.33,4.8,4.8,13.0,0.41,4.8,4.8,13.0,0.41,4.8,4.8,13.0,0,0,1,0,0,3
4576,13.0,1998,9.0,89.0,123.0,1572.0,1,0.42,9.1,7.85,16.0,0.28,3.0,7.85,16.0,0.28,3.0,7.85,16.0,0,0,0,0,0,3
4577,10.0,2013,4.0,71.0,990.0,1573.0,10,0.06,4.5,4.9,4.0,0.06,4.5,4.9,4.0,0.06,4.5,4.9,4.0,0,0,0,0,0,3
4578,19.0,2005,1.0,5.0,73.0,86.0,10,0.71,6.85,7.55,25.0,1.45,6.0,6.4,17.0,0.82,7.65,7.45,1.0,1,0,1,1,1,3
4579,5.0,2011,1.0,3.0,357.0,1036.0,3,0.1,6.84,7.0,1.0,0.4,6.84,7.57,460.5,0.14,7.0,7.0,61.0,0,0,0,0,0,3
4580,9.0,2004,2.0,1.0,1.0,2.0,1,10.42,8.0,8.7,445.0,10.42,8.0,8.7,445.0,5.2,9.0,8.9,197.0,0,0,1,0,0,3
4581,4.0,2008,2.0,24.0,111.0,40.0,10,0.45,6.0,6.15,4.0,0.86,7.5,7.85,4.0,0.45,6.0,6.15,4.0,0,0,0,0,0,3
4582,1.0,2007,7.0,8.0,45.0,49.0,11,1.09,4.95,6.85,55.0,0.02,7.35,6.65,43.0,0.05,6.77,6.75,80.5,1,0,1,1,0,3
4583,17.0,2007,12.0,15.0,87.0,277.0,9,2.08,6.65,6.7,4.0,2.08,6.65,6.7,4.0,0.14,6.2,7.35,3.0,0,0,1,1,0,3
4584,13.0,1997,8.0,89.0,985.0,1574.0,10,0.09,6.5,6.5,10.0,0.24,6.5,6.5,10.0,0.24,6.5,6.5,10.0,0,0,0,0,0,3
4585,7.0,2003,1.0,31.0,302.0,875.0,4,0.08,8.0,8.2,23.0,0.55,4.0,5.2,23.0,0.13,7.4,7.4,23.0,1,0,0,0,0,3
4586,13.0,2003,1.0,65.0,991.0,1575.0,1,1.57,6.75,7.7,30.5,1.57,6.75,7.7,30.5,1.57,6.75,7.7,30.5,0,0,0,0,0,3
4587,23.0,2012,4.0,67.0,13.0,1576.0,1,0.09,4.5,5.65,3.0,0.36,6.23,7.03,6.5,0.22,5.3,6.3,9.0,0,0,0,0,0,3
4588,4.0,2010,9.0,8.0,256.0,135.0,11,0.48,6.83,5.08,108.0,0.2,4.95,4.6,1.0,0.55,3.55,5.85,3.0,0,0,0,0,0,3
4589,4.0,2006,8.0,6.0,180.0,1577.0,11,0.52,3.55,2.75,1.0,0.42,3.55,2.75,1.0,0.42,3.55,2.75,1.0,0,0,0,0,0,3
4590,4.0,2009,9.0,29.0,228.0,392.0,1,0.13,3.2,6.2,1.0,0.16,5.85,5.4,3.0,0.57,3.0,4.7,2.0,0,0,0,0,0,3
4591,13.0,2001,3.0,8.0,218.0,472.0,10,1.16,8.5,8.5,46.801602564102566,0.81,7.3,7.1,44.4875,0.7,6.6,6.5,47.54919871794872,0,0,0,0,1,3
4592,24.0,1997,4.0,187.0,992.0,1405.0,1,0.0,0.0,0.0,0.0,0.0,0.0,0.0,0.0,0.0,0.0,0.0,0.0,1,0,0,0,0,3
4593,14.0,2004,1.0,64.0,373.0,243.0,8,0.02,6.9,8.4,3.5,0.23,8.33,7.77,3.5,0.14,5.0,7.77,3.5,0,0,0,0,0,3
4594,9.0,2005,6.0,15.0,87.0,1578.0,2,4.06,6.0,8.3,45.65814307458143,0.02,6.0,8.3,44.52978183663115,0.02,6.0,8.3,45.452511415525116,0,0,1,1,0,3
4595,7.0,2003,3.0,29.0,460.0,747.0,2,0.05,6.9,7.0,1.0,0.45,6.9,7.0,1.0,0.47,5.4,7.2,1.0,0,0,0,0,0,3
4596,7.0,2007,9.0,29.0,967.0,1386.0,10,0.44,4.5,7.0,4.0,0.44,5.9,7.7,4.0,0.11,4.35,5.45,4.0,0,0,0,0,0,3
4597,7.0,2002,9.0,11.0,560.0,1579.0,11,3.09,7.07,7.52,128.5,0.14,6.47,6.53,8.0,0.14,6.47,6.53,8.0,0,0,0,0,0,3
4598,1.0,2007,2.0,9.0,34.0,1554.0,12,0.52,4.3,6.1,3.0,0.1,6.1,6.1,3.0,0.43,5.0,7.5,55.0,0,0,1,0,0,3
4599,7.0,2004,3.0,88.0,993.0,1580.0,11,0.56,7.0,5.38,1.5,0.11,6.6,7.62,2.0,0.11,6.6,7.62,2.0,0,0,0,0,0,3
4600,5.0,2010,7.0,9.0,163.0,1162.0,10,0.08,4.9,7.15,4.0,0.22,7.25,7.85,20.0,0.22,7.25,7.85,20.0,0,0,0,1,0,3
4601,9.0,2004,9.0,6.0,19.0,184.0,9,0.08,7.9,7.65,102.0,0.06,7.4,7.05,102.0,0.14,8.77,8.83,268.5,0,0,1,0,0,3
4602,4.0,2009,10.0,29.0,120.0,257.0,10,0.62,6.75,7.28,40.0,0.11,6.75,7.28,40.0,0.25,6.0,5.82,10.5,0,0,0,0,0,3
4603,9.0,2004,2.0,5.0,187.0,1144.0,11,0.54,7.4,7.65,2.0,0.04,7.4,7.65,2.0,0.04,7.4,7.65,2.0,0,0,0,0,0,3
4604,13.0,1998,3.0,188.0,994.0,1581.0,1,0.0,0.0,0.0,0.0,0.0,0.0,0.0,0.0,0.0,0.0,0.0,0.0,0,0,0,0,0,3
4605,17.0,2005,1.0,8.0,45.0,247.0,10,0.53,7.8,8.5,5.0,0.53,7.8,8.5,5.0,0.64,6.85,5.9,5.0,1,0,1,0,1,3
4606,13.0,1999,4.0,4.0,520.0,717.0,1,0.52,6.3,6.3,3.0,1.05,7.2,7.2,5.0,1.11,5.9,5.9,9.0,1,0,0,0,0,3
4607,4.0,2007,6.0,189.0,995.0,1582.0,10,0.02,6.1034900268284105,6.459080835180271,47.35864844149208,0.02,6.191155954741644,6.567800069987219,46.229496678589676,0.02,6.229064504840788,6.605134725300407,47.57901124169648,0,0,0,0,0,3
4608,17.0,2008,10.0,26.0,683.0,701.0,1,0.65,7.0,7.0,1.0,0.65,7.0,7.0,1.0,0.22,7.0,7.0,1.0,0,0,0,0,0,3
4609,14.0,2002,3.0,11.0,412.0,563.0,5,1.34,7.3,7.4,50.12277777777778,1.34,7.3,7.4,48.375238095238096,0.18,5.2,8.3,49.76777777777778,1,0,0,0,0,3
4610,7.0,2004,1.0,15.0,87.0,1583.0,1,0.66,6.15,6.75,33.0,0.93,5.37,8.1,5.0,0.93,5.37,8.1,5.0,0,0,1,0,0,3
4611,4.0,2010,11.0,13.0,51.0,1584.0,1,0.6,7.2,8.15,53.0,2.25,7.2,8.15,53.0,2.25,7.2,8.15,53.0,0,0,1,0,0,3
4612,7.0,2003,9.0,29.0,262.0,1382.0,1,0.54,5.5,5.5,47.685338686698614,0.16,5.5,5.5,46.47707550835384,0.26,5.5,5.5,47.855459137417434,0,0,0,0,0,3
4613,12.0,1998,3.0,40.0,183.0,994.0,1,1.08,7.0,6.8,26.0,0.19,7.0,6.0,9.0,0.75,7.0,7.0,1.0,1,0,0,0,0,3
4614,12.0,2000,1.0,40.0,210.0,502.0,9,0.21,2.8,2.8,47.22648344066237,0.21,2.8,2.8,45.44520469181233,0.58,8.5,7.7,46.36321297148114,1,0,0,0,0,3
4615,12.0,2001,5.0,1.0,996.0,1585.0,4,0.1,5.0,5.5,2.0,0.1,5.0,5.5,2.0,0.1,5.0,5.5,2.0,0,0,0,0,0,3
4616,12.0,1999,1.0,15.0,87.0,1586.0,1,0.51,7.6,7.6,14.0,0.51,7.6,7.6,14.0,0.51,7.6,7.6,14.0,0,0,1,0,0,3
4617,12.0,2000,7.0,78.0,997.0,894.0,1,0.81,4.5,6.88,1.5,0.81,4.5,6.88,1.5,0.56,4.5,8.0,1.0,1,0,0,0,0,3
4618,19.0,2004,7.0,8.0,122.0,285.0,2,1.42,7.17,8.78,7.0,2.31,8.4,8.4,7.0,2.31,8.4,8.4,7.0,0,0,1,0,0,3
4619,6.0,2010,6.0,32.0,71.0,260.0,6,0.11,6.033445600132071,6.393825326069004,49.04950405770965,0.11,6.117914809311541,6.507062902426945,47.05843101893598,0.11,6.163670133729564,6.549328050189856,48.10054102795311,0,0,0,0,0,3
4620,11.0,2015,9.0,7.0,351.0,473.0,5,0.37,7.03,7.6,189.5,0.46,7.03,7.6,189.5,0.46,7.03,7.6,189.5,1,0,0,0,0,3
4621,7.0,2008,1.0,4.0,614.0,836.0,1,0.55,6.0,5.6,7.0,0.86,6.0,5.6,7.0,0.28,8.2,8.0,7.0,0,0,0,0,0,3
4622,18.0,2014,9.0,33.0,492.0,711.0,1,0.65,6.0370023640661925,6.4082836879432445,47.3185817805383,0.65,6.127933806146561,6.533567375886503,45.40683229813665,0.65,6.178366430260039,6.570146572104003,49.021868530020704,1,0,0,1,0,3
4623,14.0,2004,8.0,15.0,221.0,297.0,11,4.23,8.55,8.95,266.0,0.26,5.9,8.4,266.0,0.54,8.2,8.0,266.0,1,0,1,0,0,3
4624,19.0,2004,2.0,13.0,586.0,500.0,6,0.5,6.43,8.53,26.5,0.03,4.85,2.0,1.0,0.29,5.6,7.35,9.5,1,0,0,0,0,3
4625,5.0,2006,8.0,6.0,19.0,895.0,3,0.89,4.55,4.65,13.0,0.89,4.55,4.65,13.0,0.67,5.96,6.02,10.0,0,0,1,0,1,3
4626,8.0,1995,1.0,26.0,40.0,301.0,1,0.03,6.0,6.0,1.0,3.84,6.0,6.0,1.0,0.33,6.0,6.0,1.0,0,0,1,0,0,3
4627,9.0,2004,6.0,190.0,262.0,1094.0,1,0.11,6.0,8.0,47.43754583231484,0.11,6.0,8.0,46.20019555120997,0.67,6.0,8.0,48.87949156685407,0,0,0,0,0,3
4628,7.0,2008,1.0,5.0,391.0,422.0,9,0.06,6.1,7.4,45.66070409134158,0.04,6.1,7.4,44.78520456707897,0.05,3.9,4.4,45.78801141769743,0,0,0,0,0,3
4629,4.0,2010,6.0,26.0,323.0,981.0,1,0.38,6.65,7.65,18.0,0.42,6.2,7.4,12.0,0.67,6.2,7.4,12.0,1,0,0,0,0,3
4630,19.0,2005,9.0,8.0,31.0,135.0,11,0.56,7.0,7.6,94.0,0.07,3.0,6.1,22.0,0.65,6.4,5.25,19.0,0,0,0,0,0,3
4631,1.0,2009,11.0,182.0,973.0,1534.0,11,0.24,8.6,8.6,32.76409185803758,0.1,8.6,8.6,23.798538622129435,0.44,8.6,8.6,28.856993736951985,0,0,0,0,0,3
4632,7.0,2007,12.0,18.0,226.0,1106.0,10,1.68,7.3,6.65,2.0,0.2,6.4,5.8,16.0,0.2,6.4,5.8,16.0,0,0,0,0,0,3
4633,4.0,2009,8.0,6.0,19.0,1587.0,11,0.72,7.0,5.8,32.76409185803758,0.03,7.0,5.8,23.798538622129435,0.03,7.0,5.8,28.856993736951985,0,0,1,0,0,3
4634,5.0,2005,9.0,9.0,162.0,1150.0,11,0.99,4.55,5.95,14.0,0.14,6.35,8.3,24.0,0.14,6.35,8.3,24.0,0,0,0,0,1,3
4635,13.0,2001,9.0,13.0,51.0,500.0,12,0.75,7.87,8.03,71.0,0.75,7.87,8.03,71.0,0.42,7.6,7.25,3.0,1,0,1,0,0,3
4636,1.0,2008,3.0,5.0,548.0,1588.0,10,0.55,5.1,5.1,47.32791802049488,0.09,5.1,5.1,45.973319170207446,0.09,5.1,5.1,47.42195701074731,0,0,0,0,0,3
4637,7.0,2002,7.0,21.0,204.0,1589.0,5,1.73,7.9,7.8,6.0,0.32,6.13,7.07,10.5,0.32,6.13,7.07,10.5,1,0,0,0,0,3
4638,19.0,2005,5.0,9.0,998.0,1590.0,1,0.72,5.941533923303834,6.313171091445431,50.56199677938808,0.72,6.055781710914458,6.470575221238942,37.569243156199676,0.72,6.052935103244841,6.466165191740415,43.750402576489535,0,0,0,0,0,3
4639,7.0,2005,9.0,15.0,87.0,597.0,2,0.44,8.9,7.1,74.0,4.06,8.9,8.3,74.0,0.28,8.53,8.68,74.0,1,0,1,0,0,3
4640,6.0,2010,9.0,6.0,19.0,858.0,9,0.12,6.67,6.95,59.0,0.03,6.67,6.95,59.0,0.04,6.67,6.95,59.0,1,0,1,0,0,3
4641,4.0,2008,8.0,71.0,617.0,857.0,1,0.11,6.0,7.0,2.0,0.84,6.25,7.15,1.0,0.13,4.1,6.3,1.0,1,0,0,0,0,3
4642,13.0,1998,1.0,15.0,103.0,978.0,1,0.59,9.0,9.0,1.0,0.04,9.0,9.0,1.0,0.19,9.0,9.0,1.0,1,0,0,0,1,3
4643,9.0,2001,2.0,29.0,999.0,1382.0,1,0.5,6.097708281522011,6.447693359860781,47.903901046622266,0.5,6.1815792091519635,6.559855757274357,46.559535136604595,0.5,6.221097985575736,6.597542899776213,47.730256898192195,0,0,0,0,0,3
4644,14.0,2006,7.0,8.0,170.0,621.0,2,0.56,6.6,8.1,67.0,0.53,8.45,8.1,67.0,1.25,6.8,7.88,130.5,0,0,0,1,0,3
4645,1.0,2007,11.0,1.0,51.0,1591.0,10,3.84,5.9,4.4,8.0,2.58,6.1,7.65,8.0,2.58,6.1,7.65,8.0,0,0,1,0,0,3
4646,14.0,2006,9.0,29.0,123.0,1592.0,1,0.09,5.65,4.0,3.0,1.14,5.65,6.7,23.0,1.14,5.65,6.7,23.0,0,0,0,0,0,3
4647,17.0,2009,9.0,18.0,164.0,184.0,10,0.82,3.9,5.4,3.0,0.26,4.5,4.75,1.0,0.82,3.9,5.4,3.0,0,0,0,0,0,3
4648,17.0,2010,9.0,3.0,102.0,126.0,10,1.07,8.0,8.25,1480.5,1.8,8.63,8.1,122.0,1.8,8.63,8.1,122.0,1,0,1,0,1,3
4649,20.0,2015,6.0,1.0,1.0,28.0,11,1.19,6.9,8.3,3.0,0.24,5.45,5.2,3.0,9.09,7.9,8.2,88.0,1,0,1,1,0,3
4650,10.0,2016,9.0,1.0,871.0,320.0,1,0.42,3.3,4.5,3.0,0.53,3.3,4.5,3.0,1.26,6.8,7.7,113.0,0,0,0,1,0,3
4651,6.0,2010,9.0,8.0,387.0,135.0,11,0.46,3.4,5.8,3.0,0.76,6.97,6.98,45.5,0.46,3.4,5.8,3.0,0,0,1,0,0,3
4652,1.0,2011,1.0,26.0,1000.0,1593.0,11,1.65,5.97,7.82,37.5,0.06,6.63,6.72,5.5,0.01,6.63,6.0,1.0,0,0,0,0,0,3
4653,6.0,2011,10.0,29.0,120.0,1594.0,4,0.91,5.5,5.25,171.0,0.06,5.5,5.25,171.0,0.06,5.5,5.25,171.0,0,0,0,1,0,3
4654,14.0,2004,4.0,8.0,257.0,169.0,1,0.66,6.55,8.8,0.0,0.66,6.55,8.8,0.0,0.19,6.7,8.3,0.0,0,0,0,0,0,3
4655,17.0,2010,1.0,9.0,363.0,498.0,12,1.26,8.75,8.35,91.0,0.36,6.9,7.15,17.0,0.36,6.9,7.15,17.0,1,0,0,0,0,3
4656,7.0,2007,9.0,33.0,131.0,450.0,5,0.46,4.65,6.1,11.0,0.46,4.65,6.1,11.0,0.46,4.65,6.1,11.0,0,0,0,0,0,3
4657,13.0,2000,11.0,13.0,51.0,500.0,10,0.75,7.3,7.95,5.0,0.07,7.5,7.15,3.0,0.22,3.95,6.7,2.0,1,0,1,0,0,3
4658,13.0,1997,10.0,13.0,51.0,1595.0,1,1.0,5.0,7.4,50.0,1.0,5.0,7.4,50.0,1.0,5.0,7.4,50.0,1,0,1,0,0,3
4659,7.0,2004,6.0,191.0,180.0,1596.0,11,0.3,4.8,4.4,50.551418439716315,0.3,4.8,4.4,48.66979557780559,0.3,4.8,4.4,49.56727158948686,0,0,0,0,0,3
4660,17.0,2007,2.0,15.0,87.0,597.0,10,1.59,7.25,6.22,111.0,1.59,7.25,6.22,111.0,0.1,8.6,8.4,15.0,1,0,1,0,0,3
4661,7.0,2004,9.0,40.0,459.0,1597.0,5,0.22,6.85,8.15,4.0,1.2,5.45,5.05,8.0,0.22,6.85,8.15,4.0,0,0,0,0,0,3
4662,24.0,1995,10.0,9.0,34.0,1598.0,1,1.16,8.2,8.2,56.0,0.04,8.2,8.2,56.0,0.04,8.2,8.2,56.0,0,0,1,0,0,3
4663,6.0,2009,5.0,26.0,323.0,1019.0,9,0.48,5.6,8.4,42.0,0.05,5.6,8.4,42.0,0.52,7.8,8.4,42.0,0,0,0,0,0,3
4664,14.0,2001,8.0,18.0,713.0,184.0,11,0.16,6.55,5.3,20.0,0.16,6.55,5.3,20.0,1.76,7.63,7.03,20.0,0,0,0,0,0,3
4665,5.0,2007,7.0,24.0,1001.0,1599.0,11,0.04,4.5,5.1,2.0,0.04,4.5,5.1,2.0,0.04,4.5,5.1,2.0,0,0,0,0,0,3
4666,7.0,2003,1.0,31.0,263.0,339.0,1,0.13,6.2,7.0,1.0,0.08,6.2,7.0,1.0,0.13,6.2,7.0,2.0,1,0,0,1,1,3
4667,7.0,2003,8.0,15.0,54.0,995.0,3,0.04,6.7,6.8,1.0,0.01,5.6,7.0,1.0,0.75,7.4,7.05,72.0,1,0,0,0,0,3
4668,4.0,2009,9.0,11.0,1002.0,248.0,6,0.63,7.9,7.25,6.0,0.03,6.0,7.25,6.0,0.63,7.9,7.25,6.0,0,0,0,0,0,3
4669,10.0,2013,9.0,192.0,1003.0,1600.0,5,0.19,6.2,6.6,4.0,0.19,6.2,6.6,4.0,0.19,6.2,6.6,4.0,0,0,0,1,0,3
4670,7.0,2003,6.0,4.0,1004.0,1601.0,1,1.23,6.1012652384897565,6.454888152444128,47.685338686698614,1.23,6.1868883891584945,6.56346904959172,46.47707550835384,1.23,6.225610131376502,6.600911350455717,47.855459137417434,0,0,0,0,0,3
4671,9.0,2001,11.0,181.0,701.0,1602.0,1,0.11,6.097708281522011,6.447693359860781,47.903901046622266,0.11,6.1815792091519635,6.559855757274357,46.559535136604595,0.11,6.221097985575736,6.597542899776213,47.730256898192195,0,0,0,0,0,3
4672,7.0,2003,1.0,4.0,395.0,388.0,8,0.36,5.6,7.25,13.0,0.19,5.7,7.25,13.0,0.38,5.1,5.5,13.0,1,0,0,0,0,3
4673,9.0,2001,11.0,6.0,1005.0,322.0,1,0.08,7.3,7.4,0.0,0.08,7.3,7.4,0.0,0.37,5.43,6.6,0.0,0,0,0,0,0,3
4674,23.0,2013,6.0,134.0,1003.0,1603.0,2,0.05,6.0,5.8,19.0,0.01,6.0,6.3,10.0,0.19,6.0,6.3,10.0,1,0,0,0,0,3
4675,15.0,2012,4.0,54.0,1006.0,1604.0,5,0.04,4.0,5.3,4.0,0.04,4.0,5.3,4.0,0.04,4.0,5.3,4.0,0,0,0,0,0,3
4676,15.0,1998,9.0,22.0,81.0,76.0,11,0.12,7.95,7.95,139.0,2.29,7.95,7.95,139.0,2.48,6.8,6.8,55.0,1,1,0,1,1,3
4677,7.0,2010,1.0,15.0,87.0,102.0,9,0.79,7.47,6.83,67.5,0.79,7.47,6.83,67.5,0.79,7.47,6.83,67.5,0,0,1,0,0,3
4678,22.0,1999,3.0,9.0,930.0,678.0,1,1.2,5.0,7.7,3.0,0.05,5.0,7.7,3.0,1.16,5.0,8.2,56.0,1,0,0,0,0,3
4679,13.0,1998,7.0,5.0,117.0,1496.0,1,0.48,6.0160609318996405,6.403268817204285,46.05333068992863,0.78,6.099759856630821,6.523605734767007,42.11122125297383,0.78,6.1246594982078815,6.541229390680994,45.49722442505948,1,0,0,0,0,3
4680,7.0,2007,9.0,24.0,79.0,40.0,10,0.49,6.82,6.2,23.0,0.04,6.43,7.37,25.0,0.49,6.82,6.2,23.0,0,0,0,0,0,3
4681,15.0,2007,7.0,3.0,178.0,221.0,8,4.1,5.3,6.0,18.0,0.03,7.75,8.2,18.0,2.83,9.37,8.87,747.0,1,0,0,0,0,3
4682,6.0,2007,3.0,29.0,217.0,1078.0,10,0.44,2.0,6.0,8.0,0.2,5.5,6.65,8.0,0.2,5.5,6.65,8.0,0,0,0,0,1,3
4683,7.0,2010,1.0,4.0,101.0,836.0,3,4.84,8.6,8.5,437.0,0.03,5.25,7.5,0.0,0.26,7.8,6.9,0.0,0,0,0,0,0,3
4684,13.0,2000,6.0,28.0,48.0,614.0,1,0.11,6.0,6.0,0.0,0.25,6.0,6.0,0.0,0.25,6.0,6.0,0.0,0,0,0,0,0,3
4685,14.0,2005,7.0,6.0,304.0,266.0,9,0.06,5.05,6.65,4.0,1.36,7.0,7.4,6.0,0.81,7.0,7.6,20.0,1,0,0,0,0,3
4686,17.0,2009,10.0,26.0,683.0,701.0,1,0.28,5.0,5.4,6.0,0.28,5.0,5.4,6.0,0.06,5.0,5.0,2.0,0,0,0,0,0,3
4687,13.0,2000,1.0,4.0,681.0,289.0,10,3.71,9.1,8.4,24.0,3.71,9.1,8.4,24.0,2.31,9.1,6.8,12.0,1,0,0,0,0,3
4688,13.0,1999,9.0,3.0,1007.0,1605.0,1,0.07,5.9864729458917845,6.425400801603205,44.05604395604396,0.07,6.120961923847696,6.589959919839676,34.17912087912088,0.07,6.162114228456913,6.618947895791575,38.04120879120879,0,0,0,0,0,3
4689,13.0,2000,1.0,15.0,1008.0,1606.0,1,0.83,6.080184531886015,6.4249240162822545,49.17336199229173,0.83,6.164715061058349,6.539900949796512,47.802772013044766,0.83,6.208497964721839,6.582871099050231,49.20360213459828,0,0,0,0,0,3
4690,6.0,2015,7.0,5.0,20.0,69.0,9,0.48,8.1,6.08,2.5,1.73,7.0,5.65,103.0,1.91,7.3,6.6,25.0,0,0,0,1,0,3
4691,24.0,1995,9.0,26.0,683.0,701.0,1,0.45,6.0,6.0,1.0,0.45,6.0,6.0,1.0,0.03,6.0,6.0,1.0,0,0,0,0,0,3
4692,5.0,2012,9.0,8.0,154.0,187.0,11,1.58,7.27,7.55,127.0,1.46,8.77,7.4,419.0,0.97,8.63,6.95,679.5,1,0,0,1,0,3
4693,17.0,2009,7.0,5.0,155.0,624.0,1,0.49,5.0,4.5,2.0,0.49,5.0,4.5,2.0,0.49,5.0,4.5,2.0,0,0,0,0,0,3
4694,5.0,2014,7.0,7.0,351.0,473.0,5,0.51,6.5,7.52,91.5,0.51,6.5,7.52,91.5,0.51,6.5,7.52,91.5,1,0,0,1,1,3
4695,4.0,2009,11.0,29.0,120.0,1607.0,9,0.11,6.081317301269194,6.428591850367435,48.85785172212493,0.11,6.164849699398801,6.541612558450277,47.55465557501459,0.11,6.20785303941215,6.583874415497689,48.898423817863396,0,0,0,0,0,3
4696,5.0,2015,8.0,103.0,450.0,630.0,1,0.08,3.65,4.35,4.0,1.23,3.65,8.0,4.0,1.23,3.65,8.0,4.0,1,0,0,0,0,3
4697,7.0,2002,2.0,29.0,120.0,1382.0,9,1.19,7.1,5.9,1.0,0.11,7.1,5.9,1.0,0.42,4.0,5.9,1.0,0,0,0,0,0,3
4698,4.0,2007,6.0,17.0,465.0,1608.0,1,0.59,5.9,9.3,1.0,0.02,5.9,9.3,1.0,0.02,5.9,9.3,1.0,0,0,0,0,0,3
4699,4.0,2008,2.0,15.0,87.0,597.0,10,1.19,7.55,7.3,84.0,1.19,7.55,7.3,84.0,0.43,7.75,7.9,95.0,1,0,1,0,0,3
4700,6.0,2010,10.0,152.0,676.0,1240.0,12,0.01,8.0,7.85,57.0,0.11,7.6,7.35,84.0,0.11,7.6,7.35,84.0,1,0,0,0,0,3
4701,7.0,2006,9.0,5.0,401.0,1609.0,5,0.02,5.2,4.4,34.38205128205128,0.06,6.0,4.4,24.756410256410255,0.06,6.0,4.4,30.93717948717949,1,0,0,0,0,3
4702,17.0,2007,9.0,20.0,824.0,1610.0,2,0.06,5.0,5.15,3.0,0.06,5.0,5.15,3.0,0.06,5.0,5.15,3.0,0,0,0,0,0,3
4703,24.0,1996,11.0,9.0,1009.0,1611.0,1,0.44,6.0,6.0,1.0,0.11,5.2,5.2,10.0,0.11,5.2,5.2,10.0,0,0,0,0,0,3
4704,7.0,2005,11.0,29.0,120.0,1612.0,10,0.44,5.9,7.7,46.396146867328426,0.28,6.5,7.7,45.01510299925285,0.28,6.5,7.7,45.991941509232575,0,0,0,0,0,3
4705,1.0,2009,6.0,6.0,518.0,1532.0,3,0.58,6.77,6.9,64.5,0.04,3.7,4.6,64.5,0.44,3.7,4.6,64.5,0,0,0,0,0,3
4706,1.0,2009,8.0,8.0,108.0,667.0,10,0.48,7.73,7.62,79.5,0.18,6.0,6.6,5.0,1.08,6.5,5.9,2.0,1,0,0,1,0,3
4707,6.0,2012,9.0,8.0,154.0,187.0,12,0.17,6.65,7.2,2.0,0.41,6.65,8.4,39.0,0.41,6.65,8.4,39.0,1,0,0,1,0,3
4708,13.0,1996,3.0,193.0,1010.0,1613.0,1,0.0,0.0,0.0,0.0,0.0,0.0,0.0,0.0,0.0,0.0,0.0,0.0,0,0,0,0,0,3
4709,23.0,2015,9.0,20.0,234.0,824.0,6,0.6,7.5,7.5,9.5,0.6,7.5,7.5,9.5,0.6,7.5,7.5,9.5,0,0,0,0,0,3
4710,1.0,2009,6.0,69.0,591.0,861.0,1,0.11,5.25,7.2,47.58155002891845,0.11,5.25,7.2,45.36119144013881,0.1,5.25,7.2,49.094852515905146,0,0,0,0,0,3
4711,17.0,2009,9.0,29.0,70.0,1120.0,5,0.57,6.2,7.7,1.0,0.02,5.25,6.42,6.0,0.02,5.25,6.42,6.0,0,0,0,0,0,3
4712,5.0,2008,9.0,5.0,11.0,158.0,10,0.43,5.5,4.6,37.5,1.16,5.83,6.13,90.5,0.21,5.0,6.1,15.0,0,0,1,1,0,3
4713,7.0,2002,11.0,4.0,1011.0,1614.0,1,3.54,6.1,6.1,18.0,3.54,6.1,6.1,18.0,3.54,6.1,6.1,18.0,0,0,0,0,0,3
4714,1.0,2011,6.0,29.0,377.0,392.0,4,0.24,5.5,5.28,168.5,0.3,7.0,7.3,168.5,0.35,7.0,7.9,168.5,0,0,0,0,0,3
4715,17.0,2009,3.0,29.0,568.0,806.0,11,0.48,6.0,5.85,4.5,0.1,6.0,5.85,4.5,0.1,6.0,5.85,4.5,0,0,0,0,1,3
4716,5.0,2011,8.0,29.0,596.0,1615.0,4,0.42,6.5,6.1,39.0,0.9,6.8,6.1,39.0,0.9,6.8,6.1,39.0,0,0,0,0,0,3
4717,13.0,1997,12.0,19.0,31.0,219.0,1,0.14,8.3,7.9,24.0,0.38,8.3,7.9,24.0,0.38,8.3,7.9,24.0,0,0,0,0,0,3
4718,4.0,2009,9.0,18.0,164.0,184.0,10,0.46,3.65,5.15,3.0,0.46,3.65,5.15,3.0,0.46,3.65,5.15,3.0,0,0,0,0,0,3
4719,2.0,1985,5.0,26.0,40.0,451.0,1,0.69,6.5,6.5,2.0,0.22,6.5,6.5,2.0,0.22,6.5,6.5,2.0,0,0,1,0,0,3
4720,12.0,1999,4.0,1.0,697.0,1043.0,3,0.26,7.0,7.0,1.0,0.2,7.1,7.1,12.0,0.2,7.1,7.1,12.0,1,0,0,0,0,3
4721,12.0,1999,9.0,106.0,560.0,1616.0,1,0.25,6.0,6.0,11.0,0.13,2.0,2.0,1.0,0.13,2.0,2.0,1.0,0,0,0,0,0,3
4722,6.0,2008,1.0,8.0,45.0,31.0,1,1.97,7.9,7.78,279.5,0.21,6.9,7.78,279.5,1.02,6.75,6.35,43.0,0,0,1,0,0,3
4723,7.0,2002,9.0,11.0,337.0,1233.0,9,0.74,8.15,8.1,3.0,1.67,7.45,7.25,8.0,1.67,7.45,7.25,8.0,0,0,0,0,0,3
4724,23.0,2014,9.0,20.0,234.0,573.0,2,0.66,6.8,6.9,20.0,0.66,6.8,6.9,20.0,0.66,6.8,6.9,20.0,0,0,0,0,0,3
4725,7.0,2007,4.0,4.0,190.0,904.0,1,0.65,7.0,6.8,47.0,0.08,7.0,6.8,47.0,0.84,7.93,7.95,104.0,0,0,0,0,0,3
4726,13.0,1997,8.0,4.0,1012.0,946.0,1,0.62,6.042070079121586,6.394020668496688,49.29562687356727,0.62,6.127673179396085,6.510931697077347,47.72615059072474,0.62,6.172315517519764,6.551114161149683,49.20948686298713,1,0,0,0,0,3
4727,1.0,2009,3.0,75.0,1013.0,1198.0,9,1.31,5.6,4.2,48.85785172212493,0.19,5.6,4.2,47.55465557501459,0.36,5.6,4.2,48.898423817863396,0,0,0,0,0,3
4728,1.0,2008,1.0,79.0,441.0,616.0,11,1.26,4.1,5.9,1.0,0.03,4.4,5.9,1.0,1.26,4.1,5.9,1.0,0,0,0,0,0,3
4729,5.0,2010,6.0,32.0,71.0,260.0,6,0.11,6.033445600132071,6.393825326069004,49.04950405770965,0.11,6.117914809311541,6.507062902426945,47.05843101893598,0.11,6.163670133729564,6.549328050189856,48.10054102795311,0,0,0,0,0,3
4730,13.0,1999,8.0,95.0,61.0,732.0,1,0.03,7.9,7.5,12.0,0.07,7.9,7.5,12.0,1.09,7.9,7.5,12.0,0,0,0,0,0,3
4731,6.0,2012,9.0,5.0,89.0,624.0,8,5.2,8.6,5.8,1245.0,0.29,3.95,6.1,1.0,0.02,3.95,6.1,1.0,0,0,0,0,0,3
4732,15.0,2014,7.0,5.0,38.0,16.0,11,4.45,7.5,6.7,130.5,5.13,7.7,6.1,170.5,4.45,7.5,6.7,130.5,1,0,0,1,0,3
4733,1.0,2011,6.0,29.0,422.0,514.0,11,1.27,7.53,6.87,93.0,0.2,4.0,7.4,93.0,1.38,4.0,4.3,93.0,0,0,0,0,0,3
4734,6.0,2010,6.0,8.0,31.0,272.0,10,0.49,6.73,6.15,400.5,0.82,6.73,6.15,400.5,0.36,5.4,6.6,3.0,0,0,0,0,0,3
4735,7.0,2009,6.0,5.0,296.0,758.0,11,0.45,6.83,6.77,12.5,0.16,6.83,6.77,12.5,0.75,7.2,6.93,20.0,0,0,0,0,0,3
4736,20.0,2013,9.0,1.0,163.0,1617.0,9,1.11,8.07,8.5,155.0,1.47,7.67,7.43,305.5,1.47,7.67,7.43,305.5,0,0,0,1,0,3
4737,1.0,2010,9.0,71.0,720.0,1250.0,5,0.43,7.7,8.25,6.0,0.1,6.65,7.3,13.0,0.57,7.93,7.8,205.0,1,0,0,0,0,3
4738,5.0,2006,7.0,8.0,653.0,42.0,11,1.29,7.03,7.23,64.0,0.56,7.5,7.3,9.0,0.44,7.5,7.35,44.5,1,1,0,1,0,3
4739,7.0,2001,8.0,141.0,227.0,946.0,8,0.1,4.0,7.8,1.0,0.09,6.4,8.4,1.0,0.26,6.4,8.4,1.0,1,0,0,0,1,3
4740,7.0,2006,6.0,4.0,788.0,1618.0,10,0.89,7.35,7.35,29.0,0.56,5.6,6.8,29.0,0.56,5.6,6.8,29.0,1,0,0,0,0,3
4741,19.0,2002,10.0,40.0,210.0,216.0,11,0.09,5.95,3.4,0.0,0.1,2.8,3.4,0.0,0.01,7.87,7.27,18.5,1,1,0,1,0,3
4742,1.0,2006,4.0,5.0,82.0,257.0,10,2.5,7.07,7.27,21.0,0.28,7.1,7.0,21.0,2.5,7.07,7.27,21.0,0,0,1,0,1,3
4743,7.0,2010,9.0,3.0,102.0,126.0,10,0.51,8.5,8.12,27.0,0.51,8.5,8.12,27.0,0.51,8.5,8.12,27.0,1,0,1,0,1,3
4744,17.0,2010,6.0,26.0,1014.0,1619.0,1,0.26,6.4,8.0,4.0,0.17,6.4,8.0,4.0,0.17,6.4,8.0,4.0,0,0,0,0,0,3
4745,13.0,1996,6.0,91.0,734.0,1101.0,1,0.0,0.0,0.0,0.0,0.0,0.0,0.0,0.0,0.0,0.0,0.0,0.0,1,0,0,0,0,3
4746,13.0,1998,1.0,194.0,1015.0,1620.0,1,0.0,0.0,0.0,0.0,0.0,0.0,0.0,0.0,0.0,0.0,0.0,0.0,0,0,0,0,0,3
4747,7.0,2008,1.0,3.0,102.0,126.0,10,0.59,8.47,7.93,35.5,1.27,8.47,7.93,35.5,1.27,8.47,7.93,35.5,1,0,1,0,1,3
4748,9.0,2001,6.0,15.0,87.0,277.0,1,0.08,4.2,7.25,6.0,0.09,5.57,7.15,3.0,2.18,5.57,7.15,3.0,0,0,1,1,0,3
4749,1.0,2008,3.0,20.0,1016.0,1621.0,1,0.23,2.4,3.25,8.0,0.28,4.77,6.4,29.0,0.28,4.77,6.4,29.0,0,0,0,0,0,3
4750,5.0,2010,9.0,12.0,284.0,1535.0,6,0.06,6.83,7.45,95.0,0.19,6.83,7.45,95.0,0.44,4.43,6.07,35.0,0,0,0,0,0,3
4751,1.0,2008,8.0,8.0,256.0,804.0,10,0.45,4.0,5.0,0.0,0.73,5.8,5.1,7.0,0.61,3.0,5.1,7.0,0,0,0,0,0,3
4752,6.0,2008,10.0,40.0,347.0,1499.0,9,0.13,4.97,4.33,1.5,0.69,7.07,8.03,17.5,0.69,7.07,8.03,17.5,0,0,0,0,0,3
4753,5.0,2011,6.0,6.0,19.0,1622.0,10,2.03,7.0,7.53,19.5,2.03,7.0,7.53,19.5,2.03,7.0,7.53,19.5,1,1,1,0,0,3
4754,15.0,2011,7.0,3.0,127.0,547.0,6,0.77,4.98,5.55,180.5,0.84,4.91,5.33,326.5,0.84,4.91,5.33,326.5,1,0,0,1,0,3
4755,17.0,2010,6.0,9.0,34.0,1623.0,1,0.09,5.6,7.1,1.0,4.58,6.1,6.35,6.0,0.26,7.0,7.0,5.0,0,0,1,1,0,3
4756,7.0,2009,4.0,5.0,399.0,257.0,9,0.75,6.47,6.7,23.5,0.23,6.47,3.4,1.0,0.91,6.43,6.78,22.0,0,0,0,0,1,3
4757,8.0,1995,5.0,1.0,1017.0,1624.0,1,2.36,8.5,8.18,15.0,2.36,8.5,8.18,15.0,2.36,8.5,8.18,15.0,0,1,0,0,0,3
4758,7.0,2005,2.0,40.0,284.0,1625.0,3,0.16,7.4,7.65,1.0,0.02,5.3,7.6,1.0,0.32,4.9,7.9,1.0,0,0,0,0,0,3
4759,8.0,1994,1.0,15.0,87.0,1626.0,1,0.09,9.0,9.0,1.0,0.31,9.0,9.0,1.0,0.31,9.0,9.0,1.0,0,0,1,0,0,3
4760,7.0,2001,2.0,6.0,19.0,1627.0,11,0.03,6.1,7.9,13.0,0.6,5.65,6.75,13.0,0.2,5.65,6.1,9.0,0,0,1,0,1,3
4761,18.0,2015,7.0,3.0,127.0,157.0,3,0.18,7.07,5.52,136.0,0.01,8.3,8.1,7.0,0.29,7.0,6.6,65.5,1,0,0,0,0,3
4762,5.0,2011,7.0,2.0,1018.0,1628.0,9,0.06,6.5,6.05,19.0,0.06,6.5,6.05,19.0,0.06,6.5,6.05,19.0,0,0,0,0,0,3
4763,13.0,2000,10.0,8.0,27.0,496.0,10,0.96,8.0,7.57,19.0,1.25,7.8,6.55,1.0,1.41,7.8,6.55,1.0,1,0,1,0,0,3
4764,7.0,2005,9.0,8.0,122.0,151.0,11,0.44,7.5,7.35,44.5,0.64,8.3,7.5,44.5,0.78,6.5,7.65,30.0,0,0,1,0,0,3
4765,15.0,2012,9.0,8.0,31.0,31.0,9,0.67,7.77,7.25,15.5,0.67,7.77,7.25,15.5,5.18,9.0,7.0,136.0,1,1,0,0,1,3
4766,6.0,2012,9.0,13.0,385.0,1629.0,2,0.05,7.0,7.0,2.0,0.06,7.0,7.3,23.0,0.06,7.0,7.3,23.0,0,0,0,1,0,3
4767,4.0,2009,9.0,6.0,587.0,856.0,1,0.6,4.0,6.0,21.0,0.6,4.0,6.0,21.0,0.6,4.0,6.0,21.0,0,0,0,0,0,3
4768,4.0,2009,6.0,195.0,1019.0,1630.0,1,0.0,0.0,0.0,0.0,0.0,0.0,0.0,0.0,0.0,0.0,0.0,0.0,0,0,0,0,0,3
4769,7.0,2002,9.0,5.0,11.0,1631.0,11,0.52,8.27,7.53,31.0,0.06,8.0,8.2,31.0,0.06,8.0,8.2,31.0,0,0,1,0,0,3
4770,13.0,2003,6.0,4.0,19.0,1632.0,1,0.46,6.4,7.5,17.0,1.94,6.4,7.5,17.0,1.94,6.4,7.5,17.0,0,0,1,0,0,3
4771,13.0,2001,1.0,4.0,395.0,388.0,8,0.55,6.85,6.9,9.0,0.15,5.4,6.9,9.0,1.0,7.3,6.9,9.0,1,0,0,0,0,3
4772,16.0,1983,11.0,11.0,34.0,1633.0,1,0.48,5.0,4.8,4.0,2.2,5.0,4.8,4.0,2.2,5.0,4.8,4.0,0,0,1,0,1,3
4773,6.0,2008,6.0,33.0,609.0,1206.0,2,0.6,4.0,6.0,46.03618002544529,0.6,4.0,6.0,45.58993320610687,0.6,4.0,6.0,46.776558524173026,0,0,0,0,0,3
4774,10.0,2014,8.0,1.0,588.0,1634.0,3,1.52,8.1,8.83,247.0,0.5,6.8,7.6,247.0,0.5,6.8,7.6,247.0,0,0,0,1,0,3
4775,5.0,2007,9.0,6.0,196.0,1635.0,11,0.44,3.0,8.3,46.33063646170442,0.46,6.5,8.3,44.32092772384035,0.46,6.5,8.3,47.683791801510246,0,0,1,0,0,3
4776,16.0,1981,9.0,70.0,1020.0,1636.0,1,1.46,3.0,5.9,38.0,1.46,3.0,5.9,38.0,1.46,3.0,5.9,38.0,0,0,0,0,1,3
4777,1.0,2010,9.0,9.0,34.0,294.0,2,0.8,6.25,7.25,74.0,0.29,8.0,8.5,2.0,0.15,5.1,6.6,2.0,1,0,1,0,1,3
4778,23.0,2014,6.0,9.0,34.0,1623.0,11,0.15,7.37,8.08,216.5,0.18,7.17,8.02,4.0,0.22,7.17,7.5,4.0,0,0,1,1,0,3
4779,5.0,2007,12.0,36.0,1021.0,1637.0,6,0.04,5.47,4.47,4.0,0.04,5.47,4.47,4.0,0.04,5.47,4.47,4.0,1,0,0,0,0,3
4780,19.0,2003,2.0,29.0,249.0,689.0,10,0.57,7.0,5.75,1.0,1.15,5.9,7.45,4.0,1.15,5.9,7.45,4.0,0,0,0,0,0,3
4781,6.0,2007,9.0,5.0,123.0,624.0,1,0.61,3.0,5.3,4.0,0.61,3.0,5.3,4.0,0.61,3.0,5.3,4.0,0,0,0,0,0,3
4782,6.0,2008,1.0,9.0,169.0,211.0,3,0.63,7.33,7.5,82.0,1.06,6.2,6.4,23.0,1.06,6.2,6.4,23.0,0,0,0,0,0,3
4783,10.0,2011,9.0,20.0,60.0,556.0,11,0.86,5.55,6.65,40.0,0.97,7.6,7.55,21.0,0.97,7.6,7.55,21.0,0,0,1,0,0,3
4784,20.0,2013,4.0,17.0,556.0,65.0,1,1.75,6.016843832020995,6.3843011811023525,43.64141414141414,1.75,6.091391076115479,6.49972440944881,40.217532467532465,0.96,6.117578740157478,6.52308070866142,43.198232323232325,1,1,0,0,0,3
4785,6.0,2008,2.0,29.0,70.0,520.0,7,0.65,5.25,5.07,4.5,0.65,5.25,5.07,4.5,0.65,5.25,5.07,4.5,0,0,0,0,0,3
4786,3.0,1997,4.0,161.0,857.0,1307.0,1,0.03,6.042070079121586,6.394020668496688,49.29562687356727,0.03,6.127673179396085,6.510931697077347,47.72615059072474,0.03,6.172315517519764,6.551114161149683,49.20948686298713,0,0,0,0,0,3
4787,7.0,2009,1.0,3.0,102.0,126.0,10,0.97,7.9,7.5,41.0,0.97,7.9,7.5,41.0,0.97,7.9,7.5,41.0,1,0,1,0,1,3
4788,7.0,2002,6.0,40.0,518.0,765.0,10,0.11,7.55,7.95,2.0,1.05,7.55,7.95,2.0,1.05,7.55,7.95,2.0,0,0,0,0,0,3
4789,7.0,2002,1.0,54.0,395.0,388.0,8,0.02,7.3,7.1,48.57975592246949,0.14,5.3,7.1,47.31751615218952,0.4,6.2,7.1,48.66547020818378,1,0,0,0,0,3
4790,1.0,2012,9.0,5.0,1022.0,326.0,1,0.83,5.0,6.7,19.0,0.83,5.0,6.7,19.0,0.23,5.0,6.7,19.0,0,0,0,0,0,3
4791,1.0,2009,6.0,26.0,1023.0,981.0,1,0.36,3.9,6.8,5.0,0.36,3.9,6.8,5.0,0.66,3.9,7.5,2.0,1,0,0,0,0,3
4792,6.0,2014,9.0,17.0,211.0,899.0,1,0.45,5.0,5.5,50.0,0.6,8.0,7.7,644.0,0.84,5.0,5.5,50.0,0,0,0,1,1,3
4793,16.0,1982,9.0,9.0,1024.0,1638.0,1,0.0,0.0,0.0,0.0,0.0,0.0,0.0,0.0,0.0,0.0,0.0,0.0,0,0,0,0,0,3
4794,7.0,2005,4.0,40.0,210.0,682.0,2,0.29,7.3,7.73,14.0,0.53,7.8,7.3,1.0,0.18,5.5,7.3,7.0,1,0,0,0,0,3
4795,19.0,2003,1.0,8.0,31.0,135.0,10,0.9,6.8,6.2,14.0,1.95,8.17,8.37,19.0,0.19,8.17,5.7,14.0,0,0,0,0,0,3
4796,4.0,2005,12.0,1.0,3.0,1057.0,8,15.3,7.7,7.2,99.0,2.25,7.85,8.7,99.0,0.7,9.07,8.68,107.5,0,0,1,0,0,3
4797,4.0,2009,9.0,15.0,87.0,277.0,5,0.12,4.9,6.55,8.0,0.04,4.9,6.55,8.0,0.28,4.9,7.55,1.0,0,0,1,1,0,3
4798,7.0,2008,9.0,49.0,253.0,1639.0,1,0.29,4.9,7.45,2.0,0.29,4.9,7.45,2.0,0.29,4.9,7.45,2.0,0,0,0,0,0,3
4799,17.0,2005,10.0,29.0,145.0,206.0,11,0.02,5.75,5.15,3.0,3.0,7.3,7.4,36.5,3.0,7.3,7.4,36.5,0,0,1,0,0,3
4800,7.0,2008,9.0,33.0,123.0,1099.0,1,0.62,3.0,5.3,4.0,0.4,3.0,5.3,4.0,0.2,5.6,5.7,4.0,0,0,0,0,0,3
4801,9.0,2005,9.0,29.0,262.0,1640.0,11,2.94,7.3,7.4,36.5,0.34,7.3,7.4,36.5,0.34,7.3,7.4,36.5,0,0,0,0,0,3
4802,13.0,1997,12.0,4.0,504.0,1641.0,1,0.51,7.0,7.0,3.0,0.3,7.0,7.0,3.0,0.3,7.0,7.0,3.0,0,0,0,0,0,3
4803,19.0,2005,12.0,1.0,971.0,1057.0,9,0.11,4.3,6.25,1.0,0.03,5.55,6.25,1.0,0.65,8.45,8.6,45.0,0,0,0,0,0,3
4804,13.0,1999,1.0,43.0,395.0,1163.0,1,0.9,5.9864729458917845,6.425400801603205,44.05604395604396,0.45,6.120961923847696,6.589959919839676,34.17912087912088,0.31,6.162114228456913,6.618947895791575,38.04120879120879,0,0,0,0,1,3
4805,19.0,2004,9.0,29.0,696.0,1041.0,9,0.5,6.5,7.9,10.0,0.35,4.8,5.2,10.0,0.71,4.9,6.6,10.0,0,0,0,0,0,3
4806,18.0,2014,6.0,6.0,543.0,680.0,1,0.19,2.15,3.65,2.0,0.66,2.15,3.65,2.0,0.66,2.15,3.65,2.0,0,0,1,1,0,3
4807,8.0,1994,10.0,156.0,380.0,1642.0,1,0.45,7.1,7.1,17.0,0.07,7.1,7.1,17.0,0.07,7.1,7.1,17.0,1,0,0,0,0,3
4808,18.0,2014,1.0,8.0,27.0,651.0,9,0.47,6.0,5.0,5.0,0.47,6.0,5.0,5.0,0.58,6.0,5.35,5.0,1,0,1,1,0,3
4809,1.0,2007,9.0,6.0,62.0,110.0,3,0.85,5.62,6.45,20.5,0.08,3.4,4.6,4.0,0.01,3.4,4.6,4.0,0,0,1,0,0,3
4810,1.0,2009,9.0,17.0,57.0,25.0,12,0.27,7.05,7.9,17.0,0.27,7.05,7.9,17.0,0.59,7.05,7.9,17.0,1,1,1,0,0,3
4811,6.0,2009,1.0,57.0,321.0,422.0,10,0.14,7.0,6.6,3.0,1.7,7.0,8.35,3.0,0.14,7.0,6.6,3.0,0,0,0,0,0,3
4812,18.0,2016,1.0,8.0,27.0,331.0,3,0.05,7.9,6.9,6.0,0.1,5.67,5.6,10.0,0.46,7.17,6.78,34.0,0,0,1,1,0,3
4813,24.0,1995,10.0,9.0,766.0,1643.0,1,0.62,2.0,9.0,1.0,0.55,7.0,7.8,72.0,0.55,7.0,7.8,72.0,0,0,1,0,0,3
4814,13.0,1999,1.0,43.0,297.0,1644.0,1,0.48,5.9864729458917845,6.425400801603205,44.05604395604396,0.95,6.120961923847696,6.589959919839676,34.17912087912088,0.95,6.162114228456913,6.618947895791575,38.04120879120879,0,0,0,0,0,3
4815,6.0,2010,9.0,9.0,1025.0,257.0,4,0.74,7.57,8.0,149.5,0.74,7.57,8.0,149.5,0.21,4.53,7.75,2.0,0,0,1,0,0,3
4816,7.0,2008,2.0,24.0,810.0,88.0,10,0.45,5.0,6.45,4.0,0.46,4.35,5.3,5.0,0.46,4.35,5.3,5.0,0,0,0,0,0,3
4817,17.0,2011,6.0,26.0,1014.0,1619.0,1,1.55,7.75,8.0,171.0,0.17,7.75,7.0,1.0,0.41,7.75,7.0,1.0,0,0,0,0,0,3
4818,12.0,1999,3.0,1.0,40.0,335.0,1,5.07,3.0,7.8,10.0,1.45,3.0,7.8,10.0,1.17,3.0,7.8,10.0,0,0,1,0,0,3
4819,12.0,1997,3.0,196.0,1026.0,1645.0,1,0.05,5.0,5.0,1.0,0.05,5.0,5.0,1.0,0.05,5.0,5.0,1.0,0,0,0,0,0,3
4820,12.0,1999,1.0,31.0,302.0,757.0,1,1.14,7.25,7.28,96.0,0.25,7.25,7.0,21.0,1.06,7.25,7.0,1.0,1,0,0,0,0,3
4821,12.0,1997,10.0,40.0,249.0,216.0,1,0.06,6.3,6.3,6.0,0.68,5.0,5.0,4.0,0.96,7.2,7.2,9.0,1,1,0,1,0,3
4822,7.0,2001,3.0,31.0,209.0,1646.0,11,0.74,7.3,7.1,45.0,2.52,7.56,7.83,85.0,2.52,7.56,7.83,85.0,0,0,0,0,0,3
4823,7.0,2004,6.0,11.0,98.0,1647.0,11,0.01,6.17,7.18,16.0,1.06,6.17,7.18,16.0,1.06,6.17,7.18,16.0,0,0,0,0,0,3
4824,13.0,1999,2.0,53.0,243.0,1648.0,1,0.03,6.5,6.5,4.0,0.23,6.0,6.0,1.0,0.23,6.0,6.0,1.0,0,0,0,0,0,3
4825,5.0,2010,1.0,8.0,45.0,339.0,10,0.43,7.13,7.62,17.5,1.23,7.6,7.15,25.0,0.14,6.8,8.1,25.0,1,0,1,1,1,3
4826,4.0,2009,11.0,81.0,1027.0,1649.0,7,0.17,7.09,6.1,29.0,0.16,6.1,6.55,18.0,0.16,6.1,6.55,18.0,0,0,0,0,0,3
4827,7.0,2007,3.0,5.0,619.0,747.0,11,0.56,6.29,5.4,13.5,0.06,4.95,6.6,13.5,0.01,4.95,6.6,13.5,0,0,0,0,0,3
4828,7.0,2005,1.0,4.0,395.0,913.0,3,0.77,6.95,8.2,46.60222359481161,0.2,4.5,8.2,44.080914144533665,0.3,7.7,7.7,47.680667078443484,0,0,0,0,0,3
4829,5.0,2009,9.0,18.0,280.0,184.0,10,0.42,3.0,5.15,3.0,1.68,4.8,6.3,1.0,0.42,3.0,5.15,3.0,0,0,0,0,0,3
4830,7.0,2007,1.0,12.0,330.0,1512.0,9,0.17,6.0,6.0,47.74484613086346,0.02,6.0,6.0,44.120854496564085,0.06,6.0,6.0,48.0920227069017,0,0,0,0,0,3
4831,15.0,2010,9.0,3.0,357.0,482.0,8,1.55,6.74,7.4,433.5,1.55,6.74,7.4,433.5,1.55,6.74,7.4,433.5,1,0,0,1,0,3
4832,9.0,2001,9.0,29.0,1028.0,1650.0,1,0.46,6.097708281522011,6.447693359860781,47.903901046622266,0.46,6.1815792091519635,6.559855757274357,46.559535136604595,0.46,6.221097985575736,6.597542899776213,47.730256898192195,0,0,0,0,0,3
4833,1.0,2009,9.0,29.0,228.0,392.0,1,0.55,5.65,5.9,8.0,0.09,5.65,4.0,3.0,0.53,3.85,4.55,2.0,0,0,0,0,0,3
4834,14.0,2005,3.0,29.0,217.0,268.0,3,0.09,6.03,7.0,1.5,1.92,6.5,8.6,2.0,2.18,7.1,8.7,0.0,1,0,0,0,0,3
4835,19.0,2006,9.0,40.0,694.0,896.0,4,0.13,7.0,7.38,4.5,0.47,4.57,7.38,4.5,0.23,4.57,7.38,4.5,1,0,0,0,1,3
4836,4.0,2009,9.0,9.0,1029.0,1651.0,11,3.52,6.3,6.65,6.0,0.23,5.13,5.7,24.5,0.23,5.13,5.7,24.5,0,0,0,0,0,3
4837,19.0,2004,8.0,8.0,108.0,400.0,11,0.49,4.55,5.4,13.0,0.3,7.5,7.9,62.0,0.3,7.5,7.9,62.0,0,0,0,1,1,3
4838,13.0,1999,3.0,8.0,31.0,599.0,1,0.61,7.3,7.3,8.0,1.06,7.3,7.3,8.0,1.27,7.3,7.3,8.0,1,0,0,0,0,3
4839,9.0,2006,4.0,1.0,677.0,929.0,1,0.74,9.0,8.2,30.0,0.27,9.0,8.2,30.0,0.81,9.0,8.5,45.0,1,0,0,0,0,3
4840,9.0,2004,9.0,29.0,286.0,1652.0,9,0.44,6.0,8.8,8.0,1.19,6.0,6.92,8.0,1.19,6.0,6.92,8.0,0,0,0,0,0,3
4841,4.0,2007,5.0,22.0,460.0,1653.0,5,0.01,6.7,6.55,11.5,0.24,5.13,6.32,8.5,0.24,5.13,6.32,8.5,0,0,0,0,0,3
4842,5.0,2010,1.0,5.0,783.0,1242.0,9,0.82,7.13,7.1,64.5,0.15,6.0,5.0,64.5,0.58,6.0,8.0,2.0,0,0,0,0,0,3
4843,5.0,2009,10.0,29.0,261.0,1289.0,1,0.42,6.0,6.0,11.0,0.25,6.0,6.0,11.0,0.25,6.0,6.0,11.0,0,0,0,0,0,3
4844,20.0,2014,1.0,1.0,1.0,1654.0,11,0.49,7.6,7.35,1.0,0.8,5.25,5.75,6.0,0.8,5.25,5.75,6.0,1,1,1,1,1,3
4845,5.0,2007,9.0,22.0,425.0,76.0,10,0.04,5.27,6.95,2.5,0.57,7.73,8.23,72.5,0.5,7.4,8.05,132.0,1,1,0,1,1,3
4846,13.0,1999,6.0,24.0,1030.0,1655.0,1,0.04,8.2,8.2,27.0,0.04,8.2,8.2,27.0,0.02,8.5,8.5,2.0,1,0,0,1,0,3
4847,8.0,1995,4.0,122.0,206.0,1331.0,1,0.78,6.105477410782085,6.471694191344031,46.30825496342738,0.16,6.192767653758562,6.565149962034973,45.062225705329155,0.16,6.223125474563416,6.604986712224803,46.031556948798325,1,0,0,0,1,3
4848,20.0,2013,2.0,9.0,55.0,62.0,10,0.71,8.0,6.43,54.0,1.15,4.2,5.5,12.0,0.29,6.93,7.03,97.5,0,1,1,1,0,3
4849,6.0,2008,9.0,9.0,162.0,1150.0,3,0.45,6.6,7.28,80.0,0.42,7.55,7.8,73.0,0.42,7.55,7.8,73.0,0,0,0,0,0,3
4850,6.0,2009,9.0,15.0,135.0,470.0,2,0.48,7.19,7.82,88.5,0.04,4.1,3.4,2.0,0.48,7.19,7.82,88.5,1,0,0,0,0,3
4851,19.0,2002,7.0,5.0,116.0,184.0,1,1.33,7.0,6.7,27.0,0.5,5.0,6.1,12.0,0.7,5.4,5.4,2.0,0,0,0,0,0,3
4852,14.0,2001,1.0,8.0,31.0,247.0,11,0.63,7.6,6.05,11.0,0.21,7.25,8.1,1.0,0.52,7.05,7.1,3.0,1,0,0,0,1,3
4853,13.0,2000,11.0,4.0,1031.0,1656.0,1,0.89,6.080184531886015,6.4249240162822545,49.17336199229173,0.89,6.164715061058349,6.539900949796512,47.802772013044766,0.89,6.208497964721839,6.582871099050231,49.20360213459828,0,0,0,0,0,3
4854,6.0,2012,8.0,26.0,227.0,946.0,3,0.74,7.13,7.33,368.5,2.07,8.63,8.77,365.0,0.08,4.65,6.85,1.0,1,0,0,0,0,3
4855,7.0,2003,2.0,4.0,109.0,1657.0,2,0.19,5.7,6.95,40.0,3.73,5.7,6.95,40.0,3.73,5.7,6.95,40.0,0,0,0,0,0,3
4856,13.0,1996,12.0,19.0,1032.0,487.0,1,1.04,7.0,7.0,7.0,1.04,7.0,7.0,7.0,1.04,7.0,7.0,7.0,0,0,0,0,0,3
4857,7.0,2001,8.0,54.0,919.0,857.0,11,0.14,7.8,8.8,49.86247139588101,0.48,7.8,8.8,48.43188405797101,0.48,7.8,8.8,49.87780320366133,1,0,0,0,0,3
4858,6.0,2010,1.0,8.0,45.0,339.0,10,0.41,5.3,5.85,16.5,0.43,7.13,7.62,17.5,0.43,7.13,7.62,17.5,1,0,1,1,1,3
4859,15.0,2010,4.0,8.0,154.0,187.0,1,0.85,7.2,6.8,37.0,0.51,8.26,8.3,487.0,0.68,8.63,8.4,579.5,1,0,0,1,0,3
4860,7.0,2004,12.0,26.0,424.0,701.0,1,0.59,8.0,8.15,8.5,0.09,5.65,8.3,1.0,0.22,5.65,7.0,1.0,0,0,0,0,0,3
4861,19.0,2004,7.0,5.0,238.0,16.0,11,0.5,6.03,5.48,27.5,0.13,6.3,6.4,3.0,2.89,6.3,6.85,18.0,1,0,0,1,0,3
4862,4.0,2010,9.0,20.0,548.0,322.0,9,0.09,5.4,8.5,49.51921757035004,0.16,5.4,8.5,47.858499199267904,0.08,5.4,8.5,49.493479752916954,0,0,0,0,0,3
4863,4.0,2007,4.0,59.0,111.0,637.0,10,0.04,6.75,6.55,6.0,0.74,4.45,7.4,0.0,0.23,4.9,4.8,1.0,0,0,0,0,0,3
4864,5.0,2015,11.0,17.0,433.0,76.0,11,0.02,8.03,7.35,103.0,0.08,7.47,6.77,36.5,0.02,7.43,6.3,38.0,0,0,0,1,0,3
4865,5.0,2006,9.0,22.0,165.0,204.0,5,0.02,7.73,7.58,163.5,0.8,7.5,7.93,50.0,0.8,7.5,7.93,50.0,1,0,0,1,0,3
4866,8.0,1995,4.0,26.0,40.0,625.0,3,0.05,6.1247821999373215,6.489525227201544,45.8158098349381,0.14,6.206588843622699,6.5866382011908975,44.81800206327373,0.14,6.240727828267017,6.62757051081167,46.30033528198074,1,0,1,0,0,3
4867,5.0,2010,4.0,9.0,97.0,1551.0,5,0.27,3.53,3.9,15.5,0.01,8.2,8.4,15.0,0.01,8.2,8.4,15.0,0,0,0,0,0,3
4868,7.0,2005,3.0,133.0,693.0,1658.0,8,0.71,6.3,7.0,1.0,0.71,6.3,7.0,1.0,0.71,6.3,7.0,1.0,0,0,0,0,0,3
4869,7.0,2004,10.0,15.0,145.0,1659.0,11,0.44,4.6,6.43,1.0,2.8,7.75,8.55,5.0,2.8,7.75,8.55,5.0,0,0,1,1,0,3
4870,6.0,2013,6.0,6.0,19.0,23.0,10,0.61,7.4,7.73,17.5,0.61,7.4,7.73,17.5,0.61,7.4,7.73,17.5,1,1,1,1,1,3
4871,7.0,2007,9.0,3.0,518.0,1660.0,6,0.51,7.1,4.0,2.0,0.69,3.0,5.5,2.0,0.69,3.0,5.5,2.0,0,0,0,0,0,3
4872,14.0,2005,9.0,5.0,11.0,158.0,9,0.63,6.6,7.3,8.0,0.84,8.0,8.4,8.0,0.5,6.03,5.48,27.5,1,0,1,1,0,3
4873,6.0,2013,3.0,36.0,130.0,1661.0,5,0.29,6.13,6.35,11.5,0.29,6.13,6.35,11.5,0.29,6.13,6.35,11.5,0,0,0,0,0,3
4874,10.0,2012,9.0,20.0,234.0,615.0,10,0.49,6.67,6.98,107.5,0.77,8.0,6.4,31.0,0.77,8.0,6.4,31.0,0,0,0,0,0,3
4875,7.0,2007,3.0,29.0,760.0,1148.0,9,0.63,6.27,6.47,21.5,0.43,5.25,8.4,0.0,0.43,5.25,8.4,0.0,0,0,0,0,0,3
4876,6.0,2015,9.0,5.0,82.0,1425.0,9,0.46,7.5,5.8,1.5,0.48,8.1,6.08,2.5,0.48,8.1,6.08,2.5,1,0,1,1,0,3
4877,12.0,1998,1.0,8.0,27.0,651.0,1,0.54,7.2,7.2,26.0,0.54,7.2,7.2,26.0,0.92,7.2,7.2,26.0,1,0,1,0,0,3
4878,1.0,2009,1.0,3.0,102.0,126.0,10,0.84,7.93,7.65,46.0,0.84,7.93,7.65,46.0,0.84,7.93,7.65,46.0,1,0,1,0,1,3
4879,6.0,2011,4.0,17.0,97.0,1662.0,6,0.31,4.95,4.8,296.0,3.17,7.9,8.12,296.0,0.03,7.0,7.15,14.0,0,0,0,1,0,3
4880,6.0,2008,9.0,9.0,270.0,1510.0,3,0.4,6.07,6.82,20.0,0.09,8.4,8.4,31.0,0.09,8.4,8.4,31.0,0,0,0,0,0,3
4881,1.0,2007,1.0,12.0,330.0,1512.0,9,0.59,5.65,5.65,47.74484613086346,1.68,5.65,5.65,44.120854496564085,0.11,5.65,5.65,48.0920227069017,0,0,0,0,0,3
4882,4.0,2008,3.0,5.0,548.0,1588.0,10,0.42,5.53,7.8,3.0,0.17,5.53,6.97,3.0,0.17,5.53,6.97,3.0,0,0,0,0,0,3
4883,17.0,2011,4.0,38.0,1033.0,1663.0,1,0.54,7.0,7.3,171.0,0.54,7.0,7.3,171.0,0.54,7.0,7.3,171.0,0,0,0,0,0,3
4884,13.0,2000,3.0,28.0,559.0,1664.0,11,0.29,6.093756671518677,6.44565259582732,47.93749171417208,0.29,6.179583939835048,6.556707908782194,46.73472093331566,0.29,6.217278020378466,6.593159873847688,47.96314463741217,0,0,0,0,0,3
4885,13.0,1997,10.0,19.0,24.0,1478.0,1,0.75,7.8,7.8,18.0,0.17,7.8,7.8,18.0,0.17,7.8,7.8,18.0,1,0,0,0,0,3
4886,16.0,1982,3.0,142.0,932.0,1665.0,1,0.19,6.8,6.8,25.0,0.19,6.8,6.8,25.0,0.19,6.8,6.8,25.0,0,0,0,0,0,3
4887,7.0,2002,7.0,26.0,683.0,701.0,1,0.6,6.15,7.4,5.0,0.6,6.15,7.4,5.0,1.14,6.15,7.4,5.0,0,0,0,0,0,3
4888,9.0,2003,9.0,29.0,82.0,1666.0,11,0.67,6.0,8.0,14.5,0.46,5.9,6.93,14.5,0.46,5.9,6.93,14.5,0,0,1,0,0,3
4889,1.0,2008,10.0,101.0,533.0,637.0,10,0.02,5.75,5.55,23.0,0.71,5.75,5.55,23.0,0.37,4.25,4.25,2.0,0,0,0,0,0,3
4890,7.0,2008,1.0,8.0,45.0,247.0,10,0.43,8.2,6.75,3.0,0.49,8.2,6.85,83.0,0.71,7.07,7.32,12.0,1,0,1,0,1,3
4891,17.0,2011,9.0,18.0,60.0,365.0,3,1.16,6.37,6.88,18.5,1.16,6.37,6.88,18.5,1.16,6.37,6.88,18.5,0,0,1,0,0,3
4892,14.0,2002,7.0,9.0,1034.0,515.0,10,0.17,6.8,6.7,8.0,0.19,7.6,6.7,8.0,0.05,7.15,7.8,7.0,0,0,0,0,0,3
4893,1.0,2008,4.0,71.0,841.0,1667.0,3,0.09,5.2,6.5,1.0,0.1,6.4,7.8,1.0,0.1,6.4,7.8,1.0,0,0,0,0,0,3
4894,9.0,2002,4.0,1.0,3.0,345.0,1,2.91,9.0,8.8,191.0,0.7,9.07,8.68,107.5,0.58,9.07,10.0,3.0,1,0,1,0,0,3
4895,17.0,2009,9.0,29.0,228.0,392.0,1,0.4,6.06531266560678,6.414785373608896,47.58155002891845,0.42,6.151277159512439,6.537713301536816,45.36119144013881,0.42,6.18789083200847,6.572859035506092,49.094852515905146,0,0,0,0,0,3
4896,10.0,2011,1.0,8.0,45.0,31.0,9,0.53,7.92,6.92,101.0,0.53,7.92,6.92,101.0,0.53,7.92,6.92,101.0,1,1,1,1,0,3
4897,4.0,2008,1.0,6.0,147.0,1668.0,10,0.49,7.67,6.37,362.0,1.7,5.5,6.67,6.5,1.7,5.5,6.67,6.5,0,0,0,0,0,3
4898,5.0,2012,7.0,3.0,381.0,1085.0,2,0.09,9.3,8.78,650.0,1.45,9.3,8.78,650.0,0.67,7.67,7.7,98.5,0,0,0,1,0,3
4899,17.0,2008,1.0,8.0,27.0,247.0,10,0.41,4.0,5.62,3.5,0.38,7.7,7.45,1.0,0.52,7.0,7.67,29.5,1,0,1,0,1,3
4900,16.0,1981,9.0,5.0,321.0,1669.0,1,0.48,7.5,7.5,4.0,1.1,7.5,7.5,4.0,1.1,7.5,7.5,4.0,0,0,0,0,0,3
4901,4.0,2008,6.0,5.0,321.0,1670.0,10,0.41,5.9,7.35,15.0,0.07,2.8,2.0,5.0,0.24,4.2,6.2,5.0,0,0,0,0,0,3
4902,17.0,2006,2.0,4.0,334.0,1671.0,9,0.33,8.7,8.2,3.0,0.13,6.85,7.85,3.0,0.13,6.85,7.85,3.0,0,0,0,1,0,3
4903,13.0,1998,1.0,3.0,1035.0,1672.0,1,0.15,8.3,7.65,3.0,0.15,8.3,7.65,3.0,0.15,8.3,7.65,3.0,0,0,0,0,0,3
4904,4.0,2008,6.0,29.0,120.0,1304.0,10,0.55,2.0,2.0,47.32791802049488,0.78,2.0,2.0,45.973319170207446,0.53,2.0,2.0,47.42195701074731,0,0,0,0,0,3
4905,19.0,2004,6.0,1.0,40.0,1673.0,5,0.84,8.47,8.5,96.5,1.41,6.9,7.8,33.0,1.41,6.9,7.8,33.0,1,1,1,1,1,3
4906,11.0,2013,6.0,6.0,19.0,23.0,10,0.45,7.37,6.95,17.0,0.45,7.37,6.95,17.0,0.45,7.37,6.95,17.0,1,1,1,1,1,3
4907,6.0,2013,11.0,15.0,87.0,61.0,7,0.5,7.73,7.43,154.0,0.17,7.73,7.43,154.0,1.47,7.67,7.43,305.5,1,1,1,0,0,3
4908,13.0,2001,4.0,159.0,485.0,1674.0,1,0.0,0.0,0.0,0.0,1.13,0.0,0.0,0.0,1.13,0.0,0.0,0.0,0,0,0,0,0,3
4909,10.0,2012,4.0,26.0,311.0,1675.0,6,0.02,6.4,5.55,29.5,0.38,6.65,7.65,18.0,0.38,6.65,7.65,18.0,0,0,0,1,0,3
4910,5.0,2011,7.0,29.0,157.0,360.0,6,0.78,7.0,6.67,10.5,0.04,7.12,6.85,127.5,0.03,7.73,7.38,69.0,1,0,0,1,0,3
4911,23.0,2012,3.0,4.0,529.0,782.0,2,0.7,5.0,6.3,3.0,0.32,7.9,8.2,68.5,0.08,8.45,8.0,231.0,1,0,0,0,1,3
4912,4.0,2009,3.0,8.0,1029.0,43.0,11,0.58,7.05,6.95,5.0,0.12,7.65,7.7,76.0,0.07,3.85,4.9,7.0,1,1,0,1,0,3
4913,1.0,2011,11.0,1.0,572.0,1676.0,6,0.33,7.77,8.18,120.5,0.69,8.5,8.05,64.0,0.03,5.0,5.0,2.5,1,0,0,0,1,3
4914,4.0,2005,2.0,1.0,1.0,2.0,3,12.27,7.87,8.17,613.0,0.3,6.0,6.3,68.0,0.69,5.6,5.45,13.0,0,0,1,1,0,3
4915,5.0,2010,1.0,8.0,45.0,123.0,11,0.42,4.3,6.5,3.0,1.3,6.2,7.3,1.0,0.92,6.15,6.17,3.5,0,0,1,0,0,3
4916,10.0,2011,12.0,6.0,19.0,907.0,3,0.64,6.05,7.0,120.0,0.16,6.25,6.73,18.0,0.27,6.25,6.73,18.0,0,0,1,0,1,3
4917,1.0,2011,6.0,26.0,1036.0,1677.0,1,0.54,6.107652813930537,6.467882595817321,45.77475613360922,0.54,6.194403554438579,6.56657391616556,44.85269484678293,0.54,6.2266573916165795,6.606709451575302,45.76973100798108,1,0,0,0,0,3
4918,15.0,2005,12.0,2.0,200.0,1678.0,11,0.07,7.77,7.75,47.0,0.09,8.45,8.5,38.0,0.09,8.45,8.5,38.0,1,0,0,1,0,3
4919,14.0,2003,1.0,8.0,45.0,408.0,10,0.51,7.75,6.85,2.0,0.08,7.8,6.9,14.0,0.19,7.12,6.47,10.5,1,0,1,1,1,3
4920,6.0,2015,1.0,4.0,571.0,836.0,3,0.92,8.0,8.35,2.0,0.65,8.3,7.3,1.0,0.65,8.3,7.3,1.0,0,0,0,0,0,3
4921,9.0,2004,1.0,8.0,394.0,77.0,9,0.45,7.22,8.2,9.0,0.05,7.3,6.3,14.0,0.7,9.0,6.8,14.0,1,1,0,1,1,3
4922,12.0,1999,1.0,31.0,263.0,875.0,1,0.48,5.0,5.0,2.0,0.27,5.0,5.0,1.0,0.48,5.0,5.0,1.0,1,0,0,0,0,3
4923,12.0,2000,10.0,1.0,1037.0,1679.0,1,1.23,6.080184531886015,6.4249240162822545,49.17336199229173,1.23,6.164715061058349,6.539900949796512,47.802772013044766,1.23,6.208497964721839,6.582871099050231,49.20360213459828,1,0,0,0,0,3
4924,12.0,1998,3.0,31.0,132.0,1221.0,1,0.62,8.2,4.0,1.0,3.36,8.2,4.0,1.0,0.59,8.2,7.55,31.0,0,0,0,0,0,3
4925,12.0,1999,9.0,78.0,431.0,1680.0,5,0.56,8.0,8.0,1.0,0.85,8.0,8.0,1.0,0.33,8.0,8.0,1.0,0,0,0,0,0,3
4926,6.0,2008,9.0,24.0,89.0,1542.0,6,0.08,5.0,6.0,2.0,0.21,6.25,7.2,4.0,0.21,6.25,7.2,4.0,0,0,0,0,0,3
4927,19.0,2005,11.0,1.0,1038.0,1681.0,1,1.13,5.941533923303834,6.313171091445431,50.56199677938808,1.13,6.055781710914458,6.470575221238942,37.569243156199676,1.13,6.052935103244841,6.466165191740415,43.750402576489535,1,0,0,0,0,3
4928,15.0,2009,8.0,6.0,382.0,524.0,6,0.16,3.45,6.2,0.0,0.11,3.45,6.2,0.0,0.3,7.45,7.7,26.0,0,0,0,0,0,3
4929,7.0,2003,6.0,4.0,1039.0,1682.0,1,0.41,6.1012652384897565,6.454888152444128,47.685338686698614,0.41,6.1868883891584945,6.56346904959172,46.47707550835384,0.41,6.225610131376502,6.600911350455717,47.855459137417434,0,0,0,0,0,3
4930,1.0,2008,6.0,5.0,369.0,1670.0,10,0.39,4.2,6.2,47.32791802049488,0.24,4.2,6.2,45.973319170207446,0.16,4.2,6.2,47.42195701074731,0,0,0,0,0,3
4931,7.0,2000,10.0,6.0,471.0,1683.0,3,0.13,8.3,7.75,10.0,1.16,8.3,7.75,10.0,1.16,8.3,7.75,10.0,1,0,0,0,0,3
4932,7.0,2002,9.0,22.0,425.0,773.0,3,0.14,4.63,4.2,10.0,0.55,7.83,8.07,55.0,1.04,9.1,8.7,99.0,0,0,0,0,0,3
4933,1.0,2010,6.0,20.0,513.0,1333.0,11,0.05,6.039757952973729,6.421583679114796,44.246983408748115,0.05,6.120172890733055,6.541791147994463,32.7447209653092,0.05,6.1493775933609935,6.577461964038736,36.71266968325792,0,0,0,0,0,3
4934,20.0,2012,9.0,5.0,82.0,88.0,10,1.09,6.73,6.5,21.5,1.01,7.23,7.53,46.0,1.32,6.83,6.67,13.0,1,0,1,0,1,3
4935,20.0,2012,6.0,6.0,42.0,23.0,10,0.94,8.33,6.98,580.0,0.96,7.45,7.0,47.0,1.19,7.23,7.28,15.0,1,1,1,1,1,3
4936,8.0,1991,10.0,197.0,867.0,1684.0,1,0.0,0.0,0.0,0.0,0.0,0.0,0.0,0.0,0.0,0.0,0.0,0.0,0,0,0,0,0,3
4937,7.0,2005,1.0,5.0,391.0,422.0,11,0.5,5.6,5.63,6.0,0.56,5.5,4.7,1.0,0.1,5.5,4.7,1.0,0,0,0,0,0,3
4938,6.0,2006,4.0,5.0,212.0,257.0,10,0.82,7.03,7.38,27.5,2.5,7.07,7.27,21.0,0.82,7.03,7.38,27.5,0,0,0,0,1,3
4939,4.0,2009,11.0,29.0,120.0,1685.0,3,0.19,6.4,6.52,62.0,0.37,6.4,6.52,62.0,0.37,6.4,6.52,62.0,0,0,0,0,0,3
4940,6.0,2008,3.0,13.0,1040.0,1686.0,10,5.5,7.05,7.95,34.0,0.25,5.9,6.45,5.0,0.25,7.1,7.45,8.5,0,0,0,0,1,3
4941,1.0,2008,8.0,6.0,19.0,1687.0,11,0.56,6.044421151439289,6.38992177722153,48.44426425401161,0.73,6.126584793491856,6.504150500625782,46.782946398088086,0.73,6.170384856070071,6.544500938673344,48.1357972004097,0,0,1,0,0,3
4942,7.0,2003,6.0,6.0,811.0,1688.0,10,0.87,7.55,7.8,5.0,0.87,7.55,7.8,5.0,0.15,7.55,7.8,5.0,1,0,1,0,0,3
4943,6.0,2013,1.0,8.0,68.0,1689.0,3,0.64,6.53,6.3,341.5,0.24,7.75,7.72,3.5,0.24,7.75,7.72,3.5,0,0,1,0,1,3
4944,8.0,1992,10.0,156.0,380.0,1280.0,1,0.0,0.0,0.0,0.0,0.0,0.0,0.0,0.0,0.0,0.0,0.0,0.0,1,0,0,0,0,3
4945,5.0,2013,8.0,81.0,450.0,809.0,1,0.02,6.7,7.2,24.0,0.02,6.7,7.2,24.0,0.14,6.7,7.2,24.0,1,0,0,0,0,3
4946,3.0,2001,4.0,58.0,1041.0,1690.0,1,0.8,8.4,8.4,7.0,0.8,8.4,8.4,7.0,0.8,8.4,8.4,7.0,0,0,0,0,0,3
4947,1.0,2007,11.0,6.0,145.0,1691.0,4,0.03,8.31,8.2,413.0,0.67,7.43,7.75,11.0,0.67,7.43,7.75,11.0,0,0,1,0,0,3
4948,10.0,2011,1.0,8.0,68.0,77.0,3,0.64,6.4,5.55,304.5,0.38,7.07,6.88,32.0,0.37,7.75,7.35,4.0,1,1,1,0,1,3
4949,9.0,2005,8.0,8.0,108.0,545.0,10,0.52,7.83,7.45,68.5,1.27,7.6,6.8,68.5,1.27,7.6,6.8,68.5,0,0,0,1,0,3
4950,7.0,2006,2.0,24.0,131.0,1692.0,3,0.26,6.27,6.12,28.0,0.21,6.25,7.0,9.0,0.38,4.7,5.3,9.0,0,0,0,0,0,3
4951,6.0,2014,1.0,145.0,571.0,836.0,4,0.0,0.0,0.0,0.0,0.71,8.35,8.38,8.0,0.92,8.7,8.95,2.0,0,0,0,0,0,3
4952,8.0,1994,1.0,26.0,40.0,301.0,1,0.22,5.6,5.6,10.0,0.69,5.6,5.6,10.0,2.2,5.6,5.6,10.0,0,0,1,0,0,3
4953,7.0,2002,3.0,13.0,51.0,1693.0,3,0.19,7.8,7.15,27.0,0.14,8.0,7.7,111.0,0.14,8.0,7.7,111.0,0,0,1,1,0,3
4954,14.0,2005,7.0,6.0,304.0,1694.0,8,0.07,6.5,7.45,121.0,1.16,7.0,6.0,121.0,1.16,7.0,6.0,121.0,1,0,0,1,0,3
4955,4.0,2009,6.0,198.0,1042.0,425.0,11,0.14,6.3,6.3,32.76409185803758,0.09,6.3,6.3,23.798538622129435,1.7,6.3,6.3,28.856993736951985,0,0,0,0,0,3
4956,1.0,2009,1.0,12.0,1043.0,1695.0,11,0.06,6.37,5.87,10.0,0.17,6.37,5.87,10.0,0.23,6.37,3.3,10.0,0,0,0,0,0,3
4957,7.0,2007,1.0,8.0,530.0,454.0,10,0.54,7.17,7.22,4.0,0.74,7.13,6.0,3.5,0.74,7.13,6.0,3.5,0,0,1,0,1,3
4958,7.0,2008,6.0,15.0,390.0,1495.0,2,0.02,4.0,5.0,4.0,0.27,4.0,5.0,4.0,0.27,4.0,5.0,4.0,1,0,0,1,0,3
4959,16.0,1981,9.0,199.0,1044.0,1696.0,1,0.0,0.0,0.0,0.0,0.0,0.0,0.0,0.0,0.0,0.0,0.0,0.0,0,0,0,0,0,3
4960,13.0,1999,8.0,15.0,103.0,1228.0,1,0.48,6.2,6.2,9.0,1.35,7.5,7.5,2.0,0.1,7.5,7.5,2.0,0,0,0,0,0,3
4961,10.0,2011,9.0,49.0,253.0,559.0,3,0.27,5.85,6.75,13.0,0.14,5.85,6.75,13.0,0.33,4.0,6.5,4.0,0,0,0,0,0,3
4962,5.0,2006,9.0,22.0,425.0,76.0,4,0.52,7.73,7.57,165.5,0.21,6.82,6.75,12.0,0.52,7.73,7.57,165.5,1,1,0,1,1,3
4963,4.0,2009,9.0,5.0,321.0,1692.0,6,0.61,6.2,6.85,16.0,0.1,4.5,6.4,16.0,0.1,6.8,6.3,3.0,0,0,0,0,0,3
4964,1.0,2009,6.0,127.0,1045.0,1697.0,1,0.27,6.06531266560678,6.414785373608896,47.58155002891845,0.27,6.151277159512439,6.537713301536816,45.36119144013881,0.27,6.18789083200847,6.572859035506092,49.094852515905146,0,0,0,0,0,3
4965,9.0,2003,1.0,8.0,94.0,135.0,10,0.4,6.8,6.9,14.0,0.1,6.65,8.6,1.5,0.9,6.8,6.2,14.0,0,0,0,0,0,3
4966,4.0,2007,6.0,6.0,134.0,1698.0,1,0.48,8.0,8.0,1.0,3.33,5.6,5.6,9.0,3.33,5.6,5.6,9.0,0,0,0,0,0,3
4967,11.0,2015,9.0,42.0,1046.0,193.0,1,0.09,4.6,5.42,3.0,0.29,5.0,6.4,5.0,1.3,7.03,6.68,136.5,1,0,0,1,0,3
4968,7.0,2003,9.0,29.0,1047.0,1699.0,1,0.49,4.05,4.75,3.0,0.16,4.05,4.75,3.0,0.27,4.05,4.75,3.0,0,0,0,0,0,3
4969,10.0,2013,9.0,26.0,672.0,1207.0,6,0.51,7.33,7.65,173.0,0.35,7.33,7.65,173.0,0.32,7.33,7.65,173.0,0,0,0,0,0,3
4970,4.0,2008,4.0,9.0,1048.0,834.0,1,0.59,6.0,5.4,12.0,0.59,6.0,5.4,12.0,0.12,5.47,6.85,40.0,1,0,0,0,0,3
4971,13.0,1996,1.0,200.0,31.0,1700.0,1,0.0,0.0,0.0,0.0,0.09,0.0,6.0,1.0,0.09,0.0,6.0,1.0,1,0,0,0,0,3
4972,6.0,2009,1.0,9.0,169.0,760.0,5,0.15,5.43,5.48,10.5,0.38,6.17,7.0,18.0,0.05,7.92,7.15,66.5,1,0,0,0,0,3
4973,8.0,1991,1.0,1.0,1.0,1701.0,1,1.0,4.7,4.7,7.0,1.65,5.4,5.4,11.0,1.65,5.4,5.4,11.0,0,0,1,0,1,3
4974,7.0,2003,4.0,149.0,634.0,1243.0,10,0.0,0.0,0.0,0.0,0.35,8.3,5.95,9.0,0.09,7.0,8.7,3.0,0,0,0,0,0,3
4975,3.0,1998,2.0,1.0,1.0,295.0,1,0.64,9.0,5.0,1.0,2.22,9.0,9.1,236.0,1.48,9.0,8.18,28.5,1,0,1,0,1,3
4976,13.0,1997,3.0,14.0,489.0,994.0,1,0.61,7.0,7.8,124.0,0.26,7.0,4.0,1.0,0.75,7.0,7.0,1.0,0,0,0,0,0,3
4977,23.0,2013,4.0,134.0,777.0,1328.0,8,0.02,6.9,7.2,2.0,0.61,8.05,8.15,298.0,0.61,8.05,8.15,298.0,0,0,0,1,0,3
4978,13.0,1998,3.0,197.0,1049.0,1702.0,1,0.32,6.0160609318996405,6.403268817204285,46.05333068992863,0.32,6.099759856630821,6.523605734767007,42.11122125297383,0.32,6.1246594982078815,6.541229390680994,45.49722442505948,0,0,0,0,0,3
4979,4.0,2009,8.0,6.0,1050.0,214.0,9,0.64,6.081317301269194,6.428591850367435,48.85785172212493,0.64,6.164849699398801,6.541612558450277,47.55465557501459,0.16,6.20785303941215,6.583874415497689,48.898423817863396,0,0,0,0,0,3
4980,14.0,2004,1.0,9.0,102.0,905.0,11,0.91,6.75,7.45,34.0,0.95,7.75,7.8,6.0,0.95,7.75,7.8,6.0,0,0,1,0,0,3
4981,7.0,2007,9.0,20.0,1051.0,1383.0,11,0.41,4.25,6.7,0.0,0.41,4.25,6.7,0.0,0.17,6.4,7.8,0.0,0,0,0,0,0,3
4982,1.0,2008,1.0,57.0,783.0,422.0,9,0.05,3.5,4.43,3.0,0.11,2.0,3.75,5.0,0.06,2.0,6.0,5.0,0,0,0,0,0,3
4983,1.0,2009,4.0,71.0,960.0,1703.0,3,0.07,6.2,7.42,12.0,0.33,7.8,7.4,183.0,0.33,7.8,7.4,183.0,0,0,0,0,0,3
4984,7.0,2007,12.0,26.0,424.0,701.0,1,0.06,5.5,7.4,5.0,0.04,5.0,6.2,5.0,0.12,5.0,7.5,2.0,0,0,0,0,0,3
4985,20.0,2012,9.0,20.0,63.0,71.0,1,0.18,5.8,6.6,40.0,4.76,8.97,8.75,731.5,4.76,8.97,8.75,731.5,1,0,0,1,0,3
4986,6.0,2008,6.0,33.0,369.0,647.0,11,0.5,5.5,7.5,1.0,0.48,4.75,4.95,3.0,0.48,4.75,4.95,3.0,0,0,0,0,0,3
4987,1.0,2009,6.0,110.0,601.0,876.0,1,0.03,8.35,7.95,13.0,0.03,8.35,7.95,13.0,0.03,8.35,7.95,13.0,0,0,0,0,0,3
4988,23.0,2015,4.0,26.0,438.0,1114.0,8,0.16,5.7,7.15,2.0,0.19,5.7,7.9,2.0,0.45,5.7,5.8,6.0,1,0,0,1,0,3
4989,6.0,2010,1.0,201.0,724.0,1089.0,11,0.21,5.9,5.25,5.0,0.67,5.9,5.0,1.0,0.67,5.9,5.0,1.0,0,0,0,0,0,3
4990,9.0,2005,2.0,202.0,1052.0,1276.0,1,0.0,0.0,0.0,0.0,0.25,0.0,0.0,0.0,0.56,5.6,6.8,0.0,0,0,0,0,0,3
4991,17.0,2009,10.0,26.0,385.0,637.0,5,0.04,6.73,7.05,13.0,0.17,6.0,8.15,3.0,0.52,5.0,7.2,5.0,0,0,0,0,0,3
4992,7.0,2001,1.0,4.0,1053.0,388.0,12,3.64,9.0,8.55,118.0,3.64,9.0,8.55,118.0,0.36,5.1,8.55,118.0,1,0,0,0,0,3
4993,19.0,2002,7.0,31.0,421.0,372.0,8,0.06,8.8,8.0,0.0,0.14,5.25,6.5,0.0,0.17,8.1,6.9,13.0,1,0,0,0,0,3
4994,5.0,2015,7.0,5.0,15.0,69.0,9,0.41,6.0,6.3,25.0,3.28,7.17,6.57,200.5,1.17,7.45,6.15,25.0,0,0,0,1,0,3
4995,4.0,2007,8.0,11.0,278.0,526.0,6,0.44,5.75,7.15,10.0,1.26,5.9,7.7,10.0,0.19,3.85,4.0,10.0,0,0,0,0,0,3
4996,7.0,2002,12.0,26.0,1054.0,1704.0,1,0.57,6.050969223702346,6.468989435002288,43.711032388663966,0.57,6.146789159393657,6.595062011943035,37.134362348178136,0.57,6.180679834634819,6.631194304088199,42.425607287449395,0,0,0,0,0,3
4997,9.0,2002,9.0,6.0,284.0,1692.0,3,0.29,7.76,8.05,61.5,1.67,7.76,8.5,61.5,1.67,7.76,8.5,61.5,0,0,0,0,0,3
4998,7.0,2008,1.0,9.0,169.0,211.0,3,0.4,7.4,7.15,69.0,0.75,6.0,6.9,25.0,0.75,6.0,6.9,25.0,0,0,0,0,0,3
4999,7.0,2002,9.0,9.0,1055.0,1705.0,11,0.12,6.7,7.65,19.5,0.12,6.7,7.65,19.5,0.12,6.7,7.65,19.5,0,0,0,0,0,3
5000,6.0,2007,1.0,8.0,43.0,237.0,9,0.72,7.53,8.5,72.5,7.2,7.5,7.85,86.5,0.72,7.53,8.5,72.5,0,0,1,0,0,3
5001,24.0,1995,4.0,72.0,400.0,1243.0,1,0.08,6.105477410782085,6.471694191344031,46.30825496342738,0.37,6.192767653758562,6.565149962034973,45.062225705329155,0.37,6.223125474563416,6.604986712224803,46.031556948798325,0,0,0,0,0,3
5002,10.0,2011,2.0,6.0,1056.0,340.0,1,0.14,4.6,6.3,45.77475613360922,0.14,4.6,6.3,44.85269484678293,0.18,4.6,6.3,45.76973100798108,0,0,0,0,0,3
5003,6.0,2007,1.0,8.0,27.0,378.0,7,0.79,8.3,7.65,1.0,0.46,5.97,4.65,12.0,0.79,8.3,7.65,1.0,1,0,1,0,0,3
5004,19.0,2005,10.0,8.0,45.0,257.0,9,0.52,7.8,8.4,42.0,0.64,6.85,5.9,5.0,0.23,7.2,7.0,6.0,0,0,1,1,0,3
5005,6.0,2014,1.0,8.0,27.0,651.0,9,0.45,6.75,4.78,31.0,0.45,6.75,4.78,31.0,0.47,6.75,5.0,5.0,1,0,1,1,0,3
5006,13.0,1994,1.0,4.0,1057.0,1706.0,1,0.79,6.060073064770927,6.419377962085287,50.71839204668252,0.79,6.1445201421800935,6.542274881516566,48.91938621136806,0.79,6.189670221169031,6.580169826224309,49.949751458828615,0,0,0,0,1,3
5007,18.0,2016,3.0,2.0,403.0,72.0,9,4.26,7.7,6.75,78.0,1.37,8.37,8.33,142.0,0.85,8.25,6.48,73.5,1,0,0,1,0,3
5008,1.0,2009,9.0,36.0,460.0,1637.0,6,0.02,6.73,6.7,55.5,0.07,7.33,7.3,47.5,0.02,7.37,7.87,65.5,1,0,0,0,0,3
5009,13.0,1998,9.0,22.0,67.0,1707.0,1,2.35,5.8,5.8,17.0,1.32,5.8,5.8,17.0,1.32,5.8,5.8,17.0,0,0,0,0,0,3
5010,13.0,2000,12.0,26.0,1058.0,701.0,1,0.57,6.1,6.65,2.0,0.57,6.1,6.65,2.0,0.23,6.1,6.65,2.0,0,0,0,0,0,3
5011,7.0,2005,6.0,29.0,390.0,508.0,10,0.44,5.13,7.8,4.0,0.18,5.13,5.93,4.0,0.13,5.13,5.93,4.0,0,0,0,0,0,3
5012,7.0,2004,3.0,91.0,1059.0,1708.0,11,0.18,3.5,5.9,13.0,0.17,6.38,7.4,13.0,0.17,6.38,7.4,13.0,0,0,0,0,0,3
5013,10.0,2013,11.0,13.0,51.0,763.0,10,0.04,7.5,7.55,58.5,0.04,7.73,7.03,123.5,0.76,7.4,7.8,31.0,0,0,1,1,0,3
5014,19.0,2003,1.0,8.0,45.0,408.0,10,0.39,8.6,8.15,55.0,1.67,8.6,8.58,96.0,1.67,8.6,8.58,96.0,1,0,1,1,1,3
5015,7.0,2010,1.0,8.0,68.0,378.0,7,0.56,7.58,6.87,3.5,0.84,8.5,7.75,1.0,0.92,8.6,7.6,1.0,1,0,1,1,0,3
5016,11.0,2015,4.0,26.0,323.0,625.0,10,0.04,5.25,6.77,20.0,0.04,6.6,6.43,2.5,0.11,6.6,6.43,2.5,1,0,0,0,0,3
5017,9.0,2004,9.0,33.0,1060.0,1709.0,1,0.25,5.6,5.6,47.43754583231484,0.25,5.6,5.6,46.20019555120997,0.25,5.6,5.6,48.87949156685407,0,0,0,0,0,3
5018,10.0,2012,9.0,15.0,56.0,61.0,2,0.06,8.7,8.0,1.0,6.03,8.7,8.35,373.0,0.15,8.0,7.7,103.0,1,1,0,1,0,3
5019,7.0,2003,12.0,11.0,1061.0,1710.0,6,1.09,6.75,7.95,9.0,1.09,6.75,7.95,9.0,1.09,6.75,7.95,9.0,0,0,0,0,0,3
5020,4.0,2006,6.0,1.0,652.0,1711.0,11,0.48,5.75,5.9,43.0,0.48,5.75,5.9,43.0,0.48,5.75,5.9,43.0,0,0,0,1,0,3
5021,6.0,2006,1.0,3.0,102.0,126.0,10,0.78,8.2,8.32,22.0,0.36,7.7,7.75,5.0,0.78,8.2,8.32,22.0,1,0,1,1,1,3
5022,13.0,1996,9.0,26.0,323.0,701.0,1,0.5,8.3,8.3,3.0,0.2,8.3,8.3,3.0,0.41,8.3,8.3,3.0,0,0,0,0,0,3
5023,7.0,2002,4.0,25.0,13.0,1405.0,9,0.32,5.0,8.2,84.0,0.2,8.33,8.2,84.0,0.2,8.33,8.2,84.0,1,0,0,0,0,3
5024,7.0,2000,7.0,15.0,103.0,1712.0,11,0.19,6.23,6.77,9.0,0.36,6.23,6.77,9.0,0.36,6.23,6.77,9.0,1,0,0,0,1,3
5025,3.0,1991,4.0,10.0,1062.0,1713.0,1,1.4,7.0,6.7,159.0,1.4,7.0,6.7,159.0,1.4,7.0,6.7,159.0,1,1,0,0,0,3
5026,1.0,2009,1.0,9.0,169.0,760.0,5,0.02,5.23,4.8,5.0,0.08,6.65,6.25,3.0,0.01,7.88,7.23,50.5,1,0,0,0,0,3
5027,7.0,2008,2.0,3.0,448.0,759.0,10,0.48,5.0,5.0,1.0,0.04,5.0,5.0,1.0,0.46,6.0,6.0,1.0,0,0,0,0,0,3
5028,7.0,2008,9.0,9.0,186.0,1264.0,6,0.52,4.7,4.35,10.5,0.35,6.1,8.1,10.5,0.35,6.1,8.1,10.5,0,0,0,0,0,3
5029,7.0,2008,7.0,8.0,284.0,754.0,8,0.66,7.07,7.42,2.0,0.52,4.7,4.35,10.5,1.06,6.1,6.0,13.0,0,0,0,0,0,3
5030,1.0,2011,1.0,5.0,321.0,422.0,9,0.37,3.85,5.75,1.0,0.14,3.85,5.75,1.0,0.09,3.85,7.8,1.0,0,0,0,0,0,3
5031,6.0,2010,10.0,8.0,68.0,1714.0,10,0.4,7.0,7.15,14.0,0.37,7.75,7.35,4.0,0.37,7.75,7.35,4.0,0,0,1,1,0,3
5032,17.0,2010,9.0,9.0,448.0,257.0,4,0.33,7.63,7.6,109.0,0.11,4.65,2.9,5.0,0.02,4.65,2.9,5.0,0,0,0,0,0,3
5033,1.0,2009,3.0,36.0,130.0,791.0,9,1.01,8.35,7.95,76.0,1.01,8.35,7.95,76.0,1.01,8.35,7.95,76.0,0,0,0,0,0,3
5034,24.0,1996,8.0,15.0,87.0,1228.0,1,0.45,5.0,7.1,14.0,0.51,5.0,7.1,14.0,0.58,5.0,8.0,1.0,0,0,1,0,0,3
5035,13.0,1999,9.0,4.0,1063.0,916.0,1,0.42,5.0,6.5,23.0,0.42,5.0,6.5,23.0,0.83,5.0,7.6,70.0,0,0,0,0,0,3
5036,4.0,2009,6.0,5.0,321.0,1715.0,6,0.42,6.05,6.15,16.0,0.2,6.05,6.15,16.0,0.2,6.05,6.15,16.0,1,0,0,0,0,3
5037,14.0,2002,9.0,120.0,448.0,1560.0,5,0.29,7.23,6.7,59.5,0.12,5.7,7.5,59.5,0.12,5.7,7.5,59.5,0,0,0,0,0,3
5038,7.0,2007,3.0,29.0,217.0,860.0,12,0.65,5.95,7.25,4.0,0.65,5.95,7.25,4.0,0.65,5.95,7.25,4.0,1,0,0,0,0,3
5039,13.0,1998,3.0,14.0,216.0,1716.0,1,0.73,6.0,7.85,4.5,1.94,6.0,7.85,4.5,1.94,6.0,7.85,4.5,0,0,0,0,0,3
5040,8.0,1995,12.0,58.0,643.0,939.0,1,0.03,6.105477410782085,6.471694191344031,46.30825496342738,0.37,6.192767653758562,6.565149962034973,45.062225705329155,0.37,6.223125474563416,6.604986712224803,46.031556948798325,0,0,0,0,0,3
5041,17.0,2007,1.0,8.0,530.0,454.0,10,0.52,6.66,4.65,21.0,0.54,7.17,7.22,4.0,0.54,7.17,7.22,4.0,0,0,1,0,1,3
5042,19.0,2003,11.0,1.0,290.0,3.0,12,0.27,8.0,8.35,158.0,1.83,5.7,5.2,1.0,0.28,5.7,6.1,9.0,1,1,0,0,0,3
5043,17.0,2011,6.0,26.0,725.0,981.0,1,0.4,8.5,8.5,4.0,0.4,8.5,8.5,4.0,0.4,8.5,8.5,4.0,1,0,0,0,0,3
5044,10.0,2012,4.0,72.0,400.0,1717.0,1,0.03,7.9,8.1,135.0,0.32,7.9,8.1,135.0,0.27,8.2,8.0,8.0,1,0,0,0,0,3
5045,13.0,2000,3.0,4.0,1064.0,935.0,1,0.44,7.0,7.0,22.0,0.34,7.0,7.0,22.0,0.69,6.5,6.5,13.0,0,0,0,0,0,3
5046,13.0,1999,1.0,203.0,297.0,378.0,1,0.0,0.0,0.0,0.0,0.9,0.0,0.0,0.0,0.14,0.0,0.0,0.0,0,0,0,0,0,3
5047,20.0,2012,9.0,20.0,240.0,299.0,2,0.33,7.0,6.7,64.0,0.15,7.0,6.7,64.0,1.5,7.05,7.55,6.0,0,0,0,0,0,3
5048,6.0,2016,1.0,8.0,27.0,31.0,9,4.77,7.83,6.05,116.5,4.77,7.83,6.05,116.5,4.77,7.83,6.05,116.5,1,1,1,1,0,3
5049,15.0,2011,9.0,29.0,157.0,193.0,11,1.18,7.57,6.3,155.0,2.77,7.63,7.72,407.0,2.77,7.63,7.72,407.0,1,0,0,1,0,3
5050,11.0,2014,6.0,6.0,19.0,23.0,10,0.63,7.5,7.72,2.5,0.63,7.5,7.72,2.5,0.63,7.5,7.72,2.5,1,1,1,1,0,3
5051,7.0,2008,9.0,5.0,47.0,999.0,11,0.91,6.83,6.87,81.5,1.31,5.8,6.08,12.5,1.31,5.8,6.08,12.5,0,0,0,0,0,3
5052,1.0,2010,8.0,5.0,321.0,781.0,10,0.56,6.0,5.8,3.0,0.15,6.0,5.8,3.0,1.04,6.0,5.8,3.0,0,0,0,0,0,3
5053,4.0,2008,8.0,6.0,505.0,1718.0,10,0.44,5.45,5.45,47.32791802049488,0.05,5.45,5.45,45.973319170207446,0.05,5.45,5.45,47.42195701074731,1,0,0,0,0,3
5054,1.0,2010,6.0,32.0,71.0,260.0,6,0.42,7.03,6.97,15.0,0.42,7.03,6.97,15.0,0.42,7.03,6.97,15.0,0,0,0,0,0,3
5055,16.0,1982,9.0,11.0,489.0,1719.0,1,0.62,7.5,7.5,2.0,1.12,7.5,7.5,2.0,1.12,7.5,7.5,2.0,0,0,0,0,0,3
5056,4.0,2010,3.0,5.0,415.0,1121.0,11,0.56,4.0,7.5,1.0,0.16,6.7,7.65,12.0,0.01,3.5,6.38,2.0,0,0,0,0,0,3
5057,23.0,2013,9.0,49.0,253.0,1720.0,2,0.02,6.2,7.25,9.0,0.08,6.2,7.25,9.0,0.08,6.2,7.25,9.0,0,0,0,0,0,3
5058,7.0,2004,6.0,4.0,93.0,109.0,8,0.13,7.2,8.15,17.0,0.18,7.3,6.4,2.0,0.18,7.3,6.4,2.0,0,0,0,1,0,3
5059,14.0,2005,8.0,15.0,87.0,297.0,11,0.01,7.0,4.5,1.0,0.75,4.95,5.25,1.0,0.42,7.8,7.1,1.0,1,0,1,0,0,3
5060,6.0,2014,10.0,26.0,683.0,701.0,1,0.01,5.6,5.6,4.0,0.01,5.6,5.6,4.0,0.26,3.5,3.5,4.0,0,0,0,0,0,3
5061,7.0,2010,10.0,29.0,145.0,721.0,10,0.71,7.0,7.02,41.5,0.71,7.0,7.02,41.5,0.71,7.0,7.02,41.5,0,0,1,0,0,3
5062,15.0,2010,3.0,8.0,170.0,43.0,11,0.42,3.4,4.9,3.0,2.81,8.13,7.58,396.0,2.22,8.1,7.48,294.0,1,1,0,1,0,3
5063,4.0,2006,2.0,24.0,245.0,88.0,10,1.19,6.5,8.0,92.0,1.09,5.35,5.95,28.0,0.14,6.4,6.6,2.0,0,0,0,0,0,3
5064,10.0,2011,1.0,15.0,87.0,1721.0,3,0.02,6.0,6.0,1.0,0.03,6.0,6.3,4.0,0.03,6.0,6.3,4.0,0,1,1,0,1,3
5065,10.0,2011,4.0,149.0,400.0,1722.0,8,0.32,7.9,5.9,13.0,0.32,7.9,5.9,13.0,0.32,7.9,5.9,13.0,0,0,0,0,0,3
5066,4.0,2009,4.0,26.0,311.0,188.0,11,0.51,6.03,7.02,100.5,0.1,7.5,8.55,21.0,0.77,6.07,6.75,194.0,0,0,0,0,0,3
5067,1.0,2009,10.0,29.0,552.0,257.0,10,0.54,7.0,7.47,31.0,0.44,4.5,7.0,31.0,0.2,6.17,6.52,7.5,0,0,0,0,0,3
5068,6.0,2011,7.0,9.0,205.0,515.0,10,0.1,3.75,4.2,5.0,2.57,7.5,8.12,50.0,1.47,6.3,7.15,31.0,0,0,0,0,0,3
5069,17.0,2007,9.0,9.0,146.0,1201.0,12,0.46,4.05,5.3,3.0,0.52,4.3,6.1,3.0,0.52,4.3,6.1,3.0,0,0,0,0,0,3
5070,19.0,2004,9.0,8.0,137.0,135.0,6,1.35,6.6,7.77,12.5,1.14,7.7,7.55,80.0,0.04,6.35,7.05,20.0,0,0,1,0,0,3
5071,5.0,2005,7.0,5.0,212.0,1496.0,10,0.62,6.6,6.85,17.0,0.44,6.7,7.75,8.0,0.3,9.5,7.6,28.5,1,0,0,0,1,3
5072,4.0,2008,11.0,6.0,94.0,1723.0,10,0.39,6.102638001824813,6.459495894160645,47.32791802049488,0.49,6.191270529197094,6.566937728102246,45.973319170207446,0.49,6.229014598540156,6.60431341240881,47.42195701074731,1,0,0,0,0,3
5073,16.0,1986,7.0,11.0,489.0,1724.0,1,0.46,4.8,4.8,4.0,0.48,4.8,4.8,4.0,0.48,4.8,4.8,4.0,0,0,0,0,0,3
5074,4.0,2008,8.0,6.0,19.0,1725.0,2,0.51,4.7,5.6,18.0,0.47,4.7,5.6,18.0,0.47,4.7,5.6,18.0,0,0,1,0,0,3
5075,7.0,2006,10.0,11.0,1065.0,188.0,7,0.07,5.95,5.85,11.0,0.07,5.95,5.85,11.0,0.02,5.95,5.85,11.0,0,0,0,0,0,3
5076,4.0,2009,8.0,29.0,120.0,1131.0,1,0.4,6.3,5.9,8.0,0.16,6.3,8.3,8.0,0.14,6.3,8.3,8.0,0,0,0,0,0,3
5077,20.0,2012,1.0,6.0,19.0,1726.0,11,0.98,8.6,8.1,814.0,0.94,8.33,6.98,580.0,0.94,8.33,6.98,580.0,0,0,1,0,0,3
5078,6.0,2014,7.0,9.0,644.0,706.0,10,1.13,7.3,8.15,171.0,0.79,6.0,7.5,147.0,1.13,7.3,8.15,171.0,0,0,0,1,0,3
5079,4.0,2008,10.0,204.0,550.0,637.0,9,0.01,4.55,4.25,4.0,0.19,4.55,4.25,4.0,0.07,4.55,7.7,3.0,0,0,0,0,0,3
5080,6.0,2009,9.0,15.0,1066.0,1727.0,11,0.45,6.3,6.3,32.76409185803758,0.45,6.3,6.3,23.798538622129435,0.45,6.3,6.3,28.856993736951985,0,0,0,0,0,3
5081,4.0,2007,2.0,24.0,245.0,88.0,11,0.42,4.8,6.08,24.0,0.35,5.3,5.8,11.0,0.19,6.7,5.9,3.0,0,0,0,0,0,3
5082,13.0,1997,10.0,10.0,585.0,852.0,1,1.22,7.3,7.3,18.0,0.92,7.3,7.3,18.0,0.92,7.3,7.3,18.0,0,0,0,0,0,3
5083,4.0,2010,9.0,119.0,1067.0,1728.0,11,0.14,6.039757952973729,6.421583679114796,44.246983408748115,0.19,6.120172890733055,6.541791147994463,32.7447209653092,0.19,6.1493775933609935,6.577461964038736,36.71266968325792,0,0,0,0,0,3
5084,5.0,2009,6.0,8.0,387.0,1230.0,3,0.1,7.85,7.45,78.0,0.57,7.85,7.45,78.0,0.09,5.8,7.0,1.0,0,0,1,0,0,3
5085,7.0,2008,1.0,8.0,68.0,454.0,8,0.65,7.13,7.68,4.0,0.66,7.07,7.42,2.0,0.66,7.07,7.42,2.0,0,0,1,0,1,3
5086,19.0,2005,9.0,5.0,11.0,1729.0,9,0.44,6.7,7.75,8.0,0.09,5.0,6.1,20.0,0.09,5.0,6.1,20.0,1,0,1,1,0,3
5087,11.0,2016,11.0,17.0,1068.0,1730.0,10,0.15,8.6,7.55,90.5,0.18,7.0,7.35,137.5,0.18,7.0,7.35,137.5,0,0,0,1,0,3
5088,5.0,2007,4.0,2.0,1069.0,1731.0,2,1.75,7.6,7.48,112.5,1.75,7.6,7.48,112.5,0.32,7.55,8.05,13.0,1,0,0,0,0,3
5089,14.0,2002,1.0,2.0,448.0,1732.0,1,0.57,5.55,7.6,0.0,0.71,7.0,7.05,6.5,0.71,7.0,7.05,6.5,1,0,0,0,1,3
5090,1.0,2007,1.0,3.0,368.0,1376.0,10,0.56,5.07,6.62,15.5,0.16,7.7,7.2,15.5,0.16,7.7,7.2,15.5,0,0,0,0,0,3
5091,5.0,2006,1.0,132.0,373.0,1028.0,4,0.03,8.1,8.2,46.51040884215045,0.56,8.1,8.2,45.10081553814787,0.44,7.0,5.2,46.075008048073826,0,0,0,0,0,3
5092,13.0,1994,7.0,4.0,1070.0,1733.0,1,0.45,6.060073064770927,6.419377962085287,50.71839204668252,0.45,6.1445201421800935,6.542274881516566,48.91938621136806,0.45,6.189670221169031,6.580169826224309,49.949751458828615,0,0,0,0,1,3
5093,7.0,2006,8.0,6.0,19.0,571.0,11,0.47,6.0,8.0,32.0,0.08,6.0,8.0,32.0,0.56,6.0,4.53,32.0,1,0,1,0,0,3
5094,1.0,2009,9.0,22.0,165.0,1734.0,10,3.5,8.73,8.5,783.0,0.76,5.33,5.05,90.5,0.76,5.33,5.05,90.5,0,0,0,0,0,3
5095,15.0,2016,7.0,6.0,115.0,142.0,3,3.61,8.17,6.5,111.5,3.61,8.17,6.5,111.5,3.61,8.17,6.5,111.5,1,0,0,1,0,3
5096,17.0,2011,4.0,9.0,570.0,834.0,1,0.42,7.7,7.85,14.0,0.33,7.7,7.85,14.0,0.94,6.4,7.8,18.0,1,0,0,1,0,3
5097,4.0,2008,8.0,6.0,1071.0,1735.0,1,0.47,6.076557377049176,6.4289414021625335,50.52577025484975,0.47,6.1574189047785115,6.543221137077076,48.40728413845569,0.47,6.202197418904775,6.585209277990916,49.56694560669456,0,0,0,0,0,3
5098,18.0,2015,9.0,20.0,60.0,488.0,9,0.54,8.5,7.05,5.5,0.64,8.25,6.97,26.5,0.54,8.5,7.05,5.5,0,0,1,0,0,3
5099,19.0,2002,2.0,29.0,79.0,1736.0,9,0.82,6.8,6.9,49.587620336943445,0.05,6.8,4.5,48.169524669073404,0.05,6.8,4.5,49.57746690734055,0,0,0,0,0,3
5100,7.0,2003,1.0,80.0,1072.0,620.0,9,0.05,2.0,2.0,1.0,0.05,2.0,2.0,1.0,1.25,2.0,2.0,1.0,0,0,0,0,0,3
5101,7.0,2004,1.0,5.0,391.0,422.0,8,1.06,6.17,7.18,16.0,0.76,6.17,8.8,16.0,0.35,6.17,8.4,16.0,0,0,0,0,0,3
5102,17.0,2010,9.0,6.0,138.0,298.0,5,0.7,6.25,6.85,91.0,0.09,6.25,7.5,91.0,0.7,6.25,6.85,91.0,1,0,1,0,1,3
5103,7.0,2006,9.0,40.0,694.0,896.0,4,0.47,6.9,8.6,109.0,0.21,7.25,7.55,109.0,0.22,6.0,5.4,9.0,1,0,0,0,1,3
5104,7.0,2002,1.0,78.0,997.0,1232.0,2,0.06,4.5,6.3,0.0,0.06,4.5,6.3,0.0,0.58,4.5,6.3,0.0,1,0,0,0,0,3
5105,17.0,2010,1.0,8.0,68.0,77.0,7,0.53,7.41,7.18,2.0,0.74,7.67,7.08,5.0,2.38,7.93,7.2,21.0,1,1,1,1,0,3
5106,8.0,1994,1.0,197.0,1073.0,1701.0,1,0.39,6.060073064770927,6.419377962085287,50.71839204668252,0.39,6.1445201421800935,6.542274881516566,48.91938621136806,0.38,6.189670221169031,6.580169826224309,49.949751458828615,0,0,0,0,0,3
5107,24.0,1995,7.0,9.0,1074.0,1737.0,1,0.42,8.0,8.0,6.0,0.42,8.0,8.0,6.0,0.42,8.0,8.0,6.0,1,0,0,0,1,3
5108,1.0,2011,1.0,8.0,31.0,454.0,3,0.63,7.17,7.25,4.5,0.9,7.17,7.05,5.0,0.9,7.17,7.05,5.0,0,0,0,0,1,3
5109,15.0,2011,7.0,7.0,117.0,460.0,12,1.62,8.03,7.22,275.0,1.62,8.03,7.22,275.0,1.62,8.03,7.22,275.0,0,0,0,1,0,3
5110,7.0,2007,9.0,5.0,83.0,1451.0,10,0.45,8.37,5.8,75.0,0.29,8.37,8.13,75.0,0.29,8.37,8.13,75.0,0,0,0,1,0,3
5111,13.0,1998,11.0,4.0,454.0,1738.0,1,0.66,9.3,9.3,3.0,0.5,9.3,9.3,3.0,0.5,9.3,9.3,3.0,0,0,0,1,0,3
5112,5.0,2011,4.0,17.0,97.0,1662.0,6,0.56,7.85,8.5,54.0,1.16,7.97,8.32,410.5,0.16,5.7,6.15,3.0,0,0,0,1,0,3
5113,17.0,2007,3.0,29.0,760.0,1148.0,9,0.48,4.0,6.95,1.0,0.63,6.27,6.47,21.5,0.63,6.27,6.47,21.5,0,0,0,0,0,3
5114,1.0,2009,1.0,158.0,1075.0,1739.0,12,0.2,4.1,5.4,45.496519612454144,0.29,4.1,5.4,44.671996989935096,0.29,4.1,5.4,45.642884018436646,0,0,0,0,0,3
5115,12.0,2000,4.0,122.0,1076.0,1740.0,1,0.09,5.0,5.0,49.17336199229173,0.09,5.0,5.0,47.802772013044766,0.09,5.0,5.0,49.20360213459828,0,0,0,0,0,3
5116,12.0,1999,7.0,31.0,1077.0,372.0,11,0.11,4.3,6.4,4.0,0.24,5.0,5.5,4.0,0.05,8.5,7.7,39.0,1,0,0,0,0,3
5117,12.0,2000,9.0,29.0,1078.0,322.0,4,0.11,6.124360115561801,6.489328492230852,45.79874025194961,0.11,6.206355899117686,6.586363707347591,44.87243979775474,0.11,6.239512766455858,6.626347310064821,46.22461222041306,0,0,0,0,0,3
5118,16.0,1981,9.0,48.0,1079.0,1741.0,1,1.27,7.0,7.0,1.0,1.27,7.0,7.0,1.0,1.27,7.0,7.0,1.0,0,0,0,0,0,3
5119,19.0,2004,4.0,1.0,1080.0,1679.0,5,0.26,7.15,7.8,26.0,0.26,7.15,7.8,26.0,0.39,7.15,7.8,26.0,1,0,0,0,0,3
5120,17.0,2012,9.0,8.0,31.0,31.0,9,0.65,8.2,7.43,43.0,0.65,8.2,7.43,43.0,0.72,9.0,5.0,136.0,1,1,0,0,1,3
5121,6.0,2009,12.0,8.0,31.0,1742.0,1,0.64,5.5,7.0,37.5,0.59,6.33,7.7,37.5,0.59,6.33,7.7,37.5,0,0,0,0,0,3
5122,17.0,2007,9.0,8.0,137.0,135.0,6,0.49,5.95,5.45,9.0,0.31,6.0,7.0,21.0,0.85,5.05,4.95,9.0,0,0,1,0,0,3
5123,15.0,2008,12.0,9.0,34.0,730.0,2,0.01,8.45,8.45,10.0,0.04,8.45,8.45,10.0,0.03,8.45,8.45,10.0,0,0,1,0,0,3
5124,19.0,2002,9.0,1.0,40.0,37.0,3,0.14,6.77,7.23,15.0,1.36,6.77,7.23,15.0,2.94,5.47,6.55,3.5,1,0,1,0,0,3
5125,4.0,2007,5.0,26.0,1081.0,1743.0,1,0.66,7.5,7.5,2.0,0.66,7.5,7.5,2.0,0.11,7.5,7.5,2.0,0,0,0,0,0,3
5126,9.0,2003,1.0,182.0,1082.0,1744.0,1,0.0,0.0,0.0,0.0,0.0,0.0,0.0,0.0,0.0,0.0,0.0,0.0,0,0,0,0,0,3
5127,6.0,2009,2.0,13.0,480.0,698.0,5,3.51,7.77,7.03,645.5,0.3,5.05,6.2,13.0,1.14,7.0,6.4,45.0,1,0,0,0,0,3
5128,5.0,2009,7.0,20.0,480.0,1745.0,3,0.49,7.36,7.28,117.0,0.47,7.0,6.4,45.0,0.47,7.0,6.4,45.0,0,0,0,0,0,3
5129,9.0,2003,11.0,17.0,1083.0,1746.0,1,0.56,5.6,6.05,4.0,0.56,5.6,6.05,4.0,0.56,5.6,6.05,4.0,0,0,0,0,0,3
5130,11.0,2015,9.0,7.0,313.0,412.0,1,1.72,6.0,6.7,31.0,1.55,8.8,7.9,438.0,1.55,8.8,7.9,438.0,0,0,0,1,0,3
5131,17.0,2006,4.0,5.0,82.0,257.0,10,0.41,6.77,6.77,20.0,0.27,4.9,6.77,20.0,0.41,6.77,6.77,20.0,0,0,1,0,1,3
5132,17.0,2005,1.0,8.0,68.0,463.0,3,1.32,7.2,7.65,53.0,0.48,7.8,6.8,1.0,0.48,7.8,6.8,1.0,0,0,1,0,0,3
5133,8.0,1994,12.0,58.0,643.0,939.0,1,0.16,6.060073064770927,6.419377962085287,50.71839204668252,0.33,6.1445201421800935,6.542274881516566,48.91938621136806,0.33,6.189670221169031,6.580169826224309,49.949751458828615,1,0,0,0,0,3
5134,7.0,2006,1.0,8.0,45.0,31.0,3,1.09,5.75,7.3,10.0,0.08,5.65,6.7,11.0,0.06,7.0,6.5,14.0,1,1,1,0,0,3
5135,12.0,1999,1.0,15.0,791.0,1747.0,1,0.42,8.0,8.0,28.0,0.1,8.0,8.0,28.0,0.02,8.0,8.0,28.0,0,0,0,0,0,3
5136,10.0,2014,6.0,17.0,150.0,1748.0,9,0.11,5.75,6.9,37.5,0.11,5.8,3.5,37.5,0.11,5.8,3.5,37.5,0,0,0,1,0,3
5137,4.0,2005,8.0,1.0,1084.0,1749.0,10,0.54,8.5,9.0,46.396146867328426,0.54,8.5,9.0,45.01510299925285,0.54,8.5,9.0,45.991941509232575,0,0,0,1,0,3
5138,8.0,1994,4.0,72.0,400.0,1243.0,1,0.0,0.0,0.0,0.0,0.0,0.0,0.0,0.0,0.0,0.0,0.0,0.0,0,0,0,0,0,3
5139,7.0,2006,4.0,26.0,311.0,406.0,8,0.23,6.1,8.15,3.0,1.74,8.3,7.75,1.0,0.58,5.0,6.7,30.0,1,0,0,0,0,3
5140,1.0,2008,8.0,105.0,573.0,841.0,10,0.26,5.0,4.7,0.0,0.15,5.0,4.7,0.0,0.93,4.55,4.7,0.0,0,0,0,0,0,3
5141,15.0,2014,12.0,3.0,328.0,429.0,10,0.75,6.97,6.7,40.5,0.64,8.5,8.23,124.5,0.46,7.0,7.4,26.0,0,0,0,0,0,3
5142,15.0,2011,9.0,8.0,218.0,43.0,11,2.04,6.13,6.13,194.0,2.04,6.13,6.13,194.0,2.04,6.13,6.13,194.0,1,1,0,1,0,3
5143,22.0,1998,10.0,9.0,766.0,386.0,1,2.42,5.0,7.0,163.0,0.3,5.0,7.7,29.0,1.07,6.0,7.7,29.0,1,0,1,0,1,3
5144,6.0,2011,9.0,5.0,89.0,624.0,6,0.24,4.2,5.4,1.0,0.21,2.0,6.0,1.0,0.21,2.0,6.0,1.0,0,0,0,0,0,3
5145,3.0,1997,12.0,51.0,1085.0,1750.0,1,0.08,6.042070079121586,6.394020668496688,49.29562687356727,0.08,6.127673179396085,6.510931697077347,47.72615059072474,0.08,6.172315517519764,6.551114161149683,49.20948686298713,0,0,0,0,0,3
5146,11.0,2013,2.0,5.0,82.0,280.0,10,1.07,7.43,6.15,31.5,1.07,7.43,6.15,31.5,1.07,7.43,6.15,31.5,1,0,1,0,0,3
5147,23.0,2012,9.0,20.0,123.0,431.0,6,0.67,6.57,7.02,87.5,0.4,4.0,5.5,2.0,0.4,4.0,5.5,2.0,0,0,0,0,0,3
5148,11.0,2015,6.0,185.0,71.0,260.0,10,0.43,7.47,6.42,4.0,0.07,7.47,6.1,4.0,0.05,7.47,6.1,4.0,1,0,0,1,0,3
5149,15.0,2009,7.0,50.0,95.0,122.0,11,0.0,0.0,0.0,0.0,0.02,8.47,8.4,300.5,0.02,8.47,8.4,300.5,0,0,0,1,0,3
5150,7.0,2007,8.0,8.0,122.0,636.0,10,0.39,6.67,6.5,1.5,0.47,7.03,7.05,7.5,0.47,7.03,7.05,7.5,0,0,1,1,0,3
5151,17.0,2006,1.0,8.0,27.0,378.0,7,0.73,7.9,7.0,46.243225858325964,0.73,7.9,7.0,45.80172067218783,0.73,7.9,7.0,46.99489426710622,1,0,1,1,0,3
5152,1.0,2008,9.0,33.0,60.0,1099.0,5,0.25,5.63,6.7,4.5,2.38,7.0,7.05,63.0,0.18,5.25,6.5,4.0,0,0,1,0,0,3
5153,14.0,2002,1.0,8.0,45.0,247.0,10,0.82,7.25,7.35,26.0,0.52,7.05,7.1,3.0,0.4,6.8,7.1,3.0,1,0,1,0,1,3
5154,4.0,2009,3.0,5.0,415.0,582.0,10,0.46,3.0,8.8,2.0,0.03,3.0,5.5,2.0,0.48,3.0,5.6,2.0,0,0,0,0,0,3
5155,4.0,2007,1.0,11.0,1086.0,1751.0,2,0.03,6.6,6.6,47.86400791034937,0.22,6.6,6.6,46.669215557020436,0.22,6.6,6.6,47.940870138431116,0,0,0,0,0,3
5156,19.0,2004,7.0,8.0,46.0,1133.0,11,0.43,6.9,7.17,35.0,0.64,4.5,5.35,13.0,0.64,4.5,5.35,13.0,0,0,1,0,0,3
5157,8.0,1994,1.0,205.0,1087.0,1752.0,1,0.0,0.0,0.0,0.0,0.0,0.0,0.0,0.0,0.0,0.0,0.0,0.0,0,0,0,0,0,3
5158,7.0,2008,10.0,26.0,148.0,188.0,12,0.54,6.6,6.98,172.0,0.86,5.87,6.45,160.5,0.49,5.9,6.7,120.0,0,0,0,0,0,3
5159,24.0,1996,11.0,206.0,1088.0,1753.0,1,0.0,0.0,0.0,0.0,0.0,0.0,0.0,0.0,0.0,0.0,0.0,0.0,0,0,0,0,0,3
5160,5.0,2010,9.0,6.0,19.0,858.0,9,0.51,7.7,7.83,53.5,0.12,7.7,7.83,53.5,0.02,6.66,6.55,17.5,1,0,1,0,0,3
5161,7.0,2001,1.0,15.0,791.0,243.0,11,1.28,8.63,9.03,199.0,0.21,8.63,9.03,199.0,0.09,5.57,7.15,3.0,0,0,0,0,0,3
5162,4.0,2011,5.0,54.0,474.0,1754.0,11,0.54,6.57,6.17,45.5,0.02,6.57,6.17,45.5,0.08,8.2,7.75,3.0,0,1,0,0,0,3
5163,11.0,2016,9.0,13.0,51.0,67.0,1,0.09,5.25,6.98,50.0,0.1,6.0,7.33,36.0,0.1,6.0,7.33,36.0,1,1,1,0,0,3
5164,8.0,1994,10.0,197.0,867.0,1684.0,1,0.39,6.060073064770927,6.419377962085287,50.71839204668252,0.39,6.1445201421800935,6.542274881516566,48.91938621136806,0.39,6.189670221169031,6.580169826224309,49.949751458828615,0,0,0,0,0,3
5165,8.0,1993,10.0,26.0,1089.0,1755.0,1,0.69,6.031933001358078,6.3974558623811495,47.68694362017804,0.69,6.124495246717962,6.522283838841079,46.41444114737883,0.69,6.171109099139873,6.561172476233574,49.107195845697326,0,0,0,1,0,3
5166,7.0,2002,11.0,122.0,636.0,925.0,1,0.17,6.050969223702346,6.468989435002288,43.711032388663966,0.17,6.146789159393657,6.595062011943035,37.134362348178136,0.81,6.180679834634819,6.631194304088199,42.425607287449395,0,0,0,0,0,3
5167,7.0,2003,1.0,78.0,997.0,1756.0,2,0.05,3.7,5.9,45.71270364268717,0.37,8.4,7.8,44.72560863994143,0.37,8.4,7.8,45.997345780706574,1,0,0,0,0,3
5168,7.0,2005,9.0,24.0,131.0,1757.0,4,0.04,4.7,5.0,7.0,0.16,5.6,5.0,7.0,0.16,5.6,5.0,7.0,0,0,0,0,1,3
5169,7.0,2005,7.0,40.0,330.0,1758.0,3,0.4,5.7,5.95,6.0,0.05,5.05,7.3,84.0,0.05,5.05,7.3,84.0,0,0,0,0,0,3
5170,4.0,2010,10.0,26.0,672.0,1207.0,1,0.42,5.0,7.5,2.0,0.28,5.0,6.8,25.0,0.19,6.7,7.25,1.0,0,0,0,0,0,3
5171,17.0,2006,4.0,17.0,111.0,928.0,4,0.11,7.25,8.3,3.0,0.61,7.25,8.05,158.0,0.81,7.55,8.7,110.0,1,0,0,0,0,3
5172,17.0,2008,1.0,8.0,394.0,454.0,8,0.38,4.95,6.05,13.0,0.06,7.2,6.87,1.5,0.65,7.13,7.68,4.0,0,0,0,0,1,3
5173,5.0,2013,9.0,42.0,715.0,1077.0,5,0.08,6.03,6.05,86.0,0.24,7.7,7.75,377.0,0.24,7.7,7.75,377.0,0,0,0,1,0,3
5174,5.0,2013,1.0,8.0,68.0,1689.0,3,0.2,6.93,6.57,171.0,0.01,8.15,6.53,16.0,0.01,8.15,6.53,16.0,0,0,1,0,1,3
5175,17.0,2008,2.0,4.0,334.0,1671.0,11,1.36,5.8,8.08,3.0,0.11,7.55,7.9,16.0,0.39,7.65,8.25,75.0,0,0,0,1,0,3
5176,7.0,2001,8.0,49.0,538.0,770.0,9,0.13,6.2,8.7,48.00314164731594,0.14,6.2,8.7,46.66698538451031,0.07,6.2,8.7,47.85002048900424,1,0,0,0,0,3
5177,7.0,2005,9.0,29.0,228.0,1640.0,11,0.4,7.2,7.57,12.0,0.54,5.7,7.4,1.0,0.54,5.7,7.4,1.0,0,0,0,0,0,3
5178,5.0,2010,9.0,5.0,229.0,1502.0,9,0.45,6.7,7.35,31.0,0.22,5.95,6.5,16.0,0.22,5.95,6.5,16.0,0,0,0,1,0,3
5179,5.0,2009,10.0,152.0,676.0,1240.0,4,0.1,5.0,5.97,4.0,0.01,6.35,6.15,15.0,0.02,7.0,7.3,84.0,1,0,0,0,0,3
5180,13.0,1997,8.0,5.0,321.0,1759.0,1,0.1,9.0,9.0,1.0,0.29,9.0,9.0,1.0,0.29,9.0,9.0,1.0,0,0,0,0,0,3
5181,6.0,2013,7.0,59.0,1090.0,1760.0,2,0.02,6.43,6.92,13.5,0.11,6.43,6.92,13.5,0.19,6.43,6.92,13.5,1,0,0,0,0,3
5182,9.0,2002,9.0,1.0,1091.0,1275.0,4,0.37,7.4,8.4,1.0,0.37,7.4,8.4,1.0,0.56,7.4,5.0,1.0,0,0,0,0,0,3
5183,7.0,2001,4.0,4.0,1092.0,1761.0,10,0.14,5.3,5.3,46.801602564102566,0.14,5.3,5.3,44.4875,0.14,5.3,5.3,47.54919871794872,0,0,0,0,0,3
5184,1.0,2009,6.0,6.0,625.0,1762.0,10,0.08,5.0,4.8,4.0,0.24,5.0,6.5,4.0,0.24,5.0,6.5,4.0,0,0,0,0,0,3
5185,13.0,1997,9.0,26.0,683.0,701.0,1,1.45,6.0,6.0,1.0,1.45,6.0,6.0,1.0,0.28,6.0,6.0,1.0,0,0,0,0,0,3
5186,5.0,2011,12.0,207.0,1093.0,1763.0,9,0.11,5.35,5.62,8.0,0.11,5.35,5.62,8.0,0.05,7.3,7.7,56.0,0,0,0,0,0,3
5187,4.0,2008,3.0,20.0,1016.0,1621.0,1,0.08,2.83,4.3,6.0,0.22,4.77,6.7,30.0,0.22,4.77,6.7,30.0,0,0,0,0,0,3
5188,1.0,2009,1.0,3.0,1094.0,1568.0,9,0.1,6.7,8.0,1.0,0.12,6.7,7.5,1.0,0.13,6.75,6.4,1.5,1,0,0,0,0,3
5189,20.0,2012,9.0,6.0,138.0,55.0,10,0.44,7.23,7.0,12.0,0.2,3.0,5.3,3.0,5.3,8.47,7.4,800.5,1,1,1,1,1,3
5190,8.0,1997,2.0,1.0,65.0,81.0,7,2.85,7.25,7.28,47.5,1.44,8.25,8.4,25.0,1.44,8.25,8.4,25.0,1,0,0,0,0,3
5191,13.0,1997,1.0,208.0,1095.0,1764.0,1,0.0,0.0,0.0,0.0,0.0,0.0,0.0,0.0,0.0,0.0,0.0,0.0,0,0,0,0,0,3
5192,7.0,2000,1.0,4.0,101.0,388.0,11,3.39,6.4,7.35,29.0,3.39,6.4,7.35,29.0,1.8,6.4,7.35,29.0,1,0,0,0,0,3
5193,14.0,2005,9.0,3.0,102.0,126.0,9,1.95,9.15,8.65,333.0,0.88,7.3,8.2,15.0,0.23,7.2,8.02,15.0,1,0,1,0,1,3
5194,2.0,1993,9.0,87.0,226.0,787.0,1,0.28,6.031933001358078,6.3974558623811495,47.68694362017804,0.28,6.124495246717962,6.522283838841079,46.41444114737883,0.28,6.171109099139873,6.561172476233574,49.107195845697326,0,0,0,0,0,3
5195,12.0,1997,9.0,15.0,813.0,1416.0,4,0.02,7.0,7.0,1.0,0.02,7.0,7.0,1.0,0.31,9.0,9.0,1.0,1,0,1,0,1,3
5196,12.0,1997,5.0,1.0,1096.0,4.0,1,1.0,7.5,7.9,4.5,1.0,7.5,7.9,4.5,0.98,7.0,8.0,2.0,1,1,0,0,1,3
5197,12.0,2000,9.0,29.0,91.0,1041.0,1,3.52,4.3,4.3,4.0,0.14,4.3,4.3,4.0,0.14,4.3,4.3,4.0,0,0,0,0,0,3
5198,23.0,2013,10.0,107.0,646.0,1765.0,1,0.14,6.8,6.8,16.0,0.18,6.9,6.9,2.0,0.16,7.5,7.5,2.0,1,0,0,1,0,3
5199,1.0,2008,1.0,209.0,1075.0,1766.0,11,0.02,4.1,5.4,48.44426425401161,0.29,4.1,5.4,46.782946398088086,0.29,4.1,5.4,48.1357972004097,0,0,0,0,0,3
5200,13.0,2001,3.0,5.0,575.0,1767.0,5,0.15,7.6,6.65,1.0,0.93,6.6,6.65,1.0,0.93,6.6,6.65,1.0,0,0,0,0,0,3
5201,6.0,2009,6.0,5.0,229.0,1191.0,6,0.39,5.4,8.0,1.0,0.61,6.2,6.85,16.0,0.61,6.2,6.85,16.0,1,0,0,0,0,3
5202,9.0,2001,1.0,5.0,669.0,1021.0,11,0.82,9.1,8.2,2.0,0.23,6.1,6.65,2.0,0.73,6.63,7.8,18.0,0,0,0,0,0,3
5203,1.0,2008,1.0,7.0,1097.0,854.0,11,4.01,8.17,7.92,363.5,4.01,8.17,7.92,363.5,0.91,3.15,4.25,2.0,0,0,0,0,0,3
5204,14.0,2004,8.0,2.0,483.0,702.0,12,0.06,7.2,7.75,5.0,1.13,8.35,7.85,6.0,1.13,8.35,7.85,6.0,0,0,0,0,0,3
5205,15.0,2014,9.0,20.0,162.0,169.0,9,2.99,7.7,7.6,121.0,2.99,7.7,7.6,121.0,2.99,7.7,7.6,121.0,0,0,0,0,0,3
5206,9.0,2002,8.0,210.0,117.0,144.0,1,0.3,7.6,7.6,37.0,0.41,7.6,7.6,37.0,0.47,6.8,6.8,22.0,0,0,0,0,0,3
5207,8.0,1994,4.0,154.0,51.0,793.0,4,0.56,7.5,7.9,14.0,1.16,8.0,8.55,72.5,1.16,8.0,8.55,72.5,1,0,1,0,0,3
5208,20.0,2013,7.0,5.0,11.0,16.0,11,2.86,7.1,4.85,169.0,1.53,7.63,4.98,789.0,2.86,7.1,4.85,169.0,1,0,1,1,1,3
5209,13.0,1999,3.0,135.0,448.0,488.0,1,0.0,0.0,0.0,0.0,0.07,0.0,0.0,0.0,0.07,0.0,0.0,0.0,0,0,0,0,0,3
5210,1.0,2011,1.0,3.0,102.0,126.0,10,2.62,8.67,8.23,87.5,2.62,8.67,8.23,87.5,2.62,8.67,8.23,87.5,1,0,1,0,1,3
5211,1.0,2009,10.0,6.0,13.0,110.0,9,0.63,8.65,6.2,248.0,13.04,8.65,8.45,248.0,0.12,3.7,4.3,248.0,0,0,0,0,0,3
5212,5.0,2011,6.0,2.0,226.0,455.0,10,2.36,5.3,6.4,1.0,0.1,6.6,4.25,2.0,1.64,7.13,6.38,40.5,0,0,0,1,0,3
5213,14.0,2003,1.0,9.0,102.0,575.0,9,0.03,7.2,8.15,157.0,0.32,8.35,7.8,7.0,1.32,8.9,7.83,3.0,0,0,1,0,0,3
5214,4.0,2007,3.0,211.0,1098.0,1198.0,1,0.05,6.099566138746374,6.4607807271916755,47.55820785897907,0.05,6.186688601383021,6.564681017176054,46.14738646101114,0.6,6.2206457729199345,6.6001962971225066,47.53813196229649,0,0,0,0,0,3
5215,7.0,2005,10.0,11.0,385.0,637.0,1,0.27,5.8,6.45,74.0,0.61,6.75,7.2,11.0,0.44,6.75,7.7,3.0,0,0,0,0,0,3
5216,5.0,2015,6.0,6.0,19.0,23.0,10,1.2,6.5,5.47,2.0,1.2,6.5,5.47,2.0,1.2,6.5,5.47,2.0,1,1,1,1,0,3
5217,4.0,2007,12.0,29.0,511.0,755.0,8,0.52,5.75,6.17,11.5,0.02,7.5,7.1,12.0,0.02,7.5,7.1,12.0,1,0,0,0,0,3
5218,7.0,2004,1.0,88.0,321.0,1242.0,6,0.48,6.6,7.0,9.0,0.36,6.6,8.3,4.0,0.36,6.6,8.3,4.0,0,0,0,0,0,3
5219,7.0,2004,1.0,9.0,34.0,1302.0,1,2.62,8.0,8.7,5.5,0.06,4.35,8.7,0.0,0.55,4.35,8.7,0.0,0,0,1,0,0,3
5220,6.0,2010,9.0,13.0,1099.0,1768.0,1,0.55,7.75,8.1,47.0,0.55,7.75,8.1,47.0,0.55,7.75,8.1,47.0,0,0,0,0,0,3
5221,6.0,2012,7.0,5.0,287.0,151.0,1,0.75,5.0,6.7,19.0,1.86,7.0,6.6,75.0,0.14,5.83,6.28,27.5,0,0,0,0,0,3
5222,17.0,2012,12.0,26.0,744.0,939.0,1,0.63,8.0,8.0,1.0,0.63,8.0,8.0,1.0,0.12,8.7,8.7,3.0,0,0,0,0,0,3
5223,1.0,2011,10.0,29.0,145.0,161.0,11,0.41,7.53,6.87,93.0,1.27,7.53,6.87,93.0,1.27,7.53,6.87,93.0,0,0,1,1,0,3
5224,7.0,2003,2.0,3.0,448.0,1769.0,1,2.49,9.0,8.6,17.0,0.14,7.9,7.6,17.0,0.14,7.9,7.6,17.0,0,0,0,0,0,3
5225,7.0,2003,4.0,4.0,1100.0,717.0,6,0.18,6.6,7.65,15.0,0.06,6.7,8.6,15.0,1.05,6.7,7.2,5.0,1,0,0,0,0,3
5226,13.0,2000,8.0,15.0,103.0,297.0,1,0.66,7.5,7.5,2.0,0.04,7.5,7.5,2.0,1.35,7.5,7.5,2.0,1,0,0,0,0,3
5227,6.0,2008,11.0,9.0,34.0,707.0,1,0.49,5.95,8.5,6.0,0.42,5.95,7.2,21.0,0.8,7.25,8.15,64.0,0,0,1,0,0,3
5228,1.0,2009,6.0,52.0,1101.0,1770.0,1,0.2,6.06531266560678,6.414785373608896,47.58155002891845,0.2,6.151277159512439,6.537713301536816,45.36119144013881,0.2,6.18789083200847,6.572859035506092,49.094852515905146,0,0,0,0,0,3
5229,9.0,2001,12.0,58.0,323.0,939.0,1,0.62,8.5,8.5,2.0,0.38,8.5,8.5,2.0,0.17,8.5,8.5,2.0,1,0,0,0,0,3
5230,1.0,2007,9.0,88.0,1102.0,1771.0,10,0.04,5.7,6.53,1.0,0.01,5.7,6.53,1.0,0.04,5.7,6.53,1.0,0,0,0,0,0,3
5231,15.0,2013,12.0,29.0,822.0,1772.0,6,1.28,7.77,7.77,70.5,0.46,6.33,6.9,100.5,0.18,6.33,8.7,3.0,0,0,0,1,0,3
5232,6.0,2013,7.0,153.0,726.0,1252.0,4,0.01,7.7,7.6,22.0,0.67,7.7,7.6,22.0,0.57,5.33,6.4,54.5,0,0,0,0,0,3
5233,1.0,2011,6.0,127.0,655.0,959.0,1,0.03,6.107652813930537,6.467882595817321,45.77475613360922,0.03,6.194403554438579,6.56657391616556,44.85269484678293,0.78,6.2266573916165795,6.606709451575302,45.76973100798108,0,0,0,0,0,3
5234,13.0,1995,10.0,212.0,1103.0,1773.0,1,0.0,0.0,0.0,0.0,0.0,0.0,0.0,0.0,0.0,0.0,0.0,0.0,0,0,0,0,0,3
5235,16.0,1981,9.0,142.0,1104.0,1774.0,1,0.67,6.112886276873627,6.478469961824459,47.1133296460177,0.67,6.1980540486236935,6.574292746634577,45.50840707964602,0.67,6.23059272654211,6.615235081374369,46.38069690265487,0,0,0,0,0,3
5236,1.0,2010,8.0,15.0,87.0,297.0,11,0.05,4.9,6.9,1.0,0.35,4.9,7.7,1.0,2.23,4.9,7.7,1.0,0,0,1,0,0,3
5237,14.0,2002,9.0,8.0,131.0,135.0,11,0.63,7.9,7.0,14.0,0.78,6.5,7.65,30.0,1.98,7.0,7.2,34.0,0,0,0,0,0,3
5238,5.0,2010,10.0,8.0,68.0,1714.0,10,0.4,6.87,6.9,14.0,0.5,7.0,7.4,6.0,0.38,7.07,6.88,32.0,0,0,1,1,0,3
5239,17.0,2011,4.0,26.0,1105.0,1775.0,1,0.39,6.107652813930537,6.467882595817321,45.77475613360922,0.39,6.194403554438579,6.56657391616556,44.85269484678293,0.39,6.2266573916165795,6.606709451575302,45.76973100798108,0,0,0,0,0,3
5240,13.0,1998,3.0,31.0,1106.0,697.0,1,0.48,8.0,7.8,184.0,0.48,8.0,7.8,184.0,0.71,8.0,7.8,184.0,0,0,0,0,0,3
5241,8.0,1994,2.0,15.0,87.0,1416.0,1,0.06,7.0,7.0,1.0,0.06,7.0,7.0,1.0,0.48,7.3,7.3,9.0,1,0,1,0,0,3
5242,6.0,2008,6.0,8.0,31.0,272.0,10,0.39,6.75,6.92,5.5,0.61,3.0,6.92,0.0,0.6,5.6,6.05,3.0,0,0,0,0,0,3
5243,4.0,2010,2.0,13.0,850.0,500.0,6,0.76,6.77,6.4,104.0,0.22,7.6,8.37,10.0,0.14,8.2,8.0,6.0,1,0,0,0,0,3
5244,7.0,2001,3.0,40.0,283.0,1776.0,9,1.15,5.93,7.0,14.0,1.69,5.93,7.0,14.0,1.69,5.93,7.0,14.0,0,0,0,0,0,3
5245,17.0,2009,9.0,8.0,839.0,1283.0,7,0.65,7.5,7.5,5.5,0.12,7.6,7.45,42.0,0.12,7.6,7.45,42.0,0,0,0,0,0,3
5246,7.0,2009,1.0,3.0,1094.0,1568.0,9,0.05,6.67,8.0,1.0,0.12,6.67,8.0,1.0,0.07,6.67,6.53,4.5,1,0,0,0,0,3
5247,17.0,2009,1.0,9.0,363.0,498.0,12,0.11,4.65,3.0,45.496519612454144,0.01,8.2,3.0,44.671996989935096,0.01,8.2,3.0,45.642884018436646,1,0,0,0,0,3
5248,22.0,1999,1.0,9.0,34.0,1302.0,1,1.18,8.0,9.0,176.0,0.53,8.0,8.4,10.0,0.26,8.0,8.4,10.0,0,0,1,0,0,3
5249,4.0,2008,11.0,3.0,513.0,1777.0,10,0.41,8.5,8.03,12.5,0.06,6.1,8.03,12.5,0.06,6.1,8.03,12.5,0,0,0,0,0,3
5250,13.0,1997,3.0,89.0,776.0,1778.0,1,0.02,7.8,7.8,10.0,0.02,7.8,7.8,10.0,0.02,7.8,7.8,10.0,0,0,0,0,0,3
5251,14.0,2001,2.0,73.0,653.0,370.0,11,0.14,5.6,5.08,2.0,0.14,5.6,5.08,2.0,0.14,5.6,5.08,2.0,0,0,0,0,1,3
5252,4.0,2009,11.0,6.0,1107.0,1779.0,1,0.46,5.0,5.0,5.0,0.46,5.0,5.0,5.0,0.46,5.0,5.0,5.0,0,0,0,0,0,3
5253,17.0,2007,7.0,4.0,1108.0,141.0,1,0.65,6.0,7.0,1.0,0.65,6.0,7.0,1.0,2.04,6.6,8.3,1.0,1,0,0,0,0,3
5254,13.0,1998,9.0,4.0,616.0,1780.0,1,0.54,8.2,8.2,12.0,0.85,8.2,8.2,12.0,0.85,8.2,8.2,12.0,0,0,0,0,0,3
5256,9.0,2005,1.0,11.0,805.0,1226.0,1,1.26,5.9,7.7,50.56199677938808,0.13,7.0,7.3,37.569243156199676,0.49,7.0,7.4,43.750402576489535,0,0,0,0,0,3
5257,18.0,2016,4.0,26.0,227.0,332.0,4,0.93,6.3,6.85,11.0,2.38,8.6,8.7,256.0,0.22,8.6,8.7,256.0,0,0,0,1,0,3
5258,7.0,2005,1.0,88.0,391.0,422.0,1,0.02,4.75,6.3,12.0,0.11,5.9,6.4,12.0,0.18,6.5,4.05,1.0,0,0,0,0,0,3
5259,19.0,2005,11.0,29.0,552.0,1612.0,10,0.41,5.3,7.5,37.5,0.03,6.62,8.37,37.5,0.03,6.62,8.37,37.5,0,0,0,0,0,3
5260,7.0,2006,4.0,15.0,87.0,811.0,3,0.17,6.3,6.95,1.0,0.01,6.3,6.0,1.0,0.2,5.9,7.05,12.0,1,0,1,0,0,3
5261,3.0,1996,5.0,1.0,1109.0,1782.0,1,0.58,10.0,10.0,3.0,0.58,10.0,10.0,3.0,0.58,10.0,10.0,3.0,0,0,0,0,0,3
5262,6.0,2013,9.0,13.0,1068.0,1783.0,6,0.02,8.7,8.7,3.0,0.02,8.7,8.7,3.0,0.02,8.7,8.7,3.0,0,0,0,0,0,3
5263,1.0,2007,12.0,1.0,971.0,1057.0,10,0.64,4.3,6.0,5.0,0.01,7.2,7.45,1.0,0.4,9.0,8.5,96.0,0,0,0,0,0,3
5264,7.0,2004,1.0,64.0,640.0,1784.0,1,1.59,7.6,7.7,16.0,0.08,6.9,7.8,16.0,0.08,6.9,7.8,16.0,0,0,0,0,0,3
5265,1.0,2010,6.0,29.0,1110.0,392.0,3,0.1,5.0,3.0,1.0,0.17,5.2,3.0,1.0,0.07,5.2,6.8,1.0,0,0,0,0,0,3
5266,10.0,2013,9.0,26.0,1111.0,1785.0,1,0.45,6.8,6.8,14.0,0.45,6.8,6.8,14.0,0.45,6.8,6.8,14.0,0,0,0,0,0,3
5267,6.0,2010,1.0,9.0,131.0,1786.0,1,0.36,6.9,7.15,17.0,0.17,5.4,6.2,1.0,0.17,5.4,6.2,1.0,0,0,0,0,0,3
5268,7.0,2003,6.0,69.0,591.0,861.0,1,0.03,6.1012652384897565,6.454888152444128,47.685338686698614,0.03,6.1868883891584945,6.56346904959172,46.47707550835384,0.46,6.225610131376502,6.600911350455717,47.855459137417434,0,0,0,0,0,3
5269,6.0,2009,9.0,22.0,165.0,1734.0,10,0.32,8.7,8.45,572.0,0.76,5.3,4.7,63.5,0.76,5.3,4.7,63.5,0,0,0,0,0,3
5270,5.0,2012,10.0,26.0,185.0,44.0,9,1.2,6.2,7.25,41.0,0.15,4.3,4.9,41.0,0.2,6.2,6.05,3.0,1,0,1,1,1,3
5271,7.0,2003,9.0,6.0,62.0,1787.0,11,0.59,7.55,7.85,1.0,0.15,8.25,8.05,198.0,0.15,8.25,8.05,198.0,0,0,1,0,0,3
5272,9.0,2002,9.0,5.0,98.0,1627.0,9,0.91,5.73,7.7,5.0,0.11,5.0,5.0,5.0,0.41,5.45,5.95,1.0,0,0,0,0,0,3
5273,14.0,2003,1.0,88.0,783.0,422.0,11,0.01,6.83,6.0,0.5,0.21,6.5,7.9,0.5,0.21,6.5,7.9,0.5,0,0,0,0,0,3
5274,5.0,2009,7.0,20.0,480.0,1233.0,5,0.3,5.05,6.2,13.0,0.54,4.3,4.1,13.0,0.02,5.9,6.0,4.0,0,0,0,0,0,3
5275,7.0,2006,1.0,15.0,87.0,1539.0,1,0.02,2.15,7.0,0.0,0.06,4.27,6.33,3.5,0.14,4.27,6.33,3.5,0,0,1,0,0,3
5276,10.0,2014,4.0,1.0,595.0,866.0,3,1.36,6.2,6.3,24.0,0.1,6.2,5.9,7.0,0.9,5.5,6.2,1.0,0,0,0,0,0,3
5277,20.0,2016,7.0,1.0,163.0,119.0,4,0.94,8.8,8.4,563.0,0.09,6.5,7.3,19.0,0.54,6.8,6.55,25.0,1,0,0,0,0,3
5278,8.0,1995,9.0,154.0,51.0,1788.0,1,0.56,7.5,7.9,14.0,0.36,8.5,7.88,17.5,0.36,8.5,7.88,17.5,1,0,1,0,0,3
5279,4.0,2009,9.0,22.0,94.0,1734.0,10,0.37,6.63,7.27,31.0,0.37,6.63,7.27,31.0,0.37,6.63,7.27,31.0,0,0,0,0,0,3
5280,8.0,1993,3.0,1.0,109.0,1789.0,1,0.8,7.0,7.0,3.0,0.8,7.0,7.0,3.0,0.8,7.0,7.0,3.0,0,0,0,0,0,3
5281,7.0,2001,10.0,19.0,961.0,1478.0,6,0.02,7.17,8.05,43.0,0.45,7.6,7.1,4.0,0.39,7.6,7.1,14.0,1,0,0,0,0,3
5282,7.0,2003,3.0,29.0,696.0,161.0,5,0.89,5.1,5.45,4.0,0.13,6.7,5.45,4.0,0.55,6.8,6.1,4.0,0,0,0,0,0,3
5283,13.0,2000,4.0,72.0,634.0,1790.0,12,0.15,6.0,7.5,10.0,0.15,6.0,7.5,10.0,0.15,6.0,7.5,10.0,1,0,0,0,0,3
5284,9.0,2003,9.0,29.0,426.0,184.0,11,0.45,6.4,7.45,8.0,1.29,4.9,6.8,8.0,2.19,8.95,8.8,161.0,0,0,0,0,0,3
5285,4.0,2011,10.0,26.0,672.0,1207.0,1,0.38,5.0,8.0,1.0,0.29,5.0,7.2,20.0,0.08,5.0,7.2,20.0,0,0,0,0,0,3
5286,6.0,2011,10.0,26.0,1112.0,37.0,1,0.36,4.7,6.9,19.0,0.03,4.7,6.9,19.0,0.02,4.7,8.4,19.0,1,0,0,0,0,3
5287,1.0,2010,6.0,15.0,204.0,1791.0,11,0.85,6.0,4.5,2.0,2.08,6.0,6.7,39.0,2.08,6.0,6.7,39.0,0,0,0,1,0,3
5288,4.0,2008,8.0,8.0,31.0,137.0,9,0.5,7.93,7.87,16.0,0.09,7.5,7.7,16.0,1.68,6.27,6.55,56.5,1,0,0,1,0,3
5289,1.0,2009,11.0,33.0,399.0,241.0,4,0.24,6.83,6.87,81.5,0.91,6.83,6.87,81.5,0.16,6.83,3.0,1.0,0,0,0,0,0,3
5290,1.0,2013,12.0,5.0,394.0,184.0,11,0.73,6.77,3.45,549.5,0.48,6.83,5.08,108.0,0.03,5.45,5.4,68.0,1,0,0,0,1,3
5291,4.0,2007,2.0,13.0,1113.0,1792.0,10,2.58,6.1,7.65,8.0,0.3,7.3,7.85,14.0,0.3,7.3,7.85,14.0,1,0,0,0,0,3
5292,12.0,2000,1.0,15.0,87.0,1793.0,1,0.41,7.0,8.6,18.0,0.11,7.0,8.6,18.0,0.11,7.0,8.6,18.0,0,0,1,0,0,3
5293,6.0,2013,7.0,90.0,473.0,679.0,3,0.8,4.93,5.7,60.0,0.8,4.93,5.7,60.0,0.16,5.0,5.35,76.0,1,0,0,0,0,3
5294,6.0,2010,1.0,6.0,70.0,1794.0,9,0.42,6.0,6.55,20.5,0.02,6.73,6.7,55.5,0.26,4.55,8.3,55.5,0,0,0,0,0,3
5295,1.0,2011,9.0,8.0,387.0,135.0,7,0.99,8.2,6.6,3.0,0.1,3.35,5.45,3.0,0.42,3.4,4.9,3.0,0,0,1,0,0,3
5296,5.0,2010,12.0,17.0,1114.0,1795.0,3,1.62,7.53,7.7,358.0,0.09,7.37,7.42,18.5,0.05,8.37,8.02,75.5,0,0,0,1,0,3
5297,7.0,2003,9.0,13.0,360.0,67.0,6,1.97,6.93,6.23,106.5,0.65,5.65,7.35,38.0,0.06,5.9,8.7,38.0,1,1,0,0,0,3
5298,19.0,2006,3.0,8.0,45.0,43.0,10,0.47,6.9,6.95,44.0,0.5,7.53,8.05,8.0,0.14,6.67,7.3,56.5,1,1,1,1,0,3
5299,9.0,2003,9.0,29.0,262.0,1382.0,9,0.56,6.8,7.2,1.0,0.42,6.8,7.2,1.0,0.42,6.8,7.2,1.0,0,0,0,0,0,3
5300,4.0,2005,9.0,29.0,1115.0,392.0,11,0.4,5.0,4.0,3.0,0.4,5.0,4.0,3.0,0.32,5.0,4.0,3.0,0,0,0,0,0,3
5301,7.0,2004,2.0,29.0,120.0,1094.0,9,0.4,4.9,7.3,1.0,0.14,6.6,6.65,1.0,0.43,6.6,6.65,1.0,0,0,0,0,0,3
5302,13.0,2000,9.0,29.0,91.0,1041.0,1,0.57,6.0,6.0,1.0,0.14,6.0,6.0,1.0,0.36,6.0,6.0,1.0,0,0,0,0,0,3
5303,14.0,2003,6.0,2.0,1116.0,1796.0,10,0.87,8.4,8.25,18.0,0.87,8.4,8.25,18.0,0.87,8.4,8.25,18.0,1,0,0,1,0,3
5304,5.0,2011,10.0,29.0,120.0,1594.0,4,0.41,5.9,7.7,4.0,0.05,7.35,7.75,4.0,0.05,7.35,7.75,4.0,0,0,0,1,0,3
5305,6.0,2010,7.0,4.0,1117.0,1797.0,10,0.21,3.3,5.3,2.0,0.23,6.2,5.3,2.0,0.23,6.2,5.3,2.0,0,0,0,1,0,3
5306,7.0,2007,1.0,3.0,102.0,1798.0,11,0.6,7.9,6.65,12.0,0.6,7.9,6.65,12.0,0.6,7.9,6.65,12.0,0,0,1,0,0,3
5307,7.0,2009,6.0,5.0,73.0,84.0,5,0.81,7.13,8.12,52.5,0.81,7.13,8.12,52.5,0.81,7.13,8.12,52.5,1,0,1,0,0,3
5308,7.0,2002,10.0,102.0,676.0,1799.0,2,0.28,7.0,7.5,32.0,0.07,7.0,7.5,32.0,0.14,6.0,6.7,7.0,1,0,0,0,0,3
5309,5.0,2008,3.0,13.0,1040.0,1686.0,10,0.32,7.3,8.15,29.0,0.01,7.3,6.8,5.0,0.1,5.6,8.0,0.0,0,0,0,0,1,3
5310,17.0,2010,12.0,15.0,87.0,277.0,10,1.12,8.5,7.68,357.5,0.23,7.6,6.55,47.5,0.44,7.0,8.4,3.0,0,0,1,1,0,3
5311,6.0,2008,7.0,5.0,401.0,1496.0,9,0.45,7.13,6.7,16.0,0.17,4.1,5.0,1.0,0.02,7.63,7.65,48.0,0,0,0,1,0,3
5312,7.0,2005,7.0,6.0,304.0,266.0,9,0.57,7.5,6.25,23.0,0.39,8.4,7.0,1.0,1.13,7.2,7.4,7.0,1,0,0,0,0,3
5313,13.0,2001,4.0,26.0,424.0,1800.0,1,1.24,6.9,6.85,13.0,0.58,4.2,7.9,13.0,0.58,4.2,7.9,13.0,0,0,0,0,0,3
5314,7.0,2008,2.0,213.0,1118.0,1801.0,12,0.06,3.95,3.3,3.0,0.18,3.4,7.0,3.0,0.18,3.4,7.0,3.0,0,0,0,0,0,3
5315,7.0,2002,1.0,31.0,401.0,1802.0,7,0.05,4.4,8.5,46.050303078013066,0.28,7.8,8.5,45.954538298039836,0.28,7.8,8.5,47.137605290088956,0,0,0,0,0,3
5316,7.0,2003,6.0,15.0,71.0,1520.0,10,0.15,7.65,7.5,16.0,0.19,8.3,8.05,2.0,0.19,8.3,8.05,2.0,1,0,0,1,0,3
5317,19.0,2004,1.0,8.0,68.0,463.0,1,0.44,4.0,5.9,13.0,1.08,8.8,8.6,13.0,0.66,6.55,8.8,0.0,0,0,1,0,0,3
5318,4.0,2008,6.0,129.0,1119.0,531.0,11,0.06,4.95,6.0,2.0,0.06,4.95,6.0,2.0,1.44,4.95,6.0,2.0,0,0,0,0,0,3
5319,7.0,2003,7.0,24.0,91.0,1803.0,12,0.1,8.3,8.5,45.86576885837514,0.06,6.1,7.4,45.062538508934075,0.06,6.1,7.4,46.35604260188364,0,0,0,0,0,3
5320,11.0,2015,8.0,103.0,450.0,630.0,1,0.46,8.0,8.0,4.0,0.46,8.0,8.0,4.0,0.46,8.0,8.0,4.0,1,0,0,0,0,3
5321,7.0,2000,1.0,15.0,87.0,1539.0,1,0.36,6.080184531886015,6.4249240162822545,49.17336199229173,2.18,6.164715061058349,6.539900949796512,47.802772013044766,0.07,6.208497964721839,6.582871099050231,49.20360213459828,0,0,1,0,0,3
5322,13.0,1998,3.0,43.0,297.0,1804.0,1,1.17,6.0,6.0,2.0,1.73,6.0,6.0,2.0,0.32,6.0,7.3,3.0,0,0,0,0,0,3
5323,7.0,2000,4.0,6.0,227.0,1805.0,10,0.39,6.9,7.75,29.0,0.18,7.8,7.4,29.0,0.18,7.8,7.4,29.0,0,0,0,0,0,3
5324,5.0,2007,9.0,8.0,333.0,353.0,3,0.46,7.7,7.6,60.0,0.52,7.58,8.18,22.5,0.09,7.45,8.15,35.0,0,0,1,0,0,3
5325,13.0,1999,4.0,157.0,13.0,1286.0,12,0.08,7.8,8.15,37.0,0.55,7.8,8.15,37.0,0.12,6.0,7.7,15.0,1,0,0,0,0,3
5326,24.0,1996,10.0,13.0,51.0,57.0,1,0.16,7.5,7.5,2.0,1.04,7.0,7.0,7.0,0.17,3.3,3.3,3.0,1,0,1,0,0,3
5327,7.0,2002,2.0,29.0,249.0,153.0,11,0.51,6.2,7.0,1.0,0.5,6.4,4.7,4.0,3.52,6.4,4.3,4.0,0,0,0,0,0,3
5328,4.0,2010,11.0,33.0,288.0,1806.0,9,0.17,7.2,7.6,49.51921757035004,0.52,7.0,7.6,47.858499199267904,0.52,7.0,7.6,49.493479752916954,0,0,0,0,0,3
5329,17.0,2006,1.0,4.0,571.0,836.0,2,0.94,8.3,8.6,33.97331786542924,0.94,8.3,8.6,24.481438515081205,0.24,8.0,7.9,29.665893271461716,0,0,0,0,0,3
5330,6.0,2012,3.0,36.0,130.0,159.0,11,0.5,8.13,7.4,57.5,0.5,8.13,7.4,57.5,0.5,8.13,7.4,57.5,0,0,0,0,0,3
5331,19.0,2006,2.0,5.0,186.0,1319.0,5,0.54,5.8,8.5,1.0,0.02,5.8,2.0,1.0,0.54,5.8,8.5,1.0,0,0,0,0,0,3
5332,17.0,2011,10.0,26.0,106.0,637.0,10,0.54,5.33,5.37,151.5,0.5,4.9,6.25,13.0,0.79,7.63,8.27,410.5,0,0,0,0,0,3
5333,11.0,2015,6.0,6.0,19.0,23.0,10,0.58,6.9,6.58,2.0,0.58,6.9,6.58,2.0,0.58,6.9,6.58,2.0,1,1,1,1,0,3
5334,7.0,2005,11.0,64.0,448.0,1807.0,7,0.11,5.3,7.2,10.0,0.17,4.6,5.7,8.0,0.17,4.6,5.7,8.0,0,0,0,0,0,3
5335,4.0,2007,9.0,33.0,245.0,450.0,5,0.43,5.05,6.05,11.0,2.14,5.7,6.45,6.0,0.43,5.05,6.05,11.0,0,0,0,0,0,3
5336,5.0,2008,1.0,8.0,45.0,31.0,1,1.36,7.93,7.43,172.0,0.09,6.7,4.6,172.0,0.02,7.35,6.65,43.0,0,0,1,0,0,3
5337,13.0,1998,5.0,4.0,454.0,1808.0,1,0.37,6.0160609318996405,6.403268817204285,46.05333068992863,1.22,6.099759856630821,6.523605734767007,42.11122125297383,1.22,6.1246594982078815,6.541229390680994,45.49722442505948,0,0,0,0,0,3
5338,4.0,2009,8.0,6.0,19.0,1809.0,11,0.58,6.2,5.2,32.76409185803758,2.16,6.2,5.2,23.798538622129435,2.16,6.2,5.2,28.856993736951985,0,0,1,0,0,3
5339,9.0,2005,6.0,88.0,1120.0,1810.0,1,0.15,4.4,5.9,50.56199677938808,0.15,4.4,5.9,37.569243156199676,0.15,4.4,5.9,43.750402576489535,0,0,0,0,0,3
5340,17.0,2011,12.0,26.0,683.0,701.0,1,0.35,6.107652813930537,6.467882595817321,45.77475613360922,0.35,6.194403554438579,6.56657391616556,44.85269484678293,0.02,6.2266573916165795,6.606709451575302,45.76973100798108,0,0,0,0,0,3
5341,17.0,2011,9.0,33.0,60.0,450.0,5,0.96,5.45,7.2,36.0,0.96,5.45,7.2,36.0,0.96,5.45,7.2,36.0,0,0,1,0,0,3
5342,9.0,2002,2.0,29.0,679.0,1811.0,11,0.47,5.4,7.2,45.226486486486486,0.26,5.5,5.5,38.287837837837834,0.16,5.5,5.5,43.71081081081081,0,0,0,0,0,3
5343,7.0,2008,6.0,33.0,422.0,475.0,10,1.31,4.0,5.6,9.0,0.25,5.79,6.33,9.0,1.58,4.0,6.33,9.0,0,0,0,0,0,3
5344,7.0,2006,9.0,49.0,253.0,320.0,6,0.03,6.2,8.55,1.0,0.04,6.2,8.55,1.0,0.57,5.7,7.3,3.0,1,0,0,1,1,3
5345,22.0,1999,10.0,26.0,40.0,336.0,9,0.11,5.1,8.7,19.0,0.83,5.1,7.2,19.0,1.59,5.1,8.1,66.0,1,0,1,0,0,3
5346,13.0,1999,3.0,89.0,985.0,326.0,8,0.21,8.4,6.9,9.0,0.43,8.4,7.25,24.0,0.43,8.4,7.25,24.0,0,0,0,0,0,3
5347,4.0,2007,4.0,1.0,1121.0,1717.0,5,22.72,8.0,6.9,52.0,0.03,8.0,4.0,1.0,0.03,8.0,4.0,1.0,1,0,0,0,0,3
5348,6.0,2007,9.0,29.0,1122.0,1812.0,9,0.39,6.2,6.2,10.5,0.39,6.2,6.2,10.5,0.39,6.2,6.2,10.5,0,0,0,0,0,3
5349,9.0,2004,2.0,1.0,1.0,111.0,6,0.46,5.3,8.6,38.0,0.73,4.25,6.0,38.0,0.07,4.25,7.0,1.0,0,0,1,0,0,3
5350,18.0,2014,9.0,5.0,47.0,280.0,10,0.69,6.25,6.0,1.5,0.7,7.03,7.08,3.5,0.69,6.25,6.0,1.5,1,0,0,1,0,3
5351,4.0,2007,9.0,29.0,111.0,1386.0,10,0.42,4.1,5.6,2.0,0.65,6.97,7.63,24.0,0.28,4.3,5.3,4.0,0,0,0,0,0,3
5352,5.0,2006,7.0,24.0,483.0,1299.0,10,0.49,6.8,7.6,11.0,1.13,8.35,7.85,6.0,1.13,8.35,7.85,6.0,0,0,0,1,0,3
5353,5.0,2006,9.0,2.0,479.0,347.0,6,0.3,5.0,5.3,24.0,0.21,7.0,7.1,24.0,1.14,7.45,7.85,40.0,1,0,0,0,0,3
5354,16.0,1980,9.0,5.0,321.0,1813.0,1,0.77,5.0,5.0,1.0,1.15,5.0,5.0,1.0,1.15,5.0,5.0,1.0,0,0,0,0,0,3
5355,9.0,2002,9.0,11.0,1123.0,59.0,10,1.25,6.2,8.35,13.0,0.17,3.9,8.35,13.0,6.27,8.35,7.65,78.0,1,0,0,0,0,3
5356,7.0,2003,8.0,49.0,538.0,770.0,11,0.11,7.8,7.6,3.0,0.06,6.35,8.6,3.0,0.36,7.7,8.5,3.0,1,0,0,0,0,3
5357,4.0,2010,9.0,9.0,1025.0,257.0,4,0.4,3.53,3.98,17.5,0.4,3.53,3.98,17.5,0.4,3.53,3.98,17.5,0,0,1,0,0,3
5358,1.0,2010,9.0,90.0,473.0,1814.0,2,0.15,6.10970075440067,6.4764073763621655,45.58566176470588,0.15,6.196900251466912,6.575593461860899,44.6546875,0.15,6.225879295892737,6.6160628667225705,45.84627757352941,0,0,0,0,0,3
5359,7.0,2004,11.0,33.0,51.0,1815.0,10,0.83,5.7,5.0,15.0,0.66,6.9,7.65,15.0,0.66,6.9,7.65,15.0,0,0,1,0,0,3
5360,24.0,1995,7.0,9.0,1124.0,1816.0,1,0.4,7.7,7.7,9.0,0.4,7.7,7.7,9.0,0.4,7.7,7.7,9.0,0,0,0,0,0,3
5361,5.0,2011,9.0,8.0,387.0,135.0,7,0.83,8.2,5.8,3.0,0.06,5.4,5.7,3.0,0.1,3.35,5.45,3.0,0,0,1,0,0,3
5362,7.0,2009,3.0,4.0,415.0,124.0,9,0.03,6.85,6.6,7.0,0.45,5.0,6.45,4.0,1.37,7.6,7.8,79.0,1,0,0,0,1,3
5363,9.0,2004,2.0,29.0,262.0,1094.0,9,0.4,5.3,5.3,47.36133139729699,0.35,5.3,5.3,45.73416731821736,0.42,5.3,5.3,46.57991734614096,0,0,0,0,0,3
5364,4.0,2010,4.0,72.0,400.0,1817.0,2,0.22,7.4,5.6,16.0,0.27,7.2,6.2,25.0,0.27,7.2,6.2,25.0,0,0,0,0,0,3
5365,13.0,1997,10.0,19.0,51.0,257.0,1,0.41,7.0,6.8,52.0,0.83,2.0,4.5,2.0,0.83,2.0,4.5,2.0,0,0,1,0,0,3
5366,7.0,2000,5.0,31.0,61.0,1818.0,1,0.26,5.5,6.2,7.5,0.12,5.5,6.2,7.5,0.12,5.5,6.2,7.5,0,0,0,0,0,3
5367,14.0,2004,7.0,22.0,1125.0,204.0,1,0.19,6.2,7.65,41.0,0.19,6.2,7.65,41.0,2.96,8.33,8.25,76.5,1,0,0,1,0,3
5368,7.0,2001,8.0,22.0,81.0,1819.0,10,0.28,6.25,5.8,1.0,0.62,6.25,7.45,87.0,0.19,6.25,7.0,3.0,0,0,0,0,0,3
5369,16.0,1982,9.0,214.0,1126.0,1820.0,1,0.0,0.0,0.0,0.0,0.0,0.0,0.0,0.0,0.0,0.0,0.0,0.0,0,0,0,0,0,3
5370,16.0,1983,9.0,5.0,1127.0,1821.0,1,0.15,6.111979438779812,6.477522541501699,45.720769017469266,0.15,6.1965863318446335,6.575141990393578,44.78468435160366,0.15,6.2260065728491085,6.615723434735006,45.95401608281727,0,0,0,0,0,3
5371,5.0,2016,9.0,20.0,234.0,488.0,1,0.37,8.25,7.87,6.0,0.54,8.5,7.05,5.5,0.37,8.25,7.87,6.0,0,0,0,0,0,3
5372,5.0,2005,9.0,2.0,33.0,1822.0,12,0.39,7.7,7.72,346.5,0.77,6.85,7.9,61.0,0.77,6.85,7.9,61.0,0,0,0,0,1,3
5373,1.0,2011,9.0,26.0,1113.0,1041.0,11,0.82,7.67,8.17,105.0,0.09,7.67,8.17,105.0,0.14,5.5,4.85,7.5,0,0,0,0,0,3
5374,19.0,2005,10.0,29.0,145.0,1823.0,8,0.18,6.4,6.55,3.0,0.45,7.9,8.05,3.0,0.45,7.9,8.05,3.0,0,0,1,0,0,3
5375,6.0,2009,9.0,49.0,253.0,320.0,6,0.23,6.08,6.22,6.5,0.29,6.24,6.15,18.0,0.29,6.24,6.15,18.0,1,0,0,1,1,3
5376,14.0,2004,8.0,8.0,108.0,400.0,11,0.4,5.65,7.15,13.0,1.76,5.5,7.05,13.0,1.76,5.5,7.05,13.0,0,0,0,1,1,3
5377,16.0,1981,9.0,124.0,1128.0,1824.0,1,0.79,6.0,7.5,147.0,0.79,6.0,7.5,147.0,0.79,6.0,7.5,147.0,0,0,0,0,0,3
5378,1.0,2011,9.0,6.0,265.0,1825.0,12,0.11,10.0,10.0,1.0,0.73,10.0,10.0,1.0,0.73,10.0,10.0,1.0,0,0,1,0,0,3
5379,1.0,2007,9.0,5.0,1129.0,1508.0,11,0.45,6.32,6.33,14.5,0.02,4.7,8.4,14.5,0.17,6.05,6.75,2.0,0,0,0,0,0,3
5380,6.0,2012,9.0,15.0,968.0,470.0,3,0.1,5.57,5.47,13.0,0.3,5.57,5.47,13.0,0.24,3.0,5.0,6.0,1,0,0,0,0,3
5381,24.0,1995,10.0,19.0,51.0,1826.0,1,1.41,5.9,5.9,7.0,0.76,7.2,7.2,24.0,0.76,7.2,7.2,24.0,0,0,1,0,0,3
5382,12.0,1998,3.0,14.0,249.0,1827.0,1,0.45,6.0,5.7,6.5,0.4,6.5,5.0,3.0,0.4,6.5,5.0,3.0,0,0,0,0,0,3
5383,16.0,1982,9.0,124.0,1130.0,1828.0,1,0.34,6.044535910681546,6.403519413431087,49.29867055181206,0.34,6.128021996333945,6.518846858856858,47.36022582407576,0.34,6.173142809531743,6.559936677220455,48.332179930795846,0,0,0,0,0,3
5384,6.0,2009,9.0,8.0,387.0,135.0,6,0.51,4.0,5.25,4.0,0.63,4.4,4.55,4.0,0.63,4.4,4.55,4.0,0,0,1,0,0,3
5385,10.0,2011,12.0,6.0,19.0,356.0,3,0.49,4.15,5.0,5.0,0.23,4.9,4.65,6.0,0.53,6.55,6.0,41.0,1,0,1,1,1,3
5386,13.0,1998,6.0,51.0,1131.0,1829.0,1,0.07,6.0160609318996405,6.403268817204285,46.05333068992863,0.07,6.099759856630821,6.523605734767007,42.11122125297383,0.07,6.1246594982078815,6.541229390680994,45.49722442505948,0,0,0,0,0,3
5387,1.0,2008,3.0,29.0,217.0,860.0,2,0.17,5.65,7.35,4.0,0.38,5.65,7.35,4.0,0.38,5.65,7.35,4.0,1,0,0,0,0,3
5388,16.0,1981,7.0,70.0,1132.0,1830.0,1,0.59,5.5,5.5,4.0,0.59,5.5,5.5,4.0,0.59,5.5,5.5,4.0,0,0,0,0,1,3
5389,17.0,2007,1.0,9.0,363.0,498.0,1,0.09,8.4,8.4,31.0,0.02,7.0,5.0,1.0,0.02,5.0,7.7,6.0,1,0,0,0,0,3
5390,7.0,2004,11.0,24.0,448.0,1831.0,10,0.02,6.75,7.35,5.0,0.17,6.1,6.95,3.0,0.17,6.1,6.95,3.0,1,0,0,0,0,3
5391,6.0,2011,9.0,8.0,387.0,135.0,7,0.35,3.85,6.6,45.89054012106162,0.35,3.85,6.6,45.91529566971907,0.35,3.85,6.6,47.17445289461431,0,0,1,0,0,3
5392,14.0,2006,1.0,8.0,45.0,1001.0,1,0.47,4.0,6.1,10.0,0.14,6.67,7.3,56.5,0.14,6.67,7.3,56.5,0,0,1,0,0,3
5393,4.0,2007,6.0,69.0,1133.0,1832.0,1,0.01,9.0,8.7,3.0,0.01,9.0,8.7,3.0,0.01,9.0,8.7,3.0,0,0,0,0,0,3
5394,13.0,1997,7.0,4.0,1134.0,1833.0,1,0.41,5.0,5.0,49.29562687356727,0.41,5.0,5.0,47.72615059072474,0.41,5.0,5.0,49.20948686298713,0,0,0,0,0,3
5395,4.0,2009,5.0,215.0,474.0,1834.0,3,0.24,7.8,6.8,1.0,0.05,7.8,6.8,1.0,0.03,7.8,6.8,1.0,0,0,0,0,0,3
5396,4.0,2008,6.0,12.0,1135.0,1835.0,10,0.53,5.6,7.3,84.0,0.07,5.0,6.0,84.0,0.07,5.0,6.0,84.0,0,0,0,0,0,3
5397,18.0,2014,2.0,6.0,265.0,194.0,8,0.01,8.67,5.05,2.0,0.09,8.67,5.05,2.0,0.46,8.67,8.37,209.0,1,0,1,1,1,3
5398,4.0,2007,5.0,59.0,147.0,1836.0,10,0.19,5.1,4.6,1.0,0.12,5.37,5.25,2.5,0.02,6.0,5.25,2.5,1,0,0,0,0,3
5399,17.0,2008,4.0,17.0,111.0,416.0,2,1.6,8.2,8.35,103.0,0.4,5.7,7.25,1.0,1.72,7.83,8.05,86.5,1,0,0,0,0,3
5400,4.0,2008,8.0,129.0,664.0,973.0,11,0.77,6.044421151439289,6.38992177722153,48.44426425401161,0.77,6.126584793491856,6.504150500625782,46.782946398088086,0.77,6.170384856070071,6.544500938673344,48.1357972004097,0,0,0,0,0,3
5401,13.0,1998,9.0,4.0,1136.0,1837.0,1,0.35,10.0,10.0,1.0,0.35,10.0,10.0,1.0,0.35,10.0,10.0,1.0,0,0,0,0,0,3
5402,5.0,2011,1.0,216.0,1016.0,1838.0,10,0.03,4.0,6.1,46.89055793991416,0.11,4.0,6.1,45.688006676204104,0.11,4.0,6.1,48.2448736289938,0,0,0,0,0,3
5403,14.0,2002,3.0,40.0,330.0,441.0,3,0.28,7.6,8.3,8.0,0.24,7.47,6.35,8.0,1.67,7.45,7.25,8.0,0,0,0,0,0,3
5404,10.0,2013,12.0,5.0,394.0,184.0,11,0.36,6.8,5.07,87.5,0.63,6.2,5.0,87.5,1.78,5.25,4.55,4.0,1,0,0,0,1,3
5405,4.0,2008,8.0,6.0,19.0,214.0,11,0.49,5.0,5.05,19.0,0.61,5.0,5.05,19.0,1.07,5.0,5.05,19.0,0,0,1,0,0,3
5406,6.0,2008,1.0,8.0,45.0,651.0,9,0.48,6.73,6.6,22.5,0.17,4.9,7.1,1.0,0.25,7.5,8.05,8.0,1,0,1,0,0,3
5407,18.0,2013,8.0,2.0,226.0,799.0,1,0.05,7.1,8.2,1.0,0.36,7.8,4.4,1.0,0.3,6.0,6.5,5.0,1,0,0,0,1,3
5408,9.0,2005,3.0,33.0,1137.0,1839.0,7,0.06,6.43,7.12,5.5,0.06,6.43,7.12,5.5,0.06,6.43,7.12,5.5,0,0,0,0,0,3
5409,15.0,2011,8.0,8.0,32.0,1840.0,7,0.34,3.7,4.9,7.0,0.69,7.35,5.65,7.0,0.69,7.35,5.65,7.0,0,0,0,0,0,3
5410,19.0,2003,9.0,15.0,87.0,110.0,10,0.94,6.95,7.65,29.0,0.56,6.1,6.35,2.0,0.06,6.1,7.4,19.0,0,0,1,0,0,3
5411,4.0,2009,8.0,22.0,568.0,1841.0,2,0.01,5.0,6.7,19.0,0.92,4.8,5.1,19.0,0.05,4.8,5.1,19.0,0,0,0,0,0,3
5412,7.0,2009,6.0,33.0,609.0,504.0,10,1.49,4.0,4.0,39.8933506044905,0.1,4.0,4.0,32.29706390328152,1.49,4.0,4.0,34.81476683937824,0,0,0,0,0,3
5413,6.0,2010,6.0,4.0,344.0,465.0,10,0.12,8.6,7.2,8.0,0.12,8.6,7.2,8.0,0.17,8.6,6.3,8.0,1,0,0,0,0,3
5414,11.0,2016,4.0,72.0,400.0,1243.0,4,0.24,7.9,8.0,5.0,0.17,7.0,7.8,12.0,0.46,7.53,6.97,19.5,1,0,0,1,0,3
5415,6.0,2007,6.0,4.0,923.0,1842.0,10,2.59,8.45,8.2,91.0,0.07,6.1,7.15,9.0,0.07,6.1,7.15,9.0,0,0,0,0,0,3
5416,5.0,2007,9.0,33.0,131.0,450.0,5,0.42,4.7,6.3,11.0,0.43,5.05,6.05,11.0,0.42,4.7,6.3,11.0,0,0,0,0,0,3
5417,23.0,2012,3.0,4.0,101.0,703.0,2,0.45,6.0,5.9,19.0,3.87,6.3,6.95,22.0,1.13,7.23,7.8,190.0,0,0,0,0,0,3
5418,7.0,2008,9.0,26.0,253.0,320.0,4,0.01,4.6,5.95,8.0,0.03,4.6,5.95,8.0,0.25,4.6,5.95,8.0,1,0,0,1,1,3
5419,4.0,2011,9.0,26.0,1113.0,1041.0,11,0.42,6.9,7.75,1.0,0.04,6.0,5.9,9.0,0.11,5.5,3.95,3.5,0,0,0,0,0,3
5420,13.0,1996,9.0,8.0,1064.0,1843.0,1,0.77,6.074598214285714,6.518080357142857,51.629901960784316,0.77,6.105133928571427,6.627678571428572,32.81127450980392,0.77,6.240669642857141,6.645223214285716,43.85294117647059,0,0,0,0,0,3
5421,7.0,2001,3.0,11.0,337.0,1844.0,10,0.09,8.3,7.43,42.5,0.62,9.0,7.15,10.0,0.62,9.0,7.15,10.0,0,0,0,0,0,3
5422,4.0,2006,11.0,29.0,111.0,1386.0,10,0.49,5.3,5.7,100.0,0.36,7.83,8.55,100.0,0.5,4.5,5.6,4.0,0,0,0,0,0,3
5423,5.0,2015,7.0,8.0,257.0,42.0,3,1.2,6.87,5.65,50.0,1.2,6.87,5.65,50.0,1.2,6.87,5.65,50.0,1,1,0,0,0,3
5424,14.0,2005,7.0,178.0,460.0,1479.0,7,0.46,6.27,7.32,9.0,0.06,5.95,5.2,8.0,0.46,6.27,7.32,9.0,0,0,0,0,0,3
5425,4.0,2009,9.0,35.0,1138.0,1845.0,5,0.12,6.100858058608059,6.465022893772954,45.416876320821174,0.12,6.1914130036630235,6.564434981685036,44.29963771762101,0.12,6.221868131868156,6.605723443223496,45.280718526718324,0,0,0,0,0,3
5426,7.0,2005,6.0,60.0,330.0,430.0,11,0.0,0.0,0.0,0.0,0.36,3.5,7.1,0.0,0.17,6.6,7.1,0.0,0,0,0,0,0,3
5427,6.0,2011,9.0,217.0,253.0,559.0,1,0.07,6.27,9.0,1.0,0.55,6.27,7.55,22.0,0.04,5.65,7.33,4.5,0,0,0,0,0,3
5428,6.0,2011,7.0,36.0,130.0,837.0,4,0.89,8.3,7.92,148.5,0.05,6.87,5.83,91.0,0.92,6.87,6.7,53.5,1,0,0,0,0,3
5429,5.0,2009,9.0,2.0,227.0,1846.0,4,0.05,6.3,7.3,16.0,0.15,6.3,7.3,16.0,0.15,6.3,7.3,16.0,0,0,0,0,0,3
5430,14.0,2006,7.0,6.0,196.0,356.0,3,0.67,5.96,6.02,10.0,0.06,6.8,6.8,10.0,1.08,5.9,5.95,6.0,1,0,1,1,0,3
5431,4.0,2009,9.0,5.0,82.0,624.0,1,0.45,5.0,4.5,2.0,3.65,7.53,7.32,100.0,0.45,5.0,4.5,2.0,0,0,1,0,0,3
5432,5.0,2008,7.0,18.0,483.0,1847.0,10,1.09,6.0,7.3,107.0,0.34,7.83,7.35,112.5,0.34,7.83,7.35,112.5,0,0,0,0,0,3
5433,13.0,1996,3.0,168.0,365.0,501.0,1,0.5,6.074598214285714,6.518080357142857,51.629901960784316,0.14,6.105133928571427,6.627678571428572,32.81127450980392,0.14,6.240669642857141,6.645223214285716,43.85294117647059,0,0,0,0,0,3
5434,1.0,2011,4.0,1.0,672.0,1848.0,4,0.96,6.55,6.75,48.0,0.36,6.0,6.6,8.0,0.36,6.0,6.6,8.0,0,0,0,0,0,3
5435,6.0,2012,9.0,9.0,34.0,1849.0,2,0.02,7.32,7.93,170.5,0.11,7.32,7.93,170.5,0.11,7.32,7.93,170.5,0,0,1,1,0,3
5436,5.0,2011,10.0,71.0,1139.0,1850.0,11,0.06,5.77,4.95,44.5,0.11,5.77,4.95,44.5,0.16,5.57,4.82,36.0,0,0,0,1,0,3
5437,7.0,2003,11.0,6.0,265.0,1851.0,11,0.57,7.49,7.85,89.0,0.64,8.17,8.2,120.0,0.64,8.17,8.2,120.0,0,0,1,0,0,3
5438,9.0,2003,2.0,29.0,33.0,140.0,9,0.44,5.15,6.8,197.0,1.87,8.1,7.65,197.0,3.65,9.1,9.0,178.5,1,0,0,0,0,3
5439,13.0,1998,5.0,4.0,24.0,778.0,1,0.34,6.0,6.0,2.0,0.3,7.5,7.5,4.0,0.3,7.5,7.5,4.0,1,0,0,0,0,3
5440,1.0,2010,6.0,42.0,1140.0,1852.0,1,0.12,5.9,7.1,3.0,0.06,5.07,4.93,42.5,0.06,5.07,4.93,42.5,0,0,0,0,0,3
5441,4.0,2007,4.0,26.0,1141.0,588.0,1,0.38,4.3,8.0,1.0,0.38,4.3,8.0,1.0,0.24,4.3,7.7,1.0,1,0,0,0,0,3
5442,17.0,2006,10.0,13.0,51.0,1853.0,8,0.09,5.6,6.23,7.0,0.14,8.2,8.0,6.0,0.14,8.2,8.0,6.0,1,0,1,0,0,3
5443,17.0,2006,4.0,6.0,498.0,727.0,3,0.42,5.92,6.25,15.5,0.19,7.7,8.1,15.5,1.1,5.4,6.85,9.0,0,0,0,0,0,3
5444,5.0,2009,1.0,9.0,169.0,760.0,5,0.38,6.17,6.0,59.5,0.38,6.17,6.0,59.5,0.38,6.17,6.0,59.5,1,0,0,0,0,3
5445,13.0,1998,9.0,22.0,1142.0,1854.0,1,0.72,4.0,5.3,3.0,0.72,4.0,5.3,3.0,0.72,4.0,5.3,3.0,0,0,0,0,0,3
5446,17.0,2009,4.0,26.0,570.0,625.0,1,0.41,6.7,7.3,3.0,0.04,6.7,7.0,4.0,0.75,7.97,8.2,283.5,1,0,0,0,0,3
5447,1.0,2011,6.0,5.0,1143.0,326.0,10,0.95,7.6,6.42,45.0,0.95,7.6,6.42,45.0,0.62,7.6,6.42,45.0,1,0,0,0,1,3
5448,1.0,2010,9.0,9.0,448.0,257.0,4,0.38,3.8,4.33,5.0,0.04,5.25,8.0,2.0,0.38,3.8,4.33,5.0,0,0,0,0,0,3
5449,17.0,2004,6.0,4.0,438.0,459.0,1,0.58,5.0,6.7,30.0,1.26,5.0,5.0,1.0,1.63,9.0,8.4,1.0,1,0,0,0,0,3
5450,6.0,2012,7.0,3.0,381.0,1085.0,2,0.06,7.0,7.3,23.0,0.24,5.5,5.28,168.5,0.44,7.73,7.65,133.0,0,0,0,1,0,3
5451,6.0,2009,6.0,4.0,121.0,373.0,1,0.45,6.06531266560678,6.414785373608896,47.58155002891845,0.45,6.151277159512439,6.537713301536816,45.36119144013881,0.45,6.18789083200847,6.572859035506092,49.094852515905146,1,0,0,0,0,3
5452,1.0,2009,4.0,5.0,399.0,257.0,9,0.58,2.5,8.0,2.0,0.21,2.5,3.5,1.0,0.75,6.47,6.7,23.5,0,0,0,0,1,3
5453,23.0,2011,10.0,13.0,51.0,1855.0,11,0.28,6.4,7.13,37.5,1.22,8.25,7.95,260.0,0.24,8.25,8.0,1.0,1,0,1,0,1,3
5454,19.0,2003,10.0,29.0,145.0,1856.0,9,0.35,8.2,7.55,2.0,3.02,8.2,7.55,2.0,3.02,8.2,7.55,2.0,0,0,1,0,0,3
5455,4.0,2007,5.0,1.0,3.0,1857.0,6,0.29,8.37,8.13,75.0,0.33,6.7,7.4,1.0,0.33,6.7,7.4,1.0,0,0,1,0,0,3
5456,19.0,2005,8.0,8.0,108.0,545.0,10,0.42,7.43,7.17,15.0,0.81,6.75,5.95,62.0,0.81,6.75,5.95,62.0,0,0,0,1,0,3
5457,14.0,2003,9.0,21.0,79.0,756.0,5,0.17,4.4,6.5,45.68503646266039,0.17,4.4,6.5,44.767423613034246,0.17,4.4,6.5,45.93625957721776,0,0,0,0,0,3
5458,5.0,2007,9.0,6.0,62.0,637.0,10,1.33,6.5,6.9,48.0,0.74,6.5,6.9,48.0,1.02,6.7,7.35,4.0,0,0,1,0,0,3
5459,1.0,2009,7.0,209.0,1013.0,1858.0,9,0.03,6.081317301269194,6.428591850367435,48.85785172212493,0.19,6.164849699398801,6.541612558450277,47.55465557501459,0.19,6.20785303941215,6.583874415497689,48.898423817863396,0,0,0,0,0,3
5460,1.0,2010,6.0,59.0,1144.0,1859.0,11,0.22,5.1,4.6,1.0,0.19,5.1,4.6,1.0,0.19,5.1,4.6,1.0,0,0,0,0,0,3
5461,7.0,2001,2.0,4.0,40.0,1860.0,7,14.98,9.25,8.4,107.0,0.14,8.0,8.15,8.5,0.18,8.0,7.2,19.0,1,0,1,0,0,3
5462,14.0,2003,7.0,22.0,1145.0,544.0,1,1.01,8.67,9.1,225.0,1.01,8.67,9.1,225.0,0.01,8.67,9.1,225.0,1,0,0,1,0,3
5463,5.0,2010,4.0,9.0,316.0,1004.0,3,1.97,6.0,6.6,5.0,0.7,6.4,6.7,39.0,0.7,6.4,6.7,39.0,0,0,0,0,0,3
5464,1.0,2008,8.0,6.0,1071.0,1735.0,1,0.45,5.4,6.1,5.0,0.37,5.4,6.1,5.0,0.37,5.4,6.1,5.0,0,0,0,0,0,3
5465,7.0,2002,9.0,4.0,252.0,1861.0,11,3.33,8.43,8.45,191.0,2.12,7.75,7.85,18.0,2.12,7.75,7.85,18.0,0,0,0,0,0,3
5466,14.0,2001,3.0,8.0,68.0,472.0,11,0.61,8.9,6.0,49.86247139588101,0.9,8.9,6.0,48.43188405797101,1.16,8.5,8.5,49.87780320366133,0,0,1,0,1,3
5467,17.0,2006,4.0,4.0,59.0,1862.0,8,0.9,6.0,8.1,234.0,5.21,8.45,8.4,234.0,5.21,8.45,8.4,234.0,0,0,0,0,0,3
5468,6.0,2009,1.0,8.0,45.0,378.0,11,0.51,8.26,8.3,487.0,0.45,7.44,7.37,9.5,0.58,7.44,8.0,1.0,0,0,1,0,0,3
5469,13.0,1999,8.0,15.0,1146.0,1863.0,1,0.39,5.9864729458917845,6.425400801603205,44.05604395604396,0.39,6.120961923847696,6.589959919839676,34.17912087912088,0.39,6.162114228456913,6.618947895791575,38.04120879120879,0,0,0,0,0,3
5470,11.0,2015,10.0,49.0,301.0,395.0,1,0.24,7.37,7.18,7.0,0.1,7.0,7.1,79.0,0.32,7.7,7.55,89.5,1,0,0,1,0,3
5471,19.0,2004,2.0,29.0,249.0,689.0,10,0.54,4.5,5.65,0.0,0.62,6.05,5.65,2.0,0.62,6.05,5.65,2.0,0,0,0,0,0,3
5472,6.0,2011,1.0,12.0,332.0,1864.0,8,0.08,1.8,1.8,45.90738720486247,0.16,1.8,1.8,45.94821943427102,0.16,1.8,1.8,47.1943037481493,0,0,0,0,0,3
5473,15.0,2012,9.0,8.0,379.0,49.0,10,1.46,5.33,6.2,210.0,1.46,5.33,6.2,210.0,1.46,5.33,6.2,210.0,1,0,0,1,0,3
5474,7.0,2002,1.0,5.0,11.0,1865.0,10,0.58,9.1,8.1,2.0,0.1,7.0,6.65,2.0,0.1,7.0,6.65,2.0,0,0,1,0,0,3
5475,9.0,2005,9.0,5.0,245.0,370.0,11,0.48,4.5,5.6,1.0,0.17,4.5,5.2,1.0,0.09,7.1,3.75,1.0,0,0,0,0,1,3
5476,20.0,2014,9.0,9.0,1147.0,62.0,11,0.48,8.5,7.07,38.0,0.48,8.5,7.07,38.0,0.4,6.27,6.77,68.0,0,1,0,1,0,3
5477,7.0,2002,10.0,31.0,421.0,987.0,2,0.55,4.0,5.2,23.0,0.15,7.15,7.05,7.0,0.76,4.67,6.55,3.5,0,0,0,0,0,3
5478,13.0,1999,1.0,26.0,1148.0,1866.0,1,1.3,7.1,7.1,7.0,1.3,7.1,7.1,7.0,1.3,7.1,7.1,7.0,0,0,0,0,0,3
5479,23.0,2011,2.0,4.0,528.0,1867.0,2,1.74,8.0,7.4,204.0,0.17,7.1,7.6,43.5,0.17,7.1,7.6,43.5,0,0,0,0,1,3
5480,5.0,2012,9.0,15.0,87.0,470.0,3,0.47,6.13,6.98,102.5,0.15,6.13,6.98,102.5,0.47,6.13,6.98,102.5,1,0,1,1,0,3
5481,3.0,1990,1.0,26.0,242.0,301.0,1,1.18,6.0593005780346765,6.443606936416173,49.0113708149084,1.18,6.143445086705191,6.566890173410396,40.41692987997473,2.2,6.176260115606935,6.595786127167631,45.96936197094125,0,0,0,0,0,3
5482,8.0,1994,1.0,69.0,24.0,1868.0,1,0.81,8.0,8.0,17.0,0.81,8.0,8.0,17.0,0.81,8.0,8.0,17.0,0,0,0,0,0,3
5483,1.0,2009,9.0,35.0,694.0,1845.0,5,0.05,4.6,6.65,6.5,0.16,4.13,6.65,6.5,0.16,4.13,6.65,6.5,0,0,0,0,0,3
5484,17.0,2006,6.0,13.0,51.0,1379.0,10,0.63,9.03,8.95,419.0,0.33,7.33,7.85,11.0,0.51,6.9,7.52,7.0,0,0,1,0,0,3
5485,4.0,2008,1.0,8.0,394.0,77.0,8,0.37,6.5,5.65,0.5,0.13,6.3,6.23,35.5,0.85,7.6,7.85,3.0,1,1,0,0,0,3
5486,7.0,2009,1.0,4.0,571.0,836.0,3,0.63,6.4,8.53,2.0,0.15,6.3,5.8,2.0,0.33,8.3,7.9,2.0,0,0,0,0,0,3
5487,11.0,2016,4.0,17.0,397.0,544.0,8,0.04,6.0,5.8,28.0,1.39,8.63,8.05,483.5,0.59,8.67,8.18,544.5,1,0,0,1,0,3
5488,7.0,2001,1.0,4.0,681.0,289.0,5,0.14,6.57,7.53,9.0,0.41,6.3,3.3,0.0,1.17,6.0,6.0,2.0,1,0,0,0,0,3
5489,9.0,2004,2.0,1.0,87.0,1869.0,10,0.56,5.8,7.8,34.0,0.1,5.8,7.8,34.0,0.1,5.8,7.8,34.0,0,0,1,0,0,3
5490,6.0,2014,10.0,26.0,1149.0,188.0,1,0.15,7.4,6.7,47.3185817805383,0.02,7.4,6.7,45.40683229813665,0.01,4.45,2.2,49.021868530020704,0,0,0,0,0,3
5491,7.0,2009,9.0,20.0,548.0,807.0,9,0.99,5.6,8.5,48.85785172212493,0.99,5.6,8.5,47.55465557501459,0.99,5.6,8.5,48.898423817863396,0,0,0,0,0,3
5492,14.0,2006,10.0,8.0,333.0,437.0,2,0.52,7.8,8.7,33.97331786542924,0.52,7.8,8.7,24.481438515081205,0.17,8.7,8.1,29.665893271461716,1,0,1,0,1,3
5493,9.0,2001,3.0,29.0,495.0,1346.0,6,0.77,9.35,9.03,123.0,0.1,9.35,9.03,123.0,0.1,9.35,9.03,123.0,0,0,0,0,1,3
5494,7.0,2003,9.0,13.0,269.0,1349.0,5,0.09,8.3,7.3,24.0,0.58,5.85,7.95,13.0,0.51,6.7,7.6,9.0,0,0,0,0,0,3
5495,6.0,2008,1.0,8.0,45.0,31.0,2,0.1,4.7,6.55,1.0,0.32,6.0,6.1,7.0,0.32,6.0,6.1,7.0,1,1,1,0,0,3
5496,12.0,1998,9.0,78.0,1150.0,1680.0,1,0.0,0.0,0.0,0.0,0.0,0.0,0.0,0.0,0.0,0.0,0.0,0.0,0,0,0,0,0,3
5497,17.0,2011,6.0,9.0,34.0,1623.0,1,0.47,5.0,6.7,38.0,0.08,4.9,7.15,4.0,0.26,7.0,7.0,5.0,0,0,1,1,0,3
5498,5.0,2009,12.0,22.0,1151.0,1870.0,5,0.08,3.33,3.53,9.0,0.11,3.33,9.5,9.0,0.26,6.6,7.08,15.5,0,0,0,0,0,3
5499,13.0,1998,2.0,5.0,1152.0,584.0,1,0.45,7.0,7.8,12.0,0.45,7.0,7.8,12.0,1.31,7.0,7.3,3.0,0,0,0,0,0,3
5500,7.0,2006,4.0,49.0,819.0,1239.0,11,0.09,7.2,5.95,7.0,0.12,7.35,7.9,17.0,0.33,8.2,8.35,24.0,1,0,0,0,0,3
5501,6.0,2010,1.0,5.0,321.0,1229.0,5,0.6,7.23,7.73,96.0,0.05,7.23,7.73,96.0,0.58,6.25,7.6,2.5,0,0,0,0,0,3
5502,5.0,2010,1.0,69.0,29.0,918.0,11,0.06,5.5,6.0,1.0,0.26,5.5,6.0,1.0,0.82,3.95,6.0,1.0,0,0,0,0,0,3
5503,7.0,2002,11.0,13.0,1153.0,1325.0,3,0.03,5.95,8.0,3.0,0.03,5.95,8.0,3.0,0.12,5.95,7.3,3.0,1,0,0,0,0,3
5504,8.0,1991,1.0,58.0,643.0,1871.0,1,0.0,0.0,0.0,0.0,0.0,0.0,0.0,0.0,0.0,0.0,0.0,0.0,0,0,0,0,0,3
5505,4.0,2008,11.0,119.0,1154.0,1872.0,11,0.17,3.7,3.6,48.44426425401161,0.17,3.7,3.6,46.782946398088086,0.17,3.7,3.6,48.1357972004097,0,0,0,0,0,3
5506,6.0,2011,9.0,33.0,107.0,374.0,8,0.6,7.6,7.8,66.5,0.46,5.4,5.4,66.5,0.6,7.6,7.8,66.5,0,0,0,0,0,3
5507,19.0,2005,7.0,5.0,11.0,16.0,11,0.39,6.6,5.9,68.5,2.67,6.6,7.33,68.5,2.02,8.13,7.85,162.5,0,0,1,0,0,3
5508,1.0,2006,9.0,15.0,87.0,1873.0,12,1.19,8.35,7.45,78.0,0.02,5.0,6.8,0.0,0.02,5.0,6.8,0.0,0,0,1,0,1,3
5509,17.0,2007,12.0,29.0,981.0,1249.0,11,0.57,5.3,4.0,17.0,0.57,5.3,4.0,17.0,0.15,5.3,7.35,17.0,0,0,0,0,0,3
5510,5.0,2013,3.0,36.0,130.0,159.0,10,0.07,7.33,6.02,127.0,0.29,7.27,6.37,46.5,0.02,6.1,5.88,15.0,0,0,0,0,0,3
5511,7.0,2003,4.0,49.0,819.0,1239.0,8,2.11,7.4,8.3,20.0,0.04,7.4,5.8,6.0,0.04,7.4,5.8,6.0,1,0,0,0,0,3
5512,7.0,2005,10.0,155.0,1139.0,1874.0,11,0.56,6.75,6.9,9.0,0.07,7.3,7.8,1.0,0.07,7.3,7.8,1.0,0,0,0,0,0,3
5513,1.0,2007,1.0,8.0,340.0,408.0,2,0.01,7.8,7.55,50.0,0.23,7.8,7.55,50.0,0.17,8.0,7.6,50.0,1,0,1,1,1,3
5514,17.0,2009,3.0,4.0,130.0,791.0,9,1.04,7.63,8.07,96.5,0.81,8.35,7.95,76.0,0.81,8.35,7.95,76.0,0,0,0,0,0,3
5515,6.0,2009,3.0,6.0,423.0,1480.0,1,0.41,4.0,6.0,21.0,0.12,5.5,7.8,6.0,0.12,5.5,7.8,6.0,0,0,0,0,0,3
5516,19.0,2006,2.0,29.0,390.0,392.0,10,0.48,7.2,8.5,28.0,0.09,6.6,7.2,28.0,0.92,4.8,5.1,28.0,0,0,0,0,0,3
5517,4.0,2009,8.0,85.0,1155.0,973.0,11,0.06,5.07,4.95,3.0,0.03,5.07,4.95,3.0,0.77,5.07,4.95,3.0,0,0,0,0,0,3
5518,17.0,2008,1.0,4.0,571.0,836.0,3,3.19,8.05,7.85,107.0,0.31,7.7,7.5,107.0,0.42,7.7,8.0,2.0,0,0,0,0,0,3
5519,5.0,2011,6.0,6.0,652.0,101.0,11,0.58,8.9,8.5,351.0,0.14,5.0,6.3,4.0,0.65,6.5,6.25,7.0,0,0,0,0,0,3
5520,13.0,1994,7.0,15.0,1156.0,1875.0,1,0.41,6.060073064770927,6.419377962085287,50.71839204668252,0.41,6.1445201421800935,6.542274881516566,48.91938621136806,0.41,6.189670221169031,6.580169826224309,49.949751458828615,1,0,0,0,0,3
5521,9.0,2003,2.0,33.0,98.0,1876.0,6,0.25,6.2,7.0,1.0,0.51,6.2,7.0,1.0,0.25,6.2,7.0,1.0,0,0,0,0,0,3
5522,22.0,2001,11.0,9.0,1157.0,1293.0,1,1.09,9.7,8.05,1.0,1.09,9.7,8.05,1.0,0.11,9.7,8.05,1.0,1,0,0,0,0,3
5523,4.0,2011,9.0,198.0,508.0,1877.0,10,0.05,7.0,7.0,1.0,0.04,7.0,7.0,1.0,0.04,7.0,7.0,1.0,0,0,0,0,0,3
5524,13.0,2000,1.0,4.0,395.0,1878.0,8,0.99,4.8,6.2,22.0,0.48,4.8,6.2,22.0,0.48,4.8,6.2,22.0,0,0,0,0,0,3
5525,9.0,2003,6.0,29.0,669.0,1041.0,9,0.33,7.2,7.65,6.0,0.27,7.3,6.75,1.0,0.21,5.5,7.2,1.0,0,0,0,0,0,3
5526,6.0,2013,12.0,5.0,394.0,184.0,11,0.35,7.25,5.5,4.5,0.35,7.25,5.5,4.5,0.35,7.25,5.5,4.5,1,0,0,0,1,3
5527,19.0,2005,10.0,101.0,1158.0,637.0,1,0.08,6.65,9.0,14.0,0.08,6.65,9.0,14.0,0.57,6.65,7.55,14.0,0,0,0,0,0,3
5528,8.0,1991,12.0,26.0,683.0,701.0,1,0.3,6.106693207510081,6.4691025262951625,46.589164053206446,0.3,6.193868082178333,6.5654811756611196,45.098410295230885,0.3,6.226080802123285,6.606436646023833,45.99854006704877,0,0,0,0,0,3
5529,1.0,2010,2.0,59.0,562.0,1310.0,7,0.12,7.3,6.67,13.0,0.57,4.0,6.05,4.0,0.1,4.0,6.05,4.0,0,0,0,0,0,3
5530,5.0,2008,9.0,9.0,713.0,1879.0,10,0.2,5.45,6.8,4.0,0.68,4.23,4.87,26.5,0.05,4.23,7.7,3.0,1,0,0,0,1,3
5531,4.0,2010,9.0,8.0,243.0,137.0,9,0.73,7.93,8.17,25.5,0.11,5.5,3.95,3.5,0.13,5.27,6.65,4.0,0,0,0,0,0,3
5532,19.0,2005,1.0,8.0,27.0,491.0,2,1.06,7.8,8.17,24.0,1.54,8.7,8.7,24.0,0.94,8.7,8.7,24.0,1,0,1,0,0,3
5533,4.0,2007,6.0,140.0,1159.0,1880.0,1,0.67,6.099566138746374,6.4607807271916755,47.55820785897907,0.67,6.186688601383021,6.564681017176054,46.14738646101114,0.67,6.2206457729199345,6.6001962971225066,47.53813196229649,0,0,0,0,0,3
5534,5.0,2011,6.0,3.0,1094.0,1881.0,4,0.05,8.0,8.0,7.0,0.2,8.0,8.0,7.0,0.2,8.0,8.0,7.0,1,0,0,0,1,3
5535,5.0,2007,4.0,11.0,960.0,1507.0,10,1.02,7.5,7.65,22.0,1.02,7.5,7.65,22.0,1.02,7.5,7.65,22.0,0,0,0,0,0,3
5536,13.0,1997,6.0,156.0,1160.0,1882.0,1,0.05,6.042070079121586,6.394020668496688,49.29562687356727,0.05,6.127673179396085,6.510931697077347,47.72615059072474,0.05,6.172315517519764,6.551114161149683,49.20948686298713,0,0,0,0,0,3
5537,4.0,2007,1.0,8.0,660.0,587.0,11,0.72,8.53,8.1,583.5,0.07,8.53,8.1,583.5,0.07,8.53,8.1,583.5,0,0,0,0,0,3
5538,13.0,1996,1.0,8.0,27.0,247.0,1,0.47,6.3,6.3,3.0,0.47,6.3,6.3,3.0,1.0,7.3,7.3,3.0,1,0,1,0,1,3
5539,6.0,2010,9.0,26.0,668.0,1883.0,7,0.31,6.0,8.0,1.0,0.03,6.0,6.0,1.0,0.03,6.0,6.0,1.0,0,0,0,0,0,3
5540,6.0,2007,4.0,4.0,668.0,1884.0,10,0.88,7.5,7.85,7.0,0.05,7.5,6.1,9.0,0.04,6.6,6.65,1.0,0,0,0,0,0,3
5541,10.0,2015,10.0,26.0,676.0,188.0,10,0.59,6.75,7.27,49.0,0.03,6.75,7.1,49.0,0.31,7.07,6.97,32.5,0,0,0,0,0,3
5542,7.0,2007,9.0,49.0,253.0,559.0,1,0.26,4.15,6.0,28.0,0.08,5.9,7.98,9.0,0.61,6.1,8.1,13.0,0,0,0,0,0,3
5543,18.0,2014,7.0,12.0,315.0,812.0,1,0.05,7.3,5.45,230.0,0.02,5.6,6.08,14.0,0.02,5.6,6.08,14.0,1,0,0,0,0,3
5544,19.0,2006,9.0,29.0,284.0,1885.0,5,0.05,6.28,5.3,3.0,0.04,6.5,5.3,3.0,0.04,6.5,5.3,3.0,0,0,0,0,0,3
5545,6.0,2011,9.0,13.0,359.0,325.0,10,0.06,7.0,6.88,15.0,0.06,7.0,6.88,15.0,1.38,7.67,7.07,213.5,1,0,1,1,0,3
5546,16.0,1983,9.0,46.0,1161.0,112.0,1,0.58,5.0,5.0,45.720769017469266,0.58,5.0,5.0,44.78468435160366,2.2,5.0,5.0,45.95401608281727,1,0,0,0,0,3
5547,4.0,2010,4.0,72.0,400.0,1717.0,9,0.06,7.75,8.15,7.0,0.34,7.75,8.15,7.0,0.34,7.25,7.95,29.0,1,0,0,1,0,3
5548,23.0,2012,9.0,20.0,123.0,615.0,1,0.12,6.0,3.0,1.0,1.37,6.0,6.5,53.0,1.37,6.0,6.5,53.0,0,0,0,0,0,3
5549,19.0,2005,1.0,8.0,45.0,247.0,9,0.48,7.3,5.9,3.0,0.58,7.52,8.05,11.0,1.42,4.0,5.4,5.0,1,0,1,0,1,3
5550,1.0,2008,6.0,15.0,390.0,1886.0,11,0.27,3.4,3.8,2.0,0.23,3.4,8.4,2.0,0.23,3.4,8.4,2.0,1,0,0,1,0,3
5551,16.0,1981,9.0,218.0,1162.0,1887.0,1,0.0,0.0,0.0,0.0,0.0,0.0,0.0,0.0,0.0,0.0,0.0,0.0,0,0,0,0,0,3
5552,20.0,2013,9.0,20.0,1163.0,71.0,10,1.93,7.47,7.53,232.5,0.26,3.65,7.4,5.0,1.93,7.47,7.53,232.5,1,0,0,1,0,3
5553,4.0,2009,8.0,12.0,958.0,1888.0,3,1.38,5.5,7.2,1.0,0.09,5.5,5.5,2.0,0.09,5.5,5.5,2.0,0,0,0,0,0,3
5554,9.0,2005,5.0,1.0,3.0,1889.0,11,1.57,6.4,7.8,96.0,0.4,9.0,8.5,96.0,0.4,9.0,8.5,96.0,0,0,1,0,0,3
5555,1.0,2006,10.0,9.0,1164.0,1394.0,10,1.09,7.35,8.2,43.0,0.08,6.5,7.35,8.0,0.05,6.5,6.0,2.0,0,0,0,0,0,3
5556,13.0,1995,10.0,101.0,261.0,1890.0,1,0.0,0.0,0.0,0.0,0.0,0.0,0.0,0.0,0.0,0.0,0.0,0.0,0,0,0,0,0,3
5557,14.0,2006,1.0,3.0,373.0,1028.0,4,0.12,7.0,7.1,46.51040884215045,0.44,7.0,5.2,45.10081553814787,0.44,7.0,5.2,46.075008048073826,0,0,0,0,0,3
5558,7.0,2004,6.0,99.0,1165.0,1891.0,1,0.16,5.45,7.6,0.0,0.16,5.45,7.6,0.0,0.16,5.45,7.6,0.0,0,0,0,0,1,3
5559,23.0,2014,9.0,4.0,572.0,91.0,5,0.15,7.0,6.5,13.0,0.55,7.25,7.75,63.0,0.78,7.25,8.8,3.0,1,0,0,1,0,3
5560,15.0,2011,7.0,8.0,257.0,343.0,1,0.69,7.0,6.7,42.0,1.52,8.83,8.15,499.0,1.52,8.83,8.15,499.0,1,0,0,1,0,3
5561,6.0,2010,6.0,15.0,204.0,1791.0,11,0.36,3.0,4.0,1.0,0.09,6.0,6.7,39.0,0.09,6.0,6.7,39.0,0,0,0,1,0,3
5562,5.0,2009,9.0,36.0,1021.0,1637.0,6,0.01,4.05,4.07,10.5,0.4,7.2,7.8,51.5,0.13,7.6,7.47,26.0,1,0,0,0,0,3
5563,17.0,2009,1.0,3.0,102.0,126.0,10,0.4,7.75,8.33,9.0,0.4,7.75,8.33,9.0,0.4,7.75,8.33,9.0,1,0,1,0,1,3
5564,6.0,2014,10.0,26.0,323.0,1892.0,6,0.76,8.53,8.13,136.0,0.09,8.53,3.5,4.0,0.11,6.0,5.4,20.0,0,0,0,0,0,3
5565,6.0,2014,10.0,26.0,323.0,1892.0,6,0.18,8.53,7.5,146.5,0.11,8.53,5.0,1.0,0.11,6.0,5.4,20.0,0,0,0,0,0,3
5566,15.0,2008,4.0,11.0,110.0,136.0,9,0.01,5.33,5.53,61.0,0.06,8.03,8.25,146.5,0.06,8.03,8.25,146.5,0,0,0,0,0,3
5567,9.0,2004,9.0,15.0,87.0,110.0,11,0.42,7.8,7.1,1.0,0.19,4.9,5.7,1.0,0.13,4.8,6.15,1.0,0,0,1,0,0,3
5568,7.0,2004,9.0,29.0,91.0,392.0,10,0.46,4.75,3.0,2.0,0.02,4.75,8.0,2.0,0.94,5.65,7.35,1.0,0,0,0,0,0,3
5569,17.0,2012,10.0,26.0,1166.0,1207.0,1,0.62,6.072961653015631,6.425969843633651,50.50295255548768,0.62,6.152457185405805,6.543201787043918,48.179596823457544,0.35,6.196662323157107,6.5816586001488995,49.25208715129302,0,0,0,0,0,3
5570,15.0,2013,9.0,20.0,622.0,71.0,10,0.53,5.55,6.4,19.0,0.06,6.6,5.2,26.0,0.53,5.55,6.4,19.0,1,0,0,1,0,3
5571,7.0,2003,7.0,24.0,109.0,1893.0,12,0.08,6.3,6.95,2.0,0.06,4.2,1.2,0.0,0.17,5.95,6.65,1.0,1,0,0,0,0,3
5572,13.0,1999,1.0,8.0,31.0,1894.0,1,0.53,5.9864729458917845,6.425400801603205,44.05604395604396,0.66,6.120961923847696,6.589959919839676,34.17912087912088,0.66,6.162114228456913,6.618947895791575,38.04120879120879,0,0,0,0,0,3
5573,6.0,2015,9.0,13.0,51.0,67.0,2,0.03,7.73,7.03,123.5,0.03,7.73,7.03,123.5,0.04,7.73,7.03,123.5,1,1,1,1,0,3
5574,5.0,2006,3.0,11.0,662.0,563.0,9,0.37,6.6,6.4,17.0,0.02,7.42,6.8,15.0,0.09,5.1,6.75,3.0,1,0,0,1,0,3
5575,6.0,2008,9.0,9.0,713.0,1879.0,10,1.29,8.2,8.48,151.5,0.57,4.33,4.47,25.5,0.05,4.33,7.7,3.0,1,0,0,0,1,3
5576,23.0,2012,1.0,8.0,68.0,77.0,8,2.56,8.15,6.53,16.0,2.56,8.15,6.53,16.0,2.56,8.15,6.53,16.0,1,1,1,1,1,3
5577,4.0,2008,9.0,29.0,390.0,508.0,10,0.53,3.85,4.55,2.0,0.11,7.0,7.0,2.0,0.29,4.25,7.0,0.0,0,0,0,0,0,3
5578,5.0,2009,1.0,8.0,45.0,378.0,11,0.39,5.5,5.87,12.0,0.24,6.91,6.3,3.5,0.21,6.91,8.4,1.0,0,0,1,0,0,3
5579,5.0,2012,10.0,118.0,301.0,395.0,9,0.1,6.0,8.45,48.0,0.19,6.0,8.45,48.0,0.45,7.45,7.8,59.0,1,0,0,1,0,3
5580,4.0,2011,4.0,149.0,400.0,1895.0,2,0.1,7.7,8.2,9.0,0.33,7.7,8.2,9.0,0.33,7.7,8.2,9.0,0,0,0,0,0,3
5581,12.0,1998,1.0,31.0,263.0,1896.0,1,0.39,7.8,6.5,16.0,1.86,7.8,7.73,44.0,0.14,7.8,7.73,44.0,1,0,0,0,0,3
5582,4.0,2008,6.0,69.0,591.0,861.0,1,0.1,6.076557377049176,6.4289414021625335,50.52577025484975,0.1,6.1574189047785115,6.543221137077076,48.40728413845569,0.21,6.202197418904775,6.585209277990916,49.56694560669456,0,0,0,0,0,3
5583,18.0,2016,9.0,20.0,234.0,488.0,1,0.64,7.05,7.47,9.0,0.64,7.05,7.47,9.0,0.64,7.05,7.47,9.0,0,0,0,0,0,3
5584,17.0,2009,10.0,26.0,419.0,44.0,10,1.84,8.7,8.5,211.0,0.2,6.33,6.48,43.5,2.78,7.8,7.47,318.5,1,0,1,0,1,3
5585,7.0,2001,3.0,4.0,78.0,1897.0,10,0.56,6.25,6.75,3.0,0.56,6.25,6.75,3.0,0.56,6.25,6.75,3.0,0,0,0,0,0,3
5586,5.0,2007,5.0,26.0,396.0,1019.0,2,0.02,6.9,6.0,1.0,0.08,6.9,6.0,1.0,0.23,7.5,7.3,1.0,0,0,0,0,0,3
5587,13.0,1997,5.0,31.0,1167.0,1898.0,1,0.03,4.0,4.0,1.0,0.03,4.0,4.0,1.0,0.03,4.0,4.0,1.0,0,0,0,0,0,3
5588,14.0,2005,1.0,8.0,45.0,230.0,2,0.6,7.9,7.85,4.0,1.42,4.0,5.4,5.0,0.03,5.75,7.25,3.0,1,0,1,0,1,3
5589,6.0,2009,9.0,36.0,1021.0,1637.0,6,0.38,6.4,6.75,5.0,0.02,7.37,7.87,65.5,0.38,6.4,6.75,5.0,1,0,0,0,0,3
5590,13.0,2002,4.0,25.0,85.0,1899.0,1,0.14,8.0,8.0,6.0,0.81,8.0,8.0,6.0,0.81,8.0,8.0,6.0,1,1,0,0,0,3
5591,17.0,2010,7.0,8.0,565.0,448.0,1,0.53,7.23,7.2,99.5,0.46,7.23,7.2,99.5,0.95,7.15,6.9,37.0,1,0,0,0,0,3
5592,4.0,2010,2.0,59.0,187.0,427.0,12,0.33,6.65,7.45,31.0,0.19,6.65,7.45,31.0,0.29,3.5,7.22,3.0,0,0,0,0,0,3
5593,1.0,2008,3.0,88.0,1102.0,1900.0,12,0.19,2.6,6.0,5.0,0.36,2.6,4.45,5.0,0.36,2.6,4.45,5.0,0,0,0,0,0,3
5594,15.0,2009,9.0,22.0,63.0,71.0,8,4.25,8.7,8.62,860.0,4.25,8.7,8.62,860.0,4.25,8.7,8.62,860.0,1,0,0,0,0,3
5595,5.0,2007,9.0,24.0,79.0,40.0,10,0.46,6.69,6.62,24.5,0.46,6.69,6.62,24.5,0.46,6.69,6.62,24.5,0,0,0,0,0,3
5596,5.0,2008,2.0,24.0,810.0,88.0,10,0.42,4.75,5.75,4.0,0.46,4.45,6.15,5.0,0.46,4.45,6.15,5.0,0,0,0,0,0,3
5597,5.0,2006,7.0,3.0,1168.0,1901.0,7,0.03,7.98,7.35,73.0,0.27,6.75,8.1,7.5,0.03,7.98,7.35,73.0,0,0,0,1,0,3
5598,1.0,2009,6.0,3.0,96.0,1902.0,7,0.27,5.5,5.5,5.0,1.58,3.8,6.3,5.0,1.58,3.8,6.3,5.0,0,0,0,0,0,3
5599,13.0,1996,9.0,8.0,1169.0,1903.0,1,0.34,7.0,7.0,22.0,0.34,7.0,7.0,22.0,0.34,7.0,7.0,22.0,0,0,0,0,0,3
5600,13.0,1997,1.0,4.0,79.0,243.0,1,0.4,6.042070079121586,6.394020668496688,49.29562687356727,0.03,6.127673179396085,6.510931697077347,47.72615059072474,0.03,6.172315517519764,6.551114161149683,49.20948686298713,0,0,0,0,0,3
5601,11.0,2014,9.0,17.0,1099.0,1904.0,6,0.11,5.0,5.5,50.0,0.31,5.13,5.8,20.0,0.31,5.13,5.8,20.0,0,0,0,1,1,3
5602,5.0,2005,1.0,5.0,73.0,86.0,10,0.42,7.6,7.5,17.0,0.62,6.6,6.85,17.0,0.62,6.6,6.85,17.0,1,0,1,1,1,3
5603,13.0,1999,8.0,6.0,919.0,857.0,11,0.25,6.95,7.7,1.0,0.12,6.95,6.0,1.0,0.12,6.95,6.0,1.0,1,0,0,0,0,3
5604,5.0,2014,7.0,12.0,315.0,812.0,1,0.68,5.0,6.6,11.0,0.68,5.0,6.6,11.0,0.68,5.0,6.6,11.0,1,0,0,0,0,3
5605,7.0,2003,10.0,11.0,385.0,637.0,1,0.25,6.8,5.8,14.0,0.68,6.8,7.3,14.0,0.68,6.8,7.3,14.0,0,0,0,0,0,3
5606,7.0,2006,4.0,54.0,57.0,25.0,3,0.24,7.15,6.9,3.0,0.45,8.3,7.7,5.0,0.61,7.25,8.05,158.0,1,1,1,1,0,3
5607,15.0,2010,12.0,6.0,382.0,1905.0,3,0.03,5.8,7.0,3.0,0.02,5.8,7.0,3.0,0.11,3.45,6.2,0.0,0,0,0,0,0,3
5608,7.0,2008,9.0,3.0,448.0,1220.0,10,0.38,6.0,6.0,1.0,0.59,6.0,6.0,1.0,0.59,6.0,6.0,1.0,0,0,0,0,0,3
5609,11.0,2016,9.0,6.0,1170.0,1906.0,3,2.01,8.17,6.82,144.0,0.05,7.0,6.9,38.0,0.05,7.0,6.9,38.0,1,0,0,1,0,3
5610,4.0,2009,1.0,29.0,327.0,735.0,10,0.42,4.87,5.4,2.0,0.07,2.3,3.0,2.0,1.08,7.4,8.1,2.0,0,0,0,0,0,3
5611,5.0,2011,6.0,75.0,1171.0,1907.0,10,0.12,3.0,3.0,46.89055793991416,0.26,3.0,3.0,45.688006676204104,0.26,3.0,3.0,48.2448736289938,0,0,0,0,0,3
5612,7.0,2005,7.0,6.0,89.0,1908.0,8,0.16,7.25,7.78,69.0,0.16,7.25,7.78,69.0,0.16,7.25,7.78,69.0,0,0,0,0,0,3
5613,5.0,2010,7.0,54.0,212.0,1909.0,6,0.05,6.0,6.7,43.0,0.69,6.0,6.7,43.0,0.69,6.0,6.7,43.0,0,0,0,0,0,3
5614,5.0,2007,8.0,15.0,87.0,297.0,2,0.01,7.5,8.6,47.86400791034937,0.02,7.5,8.6,46.669215557020436,0.38,7.5,8.6,47.940870138431116,1,0,1,0,0,3
5615,1.0,2009,8.0,8.0,31.0,137.0,1,0.53,5.17,7.0,7.0,0.53,5.17,7.0,7.0,1.53,6.87,6.95,33.0,0,0,0,0,0,3
5616,19.0,2003,9.0,6.0,19.0,298.0,11,0.35,5.43,6.72,8.0,2.22,9.1,8.45,198.0,2.22,9.1,8.45,198.0,1,0,1,0,1,3
5617,7.0,2000,8.0,4.0,208.0,1910.0,11,0.47,5.57,5.8,11.5,0.47,5.57,5.8,11.5,0.47,5.57,5.8,11.5,0,0,0,0,0,3
5618,12.0,1997,1.0,15.0,791.0,1911.0,1,0.6,8.0,8.0,28.0,0.6,8.0,8.0,28.0,0.6,8.0,8.0,28.0,0,0,0,0,0,3
5619,13.0,2000,2.0,6.0,749.0,194.0,1,0.32,8.2,8.45,1.0,0.32,8.2,8.45,1.0,3.03,8.0,7.9,153.0,1,0,1,0,1,3
5620,3.0,1995,5.0,1.0,65.0,81.0,1,0.62,7.5,8.15,15.0,0.59,7.5,6.1,7.0,0.59,7.5,6.1,7.0,1,0,0,0,0,3
5621,11.0,2016,3.0,36.0,130.0,1912.0,12,0.09,6.45,7.0,5.0,0.24,6.45,6.3,8.5,0.24,6.45,6.3,8.5,0,0,0,0,0,3
5622,9.0,2001,9.0,35.0,840.0,1913.0,8,0.07,7.0,7.0,1.0,0.07,7.0,7.0,1.0,0.07,7.0,7.0,1.0,0,0,0,0,0,3
5623,13.0,2000,1.0,8.0,27.0,31.0,11,0.7,6.6,6.5,0.0,0.41,6.7,7.4,0.0,0.83,6.7,7.4,0.0,1,1,1,0,1,3
5624,4.0,2011,6.0,219.0,1172.0,1914.0,1,0.06,6.107652813930537,6.467882595817321,45.77475613360922,0.06,6.194403554438579,6.56657391616556,44.85269484678293,0.06,6.2266573916165795,6.606709451575302,45.76973100798108,0,0,0,0,0,3
5625,13.0,1997,3.0,4.0,331.0,1804.0,1,0.34,6.0,7.0,1.0,0.87,6.0,7.0,1.0,0.87,6.0,7.0,1.0,0,0,0,0,0,3
5626,1.0,2007,1.0,11.0,1173.0,1751.0,2,0.02,3.7,7.5,47.86400791034937,0.02,3.7,7.5,46.669215557020436,0.36,3.7,7.5,47.940870138431116,0,0,0,0,0,3
5627,7.0,2003,2.0,15.0,87.0,112.0,10,0.35,8.3,8.7,1.0,1.81,8.2,7.65,1.0,0.13,6.0,7.2,1.0,1,0,1,0,0,3
5628,13.0,1995,6.0,8.0,49.0,1915.0,1,1.27,7.3,7.3,8.0,1.27,7.3,7.3,8.0,1.27,7.3,7.3,8.0,0,0,0,0,0,3
5629,17.0,2008,1.0,6.0,19.0,435.0,11,0.39,6.83,8.7,1.0,0.39,6.83,8.7,1.0,0.82,6.83,7.32,42.5,0,0,1,0,0,3
5630,7.0,2004,6.0,15.0,71.0,1916.0,11,0.39,5.3,7.4,6.0,0.23,7.6,7.0,6.0,0.23,7.6,7.0,6.0,1,0,0,1,0,3
5631,1.0,2008,1.0,6.0,1174.0,1917.0,1,0.37,6.076557377049176,6.4289414021625335,50.52577025484975,0.37,6.1574189047785115,6.543221137077076,48.40728413845569,0.37,6.202197418904775,6.585209277990916,49.56694560669456,0,0,0,0,0,3
5632,7.0,2001,8.0,51.0,1175.0,1918.0,1,0.62,6.097708281522011,6.447693359860781,47.903901046622266,0.62,6.1815792091519635,6.559855757274357,46.559535136604595,0.62,6.221097985575736,6.597542899776213,47.730256898192195,0,0,0,0,0,3
5633,24.0,1995,10.0,19.0,51.0,57.0,1,0.76,7.2,7.2,24.0,0.35,7.7,7.7,11.0,0.07,8.3,8.3,28.0,1,0,1,0,0,3
5634,13.0,1999,1.0,15.0,1176.0,1919.0,1,0.37,5.9864729458917845,6.425400801603205,44.05604395604396,0.37,6.120961923847696,6.589959919839676,34.17912087912088,0.37,6.162114228456913,6.618947895791575,38.04120879120879,0,0,0,0,0,3
5636,7.0,2002,10.0,6.0,432.0,331.0,6,1.08,8.0,7.4,4.0,0.25,5.3,6.6,4.0,0.25,5.3,6.6,4.0,1,0,0,1,0,3
5637,17.0,2005,10.0,8.0,45.0,257.0,10,0.39,5.9,7.5,62.0,0.52,7.83,7.45,68.5,0.38,4.2,6.0,68.5,0,0,1,1,0,3
5638,9.0,2005,2.0,29.0,808.0,392.0,1,0.45,5.7,7.4,1.0,0.45,5.7,7.4,1.0,0.54,5.7,7.4,1.0,0,0,0,0,0,3
5639,2.0,1991,5.0,221.0,206.0,1921.0,1,0.0,0.0,0.0,0.0,2.56,0.0,4.0,1.0,2.56,0.0,4.0,1.0,1,1,0,0,1,3
5640,5.0,2009,9.0,8.0,387.0,135.0,6,0.47,5.6,5.7,5.0,0.51,4.0,5.25,4.0,0.51,4.0,5.25,4.0,0,0,1,0,0,3
5641,7.0,2003,1.0,5.0,47.0,1922.0,9,2.19,8.95,8.8,161.0,6.82,7.0,6.9,13.0,0.02,6.1,6.9,0.0,0,0,0,0,0,3
5642,7.0,2009,6.0,32.0,71.0,260.0,7,0.48,7.9,7.8,5.0,0.48,7.9,7.8,5.0,0.48,7.9,7.8,5.0,1,0,0,0,0,3
5643,4.0,2009,5.0,144.0,1178.0,1923.0,4,0.19,9.0,9.0,1.0,0.17,9.0,9.0,1.0,0.17,9.0,9.0,1.0,1,0,0,0,0,3
5644,9.0,2002,11.0,181.0,1179.0,1625.0,9,0.26,6.45,8.5,0.0,0.1,8.0,4.0,1.0,0.1,8.0,4.0,1.0,0,0,0,0,0,3
5645,16.0,1982,9.0,199.0,1180.0,1924.0,1,0.39,6.044535910681546,6.403519413431087,49.29867055181206,0.39,6.128021996333945,6.518846858856858,47.36022582407576,0.39,6.173142809531743,6.559936677220455,48.332179930795846,0,0,0,0,0,3
5646,13.0,1997,11.0,31.0,1181.0,225.0,1,1.06,4.5,7.0,1.0,0.06,4.5,7.6,42.0,2.81,7.3,7.08,40.5,0,0,0,0,0,3
5647,4.0,2008,1.0,159.0,1182.0,324.0,1,0.06,6.076557377049176,6.4289414021625335,50.52577025484975,0.13,6.1574189047785115,6.543221137077076,48.40728413845569,0.55,6.202197418904775,6.585209277990916,49.56694560669456,1,0,0,0,0,3
5648,11.0,2016,2.0,8.0,41.0,672.0,6,0.89,7.47,6.35,27.0,1.98,8.03,7.13,182.0,1.14,7.47,7.7,501.0,0,0,1,1,0,3
5649,17.0,2007,9.0,3.0,549.0,596.0,10,0.54,4.9,6.5,13.5,0.56,5.07,6.62,15.5,0.56,5.07,6.62,15.5,0,0,0,0,0,3
5650,14.0,2002,1.0,9.0,102.0,126.0,10,0.07,7.0,8.0,14.5,0.12,9.0,7.3,14.5,1.05,8.47,8.05,14.5,1,0,1,1,1,3
5651,1.0,2008,4.0,22.0,237.0,1925.0,11,1.08,7.37,6.9,215.0,1.52,5.5,6.45,4.0,1.52,5.5,6.45,4.0,0,0,0,0,0,3
5652,1.0,2010,12.0,17.0,556.0,65.0,1,0.4,5.8,7.05,21.0,0.4,5.8,7.05,21.0,1.6,8.2,8.35,103.0,1,1,0,0,0,3
5653,8.0,1993,4.0,69.0,24.0,861.0,1,0.22,6.6,6.6,5.0,0.96,8.0,8.0,1.0,0.96,8.0,8.0,1.0,0,0,0,0,0,3
5654,7.0,2003,10.0,26.0,672.0,1207.0,1,0.49,8.0,8.0,1.0,0.49,5.0,5.0,1.0,0.6,5.0,5.0,1.0,0,0,0,0,0,3
5655,9.0,2002,6.0,11.0,1183.0,1926.0,9,0.46,7.0,7.1,12.0,0.46,7.0,7.1,12.0,0.46,7.0,7.1,12.0,0,0,0,0,0,3
5656,7.0,2004,1.0,54.0,421.0,875.0,4,0.03,6.8,8.1,2.0,0.14,6.8,8.1,2.0,0.42,7.15,7.5,2.0,1,0,0,0,0,3
5657,13.0,1997,8.0,197.0,1184.0,1927.0,1,0.11,6.042070079121586,6.394020668496688,49.29562687356727,0.11,6.127673179396085,6.510931697077347,47.72615059072474,0.11,6.172315517519764,6.551114161149683,49.20948686298713,0,0,0,1,0,3
5658,13.0,1997,12.0,58.0,643.0,939.0,1,0.51,7.0,7.0,1.0,0.51,7.0,7.0,1.0,0.51,7.0,7.0,1.0,0,0,0,0,0,3
5659,8.0,1994,4.0,10.0,215.0,1928.0,1,1.83,7.25,9.02,170.5,1.17,7.25,6.8,5.0,1.17,7.25,6.8,5.0,0,0,0,0,0,3
5660,14.0,2003,1.0,2.0,522.0,803.0,8,0.3,7.3,7.25,18.0,0.02,6.95,6.45,3.0,0.99,7.45,8.3,0.0,0,0,0,0,0,3
5661,9.0,2001,1.0,8.0,296.0,77.0,11,0.4,6.8,7.1,3.0,0.43,7.9,8.2,0.0,0.58,8.5,7.6,0.0,1,1,0,0,1,3
5662,7.0,2008,1.0,8.0,45.0,31.0,1,0.41,6.0,6.1,7.0,0.41,6.0,6.1,7.0,0.41,6.0,6.1,7.0,0,0,1,0,0,3
5663,5.0,2007,7.0,36.0,491.0,1929.0,10,0.01,5.55,5.0,1.0,0.02,6.15,5.75,2.0,0.02,6.15,5.75,2.0,0,0,0,0,0,3
5664,4.0,2009,8.0,8.0,31.0,804.0,10,0.45,7.44,7.37,9.5,1.05,6.6,7.72,30.0,0.02,4.0,6.5,1.0,0,0,0,0,0,3
5665,14.0,2004,12.0,42.0,1185.0,1731.0,10,0.0,0.0,0.0,0.0,0.0,0.0,0.0,0.0,0.0,0.0,0.0,0.0,1,0,0,0,0,3
5666,7.0,2001,3.0,222.0,204.0,1930.0,10,0.0,0.0,0.0,0.0,0.45,6.0,6.7,39.0,0.45,6.0,6.7,39.0,0,0,0,0,0,3
5667,5.0,2010,1.0,5.0,321.0,1229.0,5,0.58,6.25,7.6,2.5,0.58,6.25,7.6,2.5,0.58,6.25,7.6,2.5,0,0,0,0,0,3
5668,8.0,1996,6.0,69.0,87.0,861.0,1,0.02,8.0,8.0,2.0,0.45,8.0,8.0,2.0,0.91,8.0,8.0,2.0,0,0,1,0,0,3
5669,13.0,2001,9.0,29.0,1186.0,1041.0,1,0.42,4.0,6.0,1.0,0.07,4.0,6.0,1.0,0.36,4.0,6.0,1.0,0,0,0,0,0,3
5670,7.0,2000,12.0,49.0,524.0,1335.0,6,0.03,5.0,5.0,45.977839702760086,0.06,5.0,5.0,45.177547770700635,0.12,5.0,5.0,46.42011677282378,1,0,0,0,0,3
5671,17.0,2007,9.0,5.0,518.0,370.0,1,0.59,3.0,5.3,4.0,0.25,4.05,6.7,1.0,1.21,5.0,5.0,2.0,0,0,0,0,1,3
5672,5.0,2011,11.0,42.0,400.0,1033.0,2,0.04,1.0,2.0,1.0,0.72,7.8,7.58,158.5,0.72,7.8,7.58,158.5,0,0,0,1,0,3
5673,5.0,2010,10.0,152.0,676.0,1240.0,12,0.12,5.9,6.55,2.0,0.01,8.0,7.85,57.0,0.01,8.0,7.85,57.0,1,0,0,0,0,3
5674,7.0,2002,11.0,4.0,284.0,440.0,3,0.63,7.57,7.77,10.5,0.56,6.25,6.75,3.0,0.56,6.25,6.75,3.0,0,0,0,0,0,3
5675,7.0,2009,6.0,5.0,512.0,758.0,10,0.43,5.5,6.2,3.0,1.06,7.97,7.55,75.5,0.91,8.03,7.35,64.0,0,0,0,0,0,3
5676,17.0,2007,3.0,4.0,529.0,782.0,12,0.13,8.15,8.15,38.0,0.25,8.15,8.15,38.0,0.25,8.15,8.15,38.0,0,0,0,0,0,3
5677,4.0,2008,6.0,15.0,1187.0,1931.0,1,2.11,6.0,6.2,44.0,2.11,6.0,6.2,44.0,2.11,6.0,6.2,44.0,0,0,0,0,0,3
5678,18.0,2015,6.0,6.0,19.0,23.0,10,0.36,6.5,7.1,0.0,0.36,6.5,7.1,0.0,0.36,6.5,7.1,0.0,1,1,1,1,0,3
5679,1.0,2008,9.0,13.0,51.0,67.0,6,0.23,6.1,7.93,0.0,0.04,7.93,7.93,181.0,0.03,8.31,8.2,413.0,1,1,1,0,0,3
5680,7.0,2004,9.0,49.0,253.0,320.0,8,0.15,7.4,7.15,13.0,1.35,6.6,7.77,12.5,0.86,6.1,7.65,2.0,1,0,0,1,1,3
5681,14.0,2002,11.0,2.0,295.0,663.0,10,0.13,7.0,7.4,7.0,0.1,7.3,7.85,53.0,1.18,8.0,9.0,176.0,1,0,1,0,0,3
5682,13.0,1998,2.0,87.0,1188.0,1932.0,1,0.23,6.0,6.0,1.0,0.23,6.0,6.0,1.0,0.23,6.0,6.0,1.0,0,0,0,0,0,3
5683,6.0,2016,9.0,20.0,234.0,488.0,1,0.34,7.0,7.05,6.0,0.34,7.0,7.05,6.0,0.34,7.0,7.05,6.0,0,0,0,0,0,3
5684,22.0,1999,1.0,9.0,461.0,1933.0,1,0.41,6.0,7.2,51.0,0.11,6.0,7.8,6.0,0.11,6.0,7.8,6.0,1,0,1,0,0,3
5685,15.0,2011,4.0,2.0,69.0,82.0,10,2.04,8.3,7.75,7.0,4.31,8.45,6.9,205.0,4.31,8.45,6.9,205.0,1,0,0,1,0,3
5686,18.0,2015,10.0,26.0,148.0,188.0,2,1.05,7.13,7.03,176.5,1.05,7.13,7.03,176.5,1.05,7.13,7.03,176.5,0,0,0,0,0,3
5687,15.0,2011,4.0,6.0,1189.0,1934.0,10,0.63,7.17,6.73,17.0,0.03,6.77,6.58,31.0,0.19,8.2,7.5,87.0,0,0,0,0,0,3
5688,5.0,2009,3.0,36.0,70.0,1935.0,5,0.17,7.2,7.2,1.0,0.48,7.2,7.2,1.0,0.48,7.2,7.2,1.0,0,0,0,0,0,3
5689,1.0,2010,1.0,26.0,185.0,1936.0,5,0.28,6.0,6.8,34.0,0.2,5.85,4.9,2.0,0.2,5.85,4.9,2.0,0,0,1,0,0,3
5690,13.0,1997,12.0,8.0,52.0,58.0,1,0.58,9.0,6.9,37.0,4.21,9.0,8.78,44.5,2.08,9.0,8.4,23.0,0,0,0,0,0,3
5691,17.0,2011,4.0,13.0,1190.0,1937.0,1,0.3,6.67,8.22,27.0,0.3,6.67,8.22,27.0,0.3,6.67,8.22,27.0,0,0,0,0,0,3
5692,14.0,2003,3.0,24.0,82.0,40.0,11,0.54,5.9,8.1,51.0,0.45,6.8,7.65,51.0,1.95,5.63,6.62,77.5,0,0,1,0,0,3
5693,1.0,2010,6.0,20.0,513.0,1333.0,10,0.06,6.0,4.8,11.0,1.04,6.0,4.8,11.0,0.28,6.0,4.8,11.0,0,0,0,0,0,3
5694,13.0,1995,1.0,4.0,297.0,1163.0,1,0.55,6.6,6.6,26.0,0.55,6.6,6.6,26.0,0.55,6.6,6.6,26.0,0,0,0,0,1,3
5695,1.0,2007,6.0,15.0,24.0,1938.0,9,0.79,7.0,5.1,1.0,0.01,5.3,5.1,1.0,0.06,5.0,5.0,4.0,0,0,0,0,0,3
5696,4.0,2010,9.0,33.0,286.0,374.0,9,0.97,4.5,8.0,49.51921757035004,0.3,4.5,8.0,47.858499199267904,1.86,8.0,5.0,49.493479752916954,0,0,0,0,0,3
5697,7.0,2007,1.0,15.0,87.0,1939.0,1,0.43,7.75,7.9,95.0,0.43,7.75,7.9,95.0,0.43,7.75,7.9,95.0,0,0,1,0,0,3
5698,4.0,2007,7.0,15.0,377.0,1087.0,11,0.69,5.25,6.4,6.0,0.11,5.25,6.4,6.0,0.58,7.4,7.75,14.0,1,0,0,0,0,3
5699,9.0,2003,1.0,8.0,296.0,77.0,9,0.62,8.07,7.35,2.0,0.61,8.03,8.15,0.5,0.51,9.4,7.2,0.5,1,1,0,1,0,3
5700,6.0,2014,7.0,12.0,315.0,812.0,1,0.33,5.0,6.6,11.0,0.33,5.0,6.6,11.0,0.33,5.0,6.6,11.0,1,0,0,0,0,3
5701,8.0,1995,2.0,15.0,1191.0,1940.0,1,0.6,5.0,5.0,46.30825496342738,0.6,5.0,5.0,45.062225705329155,0.6,5.0,5.0,46.031556948798325,1,0,0,0,0,3
5702,10.0,2011,5.0,17.0,500.0,1941.0,3,0.94,6.9,7.6,17.0,1.09,6.6,7.5,21.0,1.09,6.6,7.5,21.0,0,0,0,0,0,3
5703,3.0,1999,9.0,1.0,375.0,513.0,10,2.5,6.0,7.75,55.0,0.05,6.0,9.4,7.0,0.05,6.0,9.4,7.0,1,1,0,0,0,3
5704,17.0,2008,1.0,15.0,87.0,1942.0,1,1.0,6.0,6.2,44.0,0.5,6.5,7.2,1.0,0.5,6.5,7.2,1.0,0,0,1,0,0,3
5705,13.0,1998,6.0,223.0,1192.0,1943.0,1,0.0,0.0,0.0,0.0,0.0,0.0,0.0,0.0,0.0,0.0,0.0,0.0,0,0,0,0,0,3
5706,1.0,2008,9.0,9.0,186.0,1264.0,6,0.06,7.8,7.25,1.0,0.1,6.1,7.25,1.0,0.1,6.1,7.25,1.0,0,0,0,0,0,3
5707,5.0,2008,6.0,11.0,185.0,107.0,11,0.03,7.15,7.4,3.0,0.19,5.1,5.15,11.0,1.35,5.85,6.2,0.0,1,0,1,0,1,3
5708,14.0,2002,1.0,2.0,448.0,1732.0,10,0.56,5.55,6.35,4.0,0.38,6.45,6.9,6.0,0.37,7.6,7.8,6.0,1,0,0,0,1,3
5709,7.0,2005,1.0,8.0,45.0,31.0,3,0.87,7.93,8.45,13.0,0.29,8.8,7.9,13.0,0.06,3.0,6.1,22.0,1,1,1,0,0,3
5710,4.0,2007,11.0,5.0,679.0,1277.0,10,0.45,5.4,7.05,2.0,0.09,5.6,7.05,2.0,0.11,5.6,7.05,2.0,0,0,0,0,0,3
5711,4.0,2005,9.0,6.0,19.0,167.0,5,0.05,7.25,7.6,17.0,0.08,8.5,7.9,4.0,1.24,5.55,7.05,30.0,0,0,1,0,0,3
5712,10.0,2015,6.0,9.0,34.0,1944.0,9,0.23,7.5,7.33,335.5,0.17,7.75,7.7,68.0,0.17,7.75,7.7,68.0,0,0,1,1,0,3
5713,10.0,2014,12.0,26.0,818.0,188.0,1,0.38,7.5,7.5,2.0,0.38,7.5,7.5,2.0,0.29,7.5,7.5,2.0,0,0,0,0,0,3
5714,4.0,2010,2.0,5.0,1193.0,370.0,1,0.51,6.0,6.4,8.0,0.51,6.0,6.4,8.0,0.24,2.0,6.4,8.0,0,0,0,0,1,3
5715,6.0,2007,1.0,4.0,571.0,836.0,5,4.2,7.5,6.6,74.0,0.13,5.1,5.65,4.0,0.93,8.3,8.6,4.0,0,0,0,0,0,3
5716,11.0,2016,7.0,42.0,1194.0,521.0,5,0.17,7.0,7.8,12.0,0.17,7.0,7.8,12.0,0.91,5.5,5.25,171.0,0,0,0,1,0,3
5717,7.0,2003,6.0,4.0,1195.0,1945.0,1,0.4,6.0,6.0,47.685338686698614,0.4,6.0,6.0,46.47707550835384,0.4,6.0,6.0,47.855459137417434,0,0,0,0,0,3
5718,13.0,1996,11.0,53.0,1196.0,1409.0,1,0.78,6.074598214285714,6.518080357142857,51.629901960784316,0.78,6.105133928571427,6.627678571428572,32.81127450980392,0.78,6.240669642857141,6.645223214285716,43.85294117647059,1,0,0,0,0,3
5719,14.0,2004,12.0,15.0,87.0,277.0,1,0.54,5.0,8.0,1.0,0.88,5.0,6.6,19.0,0.95,7.2,7.6,10.0,0,0,1,1,0,3
5720,14.0,2005,9.0,11.0,146.0,179.0,11,0.5,6.3,6.8,15.0,0.45,6.3,8.1,15.0,0.45,6.3,8.1,15.0,0,0,0,0,0,3
5721,14.0,2005,9.0,40.0,347.0,216.0,9,0.28,7.75,8.2,0.0,0.48,7.75,8.2,0.0,0.76,7.05,8.05,5.0,1,1,0,1,0,3
5722,4.0,2006,9.0,40.0,284.0,1946.0,11,0.12,5.5,7.8,6.0,0.09,6.45,7.5,1.0,0.09,6.45,7.5,1.0,0,0,0,0,1,3
5723,13.0,1997,7.0,10.0,215.0,1947.0,1,0.53,5.5,5.5,2.0,0.63,9.5,9.5,4.0,0.63,9.5,9.5,4.0,0,0,0,0,0,3
5724,13.0,1998,6.0,4.0,1197.0,1948.0,1,0.34,6.0160609318996405,6.403268817204285,46.05333068992863,0.34,6.099759856630821,6.523605734767007,42.11122125297383,0.34,6.1246594982078815,6.541229390680994,45.49722442505948,0,0,0,0,0,3
5725,4.0,2009,5.0,224.0,1198.0,1949.0,1,0.0,0.0,0.0,0.0,0.0,0.0,0.0,0.0,0.0,0.0,0.0,0.0,0,0,0,0,0,3
5726,18.0,2014,9.0,42.0,715.0,1077.0,1,0.12,6.2,6.65,67.0,0.19,7.23,7.98,231.0,0.19,7.23,7.98,231.0,0,0,0,1,0,3
5727,5.0,2010,9.0,13.0,1099.0,1768.0,1,0.42,7.65,8.85,86.0,0.36,5.13,5.52,40.0,0.36,5.13,5.52,40.0,0,0,0,0,0,3
5728,5.0,2012,1.0,15.0,87.0,102.0,9,0.1,4.27,6.25,32.5,0.19,5.45,5.8,17.0,0.18,7.0,6.1,13.0,0,1,1,0,0,3
5729,7.0,2003,8.0,96.0,804.0,946.0,1,0.21,5.8,6.6,2.0,0.1,5.8,6.6,2.0,0.41,5.75,8.5,0.0,1,0,0,0,0,3
5730,7.0,2009,12.0,26.0,683.0,701.0,1,0.4,8.5,8.5,4.0,0.4,8.5,8.5,4.0,0.06,8.5,8.5,4.0,0,0,0,0,0,3
5731,4.0,2007,9.0,225.0,1067.0,1345.0,11,0.0,0.0,0.0,0.0,0.0,0.0,0.0,0.0,0.52,5.0,0.0,0.0,0,0,0,0,0,3
5732,24.0,1995,7.0,9.0,1199.0,1737.0,1,0.37,8.0,8.0,59.0,0.37,8.0,8.0,59.0,0.37,8.0,8.0,59.0,1,0,0,0,1,3
5733,13.0,2001,9.0,3.0,1200.0,1950.0,4,0.53,7.47,6.22,34.5,0.53,7.47,6.22,34.5,0.53,7.47,6.22,34.5,0,0,0,0,0,3
5734,14.0,2005,7.0,6.0,127.0,844.0,10,0.05,7.2,7.8,33.0,0.46,7.4,7.5,33.0,0.46,7.4,7.5,33.0,0,0,0,0,0,3
5735,9.0,2005,9.0,29.0,1201.0,1951.0,1,0.43,5.941533923303834,6.313171091445431,50.56199677938808,0.43,6.055781710914458,6.470575221238942,37.569243156199676,0.43,6.052935103244841,6.466165191740415,43.750402576489535,0,0,0,0,0,3
5736,13.0,1999,12.0,58.0,643.0,939.0,1,0.08,5.9864729458917845,6.425400801603205,44.05604395604396,0.32,6.120961923847696,6.589959919839676,34.17912087912088,0.32,6.162114228456913,6.618947895791575,38.04120879120879,1,0,0,0,0,3
5737,17.0,2005,2.0,13.0,51.0,1952.0,1,1.69,9.6,9.2,5.0,0.2,5.35,4.8,5.0,0.2,5.35,4.8,5.0,1,0,1,0,0,3
5738,1.0,2009,1.0,57.0,783.0,422.0,9,0.12,4.4,6.3,1.0,0.12,4.4,6.3,1.0,0.13,4.2,6.3,1.0,0,0,0,0,0,3
5739,17.0,2010,4.0,17.0,1202.0,1953.0,1,0.98,6.3,7.25,22.0,0.04,5.05,6.35,1.0,0.04,5.05,6.35,1.0,0,0,0,0,0,3
5740,12.0,1997,1.0,15.0,87.0,1954.0,1,0.59,6.042070079121586,6.394020668496688,49.29562687356727,0.03,6.127673179396085,6.510931697077347,47.72615059072474,0.03,6.172315517519764,6.551114161149683,49.20948686298713,0,0,1,0,0,3
5741,12.0,1998,2.0,15.0,1203.0,1955.0,1,0.47,6.0160609318996405,6.403268817204285,46.05333068992863,0.47,6.099759856630821,6.523605734767007,42.11122125297383,0.47,6.1246594982078815,6.541229390680994,45.49722442505948,0,0,0,0,0,3
5742,12.0,1999,3.0,8.0,80.0,747.0,9,2.31,8.6,8.5,3.0,0.98,8.6,6.3,3.0,1.07,8.6,6.3,3.0,0,0,0,0,0,3
5743,12.0,1998,3.0,5.0,452.0,631.0,1,0.41,5.0,7.6,37.0,1.23,5.0,6.3,14.0,1.23,5.0,6.3,14.0,0,0,0,0,0,3
5744,12.0,1999,1.0,3.0,1204.0,1956.0,1,3.42,7.0,7.25,42.0,3.42,7.0,7.25,42.0,3.42,7.0,7.25,42.0,0,0,0,0,0,3
5745,12.0,2001,8.0,1.0,1205.0,1957.0,1,0.7,9.07,8.68,107.5,0.7,9.07,8.68,107.5,0.7,9.07,8.68,107.5,0,0,0,0,0,3
5746,15.0,2015,8.0,9.0,34.0,498.0,11,0.16,7.6,6.45,1.0,0.16,7.6,6.45,1.0,0.71,8.0,6.43,54.0,1,0,1,0,0,3
5747,15.0,2015,8.0,9.0,34.0,498.0,11,0.31,8.0,8.2,38.0,0.31,8.0,8.2,38.0,0.48,8.5,7.07,38.0,1,0,1,0,0,3
5748,4.0,2006,10.0,26.0,585.0,637.0,1,0.52,9.0,8.38,1.5,0.3,9.0,5.4,11.0,0.23,4.0,6.0,1.0,0,0,0,0,0,3
5749,5.0,2010,9.0,33.0,670.0,1096.0,2,0.08,5.44,6.37,40.0,0.01,5.44,6.37,40.0,0.06,5.95,5.2,8.0,0,0,0,0,0,3
5750,18.0,2015,9.0,33.0,249.0,411.0,8,0.44,7.0,7.5,3.5,0.44,7.0,7.5,3.5,0.44,7.0,7.5,3.5,1,0,0,1,0,3
5751,10.0,2014,9.0,26.0,1206.0,1958.0,1,0.33,4.8,4.67,141.0,0.33,4.8,4.67,141.0,0.33,4.8,4.67,141.0,0,0,0,0,0,3
5752,1.0,2008,6.0,75.0,975.0,1959.0,12,0.06,4.0,3.0,1.0,0.44,2.0,3.0,1.0,0.44,2.0,3.0,1.0,0,0,0,0,0,3
5753,1.0,2010,9.0,8.0,31.0,137.0,9,0.6,7.93,8.03,25.0,0.73,7.93,8.17,25.5,0.11,5.25,6.3,7.0,0,0,0,0,0,3
5754,7.0,2007,1.0,15.0,87.0,102.0,1,0.33,6.75,6.9,12.0,0.33,6.75,6.9,12.0,0.17,6.3,6.95,1.0,0,0,1,0,0,3
5755,1.0,2008,6.0,5.0,1207.0,370.0,1,1.26,5.0,6.0,20.0,1.26,5.0,6.0,20.0,0.3,5.0,4.7,2.0,0,0,0,0,1,3
5756,1.0,2008,8.0,71.0,617.0,857.0,12,0.1,5.5,9.0,0.0,0.58,5.0,9.0,0.0,0.42,5.0,9.0,1.0,1,0,0,0,0,3
5757,14.0,2002,7.0,5.0,82.0,1960.0,11,0.47,5.55,6.98,13.0,0.57,8.33,7.43,14.0,0.57,8.33,7.43,14.0,0,0,1,0,0,3
5758,4.0,2010,12.0,15.0,87.0,277.0,2,0.02,7.3,7.5,45.58566176470588,0.05,7.3,7.5,44.6546875,0.1,7.3,7.5,45.84627757352941,0,0,1,1,0,3
5759,9.0,2002,9.0,6.0,51.0,1961.0,10,0.06,6.75,7.6,20.0,0.11,7.4,8.3,86.0,0.11,7.4,8.3,86.0,1,0,1,0,1,3
5760,1.0,2009,12.0,71.0,832.0,1962.0,4,0.38,5.85,7.5,36.0,0.56,7.4,7.85,66.0,0.56,7.4,7.85,66.0,0,0,0,0,0,3
5761,16.0,1982,9.0,226.0,1208.0,1963.0,1,0.0,0.0,0.0,0.0,0.0,0.0,0.0,0.0,0.0,0.0,0.0,0.0,0,0,0,0,0,3
5762,7.0,2005,6.0,4.0,1209.0,1964.0,1,0.64,5.941533923303834,6.313171091445431,50.56199677938808,0.64,6.055781710914458,6.470575221238942,37.569243156199676,0.64,6.052935103244841,6.466165191740415,43.750402576489535,0,0,0,0,0,3
5763,4.0,2005,2.0,5.0,155.0,582.0,6,0.89,6.3,6.28,11.0,0.07,4.0,2.0,1.0,1.31,5.8,6.08,12.5,0,0,0,0,0,3
5764,5.0,2005,1.0,8.0,27.0,454.0,10,0.33,6.65,7.45,62.0,0.11,8.2,5.8,62.0,0.48,7.3,5.9,3.0,0,0,1,0,1,3
5765,7.0,2008,1.0,6.0,19.0,435.0,11,0.34,6.93,6.4,45.0,0.34,6.93,6.4,45.0,0.66,6.93,6.4,45.0,0,0,1,0,0,3
5766,24.0,1997,4.0,72.0,400.0,1243.0,1,0.2,4.0,7.0,1.0,0.02,4.0,7.0,3.0,0.37,4.0,7.0,3.0,0,0,0,0,0,3
5767,6.0,2008,1.0,7.0,373.0,1028.0,3,0.12,4.13,5.95,2.5,0.09,7.13,7.57,3.5,0.09,6.1,7.57,3.5,0,0,0,0,0,3
5768,1.0,2010,1.0,5.0,783.0,1242.0,9,0.4,7.0,7.0,1.0,0.61,8.0,8.0,1.0,0.1,7.0,7.0,1.0,0,0,0,0,0,3
5769,5.0,2006,12.0,8.0,137.0,169.0,1,0.44,4.0,6.1,10.0,0.58,6.15,7.45,32.0,0.08,7.1,7.8,21.0,0,0,1,0,0,3
5770,13.0,1998,3.0,53.0,423.0,1965.0,1,0.31,3.0,4.8,55.0,1.3,3.0,6.0,1.0,1.3,3.0,6.0,1.0,0,0,0,0,0,3
5771,14.0,2004,6.0,40.0,237.0,519.0,10,0.68,7.4,7.9,1.0,0.68,7.4,7.9,1.0,0.17,7.2,5.05,1.0,1,0,0,0,0,3
5772,13.0,1997,8.0,10.0,129.0,25.0,1,0.37,7.4,8.1,16.0,0.37,7.4,8.1,16.0,2.45,7.4,8.8,146.0,1,1,0,0,0,3
5773,4.0,2006,5.0,6.0,1210.0,1966.0,9,0.43,6.3,6.65,5.0,0.43,6.3,6.65,5.0,0.43,6.3,6.65,5.0,0,0,0,0,0,3
5774,15.0,2012,4.0,8.0,599.0,874.0,2,0.87,7.55,7.4,108.0,0.89,7.5,7.45,108.0,0.89,7.5,7.45,108.0,1,0,0,0,0,3
5775,19.0,2002,3.0,8.0,27.0,472.0,9,0.61,8.03,8.15,0.5,4.14,8.67,7.8,10.5,0.33,8.2,7.8,10.5,0,0,1,0,0,3
5776,17.0,2012,12.0,26.0,683.0,701.0,1,0.36,7.0,8.4,5.0,0.36,7.0,8.4,5.0,0.05,7.0,7.8,5.0,0,0,0,0,0,3
5777,6.0,2012,9.0,4.0,1211.0,1967.0,5,0.2,7.6,8.85,2.0,0.2,7.6,8.85,2.0,0.2,7.6,8.85,2.0,0,0,0,1,0,3
5778,4.0,2010,5.0,20.0,1212.0,344.0,12,0.59,3.3,3.7,49.93467259622757,0.59,3.3,3.7,48.478224198742524,2.01,7.1,5.8,49.94947094003987,0,0,0,0,0,3
5779,13.0,1998,1.0,4.0,1213.0,1381.0,1,0.33,7.3,7.3,4.0,0.33,7.3,7.3,4.0,0.51,7.3,7.3,4.0,1,0,0,0,0,3
5780,7.0,2002,3.0,18.0,217.0,184.0,3,0.1,8.13,7.88,42.5,2.41,7.6,8.4,0.0,0.4,5.0,6.1,12.0,0,0,0,0,0,3
5781,17.0,2007,1.0,8.0,45.0,247.0,10,0.38,6.9,5.0,1.0,0.64,6.66,6.67,25.5,0.64,6.66,6.67,25.5,1,0,1,0,1,3
5782,6.0,2011,10.0,71.0,1139.0,1850.0,11,0.26,6.0,7.4,13.0,0.03,6.0,7.4,13.0,0.11,5.77,4.95,44.5,0,0,0,1,0,3
5783,7.0,2001,1.0,4.0,395.0,378.0,11,0.72,6.2,7.1,0.0,0.4,6.2,7.1,0.0,0.19,3.95,7.1,0.0,0,0,0,0,0,3
5784,13.0,1998,6.0,31.0,1077.0,697.0,1,0.36,2.0,5.0,5.0,0.22,2.0,5.0,5.0,0.71,8.0,7.8,184.0,0,0,0,0,0,3
5785,7.0,2001,6.0,227.0,1214.0,1968.0,3,0.0,0.0,0.0,0.0,0.0,0.0,0.0,0.0,0.0,0.0,0.0,0.0,1,0,0,0,0,3
5786,8.0,1993,2.0,15.0,87.0,1416.0,1,0.07,7.4,7.4,19.0,0.07,7.4,7.4,19.0,0.48,7.3,7.3,9.0,1,0,1,0,0,3
5787,16.0,1981,9.0,142.0,1215.0,1969.0,1,0.59,6.2,6.2,9.0,0.59,6.2,6.2,9.0,0.59,6.2,6.2,9.0,0,0,0,0,0,3
5788,7.0,2002,9.0,5.0,1216.0,1970.0,9,0.46,6.87,7.45,6.0,0.46,6.87,7.45,6.0,0.46,6.87,7.45,6.0,0,0,0,0,0,3
5789,13.0,1999,2.0,14.0,287.0,1971.0,1,0.19,7.13,7.15,11.0,0.64,7.13,5.0,1.0,0.64,7.13,5.0,1.0,0,0,0,0,0,3
5790,23.0,2013,4.0,134.0,1217.0,1972.0,1,0.04,6.8,6.85,2.0,0.04,6.8,8.1,41.0,0.14,6.8,8.1,41.0,0,0,0,1,0,3
5791,17.0,2010,4.0,228.0,1218.0,1973.0,11,0.02,8.0,7.1,208.0,0.23,7.3,7.5,7.0,0.06,7.3,6.0,2.0,0,0,0,0,0,3
5792,1.0,2009,1.0,6.0,19.0,435.0,11,0.42,7.25,6.15,12.5,0.42,7.25,6.15,12.5,0.31,7.25,6.15,12.5,0,0,1,0,0,3
5793,4.0,2009,6.0,195.0,1219.0,1974.0,1,0.41,6.06531266560678,6.414785373608896,47.58155002891845,0.41,6.151277159512439,6.537713301536816,45.36119144013881,0.41,6.18789083200847,6.572859035506092,49.094852515905146,0,0,0,0,0,3
5794,18.0,2013,2.0,5.0,82.0,280.0,10,0.6,7.63,6.92,6.5,0.6,7.63,6.92,6.5,0.6,7.63,6.92,6.5,1,0,1,0,0,3
5795,13.0,1999,6.0,5.0,1220.0,1975.0,1,1.71,7.5,7.25,16.0,1.71,7.5,7.25,16.0,1.71,7.5,7.25,16.0,0,0,0,0,0,3
5796,6.0,2009,9.0,5.0,229.0,1373.0,3,0.28,5.47,6.92,7.5,0.1,5.75,6.85,2.0,0.1,5.75,6.85,2.0,0,0,0,0,0,3
5797,17.0,2010,9.0,15.0,460.0,470.0,2,0.59,7.12,7.17,56.5,0.07,6.4,5.6,48.0,0.4,6.26,6.38,109.0,1,0,0,0,0,3
5798,14.0,2002,10.0,21.0,1221.0,1976.0,7,1.23,6.0,7.0,16.0,1.23,6.0,7.0,16.0,1.23,6.0,7.0,16.0,0,0,0,0,0,3
5799,13.0,2000,5.0,91.0,1222.0,1977.0,1,0.03,6.080184531886015,6.4249240162822545,49.17336199229173,0.03,6.164715061058349,6.539900949796512,47.802772013044766,0.03,6.208497964721839,6.582871099050231,49.20360213459828,0,0,0,0,0,3
5800,9.0,2001,5.0,1.0,1223.0,1978.0,6,5.49,8.7,8.1,197.0,5.49,8.7,8.1,197.0,5.49,8.7,8.1,197.0,0,0,0,0,0,3
5801,13.0,2000,2.0,4.0,1224.0,1979.0,11,0.36,5.1,5.1,47.93749171417208,0.15,5.1,5.1,46.73472093331566,0.15,5.1,5.1,47.96314463741217,0,0,0,0,0,3
5802,7.0,2002,9.0,4.0,448.0,1980.0,6,0.57,7.6,7.8,45.704528985507245,0.37,7.6,7.8,44.989945652173915,0.37,7.6,7.8,46.33048007246377,0,0,0,0,0,3
5803,8.0,1996,4.0,51.0,1225.0,1981.0,1,0.9,6.074598214285714,6.518080357142857,51.629901960784316,0.9,6.105133928571427,6.627678571428572,32.81127450980392,0.9,6.240669642857141,6.645223214285716,43.85294117647059,0,0,0,0,0,3
5804,8.0,1994,10.0,26.0,40.0,1982.0,1,0.53,6.060073064770927,6.419377962085287,50.71839204668252,0.53,6.1445201421800935,6.542274881516566,48.91938621136806,0.53,6.189670221169031,6.580169826224309,49.949751458828615,0,0,1,1,0,3
5805,7.0,2000,4.0,5.0,1226.0,1983.0,10,0.63,4.2,5.1,3.0,0.63,4.2,5.1,3.0,0.63,4.2,5.1,3.0,0,0,0,0,1,3
5806,10.0,2013,11.0,20.0,234.0,488.0,6,1.25,7.4,7.6,46.0,0.22,7.5,7.35,64.0,1.46,7.5,7.35,64.0,0,0,0,0,0,3
5807,4.0,2009,8.0,6.0,1227.0,1984.0,3,0.57,6.8,7.48,42.5,0.57,6.8,7.48,42.5,0.57,6.8,7.48,42.5,0,0,0,0,0,3
5808,5.0,2009,4.0,58.0,643.0,1985.0,10,0.14,6.5,8.05,2.0,0.07,6.5,8.05,2.0,0.22,6.3,6.7,29.0,0,0,0,0,0,3
5809,9.0,2005,9.0,5.0,82.0,158.0,10,0.38,6.33,7.03,43.5,0.89,6.3,6.28,11.0,0.39,6.85,7.25,11.0,1,0,1,1,0,3
5810,4.0,2006,9.0,29.0,669.0,392.0,10,0.34,4.7,6.05,4.0,0.03,4.8,6.05,4.0,0.49,5.3,5.7,4.0,0,0,0,0,0,3
5811,14.0,2003,3.0,2.0,653.0,1986.0,6,0.83,7.35,7.35,18.0,0.78,7.1,7.35,18.0,0.78,7.1,7.35,18.0,1,0,0,0,0,3
5812,9.0,2002,3.0,73.0,1228.0,370.0,3,0.61,6.23,7.63,5.5,0.61,6.23,7.63,5.5,0.61,6.23,7.63,5.5,0,0,0,0,1,3
5813,6.0,2014,9.0,26.0,672.0,1207.0,6,0.32,6.5,7.1,12.0,0.38,7.75,6.95,38.0,0.38,7.75,6.95,38.0,0,0,0,0,0,3
5814,5.0,2014,7.0,9.0,270.0,706.0,10,0.5,7.27,8.07,117.0,1.13,7.3,8.15,171.0,0.5,7.27,8.07,117.0,0,0,0,1,0,3
5815,3.0,1995,6.0,1.0,1229.0,1987.0,1,0.41,7.0,7.0,7.0,0.41,7.0,7.0,7.0,0.41,7.0,7.0,7.0,0,0,0,0,0,3
5816,24.0,1996,7.0,9.0,766.0,1161.0,1,0.43,5.0,7.5,55.0,0.04,5.0,7.5,55.0,0.62,2.0,9.0,1.0,1,0,1,0,0,3
5817,13.0,1998,10.0,10.0,585.0,1988.0,1,0.7,7.0,7.0,1.0,0.92,7.3,7.3,18.0,0.92,7.3,7.3,18.0,0,0,0,0,0,3
5818,17.0,2005,6.0,9.0,1.0,1989.0,1,0.67,8.0,7.4,20.0,1.17,7.53,7.92,35.0,1.17,7.53,7.92,35.0,0,0,1,0,0,3
5819,1.0,2011,6.0,15.0,968.0,1990.0,11,0.06,6.75,6.9,22.5,0.26,6.75,6.9,22.5,0.26,6.75,6.9,22.5,1,0,0,1,0,3
5820,9.0,2003,2.0,21.0,98.0,88.0,10,0.19,6.05,7.0,8.0,0.11,7.6,7.85,8.0,1.97,5.03,4.63,27.5,0,0,0,0,0,3
5821,13.0,2000,9.0,78.0,997.0,894.0,9,0.24,5.2,7.45,0.5,0.42,5.2,7.45,0.5,0.42,5.2,7.45,0.5,1,0,0,0,0,3
5822,6.0,2012,12.0,26.0,643.0,939.0,1,0.32,7.0,8.0,4.0,0.44,7.0,8.0,4.0,0.42,7.0,8.4,5.0,0,0,0,0,0,3
5823,6.0,2007,7.0,40.0,210.0,921.0,9,0.03,5.7,7.5,47.74484613086346,0.09,5.7,7.5,44.120854496564085,0.09,5.7,7.5,48.0920227069017,0,0,0,0,0,3
5824,1.0,2007,8.0,1.0,400.0,1991.0,11,5.0,5.9,6.35,66.0,0.21,7.0,8.2,85.0,0.21,7.0,8.2,85.0,0,0,0,0,0,3
5825,4.0,2007,9.0,5.0,82.0,370.0,5,0.48,5.27,5.27,29.5,0.48,5.27,5.27,29.5,0.28,5.27,5.27,29.5,0,0,1,0,1,3
5826,17.0,2006,5.0,33.0,494.0,718.0,1,0.18,5.25,6.5,4.0,1.11,8.0,7.7,33.0,1.11,8.0,7.7,33.0,1,0,0,0,1,3
5827,20.0,2014,9.0,1.0,150.0,1992.0,12,0.4,6.8,6.15,3.0,0.37,8.15,8.2,68.0,0.27,5.95,6.9,1.0,0,0,0,0,0,3
5828,15.0,2006,8.0,42.0,1230.0,524.0,11,0.15,7.4,7.25,5.0,0.15,7.4,7.25,5.0,0.15,7.4,7.25,5.0,0,0,0,0,0,3
5829,13.0,1995,2.0,4.0,504.0,1993.0,1,0.46,7.0,7.3,16.0,0.07,7.0,7.3,16.0,0.07,7.0,7.3,16.0,0,0,0,0,0,3
5830,7.0,2005,6.0,15.0,71.0,1994.0,11,0.47,8.45,8.2,122.0,0.32,8.2,7.8,122.0,0.32,8.2,7.8,122.0,1,0,0,1,0,3
5831,4.0,2010,9.0,20.0,377.0,1995.0,9,0.46,7.6,9.1,49.51921757035004,0.54,4.7,9.1,47.858499199267904,0.54,4.7,9.1,49.493479752916954,0,0,0,0,0,3
5832,19.0,2002,3.0,31.0,170.0,238.0,4,0.2,7.5,7.5,45.0,0.74,7.3,7.1,45.0,0.74,7.3,7.1,45.0,1,0,0,0,1,3
5833,9.0,2005,2.0,33.0,460.0,1996.0,8,0.52,5.2,6.9,1.0,0.57,6.3,6.9,1.0,0.57,6.3,6.9,1.0,0,0,0,0,0,3
5834,7.0,2003,9.0,13.0,51.0,1997.0,9,0.02,5.8,6.23,106.5,1.97,6.93,6.23,106.5,1.97,6.93,6.23,106.5,0,0,1,0,0,3
5835,5.0,2011,10.0,6.0,19.0,1998.0,10,0.41,7.17,6.73,17.0,0.63,7.17,6.73,17.0,0.63,7.17,6.73,17.0,0,0,1,0,0,3
5836,5.0,2011,3.0,5.0,619.0,1999.0,3,0.06,8.0,8.0,20.0,0.02,8.0,8.0,20.0,0.02,8.0,8.0,20.0,0,0,0,0,0,3
5837,4.0,2009,5.0,9.0,478.0,690.0,1,1.23,8.73,8.23,444.5,1.23,8.73,8.23,444.5,0.28,8.73,7.0,1.0,1,0,0,0,0,3
5838,1.0,2010,2.0,5.0,1193.0,370.0,1,0.49,2.0,2.0,42.41893830703013,0.49,2.0,2.0,36.190578670492584,0.07,2.0,2.0,41.083213773314206,0,0,0,0,1,3
5839,9.0,2005,11.0,64.0,448.0,1807.0,7,0.03,7.1,7.0,1.0,0.27,6.6,8.3,1.0,0.27,6.6,8.3,1.0,0,0,0,0,0,3
5840,7.0,2005,11.0,4.0,681.0,2000.0,11,1.12,7.1,8.85,1.0,0.33,7.4,5.6,0.0,0.33,7.4,5.6,0.0,0,0,0,0,0,3
5841,24.0,1995,4.0,9.0,1231.0,2001.0,1,0.34,6.105477410782085,6.471694191344031,46.30825496342738,0.34,6.192767653758562,6.565149962034973,45.062225705329155,0.34,6.223125474563416,6.604986712224803,46.031556948798325,0,0,0,0,0,3
5842,9.0,2006,6.0,1.0,1.0,180.0,1,0.52,7.7,7.2,48.764652014652015,15.3,7.7,7.2,40.60225885225885,15.3,7.7,7.2,45.93101343101343,0,0,1,0,0,3
5843,4.0,2007,12.0,58.0,744.0,939.0,1,0.01,7.5,7.5,2.0,0.01,7.5,7.5,2.0,0.01,7.5,7.5,2.0,1,0,0,0,0,3
5844,13.0,1997,3.0,4.0,266.0,2002.0,1,0.32,6.042070079121586,6.394020668496688,49.29562687356727,0.32,6.127673179396085,6.510931697077347,47.72615059072474,0.32,6.172315517519764,6.551114161149683,49.20948686298713,0,0,0,0,0,3
5845,17.0,2010,12.0,4.0,648.0,944.0,10,0.35,5.0,5.75,3.0,0.05,5.0,5.75,3.0,0.79,5.95,8.2,3.0,1,0,0,1,0,3
5846,7.0,2006,11.0,4.0,1232.0,2003.0,2,0.87,7.53,7.75,13.0,0.09,6.95,8.2,5.0,0.09,6.95,8.2,5.0,0,0,0,0,0,3
5847,17.0,2007,2.0,5.0,11.0,158.0,5,0.47,6.13,5.82,23.0,0.68,5.5,5.87,54.0,0.48,5.27,5.27,29.5,0,0,1,1,0,3
5848,13.0,2000,3.0,54.0,464.0,2004.0,11,0.29,3.0,3.0,47.93749171417208,1.19,3.0,3.0,46.73472093331566,1.19,3.0,3.0,47.96314463741217,0,0,0,0,0,3
5849,2.0,1990,1.0,26.0,1233.0,2005.0,1,1.1,6.0593005780346765,6.443606936416173,49.0113708149084,1.1,6.143445086705191,6.566890173410396,40.41692987997473,1.1,6.176260115606935,6.595786127167631,45.96936197094125,1,0,0,0,0,3
5850,4.0,2011,6.0,5.0,679.0,2006.0,4,0.18,2.0,2.0,0.0,0.54,2.0,2.0,0.0,0.54,2.0,2.0,0.0,0,0,0,0,0,3
5851,4.0,2008,12.0,29.0,286.0,799.0,2,0.56,6.83,6.78,45.5,0.17,6.6,6.78,45.5,0.06,7.2,7.75,5.0,1,0,0,0,1,3
5852,4.0,2007,9.0,20.0,377.0,1383.0,10,0.29,4.5,6.0,7.0,0.28,4.5,6.0,7.0,0.18,4.7,5.5,7.0,0,0,0,0,0,3
5853,7.0,2007,12.0,58.0,1234.0,2007.0,1,0.44,8.0,8.0,4.0,0.44,8.0,8.0,4.0,0.44,8.0,8.0,4.0,1,0,0,0,0,3
5854,6.0,2013,4.0,17.0,1202.0,1125.0,5,1.33,8.25,8.2,119.0,0.1,8.25,8.2,119.0,0.65,5.65,7.35,38.0,1,0,0,0,0,3
5855,24.0,1994,1.0,9.0,1235.0,2008.0,1,1.07,6.0,6.0,50.71839204668252,1.07,6.0,6.0,48.91938621136806,1.07,6.0,6.0,49.949751458828615,0,0,0,0,0,3
5856,15.0,2004,8.0,8.0,108.0,545.0,9,0.45,8.3,7.1,13.0,0.44,4.0,5.9,13.0,0.44,4.0,5.9,13.0,0,0,0,1,0,3
5857,23.0,2012,4.0,134.0,819.0,1239.0,4,0.03,7.0,7.3,17.0,0.04,7.0,7.3,17.0,0.08,6.4,7.1,17.0,1,0,0,0,0,3
5858,10.0,2011,9.0,6.0,19.0,2009.0,4,0.09,6.85,7.45,10.0,0.34,6.85,7.45,10.0,0.34,6.85,7.45,10.0,1,0,1,0,1,3
5859,11.0,2015,9.0,13.0,338.0,201.0,1,0.02,8.05,7.25,28.0,0.82,7.83,6.45,200.5,0.82,7.83,6.45,200.5,0,0,0,1,0,3
5860,4.0,2009,11.0,33.0,286.0,2010.0,11,0.64,8.0,5.0,32.76409185803758,1.86,8.0,5.0,23.798538622129435,1.86,8.0,5.0,28.856993736951985,0,0,0,0,0,3
5861,5.0,2007,9.0,49.0,253.0,320.0,3,0.07,5.95,7.4,0.0,0.05,5.7,7.3,1.0,0.05,5.7,7.3,1.0,1,0,0,1,1,3
5862,1.0,2008,3.0,22.0,1236.0,2011.0,6,0.09,5.2,5.2,48.31761945392491,0.09,5.2,5.2,47.04635949943117,0.09,5.2,5.2,48.42512798634812,0,0,0,0,0,3
5863,11.0,2014,9.0,49.0,253.0,320.0,4,0.1,4.65,4.52,9.5,0.18,6.4,6.62,3.0,0.09,6.5,5.7,1.5,1,0,0,1,1,3
5864,23.0,2014,9.0,49.0,253.0,1720.0,3,0.09,6.5,5.7,1.5,0.04,6.5,5.7,1.5,0.18,7.5,7.95,12.5,0,0,0,0,0,3
5865,1.0,2010,9.0,13.0,51.0,1130.0,10,0.14,7.6,6.75,128.0,0.03,6.6,5.97,42.5,0.26,6.6,5.97,42.5,1,0,1,1,0,3
5866,7.0,2002,12.0,49.0,524.0,1335.0,8,0.08,7.1,5.5,14.0,0.46,7.55,7.8,14.0,0.05,7.55,7.8,14.0,1,0,0,0,0,3
5867,4.0,2008,4.0,1.0,1237.0,866.0,1,0.54,7.47,7.9,220.5,0.1,7.47,7.0,1.0,0.1,7.47,7.0,1.0,0,0,0,0,0,3
5868,8.0,1994,4.0,69.0,1238.0,2012.0,1,0.7,7.1,7.1,8.0,0.7,7.1,7.1,8.0,0.7,7.1,7.1,8.0,0,0,0,0,0,3
5869,11.0,2015,8.0,207.0,1093.0,1763.0,5,0.12,7.0,6.92,39.0,0.12,7.0,6.92,39.0,0.12,7.0,6.92,39.0,0,0,0,0,0,3
5870,7.0,2001,1.0,167.0,1239.0,2013.0,10,0.05,6.5,7.9,46.801602564102566,0.05,6.5,7.9,44.4875,0.05,6.5,7.9,47.54919871794872,0,0,0,0,0,3
5871,4.0,2008,4.0,1.0,757.0,2014.0,1,0.51,7.0,7.5,4.0,0.06,5.0,6.55,5.0,0.06,5.0,6.55,5.0,1,0,0,0,0,3
5872,12.0,1999,3.0,3.0,204.0,2015.0,1,0.41,6.0,6.7,39.0,0.45,6.0,6.7,39.0,0.45,6.0,6.7,39.0,0,0,0,0,0,3
5873,12.0,1999,7.0,5.0,117.0,1496.0,1,0.48,6.5,6.5,11.0,0.27,7.8,7.8,12.0,0.41,7.6,7.6,37.0,1,0,0,0,0,3
5874,4.0,2006,6.0,132.0,1240.0,2016.0,1,0.12,6.057909446618223,6.454225824482941,48.764652014652015,0.12,6.140609278926769,6.574768026830625,40.60225885225885,0.12,6.179580771380661,6.604046953605371,45.93101343101343,0,0,0,0,0,3
5875,9.0,2003,3.0,29.0,1241.0,253.0,4,0.03,7.9,7.9,0.0,0.04,5.75,7.8,0.0,0.49,6.9,7.7,0.0,1,0,0,1,1,3
5876,4.0,2009,8.0,8.0,137.0,137.0,3,0.58,5.9,6.25,13.0,0.25,6.9,6.4,1.0,0.53,5.17,7.0,7.0,0,0,1,0,0,3
5877,5.0,2007,9.0,8.0,137.0,135.0,6,0.48,5.75,6.6,10.0,0.49,5.95,5.45,9.0,0.49,5.95,5.45,9.0,0,0,1,0,0,3
5878,11.0,2015,9.0,5.0,82.0,1425.0,9,0.39,7.5,6.72,2.5,0.46,7.5,5.8,1.5,0.46,7.5,5.8,1.5,1,0,1,1,0,3
5879,13.0,1997,8.0,26.0,1242.0,1183.0,1,1.04,8.0,8.0,1.0,1.04,8.0,8.0,1.0,1.04,8.0,8.0,1.0,0,0,0,0,0,3
5880,10.0,2011,9.0,26.0,323.0,1207.0,2,0.02,8.0,8.1,14.0,0.42,8.0,7.5,2.0,0.36,6.0,6.6,8.0,0,0,0,0,0,3
5881,7.0,2000,2.0,6.0,19.0,194.0,1,0.46,4.25,4.08,0.0,0.11,7.5,4.08,9.0,0.64,8.17,8.2,120.0,1,0,1,0,1,3
5882,9.0,2003,9.0,11.0,1243.0,1982.0,1,0.59,6.1012652384897565,6.454888152444128,47.685338686698614,0.59,6.1868883891584945,6.56346904959172,46.47707550835384,0.31,6.225610131376502,6.600911350455717,47.855459137417434,0,0,0,1,0,3
5883,8.0,1997,5.0,69.0,24.0,778.0,1,0.05,6.042070079121586,6.394020668496688,49.29562687356727,0.15,6.127673179396085,6.510931697077347,47.72615059072474,0.15,6.172315517519764,6.551114161149683,49.20948686298713,0,0,0,0,0,3
5884,5.0,2006,9.0,2.0,1185.0,2017.0,1,0.77,6.53,6.55,80.5,0.32,7.55,8.05,13.0,0.32,7.55,8.05,13.0,0,0,0,0,0,3
5885,17.0,2011,4.0,72.0,1084.0,2018.0,9,0.05,7.05,7.75,85.0,0.37,7.05,7.75,85.0,0.37,7.05,7.75,85.0,0,0,0,0,0,3
5886,13.0,2000,9.0,78.0,997.0,894.0,9,0.11,7.9,7.45,0.5,0.42,5.2,7.45,0.5,0.24,5.2,7.45,0.5,1,0,0,0,0,3
5887,15.0,2005,3.0,8.0,218.0,43.0,11,0.42,6.45,4.9,19.0,0.12,6.7,7.65,19.5,1.04,7.15,7.65,94.0,1,1,0,1,1,3
5888,19.0,2002,1.0,8.0,45.0,247.0,10,0.44,8.4,7.3,3.0,1.73,7.98,8.48,44.5,1.1,7.47,6.25,17.0,1,0,1,0,1,3
5889,7.0,2003,10.0,29.0,833.0,2019.0,2,0.05,7.1,7.6,4.0,0.55,6.8,6.1,4.0,0.55,6.8,6.1,4.0,0,0,0,0,0,3
5890,7.0,2000,4.0,6.0,227.0,2020.0,10,0.79,6.9,7.3,1.0,0.79,6.9,7.3,1.0,0.79,6.9,7.3,1.0,0,0,0,0,1,3
5891,24.0,1996,12.0,9.0,34.0,2021.0,1,0.41,8.0,8.0,1.0,0.05,7.8,7.8,6.0,0.05,7.8,7.8,6.0,0,0,1,0,0,3
5892,4.0,2007,8.0,6.0,513.0,2022.0,11,0.43,3.0,3.0,46.33063646170442,0.04,4.7,4.7,44.32092772384035,0.04,4.7,4.7,47.683791801510246,0,0,0,0,0,3
5893,5.0,2011,6.0,6.0,1244.0,2023.0,1,0.1,4.2,6.3,1.0,0.1,4.2,6.3,1.0,0.1,4.2,6.3,1.0,0,0,0,0,0,3
5894,10.0,2012,4.0,72.0,400.0,1243.0,4,0.03,7.0,7.4,9.0,0.05,7.0,7.4,9.0,0.29,7.0,6.6,6.0,0,0,0,0,0,3
5895,8.0,1995,1.0,49.0,524.0,1336.0,1,0.53,6.105477410782085,6.471694191344031,46.30825496342738,0.62,6.192767653758562,6.565149962034973,45.062225705329155,0.53,6.223125474563416,6.604986712224803,46.031556948798325,0,0,0,0,0,3
5896,13.0,1996,10.0,19.0,51.0,2024.0,1,0.85,7.9,7.9,43.0,0.85,7.9,7.9,43.0,0.85,7.9,7.9,43.0,0,0,1,0,0,3
5897,5.0,2007,9.0,5.0,83.0,1451.0,10,0.37,4.6,6.55,3.0,2.62,7.45,7.35,66.0,2.62,7.45,7.35,66.0,0,0,0,1,0,3
5898,15.0,2014,1.0,8.0,27.0,31.0,9,0.4,5.9,5.1,5.0,0.4,5.9,5.1,5.0,0.76,6.75,4.73,32.5,1,1,1,1,0,3
5899,5.0,2008,8.0,15.0,87.0,297.0,10,0.98,7.45,6.83,55.5,0.98,7.45,6.83,55.5,1.75,5.5,6.8,55.5,1,0,1,0,0,3
5900,1.0,2012,6.0,127.0,1245.0,959.0,3,0.19,6.107345193294558,6.472551317139987,45.49549380398047,0.18,6.193362983236427,6.570975025658612,44.67118850920015,0.18,6.222634279849501,6.6114531303455575,45.70146451370635,0,0,0,0,0,3
5901,7.0,2004,10.0,31.0,421.0,987.0,6,0.11,4.97,6.88,5.5,0.15,7.5,8.2,5.5,0.07,2.4,3.6,5.5,0,0,0,0,0,3
5902,17.0,2006,6.0,13.0,98.0,1379.0,3,0.64,7.55,8.2,27.0,0.51,6.9,7.52,7.0,0.15,8.1,8.3,6.0,0,0,0,0,0,3
5903,1.0,2009,1.0,209.0,1043.0,620.0,8,0.09,8.2,8.2,46.48216786984161,0.17,8.2,8.2,45.03658010990195,0.37,8.2,8.2,45.97128542182954,0,0,0,0,0,3
5904,4.0,2011,7.0,5.0,399.0,2025.0,11,0.7,7.8,1.0,171.5,0.63,7.8,6.92,171.5,0.63,7.8,6.92,171.5,1,0,0,1,0,3
5905,15.0,2003,8.0,8.0,108.0,2026.0,1,2.77,6.15,6.35,24.0,3.76,7.9,6.85,5.0,3.76,7.9,6.85,5.0,1,0,0,1,0,3
5906,8.0,1995,4.0,69.0,1246.0,2027.0,1,0.3,6.105477410782085,6.471694191344031,46.30825496342738,0.3,6.192767653758562,6.565149962034973,45.062225705329155,0.3,6.223125474563416,6.604986712224803,46.031556948798325,0,0,0,0,0,3
5907,23.0,2014,4.0,26.0,323.0,1477.0,8,0.07,7.3,7.7,22.0,0.32,6.5,7.6,12.0,0.22,6.5,7.6,12.0,0,0,0,1,0,3
5908,11.0,2016,4.0,17.0,1247.0,416.0,1,0.14,7.13,6.43,47.0,0.11,7.13,6.43,47.0,0.79,6.57,7.0,191.5,1,0,0,0,0,3
5909,6.0,2011,7.0,6.0,225.0,867.0,7,0.44,5.53,6.47,10.5,0.12,5.53,6.47,10.5,0.61,7.4,7.32,85.0,1,0,0,1,0,3
5910,7.0,2005,12.0,29.0,116.0,1018.0,6,0.53,6.27,6.53,22.0,0.94,6.8,7.73,36.5,0.73,7.53,7.4,6.0,0,0,0,1,0,3
5911,4.0,2009,6.0,35.0,555.0,2028.0,12,0.09,3.0,6.4,0.0,0.46,6.2,6.4,0.0,0.07,2.65,5.2,0.0,0,0,0,0,0,3
5912,1.0,2010,6.0,26.0,1248.0,2029.0,1,0.41,6.036517973148549,6.446041576440007,42.41893830703013,0.41,6.13182763100909,6.5621524469467225,36.190578670492584,0.41,6.158211346903418,6.59756604590732,41.083213773314206,1,0,0,0,0,3
5913,5.0,2012,7.0,5.0,287.0,151.0,1,0.4,7.0,6.6,75.0,0.15,7.0,6.6,75.0,0.03,6.0,5.9,49.0,0,0,0,0,0,3
5914,7.0,2006,8.0,8.0,108.0,327.0,10,0.46,5.97,4.65,12.0,0.02,5.97,4.5,12.0,0.02,5.97,4.5,12.0,0,0,0,1,0,3
5915,23.0,2016,4.0,17.0,57.0,65.0,1,0.63,7.75,7.75,11.0,0.02,7.75,7.75,11.0,0.15,7.0,6.3,3.0,1,1,1,0,0,3
5916,4.0,2007,9.0,33.0,284.0,2030.0,10,1.47,5.2,5.0,47.35864844149208,1.77,5.2,5.0,46.229496678589676,1.77,5.2,5.0,47.57901124169648,0,0,0,0,0,3
5917,9.0,2003,1.0,15.0,1249.0,1539.0,1,0.02,5.9,5.9,47.685338686698614,0.19,5.9,5.9,46.47707550835384,0.12,5.9,5.9,47.855459137417434,0,0,1,0,0,3
5918,4.0,2006,2.0,13.0,1113.0,500.0,9,2.09,7.28,7.75,284.5,2.09,7.28,7.75,284.5,0.13,7.25,6.95,3.0,1,0,0,0,0,3
5919,4.0,2005,8.0,228.0,1250.0,857.0,1,0.03,7.0,8.2,2.0,0.03,7.0,8.2,2.0,0.18,7.0,6.9,2.0,1,0,0,0,0,3
5920,4.0,2007,1.0,15.0,87.0,1539.0,1,0.31,6.099566138746374,6.4607807271916755,47.55820785897907,0.31,6.186688601383021,6.564681017176054,46.14738646101114,0.11,6.2206457729199345,6.6001962971225066,47.53813196229649,0,0,1,0,0,3
5921,6.0,2009,7.0,20.0,480.0,1745.0,3,0.07,7.36,7.33,152.5,0.01,6.0,6.9,41.0,0.01,6.0,6.9,41.0,0,0,0,0,0,3
5922,9.0,2004,9.0,29.0,286.0,2031.0,9,0.35,6.1,8.1,47.36133139729699,0.71,4.6,8.1,45.73416731821736,0.71,4.6,8.1,46.57991734614096,0,0,0,0,0,3
5923,9.0,2002,2.0,29.0,1251.0,2032.0,5,2.1,6.9,7.15,1.0,2.1,6.9,7.15,1.0,2.1,6.9,7.15,1.0,0,0,0,0,0,3
5924,6.0,2009,3.0,5.0,1016.0,582.0,10,0.36,5.0,4.4,2.0,0.21,5.0,4.5,2.0,0.5,5.0,4.25,2.0,0,0,0,0,0,3
5925,13.0,1997,8.0,8.0,31.0,2033.0,1,0.49,8.0,8.0,28.0,1.1,8.0,8.0,28.0,1.1,8.0,8.0,28.0,0,0,0,0,0,3
5926,5.0,2009,6.0,5.0,73.0,84.0,2,0.03,6.0,6.7,43.0,2.67,7.5,6.9,83.0,1.8,7.0,7.1,47.5,1,0,1,0,0,3
5927,5.0,2007,4.0,17.0,57.0,25.0,11,1.39,7.55,7.65,58.0,1.39,7.55,7.65,58.0,1.39,7.55,7.65,58.0,1,1,1,1,0,3
5928,3.0,1999,8.0,210.0,1252.0,2034.0,1,0.0,0.0,0.0,0.0,0.0,0.0,0.0,0.0,0.0,0.0,0.0,0.0,0,0,0,0,0,3
5929,19.0,2004,9.0,5.0,186.0,993.0,9,0.68,6.3,7.8,3.0,0.07,6.15,6.55,3.0,0.07,6.15,6.55,3.0,0,0,0,0,0,3
5930,6.0,2012,10.0,49.0,524.0,320.0,2,0.09,6.0,7.0,9.0,0.03,6.0,7.0,9.0,0.11,6.0,7.0,9.0,0,0,0,0,0,3
5931,7.0,2004,1.0,40.0,330.0,913.0,6,0.51,7.6,7.3,0.0,0.44,5.03,7.0,4.5,0.09,7.6,7.0,4.5,0,0,0,0,0,3
5932,14.0,2003,9.0,15.0,94.0,110.0,1,0.51,7.4,7.4,19.0,4.17,7.4,7.4,19.0,0.07,7.4,7.4,19.0,0,0,0,0,0,3
5933,4.0,2005,11.0,1.0,832.0,2035.0,9,1.25,6.2,7.35,18.0,1.25,6.2,7.35,18.0,1.25,6.2,7.35,18.0,0,0,0,0,0,3
5934,5.0,2008,1.0,8.0,45.0,31.0,2,0.02,7.0,7.0,34.0,0.25,6.0,6.1,7.0,0.25,6.0,6.1,7.0,1,1,1,0,0,3
5935,4.0,2007,5.0,198.0,1253.0,2036.0,10,0.01,6.1034900268284105,6.459080835180271,47.35864844149208,0.01,6.191155954741644,6.567800069987219,46.229496678589676,0.01,6.229064504840788,6.605134725300407,47.57901124169648,0,0,0,0,0,3
5936,1.0,2010,9.0,20.0,377.0,1995.0,9,0.4,6.0408158995815855,6.398263598326344,49.51921757035004,0.09,6.133399581589951,6.528050209204999,47.858499199267904,0.09,6.181351464435135,6.563376569037639,49.493479752916954,0,0,0,0,0,3
5937,1.0,2006,10.0,11.0,161.0,188.0,10,0.32,7.23,7.92,108.0,0.06,3.35,5.0,3.0,0.37,6.6,6.4,17.0,0,0,0,0,1,3
5938,14.0,2003,1.0,191.0,1254.0,854.0,12,0.0,0.0,0.0,0.0,0.0,0.0,0.0,0.0,0.0,0.0,0.0,0.0,0,0,0,0,0,3
5939,5.0,2014,9.0,17.0,211.0,899.0,1,0.43,7.0,7.4,294.0,0.45,5.0,5.5,50.0,0.45,5.0,5.5,50.0,0,0,0,1,1,3
5940,19.0,2002,2.0,29.0,120.0,322.0,9,0.41,4.0,5.4,1.0,0.28,5.7,5.8,1.0,1.94,5.7,5.2,1.0,0,0,0,0,0,3
5941,1.0,2011,6.0,6.0,19.0,1622.0,10,0.31,7.35,6.2,25.0,0.41,7.35,6.2,25.0,0.41,7.35,6.2,25.0,1,1,1,0,0,3
5942,16.0,1986,1.0,11.0,489.0,1402.0,1,0.4,8.5,8.5,4.0,0.46,8.5,8.5,4.0,0.13,6.0,6.0,1.0,0,0,0,0,0,3
5943,4.0,2020,8.0,6.0,19.0,214.0,5,0.12,7.0,6.25,4.0,0.01,7.0,6.25,4.0,0.14,7.0,6.25,4.0,0,0,1,0,0,3
5944,7.0,2002,4.0,6.0,13.0,1405.0,2,0.05,6.65,8.2,0.0,0.11,6.65,8.2,0.0,0.2,8.33,8.2,84.0,1,0,0,0,0,3
5945,17.0,2006,7.0,4.0,593.0,213.0,8,0.14,5.57,6.47,11.0,0.52,7.65,7.6,10.0,0.52,7.65,7.6,10.0,1,0,0,0,0,3
5946,6.0,2010,7.0,17.0,135.0,1209.0,10,2.07,8.1,8.25,68.0,0.14,4.0,4.0,1.0,0.21,4.0,8.5,4.0,1,0,0,1,0,3
5947,4.0,2006,2.0,20.0,1255.0,2037.0,12,0.17,6.4,7.8,1.0,0.01,5.2,7.2,1.0,0.16,5.2,4.0,1.0,0,0,0,0,0,3
5948,5.0,2009,9.0,22.0,165.0,1734.0,10,0.35,6.43,7.62,40.0,0.37,6.63,7.27,31.0,0.37,6.63,7.27,31.0,0,0,0,0,0,3
5949,5.0,2010,4.0,17.0,360.0,1136.0,4,0.13,7.63,7.55,259.0,1.08,6.75,7.15,39.0,0.64,7.4,8.62,195.0,0,0,0,0,0,3
5950,1.0,2009,1.0,3.0,368.0,1376.0,7,0.08,6.03,8.1,3.0,0.08,4.9,6.5,3.0,0.11,7.2,6.5,3.0,0,0,0,0,0,3
5951,17.0,2005,4.0,5.0,82.0,1146.0,10,0.32,6.83,6.85,23.0,0.17,6.2,6.58,10.5,0.17,6.2,6.58,10.5,1,0,1,0,0,3
5952,4.0,2010,6.0,97.0,1256.0,2038.0,2,0.03,5.0,5.0,45.58566176470588,0.12,5.0,5.0,44.6546875,0.12,5.0,5.0,45.84627757352941,0,0,0,0,0,3
5953,5.0,2009,7.0,11.0,721.0,1492.0,4,0.11,7.67,7.7,98.5,0.67,7.67,7.7,98.5,0.45,7.95,8.3,48.0,0,0,0,0,0,3
5954,9.0,2003,3.0,8.0,916.0,43.0,11,0.43,5.03,5.03,4.0,0.43,5.03,5.03,4.0,1.71,7.65,7.75,53.0,1,1,0,1,0,3
5955,9.0,2002,1.0,15.0,791.0,1539.0,1,1.16,5.6,5.0,2.0,0.36,5.6,4.52,4.0,0.28,5.6,4.52,4.0,0,0,0,0,0,3
5956,6.0,2007,9.0,8.0,31.0,731.0,1,0.85,7.0,6.7,43.0,0.56,7.0,7.2,5.0,1.09,5.75,7.3,10.0,0,0,0,0,0,3
5957,23.0,2014,9.0,4.0,334.0,1282.0,5,2.78,7.5,7.65,174.0,0.28,7.5,7.95,43.0,0.56,7.35,7.7,60.0,1,0,0,1,0,3
5958,24.0,1995,4.0,9.0,947.0,2039.0,1,0.31,8.4,8.4,25.0,0.13,8.2,8.2,50.0,0.13,8.2,8.2,50.0,0,0,0,0,0,3
5959,20.0,2013,9.0,6.0,19.0,55.0,10,0.39,7.57,7.35,10.5,0.39,7.57,7.35,10.5,2.21,7.5,7.55,247.5,1,1,1,1,1,3
5960,1.0,2007,1.0,15.0,87.0,2040.0,10,1.07,7.32,6.38,87.0,1.07,7.32,6.38,87.0,1.07,7.32,6.38,87.0,0,0,1,0,0,3
5961,14.0,2002,1.0,73.0,1257.0,1784.0,6,0.21,6.111391986782318,6.477045022717935,45.704528985507245,0.21,6.1999479553903605,6.578517967781952,44.989945652173915,0.11,6.2306790582404235,6.620103263114438,46.33048007246377,0,0,0,0,0,3
5962,6.0,2014,9.0,5.0,852.0,158.0,1,0.64,8.0,7.5,413.0,0.64,8.0,7.5,413.0,0.02,5.1,6.9,15.0,0,0,0,1,0,3
5963,6.0,2009,9.0,49.0,253.0,320.0,4,0.02,9.0,9.0,1.0,0.23,9.0,9.0,1.0,0.05,9.0,9.0,1.0,1,0,0,1,1,3
5964,13.0,1999,1.0,15.0,1258.0,2041.0,1,0.33,6.7,6.7,11.0,0.13,6.7,6.7,11.0,0.13,6.7,6.7,11.0,0,0,0,0,0,3
5965,7.0,2002,11.0,12.0,643.0,2042.0,2,0.0,0.0,0.0,0.0,0.17,0.0,0.0,0.0,0.17,0.0,0.0,0.0,0,0,0,0,0,3
5966,5.0,2009,9.0,29.0,228.0,1120.0,5,0.48,7.2,7.2,1.0,0.25,7.2,7.2,1.0,0.25,7.2,7.2,1.0,0,0,0,0,0,3
5967,17.0,2010,11.0,9.0,34.0,707.0,1,0.41,6.3,8.2,11.0,3.52,6.3,6.65,6.0,0.36,6.3,7.4,5.0,0,0,1,0,0,3
5968,1.0,2007,9.0,6.0,62.0,298.0,4,0.03,5.63,6.67,33.0,0.4,6.0,5.9,33.0,0.15,7.7,7.45,91.0,1,0,1,0,1,3
5969,1.0,2009,9.0,26.0,672.0,2043.0,1,0.33,6.7,7.25,1.0,0.19,6.7,7.25,1.0,0.19,6.7,7.25,1.0,0,0,0,0,0,3
5970,7.0,2009,9.0,59.0,279.0,427.0,9,0.42,3.5,6.0,7.0,0.44,4.5,5.72,7.0,0.42,3.5,6.0,7.0,0,0,0,0,0,3
5971,6.0,2010,11.0,26.0,668.0,2044.0,11,0.64,6.07,7.2,122.5,0.33,3.05,2.0,122.5,0.33,3.05,2.0,122.5,0,0,0,0,0,3
5972,19.0,2005,1.0,8.0,45.0,230.0,2,0.33,8.8,7.8,24.0,1.06,7.8,8.17,24.0,1.06,7.8,8.17,24.0,1,0,1,0,1,3
5973,7.0,2000,7.0,167.0,253.0,2045.0,3,0.07,4.0,5.0,1.0,0.27,4.0,5.0,1.0,0.21,4.0,4.2,5.0,0,0,0,0,0,3
5974,1.0,2007,1.0,1.0,83.0,197.0,5,8.42,6.1,6.2,70.0,0.19,6.97,8.82,1.0,3.02,6.97,8.1,8.0,1,0,0,0,0,3
5975,17.0,2008,3.0,91.0,1059.0,1708.0,4,0.22,4.77,6.7,30.0,0.11,7.0,7.83,45.5,0.04,6.65,7.3,7.0,0,0,0,0,0,3
5976,13.0,1998,12.0,19.0,538.0,2046.0,1,5.82,6.95,8.7,235.0,0.27,6.95,8.7,235.0,0.07,6.95,4.0,1.0,0,0,0,0,0,3
5977,13.0,2000,1.0,15.0,87.0,2047.0,1,0.35,6.080184531886015,6.4249240162822545,49.17336199229173,0.35,6.164715061058349,6.539900949796512,47.802772013044766,0.35,6.208497964721839,6.582871099050231,49.20360213459828,0,0,1,0,0,3
5978,6.0,2013,7.0,3.0,241.0,1024.0,8,1.76,8.97,8.77,486.0,1.55,8.27,8.1,484.0,0.64,8.5,8.23,124.5,0,0,0,0,0,3
5979,5.0,2005,1.0,8.0,45.0,247.0,10,0.32,4.4,8.6,15.0,0.42,7.43,7.17,15.0,0.33,7.6,7.17,15.0,1,0,1,0,1,3
5980,1.0,2009,6.0,5.0,73.0,84.0,2,0.02,5.0,4.5,2.0,1.93,7.47,7.02,81.0,1.58,6.6,6.35,9.0,1,0,1,0,0,3
5981,24.0,1996,1.0,9.0,34.0,2048.0,1,0.3,7.7,7.7,29.0,0.55,7.7,7.7,29.0,0.15,6.0,6.0,1.0,0,0,1,0,0,3
5982,4.0,2009,4.0,72.0,400.0,1243.0,3,0.82,8.5,8.2,206.0,0.17,8.5,7.5,2.0,0.17,8.5,7.5,2.0,0,0,0,0,0,3
5983,13.0,2000,6.0,28.0,698.0,1045.0,9,1.43,6.35,8.2,47.22648344066237,0.71,6.35,8.2,45.44520469181233,0.71,6.35,8.2,46.36321297148114,0,0,0,0,0,3
5984,13.0,1997,12.0,26.0,424.0,701.0,1,0.36,6.0,6.0,1.0,0.44,6.0,6.0,1.0,0.05,8.3,8.3,3.0,0,0,0,0,0,3
5985,7.0,2008,2.0,4.0,107.0,133.0,3,0.7,8.5,8.35,2.0,3.77,8.5,8.1,2.0,3.77,8.5,8.1,2.0,0,0,0,0,0,3
5986,1.0,2010,2.0,59.0,279.0,427.0,12,0.17,3.5,7.22,3.0,0.29,3.5,7.22,3.0,0.22,4.37,8.7,10.0,0,0,0,0,0,3
5987,7.0,2006,4.0,49.0,901.0,1385.0,1,0.06,5.0,6.55,5.0,0.15,7.4,7.15,13.0,0.15,7.4,7.15,13.0,1,0,0,0,0,3
5988,8.0,1994,6.0,25.0,1259.0,2049.0,1,1.15,9.0,8.25,4.5,1.15,9.0,8.25,4.5,1.15,9.0,8.25,4.5,0,0,0,0,0,3
5989,5.0,2010,6.0,15.0,204.0,1791.0,11,0.35,6.67,6.5,1.0,0.35,6.67,6.5,1.0,0.35,6.67,6.5,1.0,0,0,0,1,0,3
5990,1.0,2011,9.0,8.0,1029.0,43.0,11,1.38,6.27,6.38,117.0,0.28,5.5,6.0,2.0,1.38,6.27,6.38,117.0,1,1,0,1,0,3
5991,19.0,2002,10.0,26.0,424.0,1207.0,1,0.39,6.4,7.7,3.0,0.02,6.4,7.35,4.0,0.49,6.4,5.0,1.0,0,0,0,0,0,3
5992,6.0,2012,9.0,4.0,1260.0,762.0,5,0.14,4.2,2.8,2.0,0.14,4.2,2.8,2.0,0.46,7.0,7.3,16.0,0,0,0,1,0,3
5993,16.0,1983,9.0,5.0,321.0,2050.0,1,1.31,7.3,7.3,3.0,0.15,7.3,7.3,3.0,0.15,7.3,7.3,3.0,0,0,0,0,0,3
5994,4.0,2009,8.0,6.0,180.0,214.0,10,0.51,3.0,6.3,39.8933506044905,0.44,3.0,6.3,32.29706390328152,0.1,3.0,6.3,34.81476683937824,0,0,0,0,0,3
5995,14.0,2005,7.0,40.0,684.0,1026.0,4,0.12,6.0,8.75,2.0,0.72,6.0,8.75,2.0,0.72,6.0,8.75,2.0,1,0,0,0,0,3
5996,1.0,2011,6.0,6.0,607.0,1218.0,7,0.43,5.3,5.3,45.89054012106162,0.87,5.3,5.3,45.91529566971907,0.04,5.3,5.3,47.17445289461431,0,0,0,0,0,3
5997,1.0,2010,6.0,33.0,609.0,2051.0,10,0.65,6.0,7.5,1.0,0.65,6.0,7.5,1.0,0.65,6.0,7.5,1.0,0,0,0,0,0,3
5998,17.0,2010,8.0,26.0,536.0,181.0,8,0.33,3.05,2.0,9.0,0.99,7.5,7.9,9.0,0.99,7.5,7.9,9.0,1,0,0,1,0,3
5999,9.0,2003,8.0,210.0,1261.0,2052.0,1,0.3,6.1012652384897565,6.454888152444128,47.685338686698614,0.3,6.1868883891584945,6.56346904959172,46.47707550835384,0.3,6.225610131376502,6.600911350455717,47.855459137417434,0,0,0,0,0,3
6000,6.0,2011,9.0,4.0,1262.0,2053.0,11,0.12,6.6,7.0,41.036795626576954,0.12,6.6,7.0,35.344407064760304,0.12,6.6,7.0,39.97560975609756,0,0,0,0,0,3
6001,5.0,2013,12.0,5.0,394.0,184.0,11,0.34,7.25,5.05,7.5,0.34,7.25,5.05,7.5,0.34,7.25,5.05,7.5,1,0,0,0,1,3
6002,7.0,2004,2.0,13.0,806.0,500.0,2,0.09,5.0,5.85,6.0,0.58,5.27,5.85,6.0,0.23,7.9,8.1,7.0,1,0,0,0,0,3
6003,1.0,2009,11.0,6.0,590.0,870.0,1,0.35,6.06531266560678,6.414785373608896,47.58155002891845,0.89,6.151277159512439,6.537713301536816,45.36119144013881,0.1,6.18789083200847,6.572859035506092,49.094852515905146,0,0,0,0,0,3
6004,7.0,2005,3.0,3.0,619.0,2054.0,4,0.01,6.33,8.5,0.5,0.08,6.33,5.3,3.0,0.08,6.33,5.3,3.0,0,0,0,0,0,3
6005,23.0,2012,9.0,229.0,1217.0,2055.0,2,0.14,7.95,8.3,24.5,0.07,7.95,8.3,24.5,0.22,7.95,8.3,24.5,1,0,0,1,0,3
6006,10.0,2012,9.0,8.0,31.0,31.0,9,0.41,8.8,7.15,136.0,0.41,8.8,7.15,136.0,0.41,8.8,7.15,136.0,1,1,0,0,1,3
6007,16.0,1981,9.0,54.0,1263.0,2056.0,1,0.0,0.0,0.0,0.0,0.0,0.0,0.0,0.0,0.0,0.0,0.0,0.0,0,0,0,0,0,3
6008,7.0,2001,1.0,15.0,87.0,2057.0,1,0.45,7.4,8.2,47.903901046622266,0.04,7.4,8.2,46.559535136604595,0.04,7.4,8.2,47.730256898192195,0,0,1,0,0,3
6009,12.0,1998,3.0,31.0,1264.0,2058.0,1,0.32,6.0160609318996405,6.403268817204285,46.05333068992863,0.32,6.099759856630821,6.523605734767007,42.11122125297383,0.32,6.1246594982078815,6.541229390680994,45.49722442505948,0,0,0,0,0,3
6010,12.0,1998,3.0,196.0,428.0,1645.0,1,0.4,8.0,6.8,7.0,0.4,8.0,6.8,7.0,0.4,8.0,6.8,7.0,0,0,0,0,0,3
6011,12.0,1999,10.0,106.0,1265.0,2059.0,1,0.06,4.0,4.0,1.0,0.06,4.0,4.0,1.0,0.06,4.0,4.0,1.0,1,0,0,0,0,3
6012,12.0,1999,3.0,31.0,1077.0,1040.0,1,0.4,5.3,5.3,3.0,0.31,5.3,5.3,3.0,0.31,5.3,5.3,3.0,0,0,0,0,0,3
6013,12.0,1999,5.0,1.0,258.0,4.0,1,1.22,6.7,6.7,3.0,0.81,8.0,8.0,1.0,1.93,8.5,8.5,4.0,0,0,0,0,0,3
6014,12.0,1999,1.0,1.0,50.0,949.0,1,0.4,8.0,7.3,10.0,0.79,8.0,7.3,10.0,0.79,8.0,7.3,10.0,0,0,0,0,0,3
6015,12.0,1999,3.0,8.0,1266.0,2060.0,1,0.4,8.7,8.7,3.0,0.4,8.7,8.7,3.0,0.4,8.7,8.7,3.0,0,0,0,0,0,3
6016,12.0,1997,10.0,40.0,287.0,2061.0,1,0.47,6.8,6.8,22.0,0.03,1.0,1.0,2.0,0.03,1.0,1.0,2.0,0,0,0,0,0,3
6017,6.0,2007,9.0,49.0,253.0,2062.0,11,0.13,5.05,4.2,11.5,0.87,5.17,7.1,11.5,0.87,5.17,7.1,11.5,0,0,0,0,0,3
6018,15.0,2011,7.0,230.0,1267.0,2063.0,4,0.0,0.0,0.0,0.0,0.02,5.95,7.1,0.0,0.02,5.95,7.1,0.0,0,0,0,1,0,3
6019,4.0,2010,5.0,198.0,1268.0,2064.0,1,0.1,6.8,6.0,1.0,0.22,6.8,6.0,1.0,0.15,6.8,6.0,1.0,0,0,0,0,0,3
6020,9.0,2003,6.0,11.0,1086.0,2065.0,6,0.61,6.75,7.2,11.0,0.04,3.85,5.8,11.0,0.04,3.85,5.8,11.0,0,0,0,0,0,3
6021,7.0,2009,10.0,29.0,120.0,257.0,10,0.38,4.47,6.2,5.5,0.08,4.47,6.2,5.5,0.42,4.87,5.4,2.0,0,0,0,0,0,3
6022,5.0,2008,7.0,36.0,172.0,2066.0,3,0.17,4.0,6.0,11.0,2.89,6.3,6.85,18.0,2.89,6.3,6.85,18.0,0,0,0,0,0,3
6023,7.0,2005,8.0,36.0,1269.0,2067.0,9,0.01,6.0,6.1,10.0,0.01,6.0,6.1,10.0,0.01,6.0,6.1,10.0,0,0,0,0,0,3
6024,1.0,2009,9.0,13.0,111.0,325.0,2,2.95,9.1,7.77,245.5,0.42,4.75,5.75,4.0,2.09,7.28,7.75,284.5,1,0,0,0,0,3
6025,19.0,2004,4.0,8.0,137.0,169.0,11,0.36,4.5,5.25,13.0,0.06,3.45,4.0,4.0,0.42,5.0,6.9,32.0,0,0,1,0,0,3
6026,10.0,2013,9.0,33.0,249.0,411.0,9,1.0,5.17,6.3,7.0,1.0,5.17,6.3,7.0,1.0,5.17,6.3,7.0,1,0,0,1,0,3
6027,5.0,2012,4.0,2.0,69.0,82.0,10,2.02,7.75,8.05,49.0,5.13,7.83,6.85,746.0,5.13,7.83,6.85,746.0,1,0,0,1,0,3
6028,19.0,2006,9.0,54.0,552.0,392.0,10,0.83,7.43,6.8,2.0,0.12,6.6,8.4,2.0,0.33,6.2,7.5,2.0,0,0,0,0,0,3
6029,10.0,2014,9.0,9.0,572.0,2068.0,11,0.4,8.3,8.53,21.5,0.28,7.25,7.6,63.0,0.28,7.25,7.6,63.0,0,1,0,1,0,3
6030,1.0,2012,6.0,1.0,265.0,23.0,1,1.38,9.0,7.7,6.0,0.25,5.15,6.45,14.0,2.03,7.0,7.53,19.5,1,1,1,0,0,3
6031,14.0,2007,1.0,8.0,68.0,77.0,8,0.71,7.33,7.88,4.0,0.89,7.37,6.28,5.5,0.89,7.37,6.28,5.5,1,1,1,0,0,3
6032,13.0,1996,6.0,156.0,680.0,911.0,1,0.4,8.5,6.65,4.0,0.2,8.5,7.7,25.0,0.05,8.5,7.7,25.0,0,0,0,0,0,3
6033,14.0,2003,4.0,6.0,1270.0,450.0,7,0.23,8.95,8.05,190.0,0.23,8.95,8.05,190.0,1.29,4.9,6.8,190.0,0,0,0,0,0,3
6034,5.0,2011,7.0,36.0,130.0,837.0,4,0.06,8.3,7.62,123.0,0.05,8.45,7.95,76.0,0.05,6.87,5.83,91.0,1,0,0,0,0,3
6035,6.0,2015,9.0,26.0,253.0,1504.0,8,0.45,6.95,7.05,53.5,0.05,4.4,6.85,2.0,0.05,4.4,6.85,2.0,0,0,0,1,0,3
6036,14.0,2005,9.0,29.0,1046.0,257.0,1,0.32,3.0,3.5,2.0,0.32,3.0,3.5,2.0,0.72,6.6,6.7,1.0,0,0,0,0,0,3
6037,13.0,1996,1.0,4.0,1271.0,2069.0,1,0.46,6.074598214285714,6.518080357142857,51.629901960784316,0.46,6.105133928571427,6.627678571428572,32.81127450980392,0.46,6.240669642857141,6.645223214285716,43.85294117647059,0,0,0,0,0,3
6038,5.0,2011,9.0,5.0,89.0,624.0,6,0.92,3.9,5.8,1.0,0.18,2.0,6.0,1.0,0.18,2.0,6.0,1.0,0,0,0,0,0,3
6039,8.0,1991,4.0,231.0,1272.0,2070.0,1,0.0,0.0,0.0,0.0,0.0,0.0,0.0,0.0,0.0,0.0,0.0,0.0,0,0,0,0,0,3
6040,5.0,2013,3.0,36.0,130.0,1661.0,5,0.02,6.1,5.88,15.0,0.02,6.1,5.88,15.0,0.02,6.1,5.88,15.0,0,0,0,0,0,3
6041,1.0,2008,8.0,158.0,1075.0,2071.0,3,0.13,4.7,6.7,46.75586556753329,0.13,4.7,6.7,44.35351934051997,0.13,4.7,6.7,47.66138237159163,0,0,0,0,0,3
6042,1.0,2007,5.0,59.0,779.0,1836.0,10,0.4,5.7,7.25,1.0,0.11,5.3,7.2,10.0,0.02,6.0,7.2,10.0,1,0,0,0,0,3
6043,7.0,2002,6.0,73.0,91.0,370.0,11,0.08,6.9,7.8,45.226486486486486,0.91,5.9,7.2,38.287837837837834,0.66,7.1,7.4,43.71081081081081,0,0,0,0,1,3
6044,22.0,2002,11.0,9.0,1157.0,1293.0,1,0.55,8.5,8.5,14.0,0.33,8.5,8.5,14.0,0.1,8.4,8.4,10.0,1,0,0,0,0,3
6045,7.0,2005,4.0,9.0,595.0,1293.0,3,0.07,6.4,7.15,15.0,0.07,6.4,7.15,15.0,0.33,6.4,8.5,14.0,1,0,0,0,0,3
6046,7.0,2002,12.0,49.0,524.0,2072.0,9,0.19,7.45,8.0,16.0,0.08,7.1,5.5,16.0,0.08,7.1,5.5,16.0,0,0,0,0,0,3
6047,4.0,2004,8.0,8.0,108.0,2073.0,1,0.42,5.0,6.9,32.0,0.56,8.1,8.1,32.0,0.56,8.1,8.1,32.0,0,0,0,0,0,3
6048,5.0,2013,4.0,17.0,57.0,25.0,2,0.05,6.75,7.8,49.0,1.58,6.75,7.8,49.0,0.11,7.75,7.4,84.5,0,0,1,1,0,3
6049,4.0,2004,5.0,9.0,55.0,2074.0,11,0.84,8.6,8.1,34.0,2.9,6.65,7.75,34.0,2.9,6.65,7.75,34.0,0,0,1,1,0,3
6050,6.0,2009,6.0,8.0,387.0,1230.0,3,0.37,5.87,6.47,13.0,0.58,5.9,6.25,13.0,0.58,5.9,6.25,13.0,0,0,1,0,0,3
6051,4.0,2008,5.0,13.0,1273.0,2000.0,5,0.04,7.93,7.93,181.0,0.12,7.66,7.33,23.5,0.3,6.1,8.5,23.5,0,0,0,0,0,3
6052,10.0,2012,3.0,9.0,169.0,62.0,11,0.53,7.43,8.03,117.0,0.53,7.43,8.03,117.0,0.53,7.43,8.03,117.0,0,1,0,0,0,3
6053,1.0,2007,9.0,5.0,336.0,370.0,5,0.3,5.0,4.7,2.0,0.18,4.5,3.0,5.5,0.48,4.3,5.3,2.0,0,0,0,0,1,3
6054,13.0,2000,1.0,167.0,341.0,435.0,1,0.12,5.65,7.4,51.0,1.64,5.0,7.1,51.0,1.64,5.0,7.1,51.0,0,0,1,0,0,3
6055,1.0,2008,8.0,42.0,938.0,1285.0,7,0.02,4.9,6.5,46.12766046942038,0.02,3.5,4.0,45.3263228737276,0.02,3.5,4.0,46.65588457979305,0,0,0,0,0,3
6056,10.0,2013,6.0,26.0,818.0,188.0,1,0.45,5.33,5.8,6.0,0.45,5.33,5.8,6.0,0.54,5.33,5.37,151.5,0,0,0,0,0,3
6057,15.0,2014,7.0,3.0,671.0,157.0,10,0.67,6.75,7.32,43.0,0.75,6.97,6.7,40.5,0.75,6.97,6.7,40.5,1,0,0,0,0,3
6058,7.0,2007,1.0,6.0,62.0,2075.0,5,0.21,6.7,7.5,40.51952770208901,0.12,3.7,4.3,31.98455949137148,0.12,3.7,4.3,35.049954586739325,0,0,1,0,0,3
6059,6.0,2013,10.0,232.0,676.0,1240.0,3,0.01,7.87,7.23,26.5,0.74,7.87,7.23,26.5,0.11,7.13,6.32,12.0,1,0,0,0,0,3
6060,13.0,2000,3.0,53.0,1274.0,1383.0,11,0.06,2.7,2.7,47.93749171417208,0.06,2.7,2.7,46.73472093331566,0.06,2.7,2.7,47.96314463741217,0,0,0,0,0,3
6061,7.0,2004,4.0,17.0,215.0,25.0,1,0.65,5.65,7.35,38.0,0.17,5.65,7.35,38.0,2.13,8.35,8.4,116.0,1,1,0,1,0,3
6062,13.0,1996,6.0,4.0,1275.0,107.0,1,0.43,6.0,6.0,2.0,0.43,6.0,6.0,2.0,3.84,6.0,6.0,2.0,1,0,1,0,1,3
6063,7.0,2003,2.0,6.0,19.0,194.0,3,1.55,7.8,7.7,20.0,0.14,8.27,7.55,81.5,0.07,5.0,5.7,13.0,1,0,1,0,1,3
6064,4.0,2008,11.0,15.0,1276.0,2076.0,1,0.32,6.076557377049176,6.4289414021625335,50.52577025484975,0.32,6.1574189047785115,6.543221137077076,48.40728413845569,0.32,6.202197418904775,6.585209277990916,49.56694560669456,0,0,0,0,0,3
6065,7.0,2004,7.0,40.0,210.0,2077.0,10,0.53,7.8,7.3,1.0,0.76,7.05,8.05,5.0,0.76,7.05,8.05,5.0,0,0,0,0,0,3
6066,1.0,2010,5.0,224.0,910.0,2078.0,10,0.02,7.3,7.3,49.885309852875615,0.49,7.3,7.3,48.07779759251003,0.49,7.3,7.3,49.565425769059296,1,0,0,0,0,3
6067,13.0,1999,2.0,4.0,1277.0,2079.0,1,0.42,5.5,5.5,2.0,0.42,5.5,5.5,2.0,0.42,5.5,5.5,2.0,0,0,0,0,0,3
6068,5.0,2009,9.0,15.0,1066.0,1727.0,11,0.44,7.0,8.4,3.0,0.37,4.47,6.13,54.5,0.37,4.47,6.13,54.5,0,0,0,0,0,3
6069,4.0,2011,8.0,5.0,1278.0,2080.0,11,0.51,7.23,6.42,79.5,0.51,7.23,6.42,79.5,0.51,7.23,6.42,79.5,0,0,1,0,0,3
6070,7.0,2006,4.0,17.0,1279.0,2081.0,1,0.45,8.3,7.7,5.0,0.04,8.3,7.7,5.0,0.04,8.3,7.7,5.0,1,1,0,0,0,3
6071,13.0,1999,8.0,15.0,1280.0,2082.0,1,0.32,5.9864729458917845,6.425400801603205,44.05604395604396,0.32,6.120961923847696,6.589959919839676,34.17912087912088,0.32,6.162114228456913,6.618947895791575,38.04120879120879,0,0,0,0,0,3
6072,5.0,2007,3.0,8.0,68.0,472.0,7,0.7,8.1,7.4,1.0,0.08,3.93,3.67,5.0,0.11,6.8,8.2,5.0,0,0,1,0,0,3
6073,15.0,2016,4.0,5.0,52.0,380.0,8,0.02,5.0,6.5,73.5,0.85,8.2,7.1,73.5,1.83,7.23,6.1,570.0,0,0,0,1,0,3
6074,8.0,1992,12.0,49.0,524.0,1335.0,1,0.28,6.03269493844049,6.3998449612402935,47.56792123629113,0.28,6.126103511171898,6.525690834473301,46.22083748753739,0.25,6.171917464660274,6.563750569995426,48.952018943170486,1,0,0,0,0,3
6075,4.0,2008,1.0,15.0,87.0,1539.0,1,0.31,7.55,7.55,1.0,0.28,7.55,7.55,1.0,0.03,7.55,7.55,1.0,0,0,1,0,0,3
6076,6.0,2011,9.0,155.0,1281.0,2083.0,9,0.16,5.57,4.82,36.0,0.06,6.9,7.9,3.0,0.06,6.9,7.9,3.0,0,0,0,0,0,3
6077,6.0,2012,9.0,5.0,228.0,2084.0,11,1.53,7.63,4.98,789.0,0.07,7.63,6.8,789.0,0.2,3.55,5.6,1.0,0,0,0,1,0,3
6078,19.0,2004,2.0,24.0,131.0,88.0,11,2.37,8.87,8.8,403.0,0.27,6.03,7.13,35.0,0.3,7.2,6.7,35.0,0,0,0,0,0,3
6079,17.0,2008,9.0,49.0,253.0,320.0,9,1.01,7.87,8.02,151.0,0.34,5.23,6.45,5.0,0.34,5.23,6.45,5.0,0,0,0,0,0,3
6080,4.0,2007,5.0,29.0,262.0,2085.0,1,0.64,5.2,8.0,3.0,0.15,5.2,4.0,3.0,0.15,5.2,4.0,3.0,0,0,0,0,0,3
6081,14.0,2003,1.0,2.0,630.0,2086.0,11,0.25,7.0,7.5,9.0,0.82,7.9,8.05,15.0,0.82,7.9,8.05,15.0,1,0,0,0,0,3
6082,13.0,1996,1.0,8.0,27.0,1377.0,1,0.33,7.5,7.5,2.0,0.33,7.5,7.5,2.0,0.24,7.5,7.5,2.0,1,0,1,0,0,3
6083,4.0,2008,9.0,29.0,993.0,508.0,2,0.34,6.5,7.65,4.0,0.06,4.8,6.8,4.0,0.28,4.8,6.8,4.0,0,0,0,0,0,3
6084,4.0,2011,6.0,1.0,1282.0,2087.0,1,0.73,10.0,10.0,1.0,0.73,10.0,10.0,1.0,0.73,10.0,10.0,1.0,0,0,0,0,0,3
6085,4.0,2010,9.0,5.0,1283.0,2088.0,1,0.31,6.036517973148549,6.446041576440007,42.41893830703013,0.31,6.13182763100909,6.5621524469467225,36.190578670492584,0.31,6.158211346903418,6.59756604590732,41.083213773314206,0,0,0,0,0,3
6086,9.0,2001,2.0,120.0,1052.0,2089.0,6,0.21,5.2,4.8,0.0,0.21,5.2,4.8,0.0,0.12,7.0,4.8,9.0,1,0,0,0,1,3
6087,9.0,2003,4.0,1.0,40.0,625.0,3,0.28,6.0,6.1,9.0,0.12,6.0,6.0,2.0,0.8,9.0,8.12,4.5,1,0,1,0,0,3
6088,6.0,2007,9.0,9.0,146.0,1201.0,12,0.42,5.95,7.2,21.0,0.46,4.05,5.3,3.0,0.46,4.05,5.3,3.0,0,0,0,0,0,3
6089,5.0,2012,3.0,36.0,130.0,159.0,11,0.15,8.0,7.45,51.5,0.15,8.0,7.45,51.5,0.15,8.0,7.45,51.5,0,0,0,0,0,3
6090,4.0,2008,1.0,29.0,642.0,938.0,11,0.83,7.63,7.7,58.0,0.8,7.63,5.2,58.0,0.8,7.63,5.2,58.0,0,0,0,0,0,3
6091,5.0,2011,1.0,12.0,332.0,1864.0,8,0.07,4.45,5.45,3.0,0.09,4.45,3.8,3.0,0.09,4.45,3.8,3.0,0,0,0,0,0,3
6092,1.0,2009,9.0,5.0,321.0,1692.0,6,0.38,7.0,6.4,2.0,0.39,5.4,8.0,1.0,0.08,6.6,7.15,3.0,0,0,0,0,0,3
6093,7.0,2003,3.0,6.0,19.0,872.0,11,0.33,8.2,8.63,234.0,0.94,9.1,8.05,198.0,0.94,9.1,8.05,198.0,0,0,1,0,0,3
6094,7.0,2008,6.0,4.0,299.0,373.0,10,1.25,5.65,6.8,1.0,0.13,5.65,6.8,1.0,0.19,5.0,5.0,1.0,1,0,0,0,0,3
6095,5.0,2009,7.0,71.0,1284.0,2090.0,6,0.15,7.4,7.3,1.0,0.1,7.1,7.8,1.0,0.1,7.1,7.8,1.0,0,0,0,0,0,3
6096,13.0,1997,3.0,233.0,1285.0,2091.0,1,0.0,0.0,0.0,0.0,0.0,0.0,0.0,0.0,0.0,0.0,0.0,0.0,0,0,0,0,0,3
6097,6.0,2012,1.0,4.0,171.0,1197.0,7,0.01,6.0,4.7,14.0,0.21,8.0,8.2,14.0,0.21,8.0,8.2,14.0,0,0,0,0,1,3
6098,9.0,2003,1.0,5.0,82.0,1922.0,9,1.54,8.43,8.92,288.5,2.82,4.0,6.1,4.0,0.02,5.9,6.1,4.0,0,0,1,0,0,3
6099,9.0,2005,9.0,11.0,327.0,188.0,8,0.03,5.4,7.0,3.0,0.61,6.2,8.6,3.0,0.24,4.05,5.4,3.0,0,0,0,0,0,3
6100,4.0,2007,11.0,105.0,573.0,508.0,7,0.05,5.9,6.77,35.0,0.06,3.7,4.8,35.0,1.48,3.0,3.88,11.0,0,0,0,0,0,3
6101,8.0,1995,10.0,197.0,867.0,1684.0,1,0.37,8.0,8.0,1.0,0.39,8.0,8.0,1.0,0.39,8.0,8.0,1.0,0,0,0,0,0,3
6102,4.0,2007,8.0,29.0,843.0,2092.0,11,0.49,6.7,6.7,46.33063646170442,0.56,6.7,7.6,44.32092772384035,0.56,6.7,7.6,47.683791801510246,0,0,0,0,0,3
6103,8.0,1994,1.0,15.0,87.0,978.0,1,0.36,8.0,8.0,1.0,0.41,8.0,8.0,1.0,0.41,8.0,8.0,1.0,1,0,1,0,1,3
6104,18.0,2014,9.0,15.0,56.0,61.0,3,1.28,6.5,6.82,262.0,1.28,6.5,6.82,262.0,1.28,6.5,6.82,262.0,1,1,0,0,1,3
6105,13.0,2000,2.0,6.0,1286.0,2093.0,1,0.32,7.33,7.6,120.0,0.32,7.33,7.6,120.0,0.32,7.33,7.6,120.0,0,0,0,0,0,3
6106,14.0,2005,9.0,3.0,136.0,1340.0,10,0.98,9.1,8.7,746.5,3.31,8.0,8.17,139.0,0.53,7.3,7.85,57.0,0,0,0,0,0,3
6107,5.0,2010,6.0,8.0,31.0,272.0,10,0.38,7.07,6.88,32.0,0.76,5.33,6.17,14.0,0.76,5.33,6.17,14.0,0,0,0,0,0,3
6108,7.0,2001,4.0,40.0,1287.0,2094.0,12,0.21,6.95,8.6,19.0,0.08,6.95,6.9,19.0,0.08,6.95,6.9,19.0,1,0,0,0,0,3
6109,1.0,2010,1.0,3.0,102.0,1568.0,8,1.52,6.78,7.52,439.0,0.18,7.4,5.3,439.0,0.15,7.3,6.98,5.5,1,0,1,0,0,3
6110,11.0,2016,10.0,26.0,1003.0,1207.0,6,0.06,6.5,7.6,0.0,0.07,7.03,7.85,5.5,0.07,7.3,7.7,22.0,0,0,0,0,0,3
6111,7.0,2002,2.0,40.0,60.0,2095.0,11,0.96,7.55,7.4,31.0,1.23,6.0,7.0,16.0,1.23,6.0,7.0,16.0,0,0,1,0,0,3
6112,14.0,2002,1.0,5.0,579.0,855.0,8,0.17,6.6,6.8,5.0,0.92,6.1,6.15,11.0,0.92,6.1,6.15,11.0,0,0,0,0,0,3
6113,9.0,2006,4.0,15.0,1288.0,277.0,1,1.0,6.0,6.0,1.0,1.0,6.0,6.0,1.0,0.15,7.4,7.4,5.0,0,0,0,1,0,3
6114,9.0,2001,9.0,5.0,98.0,257.0,9,0.72,6.6,6.7,1.0,0.24,5.45,7.8,1.0,0.06,5.45,7.5,13.0,1,0,0,0,0,3
6115,7.0,2003,3.0,26.0,40.0,335.0,12,0.24,6.75,6.95,1.0,0.61,8.05,8.05,3.0,0.4,8.0,7.3,10.0,0,0,1,0,0,3
6116,6.0,2010,1.0,5.0,781.0,86.0,10,0.55,4.4,2.0,49.885309852875615,0.6,4.4,2.0,48.07779759251003,0.6,4.4,2.0,49.565425769059296,0,0,0,1,0,3
6117,7.0,2003,1.0,26.0,1289.0,2096.0,1,0.44,6.1012652384897565,6.454888152444128,47.685338686698614,0.44,6.1868883891584945,6.56346904959172,46.47707550835384,0.25,6.225610131376502,6.600911350455717,47.855459137417434,0,0,0,0,0,3
6118,19.0,2003,3.0,31.0,460.0,774.0,1,0.45,6.9,7.0,1.0,0.05,5.95,7.0,1.0,0.26,4.9,6.25,1.0,0,0,0,0,0,3
6119,26.0,1999,4.0,26.0,1290.0,588.0,1,0.55,6.0,6.0,1.0,0.55,6.0,6.0,1.0,1.3,7.1,7.1,7.0,1,0,0,0,0,3
6120,9.0,2005,9.0,5.0,1291.0,2097.0,1,1.62,6.0,6.4,17.0,1.62,6.0,6.4,17.0,1.62,6.0,6.4,17.0,0,0,0,0,0,3
6121,6.0,2008,9.0,4.0,334.0,2098.0,7,0.11,7.55,7.9,16.0,0.81,7.8,7.85,35.0,0.18,6.6,7.65,15.0,0,0,0,0,0,3
6122,11.0,2016,1.0,15.0,87.0,102.0,9,0.11,5.0,5.0,47.43068327319288,0.11,5.0,5.0,45.61122104527995,0.11,5.0,5.0,46.58020020952159,0,1,1,1,0,3
6123,5.0,2006,8.0,9.0,227.0,2099.0,7,0.08,4.53,5.93,5.5,0.18,5.9,7.1,2.0,0.18,5.9,7.1,2.0,0,0,0,0,0,3
6124,14.0,2005,10.0,8.0,45.0,257.0,9,0.38,4.2,6.0,46.832143282161134,0.38,4.2,6.0,45.37718671902892,0.77,4.15,6.6,46.75086278709985,0,0,1,1,0,3
6125,24.0,1995,10.0,234.0,680.0,1850.0,1,0.0,0.0,0.0,0.0,0.23,0.0,7.7,25.0,0.23,0.0,7.7,25.0,0,0,0,0,0,3
6126,17.0,2006,11.0,33.0,187.0,450.0,6,0.13,3.25,4.47,3.5,0.14,3.25,4.47,3.5,0.29,6.75,6.7,4.0,0,0,0,0,0,3
6127,4.0,2009,9.0,6.0,187.0,106.0,11,0.34,6.6,6.32,305.5,0.64,6.6,6.32,305.5,0.05,6.6,6.32,305.5,1,1,0,1,0,3
6128,9.0,2004,8.0,35.0,1292.0,2100.0,1,0.44,7.7,7.7,47.43754583231484,0.44,7.7,7.7,46.20019555120997,0.44,7.7,7.7,48.87949156685407,0,0,0,0,0,3
6129,1.0,2006,11.0,29.0,902.0,1386.0,11,0.51,5.35,5.7,4.0,0.5,4.5,5.6,4.0,0.34,4.7,6.05,4.0,0,0,0,0,0,3
6130,9.0,2006,4.0,1.0,111.0,2101.0,2,0.03,5.55,5.55,0.0,0.09,5.55,5.55,0.0,0.09,5.55,5.55,0.0,1,1,0,0,0,3
6131,16.0,1982,9.0,138.0,1293.0,2102.0,1,0.69,6.044535910681546,6.403519413431087,49.29867055181206,0.69,6.128021996333945,6.518846858856858,47.36022582407576,0.69,6.173142809531743,6.559936677220455,48.332179930795846,0,0,0,0,0,3
6132,7.0,2004,9.0,13.0,765.0,1167.0,10,0.22,7.6,8.37,10.0,0.62,9.3,8.3,10.0,0.62,9.3,8.3,10.0,0,0,0,1,0,3
6133,12.0,1999,1.0,8.0,11.0,538.0,1,0.32,5.9864729458917845,6.425400801603205,44.05604395604396,0.06,6.120961923847696,6.589959919839676,34.17912087912088,1.1,6.162114228456913,6.618947895791575,38.04120879120879,1,0,1,0,0,3
6134,4.0,2010,9.0,15.0,1294.0,1020.0,11,0.33,7.0,7.03,4.5,0.06,5.5,4.0,1.0,0.05,5.5,4.0,1.0,0,0,0,0,0,3
6135,20.0,2013,3.0,8.0,170.0,43.0,1,0.41,6.0,8.5,39.0,1.16,6.0,6.5,94.0,1.58,7.27,7.55,127.0,1,1,0,1,1,3
6136,13.0,2002,9.0,235.0,1295.0,2103.0,1,0.0,0.0,0.0,0.0,0.0,0.0,0.0,0.0,0.0,0.0,0.0,0.0,0,0,0,0,0,3
6137,6.0,2010,7.0,26.0,1296.0,555.0,4,0.66,6.55,7.65,14.0,0.66,6.55,7.65,14.0,0.13,5.4,7.3,2.0,1,0,0,1,0,3
6138,7.0,2003,9.0,8.0,312.0,135.0,12,0.66,8.1,8.4,14.0,0.17,6.4,7.8,14.0,0.4,6.8,6.9,14.0,0,0,0,0,0,3
6139,14.0,2005,7.0,40.0,49.0,1010.0,4,0.11,6.85,7.75,5.0,0.58,8.01,7.75,65.0,0.21,5.7,5.85,31.0,1,0,0,0,0,3
6140,14.0,2003,10.0,2.0,1297.0,2104.0,2,0.07,6.1104964953271015,6.476797396528759,45.71270364268717,0.07,6.197237983978659,6.5761139853137935,44.72560863994143,0.07,6.2263175901201935,6.6164594459279265,45.997345780706574,0,0,0,0,0,3
6141,3.0,1991,2.0,1.0,51.0,500.0,1,0.73,7.0,6.7,38.0,1.18,9.0,8.05,58.0,1.17,9.0,8.0,29.0,1,0,1,0,0,3
6142,4.0,2007,12.0,15.0,87.0,277.0,12,0.31,8.3,7.85,10.0,0.01,7.18,6.38,83.5,0.05,7.6,7.8,83.5,0,0,1,1,0,3
6143,18.0,2016,10.0,26.0,385.0,637.0,2,0.01,6.1,7.5,5.0,0.03,6.1,7.5,5.0,0.02,6.1,3.0,1.0,0,0,0,0,0,3
6144,9.0,2002,10.0,11.0,377.0,1039.0,11,0.72,8.1,7.55,48.0,0.79,7.0,7.1,7.5,0.08,7.0,7.1,7.5,0,0,0,0,0,3
6145,23.0,2013,2.0,16.0,572.0,387.0,2,0.25,9.1,8.2,437.0,0.39,5.25,7.0,1.0,0.07,8.0,7.7,25.0,1,0,0,0,0,3
6146,17.0,2011,4.0,26.0,570.0,625.0,1,0.35,6.9,8.0,18.0,0.88,6.9,8.0,18.0,0.21,6.9,8.0,18.0,1,0,0,0,0,3
6147,2.0,1991,1.0,26.0,1298.0,2105.0,1,0.42,6.106693207510081,6.4691025262951625,46.589164053206446,0.42,6.193868082178333,6.5654811756611196,45.098410295230885,0.42,6.226080802123285,6.606436646023833,45.99854006704877,1,0,0,0,0,3
6148,7.0,2002,6.0,102.0,1299.0,234.0,1,0.12,7.24,7.83,29.5,0.12,7.24,7.83,29.5,2.7,7.7,8.05,105.0,0,0,0,0,0,3
6149,7.0,2007,9.0,91.0,1016.0,2106.0,11,0.11,7.0,7.83,45.5,0.09,7.5,7.95,7.5,0.09,7.5,7.95,7.5,0,0,0,0,0,3
6150,3.0,1991,2.0,1.0,51.0,500.0,1,0.38,7.1,7.1,12.0,0.93,7.1,7.1,12.0,0.93,7.1,7.1,12.0,1,0,1,0,0,3
6151,8.0,1991,9.0,49.0,524.0,1160.0,1,0.0,0.0,0.0,0.0,0.0,0.0,0.0,0.0,0.0,0.0,0.0,0.0,0,0,0,0,0,3
6152,7.0,2008,9.0,33.0,249.0,241.0,1,0.61,5.0,6.7,3.0,1.39,5.0,6.0,1.0,1.58,5.0,6.0,1.0,0,0,0,0,0,3
6153,9.0,2002,2.0,29.0,632.0,902.0,1,0.06,6.6,8.0,43.711032388663966,0.06,6.6,8.0,37.134362348178136,0.84,6.6,8.0,42.425607287449395,0,0,0,0,0,3
6154,4.0,2007,1.0,6.0,138.0,2075.0,5,0.12,7.2,7.75,91.0,0.14,7.2,7.75,91.0,0.14,7.2,7.75,91.0,0,0,1,0,0,3
6155,7.0,2006,5.0,174.0,586.0,2107.0,3,0.2,4.55,2.5,46.75953239375068,0.42,8.1,8.8,45.315415710695945,0.42,8.1,8.8,46.241942532503,0,0,0,0,0,3
6156,7.0,2002,3.0,29.0,462.0,1238.0,9,0.37,3.9,5.9,2.0,0.1,3.9,4.5,2.0,0.1,3.9,4.5,2.0,0,0,0,0,0,3
6157,1.0,2010,1.0,183.0,977.0,1549.0,11,0.44,6.039757952973729,6.421583679114796,44.246983408748115,0.44,6.120172890733055,6.541791147994463,32.7447209653092,0.44,6.1493775933609935,6.577461964038736,36.71266968325792,0,0,0,0,0,3
6158,6.0,2013,7.0,8.0,257.0,448.0,3,0.39,6.95,6.03,3.0,0.99,6.93,6.35,172.0,0.85,7.2,6.8,37.0,1,0,0,0,0,3
6159,7.0,2007,7.0,4.0,593.0,213.0,8,1.06,7.7,7.8,16.0,0.76,5.25,6.35,4.0,0.76,5.25,6.35,4.0,1,0,0,0,0,3
6160,14.0,2003,7.0,114.0,355.0,477.0,1,0.87,6.62,7.65,10.0,1.57,6.75,7.7,30.5,0.87,6.62,7.65,10.0,0,0,0,0,0,3
6161,6.0,2015,6.0,5.0,321.0,84.0,10,0.81,7.33,6.35,31.0,0.09,7.33,3.1,31.0,0.81,7.33,6.35,31.0,1,0,0,1,0,3
6162,7.0,2003,2.0,11.0,337.0,670.0,12,0.14,2.25,2.0,1.0,0.15,4.15,5.85,1.0,1.17,6.55,6.63,8.5,0,0,0,0,0,3
6163,4.0,2010,6.0,20.0,513.0,1333.0,1,0.14,5.6,5.9,10.0,0.17,4.2,5.9,10.0,0.24,4.2,5.9,10.0,0,0,0,0,0,3
6164,17.0,2007,1.0,4.0,571.0,836.0,2,0.93,8.3,8.6,47.86400791034937,0.94,8.3,8.6,46.669215557020436,0.35,8.3,8.2,47.940870138431116,0,0,0,0,0,3
6165,9.0,2001,2.0,120.0,840.0,584.0,8,0.06,7.97,7.32,13.0,0.32,6.4,7.8,13.0,1.31,6.4,7.3,3.0,0,0,0,0,1,3
6166,7.0,2006,3.0,11.0,53.0,59.0,3,0.02,5.85,7.9,0.0,1.23,5.07,5.75,101.5,0.76,4.3,5.25,23.0,1,0,0,0,0,3
6167,20.0,2012,6.0,1.0,512.0,2108.0,11,4.44,6.85,7.25,102.0,0.75,8.03,7.77,32.0,0.75,8.03,7.77,32.0,0,0,0,0,1,3
6168,4.0,2007,8.0,5.0,377.0,370.0,1,0.4,3.0,5.3,4.0,0.16,3.0,5.3,4.0,0.69,3.0,5.5,2.0,0,0,0,0,1,3
6169,4.0,2010,6.0,8.0,223.0,272.0,10,0.36,7.13,7.33,31.5,0.36,7.13,7.33,31.5,0.41,5.3,5.85,16.5,0,0,0,0,0,3
6170,4.0,2010,3.0,29.0,1029.0,747.0,11,0.44,6.7,7.5,9.0,0.24,6.7,7.5,9.0,0.19,3.0,7.5,9.0,0,0,0,0,0,3
6171,7.0,2004,10.0,22.0,686.0,1199.0,11,0.62,6.9,8.22,3.0,0.6,4.05,6.6,2.0,0.6,4.05,6.6,2.0,0,0,0,0,0,3
6172,5.0,2007,10.0,9.0,295.0,386.0,10,0.64,7.25,6.95,40.0,0.32,8.25,9.0,175.0,0.01,5.5,5.2,175.0,1,0,1,1,1,3
6173,9.0,2002,9.0,6.0,1224.0,1861.0,10,0.62,7.4,7.85,36.0,0.08,7.3,7.4,36.0,0.08,7.3,7.4,36.0,0,0,0,0,0,3
6174,13.0,1998,10.0,4.0,301.0,395.0,3,0.07,6.14136437734779,6.507790771847792,45.90518783542039,0.07,6.229780990856904,6.611235381671309,45.9634051489461,0.07,6.259884470905094,6.648757530654208,47.21746908298981,1,0,0,0,0,3
6175,7.0,2006,4.0,12.0,768.0,1090.0,8,0.03,5.15,7.4,6.0,0.09,7.3,7.35,6.0,0.14,6.45,6.95,13.0,0,0,0,0,0,3
6176,5.0,2009,2.0,13.0,480.0,698.0,5,0.07,7.87,6.95,298.0,0.37,6.87,6.7,57.5,0.47,7.0,6.4,45.0,1,0,0,0,0,3
6177,7.0,2002,1.0,40.0,210.0,502.0,2,0.28,7.3,8.6,45.95096739994699,0.21,6.95,8.6,45.15509320611361,0.59,7.0,8.6,46.44641752805018,1,0,0,0,0,3
6178,8.0,1995,2.0,154.0,51.0,500.0,1,0.36,8.5,7.88,17.5,0.34,8.5,8.2,11.0,0.18,8.5,8.2,11.0,1,0,1,0,0,3
6179,14.0,2004,1.0,8.0,45.0,1329.0,11,0.34,5.5,6.2,13.0,2.28,6.85,7.6,58.0,2.28,6.85,7.6,58.0,0,0,1,0,0,3
6180,6.0,2011,9.0,8.0,720.0,2109.0,6,0.6,6.0,7.65,109.0,0.57,7.93,7.8,205.0,0.57,7.93,7.8,205.0,0,0,0,1,0,3
6181,19.0,2005,9.0,33.0,60.0,1099.0,11,0.67,5.3,5.5,4.0,0.04,5.85,6.9,5.0,0.67,5.3,5.5,4.0,0,0,1,0,0,3
6182,13.0,1995,1.0,15.0,791.0,2110.0,1,0.58,8.0,8.0,1.0,0.58,8.0,8.0,1.0,0.58,8.0,8.0,1.0,0,0,0,0,1,3
6183,9.0,2003,3.0,73.0,499.0,570.0,11,0.01,2.7,2.9,10.5,0.19,7.12,6.47,10.5,0.19,7.12,6.47,10.5,0,0,0,0,0,3
6184,8.0,1992,1.0,87.0,1300.0,2111.0,1,0.0,0.0,0.0,0.0,0.0,0.0,0.0,0.0,0.0,0.0,0.0,0.0,0,0,0,0,0,3
6185,6.0,2014,6.0,6.0,1301.0,23.0,10,0.53,7.25,7.0,7.0,0.53,7.25,7.0,7.0,0.53,7.25,7.0,7.0,1,1,0,1,0,3
6186,19.0,2004,9.0,29.0,120.0,1382.0,9,0.34,6.5,7.9,47.36133139729699,0.5,6.5,7.9,45.73416731821736,0.5,5.6,7.9,46.57991734614096,0,0,0,0,0,3
6187,14.0,2001,9.0,15.0,103.0,2112.0,12,0.08,7.8,7.9,6.0,0.19,5.2,7.9,6.0,0.19,5.2,7.9,6.0,1,0,0,0,1,3
6188,5.0,2011,1.0,5.0,321.0,422.0,9,0.29,3.95,6.1,1.0,0.92,3.9,5.8,1.0,0.08,3.9,5.8,1.0,0,0,0,0,0,3
6189,11.0,2016,9.0,17.0,253.0,65.0,1,0.3,6.0,5.8,28.0,0.11,6.5,6.0,1.0,0.01,6.5,6.0,1.0,1,1,0,0,0,3
6190,10.0,2012,6.0,5.0,513.0,1490.0,10,0.45,6.056810319554371,6.402236880680159,49.122339574331896,0.02,6.138100263852236,6.5155702140135,47.53496559449512,0.02,6.185627381999394,6.5565977719144,48.773403744599136,0,0,0,0,0,3
6191,11.0,2016,1.0,15.0,87.0,102.0,4,0.11,7.53,5.63,24.0,0.04,7.53,5.63,24.0,0.04,7.53,5.63,24.0,0,0,1,0,0,3
6192,7.0,2007,4.0,49.0,819.0,2113.0,9,0.07,5.6,5.7,4.0,0.07,5.6,8.0,3.0,0.07,5.6,8.0,3.0,1,0,0,0,0,3
6193,15.0,2004,12.0,11.0,226.0,622.0,11,1.94,7.35,8.2,69.0,0.07,6.6,3.0,69.0,1.25,6.2,8.35,13.0,1,0,0,0,0,3
6194,7.0,2001,1.0,29.0,120.0,2114.0,9,0.56,6.87,8.6,14.0,3.52,6.87,4.3,4.0,3.52,6.87,4.3,4.0,0,0,0,0,0,3
6195,7.0,2002,1.0,40.0,210.0,2115.0,11,0.41,8.1,8.6,31.0,0.96,7.55,7.4,31.0,0.11,7.55,7.95,2.0,1,0,0,0,0,3
6196,23.0,2014,9.0,134.0,1003.0,1603.0,9,0.14,6.85,7.4,4.0,0.41,8.17,8.43,62.0,0.19,8.17,8.43,62.0,1,0,0,0,0,3
6197,19.0,2002,6.0,54.0,91.0,37.0,9,0.4,6.0,6.55,3.5,2.94,5.47,6.55,3.5,1.51,6.77,7.57,8.5,1,0,0,0,0,3
6198,4.0,2006,2.0,5.0,82.0,1319.0,5,0.41,4.1,5.6,1.0,0.24,6.63,6.43,10.0,0.54,5.8,8.5,10.0,0,0,1,0,0,3
6199,7.0,2000,1.0,167.0,680.0,2116.0,11,0.06,1.5,3.75,22.0,0.06,6.0,5.2,5.0,0.06,6.0,5.2,5.0,0,0,0,0,0,3
6200,4.0,2010,11.0,5.0,626.0,1017.0,11,0.48,5.6,6.7,14.0,0.09,4.5,8.1,14.0,0.73,4.5,7.0,14.0,0,0,0,0,0,3
6201,17.0,2007,9.0,3.0,136.0,1340.0,10,0.37,6.3,6.6,5.0,0.28,7.25,7.7,10.0,0.53,7.3,7.85,57.0,0,0,0,0,0,3
6202,7.0,2001,7.0,22.0,1302.0,2117.0,3,0.03,6.0,8.2,6.0,0.06,6.0,10.0,1.0,0.06,6.0,10.0,1.0,0,0,0,0,0,3
6203,24.0,1997,12.0,206.0,1303.0,2118.0,1,0.36,6.042070079121586,6.394020668496688,49.29562687356727,0.36,6.127673179396085,6.510931697077347,47.72615059072474,0.36,6.172315517519764,6.551114161149683,49.20948686298713,0,0,0,0,0,3
6204,17.0,2011,6.0,4.0,334.0,926.0,4,0.11,4.0,3.9,2.0,0.03,6.85,6.6,7.0,0.81,7.8,7.85,35.0,0,0,0,0,0,3
6205,4.0,2010,6.0,20.0,513.0,1333.0,1,0.13,5.3,6.25,10.0,0.14,5.3,6.25,10.0,0.19,5.3,6.25,10.0,0,0,0,0,0,3
6206,13.0,1998,12.0,5.0,855.0,2119.0,1,0.33,6.0,6.0,1.0,0.55,6.0,6.0,1.0,0.55,6.0,6.0,1.0,1,0,0,0,0,3
6207,6.0,2009,6.0,5.0,73.0,84.0,2,0.3,5.4,6.62,11.5,0.3,5.4,6.62,11.5,0.3,5.4,6.62,11.5,1,0,1,0,0,3
6208,7.0,2008,9.0,26.0,253.0,320.0,11,1.08,7.33,7.6,328.5,0.13,5.5,7.3,11.5,0.13,5.5,7.3,11.5,1,0,0,1,1,3
6209,14.0,2005,2.0,5.0,47.0,582.0,5,1.24,5.55,7.05,30.0,0.19,5.55,7.05,30.0,0.66,7.0,8.2,30.0,0,0,0,0,0,3
6210,1.0,2010,9.0,5.0,83.0,624.0,6,0.06,7.2,7.22,66.5,0.3,4.5,5.75,3.0,0.24,4.5,5.75,3.0,0,0,0,0,0,3
6211,7.0,2009,9.0,5.0,164.0,1009.0,6,0.36,6.15,6.7,16.0,2.28,6.05,6.75,107.0,0.5,6.05,9.0,1.0,0,0,0,0,0,3
6212,8.0,1992,3.0,62.0,123.0,976.0,1,0.0,0.0,0.0,0.0,0.0,0.0,0.0,0.0,0.0,0.0,0.0,0.0,0,0,0,0,0,3
6213,20.0,2012,4.0,8.0,745.0,187.0,3,0.55,6.67,6.92,2.0,0.55,6.67,6.92,2.0,1.46,8.77,7.4,419.0,1,0,0,1,1,3
6214,4.0,2011,6.0,176.0,1304.0,2120.0,3,0.18,4.0,4.0,45.95671494404213,0.18,4.0,4.0,45.441943712969056,0.18,4.0,4.0,46.805258393680056,0,0,0,0,0,3
6215,24.0,1994,8.0,9.0,247.0,315.0,1,0.55,7.0,7.8,72.0,2.14,8.5,8.07,31.0,2.14,8.5,8.07,31.0,1,0,0,1,0,3
6216,7.0,2003,1.0,11.0,561.0,2121.0,12,0.06,3.0,3.0,45.86576885837514,0.21,3.0,3.0,45.062538508934075,0.21,3.0,3.0,46.35604260188364,1,0,0,0,0,3
6217,19.0,2003,6.0,1.0,1.0,3.0,1,0.46,9.0,8.9,197.0,5.2,9.0,8.9,197.0,15.85,8.0,7.8,55.0,1,1,1,0,0,3
6218,4.0,2006,5.0,9.0,55.0,690.0,1,1.46,4.5,9.1,11.0,0.6,4.5,6.18,38.5,0.04,7.0,6.8,29.0,1,0,1,0,0,3
6219,13.0,1998,4.0,15.0,87.0,2122.0,1,0.42,7.5,7.5,2.0,0.6,7.0,7.0,3.0,0.6,7.0,7.0,3.0,0,0,1,1,0,3
6220,5.0,2006,1.0,8.0,27.0,31.0,1,0.34,7.5,8.1,14.0,1.21,7.0,6.5,14.0,1.21,7.0,6.5,14.0,1,1,1,0,1,3
6221,15.0,2012,9.0,8.0,154.0,187.0,11,0.48,7.95,7.05,136.0,0.97,8.63,6.95,679.5,0.28,8.5,8.15,210.5,1,0,0,1,0,3
6222,19.0,2001,1.0,31.0,401.0,549.0,11,0.49,6.9,7.7,7.5,1.38,7.2,7.13,7.5,0.19,7.33,7.0,2.0,0,0,0,0,1,3
6223,1.0,2008,6.0,32.0,71.0,260.0,11,0.24,4.0,4.0,1.0,0.24,4.0,4.0,1.0,0.24,4.0,4.0,1.0,0,0,0,0,0,3
6224,4.0,2008,6.0,6.0,19.0,530.0,10,0.38,6.102638001824813,6.459495894160645,47.32791802049488,0.12,6.191270529197094,6.566937728102246,45.973319170207446,0.11,6.229014598540156,6.60431341240881,47.42195701074731,0,0,1,0,0,3
6225,6.0,2013,2.0,16.0,334.0,2123.0,9,5.99,9.33,8.62,506.5,0.28,6.7,7.3,7.0,0.28,6.7,7.3,7.0,0,0,0,1,0,3
6226,13.0,1998,10.0,8.0,579.0,787.0,1,0.47,5.0,7.8,4.0,0.13,5.0,7.8,4.0,0.36,5.0,6.6,22.0,0,0,0,0,0,3
6227,7.0,2008,9.0,29.0,390.0,689.0,10,0.39,7.5,6.6,47.32791802049488,0.09,7.5,6.6,45.973319170207446,0.15,7.5,8.1,47.42195701074731,0,0,0,0,0,3
6228,14.0,2005,9.0,5.0,238.0,170.0,11,0.33,5.15,4.97,1.5,0.56,7.7,7.3,1.5,0.56,7.7,7.3,1.5,0,0,0,0,0,3
6229,7.0,2003,1.0,31.0,209.0,2124.0,7,0.05,5.5,7.05,5.0,0.4,5.05,5.9,16.0,0.4,5.05,5.9,16.0,0,0,0,0,0,3
6230,7.0,2008,1.0,8.0,45.0,378.0,11,0.57,6.75,6.92,5.5,0.39,6.75,6.92,5.5,0.23,6.75,6.92,5.5,0,0,1,0,0,3
6231,1.0,2008,11.0,26.0,672.0,2125.0,1,0.5,7.0,8.4,5.0,0.04,7.0,6.1,15.0,0.04,7.0,6.1,15.0,0,0,0,0,0,3
6232,1.0,2010,9.0,29.0,120.0,2126.0,11,0.43,5.6,5.6,44.246983408748115,0.59,5.6,5.6,32.7447209653092,0.59,5.6,5.6,36.71266968325792,0,0,0,0,0,3
6233,5.0,2011,9.0,13.0,359.0,325.0,10,0.49,5.75,6.6,20.0,0.33,6.4,7.0,36.5,0.14,7.6,6.75,128.0,1,0,1,1,0,3
6234,9.0,2001,1.0,15.0,103.0,1539.0,1,0.41,4.2,7.25,6.0,0.08,4.2,7.25,6.0,0.35,4.2,7.25,6.0,0,0,0,0,1,3
6235,7.0,2002,11.0,6.0,1305.0,225.0,9,0.32,6.8,8.0,36.0,0.32,6.8,8.0,36.0,0.32,6.8,8.2,36.0,1,0,0,0,1,3
6236,9.0,2003,2.0,15.0,103.0,597.0,5,0.95,7.2,7.6,10.0,2.9,8.65,7.7,1.0,0.13,6.95,6.7,14.0,1,0,0,0,0,3
6237,17.0,2011,1.0,3.0,102.0,126.0,10,2.11,8.67,8.0,104.0,2.11,8.67,8.0,104.0,2.11,8.67,8.0,104.0,1,0,1,0,1,3
6238,15.0,2010,12.0,6.0,894.0,1374.0,9,0.36,5.93,6.05,35.5,0.13,7.0,7.3,4.0,0.51,7.7,7.83,53.5,0,0,0,0,0,3
6239,24.0,1996,7.0,26.0,683.0,701.0,1,0.44,8.3,8.3,3.0,0.44,8.3,8.3,3.0,0.2,8.3,8.3,3.0,0,0,0,0,0,3
6240,13.0,1997,8.0,236.0,804.0,946.0,1,0.08,2.0,7.0,1.0,0.16,2.0,7.0,1.0,0.16,2.0,7.0,1.0,1,0,0,0,0,3
6241,3.0,2000,2.0,1.0,1306.0,2127.0,1,1.18,6.080184531886015,6.4249240162822545,49.17336199229173,1.18,6.164715061058349,6.539900949796512,47.802772013044766,1.18,6.208497964721839,6.582871099050231,49.20360213459828,1,1,0,0,1,3
6242,10.0,2012,6.0,237.0,1307.0,2128.0,1,0.0,0.0,0.0,0.0,0.0,0.0,0.0,0.0,0.0,0.0,0.0,0.0,0,0,0,0,0,3
6243,1.0,2009,3.0,1.0,559.0,795.0,4,0.6,8.1,7.55,14.0,0.23,5.77,7.48,7.5,1.0,8.4,7.85,5.0,0,0,0,0,0,3
6244,17.0,2012,1.0,15.0,87.0,102.0,9,1.56,7.57,6.75,162.0,1.56,7.57,6.75,162.0,1.56,7.57,6.75,162.0,0,1,1,0,0,3
6245,11.0,2015,9.0,5.0,89.0,1437.0,6,0.09,5.9,3.1,65.5,0.46,5.9,7.27,65.5,0.46,5.9,7.27,65.5,0,0,0,1,0,3
6246,8.0,1995,6.0,238.0,1308.0,2129.0,1,0.0,0.0,0.0,0.0,0.0,0.0,0.0,0.0,0.0,0.0,0.0,0.0,0,0,0,0,0,3
6247,17.0,2008,9.0,132.0,834.0,2130.0,11,0.04,6.5,6.55,1.0,0.06,6.5,6.55,1.0,0.09,6.5,6.55,1.0,0,0,0,0,0,3
6248,7.0,2007,1.0,57.0,391.0,422.0,9,0.2,6.3,6.3,47.74484613086346,0.11,6.3,6.3,44.120854496564085,0.2,6.3,6.3,48.0920227069017,0,0,0,0,0,3
6249,4.0,2007,6.0,1.0,1309.0,2131.0,1,0.56,7.0,7.2,5.0,0.56,7.0,7.2,5.0,0.56,7.0,7.2,5.0,0,0,0,0,0,3
6250,7.0,2000,1.0,3.0,1310.0,2132.0,2,0.3,7.0,7.0,2.0,0.3,7.0,7.0,2.0,0.3,7.0,7.0,2.0,0,0,0,0,1,3
6251,16.0,1982,9.0,70.0,1311.0,2133.0,1,0.4,6.0,6.0,1.0,0.4,6.0,6.0,1.0,0.4,6.0,6.0,1.0,1,0,0,0,0,3
6252,1.0,2014,11.0,239.0,548.0,1317.0,6,0.02,6.110177243557098,6.4738046246308105,47.344282511210764,0.02,6.19441173474587,6.570955485382561,45.720571748878925,0.02,6.226847305694223,6.6094020576551396,46.56698430493274,0,0,0,0,0,3
6253,4.0,2007,6.0,8.0,340.0,1392.0,8,0.5,4.46,5.62,13.5,0.33,7.2,7.1,13.0,0.5,4.46,5.62,13.5,0,0,1,0,0,3
6254,14.0,2003,10.0,2.0,963.0,2134.0,3,0.03,7.0,7.1,42.0,0.03,7.0,7.1,42.0,0.03,7.0,7.1,42.0,0,0,0,1,0,3
6255,6.0,2010,1.0,5.0,783.0,1242.0,9,0.36,6.8,7.35,31.0,0.4,6.8,7.0,1.0,0.4,6.8,7.0,1.0,0,0,0,0,0,3
6256,13.0,1996,10.0,101.0,1312.0,2135.0,1,0.33,6.074598214285714,6.518080357142857,51.629901960784316,0.33,6.105133928571427,6.627678571428572,32.81127450980392,0.33,6.240669642857141,6.645223214285716,43.85294117647059,0,0,0,0,0,3
6257,19.0,2004,10.0,11.0,709.0,188.0,12,0.09,5.6,5.85,13.0,0.69,6.75,6.75,73.0,0.61,6.2,8.6,73.0,0,0,0,0,0,3
6258,9.0,2002,3.0,15.0,87.0,2136.0,3,0.64,7.8,8.6,0.5,0.26,5.13,7.45,0.5,0.26,5.13,7.45,0.5,0,0,1,0,0,3
6259,13.0,1998,9.0,13.0,51.0,67.0,1,2.41,5.5,7.1,56.0,2.41,5.5,7.1,56.0,0.17,5.5,9.0,1.0,1,1,1,0,0,3
6260,13.0,1997,9.0,49.0,253.0,320.0,1,0.12,6.042070079121586,6.394020668496688,49.29562687356727,0.12,6.127673179396085,6.510931697077347,47.72615059072474,0.12,6.172315517519764,6.551114161149683,49.20948686298713,1,0,0,1,1,3
6261,9.0,2001,5.0,54.0,1313.0,2137.0,1,0.14,4.8,6.0,47.903901046622266,0.14,4.8,6.0,46.559535136604595,0.14,4.8,6.0,47.730256898192195,0,0,0,0,0,3
6262,1.0,2013,6.0,35.0,369.0,51.0,10,0.08,6.75,6.7,7.0,0.07,7.0,2.5,1.0,0.07,7.0,2.5,1.0,0,0,0,0,1,3
6263,4.0,2005,3.0,8.0,45.0,43.0,11,0.41,5.95,7.05,12.0,1.04,7.15,7.65,94.0,0.56,7.0,7.6,94.0,1,1,1,1,1,3
6264,7.0,2004,4.0,17.0,215.0,25.0,1,0.54,7.75,8.05,14.0,0.13,7.75,7.9,9.0,5.29,7.75,7.0,160.0,1,1,0,0,0,3
6265,13.0,2001,9.0,240.0,312.0,1948.0,1,0.0,0.0,0.0,0.0,0.26,7.6,7.6,0.0,0.31,7.6,7.6,0.0,0,0,0,0,0,3
6266,14.0,2001,1.0,40.0,218.0,1266.0,11,1.67,7.45,7.25,8.0,0.56,6.93,7.6,0.0,0.56,6.93,7.6,0.0,1,0,0,0,1,3
6267,5.0,2010,9.0,9.0,1025.0,257.0,4,0.34,3.97,4.17,3.0,0.4,3.53,3.98,17.5,0.34,3.97,4.17,3.0,0,0,1,0,0,3
6268,4.0,2009,8.0,8.0,31.0,804.0,10,0.41,5.3,7.05,1.0,1.38,6.3,6.3,1.0,0.14,3.0,6.0,1.0,0,0,0,0,0,3
6269,7.0,2009,6.0,8.0,387.0,1230.0,3,0.3,5.8,6.35,9.5,0.37,5.87,6.47,13.0,0.37,5.87,6.47,13.0,0,0,1,0,0,3
6270,4.0,2008,4.0,15.0,87.0,811.0,3,0.39,7.6,7.0,1.0,0.03,7.6,7.0,1.0,0.03,7.6,9.5,4.0,1,0,1,0,0,3
6271,13.0,2000,11.0,29.0,228.0,1699.0,12,1.5,8.9,7.75,1.0,1.5,8.9,7.75,1.0,1.5,8.9,7.75,1.0,0,0,0,0,0,3
6272,13.0,1997,10.0,26.0,1314.0,2138.0,1,0.3,6.5,6.5,2.0,0.3,6.5,6.5,2.0,0.3,6.5,6.5,2.0,0,0,0,0,0,3
6273,13.0,2000,1.0,80.0,860.0,2139.0,1,1.25,7.9,7.9,49.17336199229173,0.12,7.9,7.9,47.802772013044766,0.12,7.9,7.9,49.20360213459828,0,0,0,0,0,3
6274,13.0,2001,1.0,31.0,401.0,549.0,5,0.76,4.67,6.55,3.5,1.05,6.6,7.05,2.0,1.38,7.2,7.13,7.5,0,0,0,0,0,3
6275,11.0,2015,4.0,81.0,1315.0,2140.0,1,0.06,7.75,7.2,41.5,0.06,7.75,7.2,41.5,0.03,7.2,7.95,3.0,1,0,0,0,0,3
6276,5.0,2010,12.0,6.0,894.0,1374.0,9,0.35,4.25,4.3,53.5,0.51,7.7,7.83,53.5,0.51,7.7,7.83,53.5,0,0,0,0,0,3
6277,6.0,2013,6.0,9.0,34.0,1623.0,9,0.18,3.5,4.43,144.5,0.16,3.5,6.4,11.0,0.23,8.55,8.47,39.0,0,0,1,1,0,3
6278,4.0,2006,9.0,13.0,51.0,67.0,2,0.02,7.0,7.9,22.0,0.05,7.0,7.9,22.0,0.12,6.67,8.6,312.0,1,1,1,0,0,3
6279,4.0,2005,5.0,26.0,40.0,37.0,4,0.05,6.5,7.7,4.0,0.1,4.55,6.75,4.0,0.56,7.0,5.38,1.5,0,0,1,0,0,3
6280,16.0,1984,3.0,5.0,321.0,2141.0,1,0.34,7.3,7.3,3.0,1.31,7.3,7.3,3.0,1.31,7.3,7.3,3.0,0,0,0,0,0,3
6281,17.0,2010,8.0,4.0,299.0,138.0,11,0.6,3.9,6.4,3.0,0.11,3.9,6.4,3.0,3.67,3.9,8.0,2.0,0,0,0,1,0,3
6282,15.0,2014,9.0,7.0,293.0,385.0,10,0.65,7.47,7.5,125.5,0.65,7.47,7.5,125.5,0.65,7.47,7.5,125.5,0,0,0,1,0,3
6283,7.0,2004,1.0,4.0,131.0,2142.0,6,0.76,5.25,6.35,4.0,0.14,6.45,7.5,8.0,0.14,6.45,7.5,8.0,0,0,0,0,0,3
6284,13.0,1996,8.0,98.0,855.0,2143.0,1,0.09,8.5,8.5,15.0,0.48,7.5,7.5,4.0,0.48,7.5,7.5,4.0,0,0,0,0,1,3
6285,17.0,2009,1.0,15.0,87.0,2144.0,1,0.06,8.25,8.15,104.0,0.41,8.25,8.15,104.0,0.41,8.25,8.15,104.0,0,0,1,0,0,3
6286,17.0,2006,12.0,26.0,683.0,701.0,1,0.49,6.5,7.8,6.0,0.49,6.5,7.8,6.0,0.05,6.5,7.7,6.0,0,0,0,0,0,3
6287,13.0,2000,1.0,22.0,1316.0,2145.0,7,0.45,4.0,5.5,2.0,0.1,4.0,9.0,1.0,0.1,4.0,9.0,1.0,0,0,0,0,0,3
6288,7.0,2002,3.0,36.0,130.0,292.0,12,0.02,8.5,7.8,36.0,0.04,7.63,6.85,7.0,2.28,7.63,7.8,4.0,0,0,0,0,0,3
6289,19.0,2003,4.0,1.0,311.0,2146.0,11,2.17,8.5,8.52,104.0,1.74,8.3,7.75,1.0,1.74,8.3,7.75,1.0,0,0,0,0,0,3
6290,8.0,1993,10.0,26.0,1317.0,2147.0,1,0.46,6.031933001358078,6.3974558623811495,47.68694362017804,0.46,6.124495246717962,6.522283838841079,46.41444114737883,0.46,6.171109099139873,6.561172476233574,49.107195845697326,0,0,0,0,0,3
6291,5.0,2008,7.0,9.0,252.0,2148.0,2,0.93,4.7,7.0,32.5,0.15,7.47,7.55,30.0,0.15,7.47,7.55,30.0,0,0,0,0,0,3
6292,8.0,1994,1.0,26.0,424.0,2149.0,1,0.39,7.4,7.4,60.0,1.2,7.4,7.4,60.0,1.2,7.4,7.4,60.0,0,0,0,0,0,3
6293,10.0,2012,6.0,9.0,34.0,2150.0,7,0.7,5.3,6.55,6.0,0.33,6.9,7.67,72.5,0.33,6.9,7.67,72.5,0,0,1,0,0,3
6294,7.0,2004,9.0,6.0,1168.0,892.0,9,1.13,7.2,7.4,7.0,1.13,7.2,7.4,7.0,0.15,7.2,6.65,4.0,0,0,0,0,0,3
6295,9.0,2002,3.0,53.0,1179.0,2151.0,9,0.02,5.0,8.4,49.587620336943445,0.16,5.6,8.4,48.169524669073404,0.16,5.6,8.4,49.57746690734055,0,0,0,0,0,3
6296,5.0,2011,1.0,6.0,1318.0,1062.0,10,0.3,6.1,7.95,1.0,0.24,3.3,5.65,1.0,0.7,3.0,2.75,2.0,0,0,1,0,0,3
6297,17.0,2006,1.0,8.0,197.0,454.0,9,0.5,7.53,8.05,8.0,1.32,7.2,7.65,53.0,0.5,7.37,8.65,1.5,0,0,0,0,1,3
6298,5.0,2005,7.0,5.0,73.0,668.0,11,0.33,7.6,6.7,9.0,1.17,6.29,7.72,75.5,1.17,6.29,7.72,75.5,0,0,1,0,1,3
6299,5.0,2006,1.0,8.0,27.0,651.0,9,0.48,7.33,6.9,0.5,4.49,7.63,7.57,2.5,0.08,7.8,8.4,2.5,1,0,1,0,0,3
6300,16.0,1980,6.0,5.0,1319.0,2152.0,1,0.49,5.5,5.5,8.0,0.49,5.5,5.5,8.0,0.49,5.5,5.5,8.0,0,0,0,0,0,3
6301,7.0,2009,9.0,33.0,131.0,1283.0,7,0.56,4.0,6.4,1.0,0.09,3.9,6.4,1.0,0.09,3.9,6.4,1.0,0,0,0,0,0,3
6302,17.0,2011,9.0,20.0,60.0,556.0,11,0.72,6.9,6.8,21.0,0.72,6.9,6.8,21.0,0.72,6.9,6.8,21.0,0,0,1,0,0,3
6303,6.0,2011,9.0,6.0,265.0,1825.0,12,0.11,5.0,6.25,14.0,0.2,5.0,6.25,14.0,0.34,4.0,6.25,14.0,0,0,1,0,0,3
6304,14.0,2004,3.0,2.0,653.0,1260.0,5,1.23,9.05,8.55,68.0,0.3,7.3,7.25,18.0,0.01,8.0,7.8,16.0,0,0,0,0,1,3
6305,3.0,1996,4.0,122.0,1320.0,2153.0,1,0.81,6.074598214285714,6.518080357142857,51.629901960784316,0.81,6.105133928571427,6.627678571428572,32.81127450980392,0.81,6.240669642857141,6.645223214285716,43.85294117647059,0,0,0,0,0,3
6306,7.0,2001,3.0,22.0,432.0,2154.0,11,0.09,6.87,7.15,13.5,0.25,3.3,3.6,13.5,0.25,3.3,3.6,13.5,0,0,0,0,0,3
6307,9.0,2006,2.0,5.0,82.0,1319.0,5,0.35,6.1,8.1,33.5,0.21,7.3,7.1,33.5,0.35,6.1,8.1,33.5,0,0,1,0,0,3
6308,11.0,2015,4.0,134.0,819.0,1239.0,10,0.07,7.03,7.85,5.5,0.03,7.03,7.0,3.0,0.21,7.2,7.4,10.0,1,0,0,0,0,3
6309,19.0,2005,2.0,33.0,249.0,1064.0,10,0.7,7.1,7.1,0.0,0.07,6.25,6.25,0.0,0.7,7.1,7.1,0.0,0,0,0,0,0,3
6310,4.0,2010,12.0,6.0,19.0,907.0,3,0.63,7.5,7.65,47.0,0.18,7.5,7.65,47.0,0.83,3.0,6.15,3.0,0,0,1,0,0,3
6311,19.0,2002,2.0,8.0,280.0,669.0,9,0.45,7.1,7.7,5.0,0.03,6.1,7.9,5.0,1.17,6.0,8.25,3.0,0,0,0,0,0,3
6312,6.0,2014,9.0,13.0,1321.0,1130.0,1,0.02,7.5,7.33,75.5,0.02,7.5,7.33,75.5,0.16,7.5,7.33,75.5,1,0,0,0,0,3
6313,9.0,2002,4.0,15.0,87.0,277.0,1,0.44,8.1,5.0,2.0,1.16,8.1,5.0,2.0,2.07,8.1,8.5,2.0,0,0,1,1,0,3
6314,9.0,2002,10.0,29.0,669.0,2155.0,10,0.08,6.75,8.2,14.0,0.05,6.75,2.0,1.0,0.05,6.75,2.0,1.0,0,0,0,0,0,3
6315,3.0,2000,4.0,161.0,1322.0,2156.0,1,0.04,4.1,6.0,49.17336199229173,0.04,4.1,6.0,47.802772013044766,0.04,4.1,6.0,49.20360213459828,0,0,0,0,0,3
6316,7.0,2004,4.0,17.0,106.0,1273.0,7,0.29,6.55,7.2,5.0,0.08,6.55,7.2,0.0,0.56,5.6,6.05,4.0,0,0,0,0,0,3
6317,11.0,2014,11.0,81.0,1027.0,1649.0,9,0.02,6.5,6.72,10.0,0.07,7.15,7.25,24.0,0.07,7.15,7.25,24.0,0,0,0,0,0,3
6318,14.0,2005,3.0,8.0,27.0,472.0,8,0.63,7.8,7.8,1.0,0.63,7.8,7.8,1.0,0.45,8.6,7.8,1.0,0,0,1,0,0,3
6319,1.0,2007,8.0,29.0,390.0,1423.0,9,0.37,6.43,7.0,15.5,0.51,5.35,5.7,15.5,0.51,5.35,5.7,15.5,0,0,0,0,0,3
6320,7.0,2004,7.0,29.0,204.0,1589.0,2,0.93,5.8,6.2,5.0,0.23,5.8,6.2,5.0,0.21,6.3,6.75,5.0,1,0,0,0,0,3
6321,6.0,2008,9.0,5.0,11.0,158.0,10,0.39,5.47,6.4,67.0,0.67,5.47,6.4,67.0,0.16,5.0,6.1,15.0,0,0,1,1,0,3
6322,14.0,2001,1.0,8.0,27.0,651.0,12,0.54,8.7,8.5,3.0,0.06,8.15,6.15,3.0,0.96,8.0,7.57,19.0,1,0,1,0,1,3
6323,4.0,2008,6.0,127.0,1323.0,2157.0,12,0.0,0.0,0.0,0.0,0.0,0.0,0.0,0.0,0.0,0.0,0.0,0.0,0,0,0,0,0,3
6324,15.0,2011,12.0,207.0,1093.0,1763.0,9,0.08,5.6,5.75,6.0,0.08,5.6,5.75,6.0,0.01,5.6,7.55,4.0,0,0,0,0,0,3
6325,12.0,1997,1.0,15.0,87.0,2110.0,1,0.32,4.0,4.0,3.0,0.59,4.0,4.0,3.0,0.28,4.0,4.0,3.0,0,0,1,0,1,3
6326,12.0,1998,1.0,15.0,87.0,2158.0,1,0.31,6.0160609318996405,6.403268817204285,46.05333068992863,0.59,6.099759856630821,6.523605734767007,42.11122125297383,0.59,6.1246594982078815,6.541229390680994,45.49722442505948,0,0,1,0,0,3
6327,12.0,1998,1.0,31.0,263.0,339.0,1,0.31,5.3,5.3,3.0,0.62,4.0,4.0,1.0,0.25,7.0,7.0,22.0,1,0,0,1,1,3
6328,12.0,1999,9.0,31.0,302.0,2159.0,8,0.24,5.0,5.5,4.0,0.08,5.0,3.0,1.0,0.25,5.0,7.0,21.0,0,0,0,0,0,3
6329,12.0,1999,12.0,1.0,1032.0,487.0,1,0.29,6.0,7.0,1.0,0.4,6.0,6.4,5.0,0.4,6.0,6.4,5.0,0,0,0,0,0,3
6330,5.0,2011,7.0,6.0,225.0,867.0,7,0.3,4.33,4.77,26.0,0.1,5.47,6.12,10.5,0.03,7.43,7.43,120.5,1,0,0,1,0,3
6331,7.0,2005,9.0,13.0,51.0,2160.0,2,0.23,4.0,6.4,20.0,0.11,4.0,7.0,1.0,0.11,4.0,7.0,1.0,0,0,1,0,0,3
6332,10.0,2012,9.0,1.0,1324.0,2161.0,1,0.72,6.0,7.8,53.0,0.72,6.0,7.8,53.0,0.72,6.0,7.8,53.0,0,0,0,0,0,3
6333,17.0,2005,4.0,6.0,40.0,625.0,2,0.04,6.35,7.05,45.0,1.08,6.35,7.05,45.0,0.59,8.0,8.15,8.5,1,0,1,0,0,3
6334,7.0,2007,9.0,8.0,137.0,135.0,6,0.37,5.1,6.3,9.0,0.37,5.1,6.3,9.0,0.37,5.1,6.3,9.0,0,0,1,0,0,3
6335,4.0,2011,6.0,59.0,147.0,427.0,7,0.02,6.0,8.28,6.0,0.08,6.0,8.28,6.0,0.22,6.0,8.28,6.0,0,0,0,0,0,3
6336,15.0,2013,3.0,8.0,222.0,43.0,11,0.84,7.2,6.22,48.0,0.84,7.2,6.22,48.0,0.84,7.2,6.22,48.0,1,1,0,1,0,3
6337,7.0,2007,3.0,29.0,337.0,483.0,8,0.45,7.67,7.9,37.5,0.64,7.5,7.17,34.0,0.64,7.5,7.17,34.0,0,0,0,0,0,3
6338,14.0,2005,9.0,5.0,518.0,1400.0,6,0.5,5.2,4.8,2.0,0.09,5.95,4.8,0.0,0.09,5.95,4.8,0.0,0,0,0,0,0,3
6339,9.0,2001,1.0,5.0,1325.0,1320.0,3,0.25,8.0,6.8,10.0,0.25,8.0,6.8,10.0,0.25,8.0,6.8,10.0,0,0,0,0,0,3
6340,7.0,2000,3.0,26.0,40.0,1686.0,2,0.16,5.0,7.0,1.0,0.44,5.0,7.0,1.0,0.44,5.0,7.0,1.0,0,0,1,0,1,3
6341,4.0,2010,9.0,29.0,187.0,582.0,11,0.28,5.5,6.0,2.0,0.54,5.5,8.5,2.0,0.3,5.5,3.75,2.0,0,0,0,0,0,3
6342,1.0,2008,1.0,241.0,441.0,2162.0,1,0.07,6.6,6.6,50.52577025484975,0.03,6.6,6.6,48.40728413845569,0.03,6.6,6.6,49.56694560669456,0,0,0,0,0,3
6343,5.0,2008,6.0,15.0,369.0,2163.0,10,0.41,8.25,8.15,104.0,0.16,8.25,8.15,104.0,0.16,8.25,8.15,104.0,0,0,0,0,0,3
6344,4.0,2008,4.0,72.0,400.0,1717.0,6,0.17,6.85,7.5,2.0,0.3,6.85,7.55,22.0,0.34,7.25,7.95,29.0,1,0,0,0,0,3
6345,18.0,2014,9.0,20.0,234.0,488.0,4,0.54,6.0,6.7,17.0,0.54,6.0,6.7,17.0,0.54,6.0,6.7,17.0,0,0,0,0,0,3
6346,8.0,1995,1.0,15.0,87.0,2164.0,1,0.31,6.105477410782085,6.471694191344031,46.30825496342738,0.11,6.192767653758562,6.565149962034973,45.062225705329155,0.11,6.223125474563416,6.604986712224803,46.031556948798325,0,0,1,0,0,3
6347,6.0,2008,9.0,9.0,186.0,1264.0,6,0.38,5.0,6.45,1.0,0.38,5.0,6.45,1.0,0.38,5.0,6.45,1.0,0,0,0,0,0,3
6348,5.0,2013,9.0,13.0,51.0,67.0,1,0.8,7.63,7.25,142.5,3.44,7.0,7.8,46.0,0.04,6.8,5.9,264.5,1,1,1,1,0,3
6349,1.0,2010,1.0,3.0,102.0,1028.0,3,0.24,8.27,7.8,386.5,0.32,7.75,7.65,8.5,0.08,7.75,7.65,8.5,0,0,1,0,0,3
6350,6.0,2011,3.0,5.0,619.0,1999.0,3,0.2,5.0,8.1,5.0,0.02,5.0,8.1,5.0,0.3,6.2,5.55,1.0,0,0,0,0,0,3
6351,8.0,1994,8.0,242.0,1326.0,2165.0,1,0.19,5.5,5.5,2.0,0.19,5.5,5.5,2.0,0.19,5.5,5.5,2.0,0,0,0,0,0,3
6352,4.0,2009,4.0,72.0,400.0,2166.0,6,0.29,7.0,6.6,6.0,0.27,8.2,8.0,8.0,0.27,8.2,8.0,8.0,0,0,0,0,0,3
6353,9.0,2001,4.0,1.0,677.0,2167.0,1,0.56,5.0,5.0,1.0,0.56,5.0,5.0,1.0,0.56,5.0,5.0,1.0,0,0,0,0,0,3
6354,7.0,2001,3.0,31.0,421.0,1221.0,8,0.27,5.35,7.3,0.0,0.71,4.3,5.0,2.0,0.59,8.2,7.55,31.0,1,0,0,0,0,3
6355,19.0,2003,1.0,8.0,27.0,247.0,10,0.39,5.3,6.95,14.0,0.1,8.5,7.4,14.0,1.66,7.93,8.4,13.5,1,0,1,0,1,3
6356,5.0,2015,10.0,26.0,148.0,188.0,2,0.55,7.25,7.02,40.0,0.55,7.25,7.02,40.0,0.55,7.25,7.02,40.0,0,0,0,0,0,3
6357,14.0,2002,3.0,8.0,27.0,472.0,9,0.31,8.5,7.0,49.587620336943445,1.22,8.4,8.7,48.169524669073404,1.22,8.4,8.7,49.57746690734055,0,0,1,0,0,3
6358,5.0,2009,7.0,85.0,1327.0,2168.0,9,0.07,6.8,6.4,8.0,0.09,5.3,6.4,8.0,0.09,5.3,6.4,8.0,0,0,0,0,0,3
6359,13.0,1999,3.0,8.0,1328.0,2169.0,1,0.29,5.0,8.0,1.0,0.29,5.0,8.0,1.0,0.29,5.0,8.0,1.0,0,0,0,0,0,3
6360,4.0,2010,8.0,1.0,150.0,2170.0,3,2.11,6.2,7.1,13.0,3.12,8.1,8.2,13.0,3.12,8.1,8.2,13.0,0,0,0,0,0,3
6361,5.0,2009,4.0,17.0,57.0,25.0,11,0.59,7.05,7.9,17.0,0.26,6.8,7.02,34.5,0.26,6.8,7.02,34.5,1,1,1,1,0,3
6362,4.0,2010,12.0,1.0,3.0,345.0,1,15.32,7.55,7.25,41.0,0.65,7.55,7.25,41.0,0.51,7.4,8.45,63.0,1,0,1,0,0,3
6363,11.0,2016,3.0,36.0,408.0,159.0,1,0.24,6.45,6.3,8.5,0.26,6.7,5.73,5.5,0.24,6.45,6.3,8.5,0,0,0,1,0,3
6364,9.0,2005,6.0,88.0,1329.0,2171.0,1,0.35,5.941533923303834,6.313171091445431,50.56199677938808,0.35,6.055781710914458,6.470575221238942,37.569243156199676,0.35,6.052935103244841,6.466165191740415,43.750402576489535,0,0,0,0,0,3
6365,5.0,2011,6.0,5.0,1143.0,326.0,10,0.57,7.85,6.55,26.5,0.33,7.85,5.3,26.5,0.92,3.9,5.8,26.5,1,0,0,0,1,3
6366,5.0,2007,9.0,29.0,70.0,613.0,8,0.36,7.7,7.6,58.5,0.52,5.75,5.0,8.5,0.52,5.75,5.0,8.5,0,0,0,0,0,3
6367,5.0,2008,9.0,9.0,186.0,1264.0,6,0.31,4.6,6.5,1.0,0.31,4.6,6.5,1.0,0.31,4.6,6.5,1.0,0,0,0,0,0,3
6368,1.0,2009,6.0,3.0,980.0,759.0,1,2.58,6.0,6.7,39.0,2.58,6.0,6.7,39.0,0.38,6.0,6.0,1.0,0,0,0,0,0,3
6369,13.0,1999,4.0,5.0,727.0,2172.0,1,0.31,8.6,6.4,12.0,0.66,8.6,6.4,12.0,0.23,8.6,8.15,48.0,0,0,0,0,0,3
6370,7.0,2002,7.0,181.0,971.0,2173.0,11,0.1,4.2,2.5,2.0,0.05,8.2,7.7,4.0,0.05,8.2,7.7,4.0,0,0,0,0,0,3
6371,7.0,2010,9.0,20.0,548.0,322.0,9,0.3,7.4,8.1,49.51921757035004,0.46,7.6,9.1,47.858499199267904,0.46,7.6,9.1,49.493479752916954,0,0,0,0,0,3
6372,13.0,1998,1.0,15.0,87.0,2174.0,1,0.28,6.0160609318996405,6.403268817204285,46.05333068992863,0.28,6.099759856630821,6.523605734767007,42.11122125297383,0.28,6.1246594982078815,6.541229390680994,45.49722442505948,0,0,1,0,0,3
6373,10.0,2016,11.0,13.0,51.0,763.0,1,0.1,7.03,5.38,35.0,0.09,5.25,6.98,50.0,0.38,7.7,7.9,72.0,1,0,1,0,0,3
6374,19.0,2006,8.0,8.0,108.0,327.0,10,0.35,7.5,7.9,48.40748280219009,0.03,7.5,6.8,47.08746314755019,0.03,7.5,6.8,48.39758528709813,0,0,0,1,0,3
6375,4.0,2008,5.0,35.0,1330.0,2175.0,6,0.14,6.0,7.2,8.0,0.11,4.75,6.78,8.0,0.11,4.75,6.78,8.0,0,0,0,0,0,3
6376,10.0,2013,9.0,20.0,876.0,71.0,10,0.33,7.27,7.63,105.5,0.53,5.55,6.4,19.0,0.33,7.27,7.63,105.5,1,0,0,1,0,3
6377,5.0,2007,1.0,3.0,368.0,1376.0,6,0.44,7.73,7.65,133.0,0.51,7.1,4.0,133.0,0.51,7.1,4.0,133.0,0,0,0,0,0,3
6378,7.0,2003,3.0,9.0,1331.0,2176.0,1,0.9,6.15,6.85,55.0,0.9,6.15,6.85,55.0,0.9,6.15,6.85,55.0,0,0,1,0,0,3
6379,4.0,2007,1.0,8.0,394.0,77.0,8,0.29,7.3,7.35,4.0,0.1,5.8,5.5,4.0,0.71,7.33,7.88,4.0,1,1,0,0,0,3
6380,7.0,2003,8.0,15.0,552.0,787.0,3,2.9,8.65,7.7,1.0,2.9,8.65,7.7,1.0,0.06,6.5,6.7,1.0,0,0,0,0,0,3
6381,4.0,2009,6.0,6.0,625.0,1145.0,9,0.38,6.081317301269194,6.428591850367435,48.85785172212493,0.5,6.164849699398801,6.541612558450277,47.55465557501459,0.64,6.20785303941215,6.583874415497689,48.898423817863396,0,0,0,0,0,3
6382,13.0,1995,7.0,14.0,117.0,144.0,1,0.0,0.0,0.0,0.0,3.61,0.0,8.5,53.0,3.61,0.0,8.5,53.0,0,0,0,0,0,3
6383,5.0,2010,9.0,71.0,1202.0,2177.0,2,0.11,3.9,4.75,1.0,0.13,6.7,7.4,5.0,0.13,6.7,7.4,5.0,0,0,0,0,0,3
6384,6.0,2008,6.0,54.0,369.0,2163.0,10,0.05,2.0,2.0,1.0,0.39,2.0,4.4,1.0,0.39,2.0,4.4,1.0,0,0,0,0,0,3
6385,1.0,2009,5.0,29.0,120.0,1304.0,10,0.32,6.3,5.4,2.0,0.42,4.87,5.4,2.0,0.55,4.87,5.4,2.0,0,0,0,0,0,3
6386,13.0,2000,1.0,4.0,395.0,1163.0,10,1.0,7.3,7.3,45.51120533010297,0.33,6.9,6.9,44.39107611548557,0.62,6.9,6.9,45.35221078134464,0,0,0,0,1,3
6387,14.0,2002,1.0,8.0,31.0,496.0,3,0.87,6.5,6.8,25.0,0.9,7.05,6.8,25.0,0.41,6.7,7.4,0.0,1,0,0,0,0,3
6388,4.0,2011,6.0,5.0,1143.0,326.0,10,0.33,5.3,5.3,46.89055793991416,0.33,5.3,5.3,45.688006676204104,0.33,5.3,5.3,48.2448736289938,1,0,0,0,1,3
6389,11.0,2015,7.0,12.0,801.0,1222.0,1,0.06,7.77,7.27,33.0,0.44,7.13,6.48,105.0,0.44,7.13,6.48,105.0,0,0,0,0,0,3
6390,10.0,2014,9.0,54.0,150.0,1992.0,11,0.08,6.6,7.95,2.0,0.5,8.27,8.2,131.0,0.5,8.27,8.2,131.0,1,0,0,0,0,3
6391,4.0,2010,11.0,29.0,1332.0,2178.0,1,0.03,3.5,7.58,1.5,0.03,3.5,7.58,1.5,0.03,3.5,7.58,1.5,0,0,0,0,0,3
6392,17.0,2006,1.0,8.0,68.0,463.0,11,1.26,7.3,7.2,65.0,0.11,6.8,8.2,65.0,0.2,7.7,7.3,1.0,0,0,1,0,0,3
6393,13.0,1996,10.0,4.0,680.0,608.0,1,0.29,9.0,9.0,1.0,0.03,4.0,4.0,1.0,0.71,7.7,7.7,3.0,1,0,0,0,1,3
6394,6.0,2014,11.0,5.0,377.0,110.0,1,0.55,4.0,4.9,11.0,0.05,4.0,4.0,11.0,0.13,3.6,4.45,1.0,0,0,0,0,0,3
6395,13.0,1998,4.0,68.0,365.0,2179.0,1,0.0,0.0,0.0,0.0,0.03,0.0,0.0,0.0,0.03,0.0,0.0,0.0,0,0,0,0,0,3
6396,8.0,1995,5.0,58.0,1333.0,690.0,1,0.03,6.105477410782085,6.471694191344031,46.30825496342738,0.03,6.192767653758562,6.565149962034973,45.062225705329155,0.03,6.223125474563416,6.604986712224803,46.031556948798325,0,0,0,0,0,3
6397,5.0,2009,1.0,57.0,321.0,422.0,10,1.7,7.0,8.35,3.0,0.5,7.0,4.25,2.0,1.7,7.0,8.35,3.0,0,0,0,0,0,3
6398,7.0,2005,10.0,26.0,533.0,1556.0,8,0.09,5.5,8.1,4.0,0.09,5.9,7.5,4.0,0.11,6.9,8.4,4.0,0,0,0,0,0,3
6399,7.0,2004,12.0,11.0,448.0,2065.0,11,0.4,6.6,6.2,8.0,0.34,4.5,5.7,8.0,0.29,6.9,8.3,8.0,0,0,0,0,0,3
6400,23.0,2012,9.0,49.0,538.0,628.0,1,0.06,6.5,3.75,2.0,0.19,3.43,4.47,10.5,1.01,7.87,8.02,151.0,1,0,0,1,0,3
6401,4.0,2007,5.0,243.0,1334.0,2180.0,2,0.02,6.0,7.0,1.0,0.02,6.0,7.0,1.0,0.02,6.0,7.0,1.0,0,0,0,0,0,3
6402,5.0,2006,9.0,8.0,68.0,1579.0,11,0.41,7.4,7.1,31.5,0.04,7.2,7.0,31.5,0.42,4.8,6.4,5.0,0,0,1,0,0,3
6403,7.0,2007,11.0,6.0,145.0,1691.0,4,0.39,5.75,8.95,17.0,0.51,7.53,7.77,43.5,0.39,5.75,8.95,17.0,0,0,1,0,0,3
6404,4.0,2009,6.0,195.0,1335.0,2181.0,1,0.41,6.06531266560678,6.414785373608896,47.58155002891845,0.41,6.151277159512439,6.537713301536816,45.36119144013881,0.41,6.18789083200847,6.572859035506092,49.094852515905146,0,0,0,0,0,3
6405,23.0,2011,9.0,49.0,524.0,320.0,2,0.03,4.8,6.78,64.0,0.16,4.8,6.78,64.0,0.66,4.83,6.95,96.0,1,0,0,1,1,3
6406,1.0,2009,1.0,3.0,787.0,1028.0,3,1.35,8.93,8.18,348.0,0.15,8.93,6.6,348.0,0.07,4.7,4.6,348.0,0,0,0,0,0,3
6407,6.0,2010,1.0,15.0,87.0,2182.0,1,0.46,4.0,7.15,31.0,0.08,4.0,7.15,31.0,0.08,4.0,7.15,31.0,0,0,1,0,0,3
6408,9.0,2003,9.0,35.0,173.0,2183.0,10,0.05,7.0,7.0,47.44406405941743,0.05,7.0,7.0,45.58605082975514,0.05,7.0,7.0,46.54206800510619,0,0,0,0,0,3
6409,18.0,2015,9.0,8.0,68.0,1377.0,7,0.02,6.35,4.8,45.723528507760875,0.8,6.35,6.5,45.88270324266175,0.01,5.8,8.0,47.245274319963116,0,0,1,0,0,3
6410,6.0,2011,9.0,49.0,253.0,320.0,11,0.11,6.5,6.77,1.5,0.62,6.5,7.72,25.0,0.62,6.5,7.72,25.0,1,0,0,1,1,3
6411,1.0,2008,1.0,6.0,853.0,918.0,12,1.08,7.39,7.0,278.5,0.23,5.0,7.0,278.5,0.01,4.0,7.0,278.5,0,0,0,0,0,3
6412,1.0,2009,8.0,6.0,505.0,214.0,1,0.33,5.0,5.0,5.0,0.23,5.0,5.0,5.0,1.28,5.0,5.0,5.0,0,0,0,0,0,3
6413,4.0,2007,8.0,35.0,1336.0,2184.0,10,0.01,3.5,3.5,47.35864844149208,0.01,3.5,3.5,46.229496678589676,0.01,3.5,3.5,47.57901124169648,0,0,0,0,0,3
6414,1.0,2009,6.0,15.0,284.0,1116.0,11,0.37,4.47,6.13,54.5,0.63,5.83,6.15,71.5,0.48,7.3,7.1,10.0,0,0,0,0,0,3
6415,7.0,2006,9.0,6.0,579.0,2185.0,6,0.04,5.5,5.4,12.0,0.14,2.25,2.0,12.0,0.14,2.25,2.0,12.0,0,0,0,0,0,3
6416,1.0,2009,1.0,3.0,1337.0,2186.0,3,1.08,8.83,7.52,177.5,1.08,8.83,7.52,177.5,1.08,8.83,7.52,177.5,0,0,0,0,0,3
6417,6.0,2012,4.0,49.0,901.0,1385.0,3,0.06,5.17,6.9,32.0,0.09,4.0,6.6,22.0,0.09,4.0,6.6,22.0,1,0,0,0,0,3
6418,5.0,2012,9.0,5.0,1338.0,1149.0,9,1.83,7.23,6.1,570.0,0.24,9.0,7.18,50.5,0.24,9.0,7.18,50.5,1,0,0,0,0,3
6419,17.0,2010,10.0,26.0,161.0,188.0,10,0.55,4.9,6.3,6.0,0.77,6.07,6.75,194.0,0.38,6.65,7.65,18.0,0,0,0,0,0,3
6421,14.0,2003,1.0,9.0,102.0,126.0,10,0.11,8.4,7.25,2.0,0.16,8.4,6.3,2.0,0.32,8.35,7.8,7.0,0,0,1,0,0,3
6422,13.0,1997,1.0,49.0,538.0,2188.0,1,0.12,6.042070079121586,6.394020668496688,49.29562687356727,0.12,6.127673179396085,6.510931697077347,47.72615059072474,0.12,6.172315517519764,6.551114161149683,49.20948686298713,1,0,0,0,0,3
6424,7.0,2002,6.0,245.0,1340.0,2189.0,11,0.0,0.0,0.0,0.0,0.0,0.0,0.0,0.0,0.0,0.0,0.0,0.0,0,0,0,0,0,3
6425,1.0,2010,7.0,183.0,977.0,2190.0,11,0.44,6.039757952973729,6.421583679114796,44.246983408748115,0.44,6.120172890733055,6.541791147994463,32.7447209653092,0.44,6.1493775933609935,6.577461964038736,36.71266968325792,0,0,0,0,0,3
6426,5.0,2007,1.0,3.0,102.0,575.0,7,0.05,3.95,4.2,2.0,0.15,4.35,4.05,2.0,0.36,8.05,8.15,2.0,0,0,1,0,0,3
6427,9.0,2002,4.0,11.0,1341.0,2191.0,10,0.71,6.15,6.4,5.0,0.71,6.15,6.4,5.0,0.71,6.15,6.4,5.0,0,0,0,0,0,3
6428,5.0,2014,3.0,6.0,1342.0,423.0,12,1.7,5.7,6.05,117.0,1.7,5.7,6.05,117.0,1.7,5.7,6.05,117.0,0,0,0,1,0,3
6429,1.0,2011,6.0,29.0,948.0,1277.0,9,0.46,6.33,6.9,100.5,0.22,6.33,6.9,100.5,0.22,6.33,6.9,100.5,0,0,0,0,0,3
6430,5.0,2007,12.0,22.0,1151.0,1870.0,2,0.07,4.8,6.9,3.0,0.07,4.8,6.9,3.0,0.07,4.8,6.9,3.0,0,0,0,0,0,3
6431,4.0,2005,2.0,6.0,195.0,194.0,3,0.66,7.9,7.45,11.0,0.13,7.9,7.45,11.0,0.07,7.85,8.1,113.0,1,0,0,0,1,3
6432,6.0,2013,9.0,26.0,323.0,701.0,1,0.35,7.1,7.4,35.0,0.87,7.1,7.4,35.0,0.1,7.1,7.4,35.0,0,0,0,0,1,3
6433,22.0,1998,7.0,9.0,930.0,515.0,1,0.53,8.4,8.4,10.0,0.05,7.7,7.7,3.0,0.05,7.7,7.7,3.0,0,0,0,0,1,3
6434,1.0,2010,9.0,8.0,387.0,2192.0,11,0.39,5.65,6.67,5.0,0.46,3.4,5.8,3.0,0.46,3.4,5.8,3.0,0,0,1,0,0,3
6435,6.0,2010,8.0,26.0,804.0,2193.0,1,0.36,6.0,6.6,8.0,0.04,6.0,6.5,25.0,0.18,6.0,6.5,25.0,0,0,0,0,0,3
6436,1.0,2009,8.0,8.0,1343.0,804.0,10,0.32,5.55,7.3,0.0,0.05,5.55,7.3,0.0,0.32,5.55,7.3,0.0,0,0,0,0,0,3
6437,7.0,2001,9.0,3.0,1163.0,2194.0,7,0.43,2.0,5.75,1.0,0.43,2.0,5.75,1.0,0.43,2.0,5.75,1.0,0,0,0,0,0,3
6438,14.0,2002,7.0,9.0,1074.0,1737.0,1,0.52,8.0,8.0,1.0,0.08,8.0,8.0,1.0,0.31,8.4,8.4,25.0,1,0,0,1,1,3
6439,13.0,1999,1.0,15.0,87.0,2195.0,1,0.29,6.2,6.2,9.0,0.48,6.2,6.2,9.0,0.48,6.2,6.2,9.0,0,0,1,0,0,3
6440,6.0,2010,4.0,132.0,154.0,251.0,3,0.13,8.47,8.55,722.5,0.4,8.47,8.55,722.5,0.51,8.26,8.3,487.0,1,0,0,0,0,3
6441,13.0,1996,4.0,236.0,804.0,2196.0,1,0.08,2.0,7.0,1.0,0.08,2.0,7.0,1.0,0.08,2.0,7.0,1.0,1,0,0,0,0,3
6442,23.0,2014,6.0,134.0,1003.0,1603.0,9,0.08,6.8,7.2,6.0,0.41,4.6,4.7,1.0,0.41,8.17,8.43,62.0,1,0,0,1,0,3
6443,10.0,2013,9.0,26.0,1344.0,2197.0,1,0.29,6.016843832020995,6.3843011811023525,43.64141414141414,0.29,6.091391076115479,6.49972440944881,40.217532467532465,0.2,6.117578740157478,6.52308070866142,43.198232323232325,0,0,0,0,0,3
6444,4.0,2009,4.0,69.0,24.0,1020.0,11,0.11,4.35,6.0,0.0,0.08,4.2,6.0,0.0,0.2,4.0,6.9,0.0,0,0,0,0,0,3
6445,13.0,1996,1.0,4.0,395.0,2198.0,1,0.29,6.7,6.7,3.0,1.4,6.7,6.7,3.0,1.4,6.7,6.7,3.0,0,0,0,0,0,3
6446,7.0,2007,8.0,6.0,19.0,1537.0,11,0.4,4.55,3.85,6.0,0.45,4.0,6.5,6.0,0.45,4.0,6.5,6.0,1,0,1,0,0,3
6447,7.0,2008,7.0,57.0,783.0,2199.0,11,0.18,3.9,7.8,48.44426425401161,0.13,3.9,1.8,46.782946398088086,0.13,3.9,1.8,48.1357972004097,0,0,0,0,0,3
6448,1.0,2015,9.0,5.0,1345.0,1425.0,1,1.79,6.0,5.6,48.0,1.79,6.0,5.6,48.0,1.79,6.0,5.6,48.0,1,0,0,1,0,3
6449,15.0,2008,12.0,2.0,702.0,799.0,12,0.78,7.45,6.75,52.0,0.06,7.45,7.75,1.0,1.0,4.4,4.65,3.0,1,0,0,0,1,3
6450,13.0,1997,2.0,4.0,1346.0,2200.0,1,0.32,7.3,7.3,3.0,0.32,7.3,7.3,3.0,0.32,7.3,7.3,3.0,0,0,0,0,0,3
6451,4.0,2009,8.0,15.0,87.0,2201.0,1,0.45,6.0,6.2,44.0,0.3,6.5,7.35,1.0,0.3,6.5,7.35,1.0,0,0,1,0,0,3
6452,4.0,2007,4.0,26.0,570.0,625.0,1,0.37,5.0,7.6,42.0,0.05,5.0,7.6,42.0,0.11,5.0,7.6,42.0,1,0,0,0,0,3
6453,7.0,2006,1.0,40.0,1347.0,913.0,6,0.05,5.03,6.55,2.0,0.25,8.7,8.6,2.0,0.09,7.7,8.6,2.0,0,0,0,0,0,3
6454,23.0,2014,10.0,26.0,323.0,1892.0,6,0.32,6.5,7.6,12.0,0.32,6.5,7.1,12.0,0.32,6.5,7.1,12.0,0,0,0,0,0,3
6455,9.0,2002,9.0,29.0,1348.0,2202.0,1,0.13,6.7,6.7,43.711032388663966,0.13,6.7,6.7,37.134362348178136,0.13,6.7,6.7,42.425607287449395,0,0,0,0,0,3
6456,21.0,1994,3.0,9.0,1349.0,2203.0,1,0.3,6.060073064770927,6.419377962085287,50.71839204668252,0.3,6.1445201421800935,6.542274881516566,48.91938621136806,0.3,6.189670221169031,6.580169826224309,49.949751458828615,1,0,0,0,0,3
6457,17.0,2005,3.0,24.0,79.0,40.0,11,0.54,6.2,6.65,50.5,0.13,5.95,6.15,8.0,0.13,5.95,6.15,8.0,0,0,0,0,0,3
6458,6.0,2010,9.0,42.0,1350.0,2204.0,3,0.08,6.08441887842466,6.453391481164448,46.59712738403579,0.08,6.169430650684952,6.553359375000063,45.16023075111843,0.08,6.204124571917825,6.5905062071918294,46.507829055804095,0,0,0,0,0,3
6459,7.0,2008,11.0,33.0,249.0,1166.0,11,0.43,5.43,6.37,2.0,0.28,5.43,6.0,1.0,0.28,5.43,6.0,1.0,0,0,0,0,0,3
6460,4.0,2007,6.0,1.0,1351.0,2205.0,1,0.56,7.4,7.85,66.0,0.56,7.4,7.85,66.0,0.56,7.4,7.85,66.0,0,0,0,0,0,3
6461,1.0,2009,8.0,26.0,873.0,1337.0,11,0.44,5.3,6.8,32.76409185803758,0.53,5.6,7.3,23.798538622129435,0.53,5.6,7.3,28.856993736951985,0,0,0,0,0,3
6462,4.0,2008,11.0,36.0,635.0,2206.0,7,0.88,8.7,7.8,46.12766046942038,0.81,8.7,7.6,45.3263228737276,0.81,8.7,7.6,46.65588457979305,0,0,0,0,0,3
6463,10.0,2013,1.0,38.0,1352.0,540.0,1,0.01,8.5,8.5,2.0,0.01,8.5,8.5,2.0,0.47,9.0,9.0,1.0,1,0,0,0,0,3
6464,7.0,2004,3.0,3.0,539.0,792.0,1,0.64,7.2,8.15,128.0,1.0,5.09,7.92,5.5,1.0,5.09,7.92,5.5,0,0,0,0,0,3
6465,4.0,2010,6.0,6.0,19.0,101.0,11,0.61,2.6,5.8,1.0,0.76,6.2,7.1,1.0,4.42,6.03,6.5,52.0,0,0,1,0,0,3
6466,7.0,2007,4.0,9.0,55.0,834.0,11,1.52,5.5,6.45,4.0,0.02,5.5,7.0,1.0,0.19,5.6,7.18,32.5,1,0,1,0,0,3
6467,1.0,2010,8.0,11.0,1353.0,2207.0,6,0.15,6.033445600132071,6.393825326069004,49.04950405770965,0.02,6.117914809311541,6.507062902426945,47.05843101893598,0.02,6.163670133729564,6.549328050189856,48.10054102795311,0,0,0,0,0,3
6468,6.0,2013,1.0,15.0,87.0,2208.0,1,0.43,6.65,7.45,54.0,0.1,7.25,6.2,16.5,0.1,7.25,6.2,16.5,0,0,1,0,0,3
6469,9.0,2002,9.0,29.0,679.0,1382.0,9,0.3,6.8,6.7,1.0,0.3,6.8,6.7,1.0,0.42,4.0,6.7,1.0,0,0,0,0,0,3
6470,7.0,2006,9.0,13.0,51.0,1130.0,1,1.34,7.3,7.4,106.5,2.21,7.0,7.3,52.0,0.25,6.2,6.85,3.0,1,0,1,0,0,3
6471,17.0,2006,10.0,26.0,424.0,637.0,8,0.19,3.85,4.0,1.0,0.03,5.4,7.0,1.0,0.42,4.8,4.75,1.0,0,0,0,0,0,3
6472,1.0,2011,4.0,1.0,59.0,540.0,9,1.04,8.15,7.95,26.0,0.64,6.0,6.8,16.0,0.54,6.0,8.0,2.0,1,0,0,0,0,3
6473,9.0,2002,2.0,29.0,286.0,2209.0,5,0.77,3.8,2.7,1.0,0.07,5.7,2.7,1.0,0.07,5.7,2.7,1.0,0,0,0,0,0,3
6474,9.0,2006,4.0,1.0,111.0,25.0,11,0.38,7.85,7.95,70.0,0.11,4.35,5.45,4.0,5.95,9.1,7.65,314.0,1,1,0,0,0,3
6475,9.0,2005,3.0,8.0,45.0,43.0,11,0.3,7.23,7.6,200.0,0.56,7.0,7.6,94.0,0.3,7.23,7.6,200.0,1,1,1,1,1,3
6476,23.0,2012,6.0,6.0,494.0,718.0,2,0.11,8.13,7.62,65.5,0.44,8.13,7.62,65.5,1.11,8.0,7.7,33.0,1,0,0,0,1,3
6477,13.0,2000,8.0,5.0,312.0,2210.0,6,0.2,5.0,6.1,9.0,0.12,5.0,5.0,2.0,0.12,5.0,5.0,2.0,0,0,0,0,0,3
6478,1.0,2009,4.0,17.0,57.0,25.0,3,5.36,7.77,7.03,1381.5,5.36,7.77,7.03,1381.5,5.36,7.77,7.03,1381.5,1,1,1,0,0,3
6479,6.0,2011,1.0,216.0,1016.0,1838.0,10,0.03,4.7,7.7,31.5,0.07,4.7,7.7,31.5,0.34,7.15,6.3,31.5,0,0,0,0,0,3
6480,4.0,2008,8.0,35.0,1268.0,2211.0,11,0.07,6.044421151439289,6.38992177722153,48.44426425401161,0.01,6.126584793491856,6.504150500625782,46.782946398088086,0.01,6.170384856070071,6.544500938673344,48.1357972004097,0,0,0,0,0,3
6481,19.0,2002,7.0,18.0,164.0,184.0,12,0.31,7.1,7.38,10.0,0.5,7.2,7.03,13.0,0.44,6.9,5.35,3.0,0,0,0,0,0,3
6482,7.0,2002,10.0,6.0,1047.0,2037.0,1,0.09,7.0,7.45,1.0,0.12,7.0,4.8,9.0,0.12,7.0,4.8,9.0,0,0,0,0,0,3
6483,4.0,2011,11.0,13.0,51.0,763.0,1,0.5,6.0,7.8,53.0,2.79,6.0,7.8,53.0,0.67,7.87,8.85,173.5,1,0,1,0,0,3
6484,1.0,2010,6.0,75.0,1171.0,1907.0,11,0.04,4.8,5.3,44.246983408748115,0.1,4.8,5.3,32.7447209653092,0.1,4.8,5.3,36.71266968325792,0,0,0,0,0,3
6485,4.0,2007,6.0,12.0,1354.0,2212.0,9,0.4,3.75,3.75,0.0,0.4,3.75,3.75,0.0,0.4,3.75,3.75,0.0,0,0,0,0,0,3
6486,1.0,2010,1.0,6.0,70.0,1794.0,3,0.32,7.45,6.35,6.0,0.25,6.73,7.0,81.0,0.25,6.73,7.0,81.0,0,0,0,0,0,3
6487,4.0,2009,5.0,20.0,968.0,1523.0,1,1.04,5.85,7.0,47.58155002891845,1.04,5.85,7.0,45.36119144013881,1.04,5.85,7.0,49.094852515905146,0,0,0,0,0,3
6488,15.0,2006,4.0,3.0,88.0,29.0,3,4.39,9.02,8.3,460.0,0.06,3.6,8.3,460.0,2.86,8.6,8.55,125.0,0,0,0,1,0,3
6489,6.0,2011,1.0,15.0,87.0,2213.0,1,1.15,5.0,5.0,45.77475613360922,0.14,5.0,5.0,44.85269484678293,0.14,5.0,5.0,45.76973100798108,0,0,1,0,0,3
6490,4.0,2004,1.0,8.0,394.0,77.0,9,0.39,8.13,7.9,3.0,0.05,7.6,7.0,20.0,4.53,8.53,8.42,8.5,1,1,0,1,1,3
6491,10.0,2014,9.0,5.0,47.0,280.0,10,0.43,6.77,6.17,4.0,0.43,6.77,6.17,4.0,0.43,6.77,6.17,4.0,1,0,0,1,0,3
6492,9.0,2006,6.0,15.0,87.0,277.0,3,0.1,7.9,6.25,1.0,4.39,8.6,7.45,1.0,0.22,8.6,6.0,3.0,0,0,1,1,0,3
6493,9.0,2003,1.0,15.0,791.0,1539.0,1,0.3,6.75,8.0,47.685338686698614,0.03,6.75,8.0,46.47707550835384,0.09,6.75,8.0,47.855459137417434,0,0,0,0,0,3
6494,9.0,2004,11.0,58.0,1355.0,2214.0,1,0.03,6.020450067174204,6.385588893864737,47.43754583231484,0.03,6.115846394984316,6.510541871921158,46.20019555120997,0.03,6.16217196596506,6.54954545454544,48.87949156685407,0,0,0,0,0,3
6495,5.0,2010,12.0,215.0,474.0,666.0,9,0.05,7.35,7.8,25.0,0.05,7.35,7.8,25.0,0.05,7.35,7.8,25.0,0,0,0,0,1,3
6496,7.0,2002,3.0,181.0,161.0,2032.0,8,0.06,7.5,7.95,55.0,0.13,6.5,7.0,1.5,0.3,5.8,4.4,1.5,0,0,0,0,0,3
6497,6.0,2009,6.0,33.0,369.0,504.0,10,1.04,3.8,2.5,2.0,0.08,3.8,2.5,2.0,1.49,4.0,2.5,2.0,0,0,0,0,0,3
6498,4.0,2009,9.0,5.0,164.0,1009.0,6,0.28,7.5,8.4,1.0,0.79,5.4,6.85,1.0,0.74,4.75,5.0,1.0,0,0,0,0,0,3
6499,10.0,2013,4.0,72.0,400.0,1717.0,10,0.13,7.77,6.65,20.5,0.3,6.7,6.2,10.0,0.33,7.7,8.2,9.0,1,0,0,1,0,3
6500,13.0,1999,6.0,25.0,860.0,1312.0,3,0.77,4.0,4.0,1.0,0.54,8.2,8.2,12.0,0.54,8.2,8.2,12.0,0,0,0,0,0,3
6501,17.0,2009,6.0,9.0,1356.0,1623.0,1,0.94,8.83,8.05,531.0,0.94,8.83,8.05,531.0,0.94,8.83,8.05,531.0,0,0,0,1,0,3
6502,6.0,2007,3.0,29.0,760.0,1148.0,9,0.34,5.69,6.85,20.0,0.39,6.2,6.2,10.5,0.39,6.2,6.2,10.5,0,0,0,0,0,3
6503,17.0,2008,10.0,26.0,1014.0,701.0,1,0.42,6.0,6.0,1.0,0.12,7.5,7.5,2.0,0.12,8.0,8.0,5.0,0,0,0,0,1,3
6504,17.0,2009,9.0,13.0,1321.0,1130.0,1,0.07,5.9,5.9,47.58155002891845,0.07,5.9,5.9,45.36119144013881,0.01,5.9,5.9,49.094852515905146,1,0,0,0,0,3
6505,12.0,1996,9.0,5.0,759.0,1147.0,1,2.08,9.0,8.4,23.0,2.08,9.0,8.4,23.0,2.08,9.0,8.4,23.0,0,0,0,0,0,3
6506,12.0,2000,8.0,18.0,244.0,184.0,12,1.74,7.0,5.7,23.0,0.02,7.0,5.7,23.0,0.02,7.0,5.6,14.0,0,0,0,0,0,3
6507,12.0,1999,7.0,14.0,287.0,547.0,1,0.99,7.9,8.0,33.0,0.55,7.9,8.0,33.0,0.44,7.15,7.6,124.0,1,0,0,0,0,3
6508,12.0,1999,7.0,31.0,1357.0,2215.0,11,0.71,6.0,7.85,7.0,0.71,6.0,7.85,7.0,0.71,6.0,7.85,7.0,0,0,0,0,0,3
6509,7.0,2007,1.0,8.0,45.0,2216.0,12,0.02,5.15,4.35,5.0,1.3,5.37,6.77,6.5,1.3,5.37,6.77,6.5,0,0,1,0,0,3
6510,7.0,2004,8.0,246.0,227.0,946.0,9,0.04,6.0,7.55,6.0,0.05,7.45,8.0,12.0,0.67,5.97,8.17,4.5,1,0,0,0,0,3
6511,7.0,2002,1.0,15.0,87.0,2217.0,2,0.04,6.115224673860525,6.4800346271541835,45.95096739994699,0.09,6.20240376872284,6.580376066999566,45.15509320611361,0.09,6.235863263005333,6.623586728941887,46.44641752805018,0,0,1,0,0,3
6512,9.0,2002,11.0,223.0,780.0,2218.0,12,0.18,6.140388876328281,6.504112593262527,46.100670307845085,0.18,6.2242520159770995,6.600902102645306,45.57816120489904,0.18,6.255484211319628,6.641152309895251,46.971367096987755,0,0,0,0,0,3
6513,23.0,2013,4.0,107.0,1358.0,1181.0,11,0.36,6.8,6.8,28.0,0.13,8.2,8.2,5.0,0.13,8.2,8.2,5.0,0,0,0,0,0,3
6514,6.0,2014,9.0,9.0,34.0,707.0,1,0.4,6.27,6.77,68.0,0.04,6.27,6.77,68.0,0.11,6.27,6.77,68.0,1,0,1,1,0,3
6515,17.0,2009,9.0,5.0,245.0,1009.0,6,0.28,4.75,4.95,1.0,0.25,6.27,5.5,27.5,0.28,4.75,4.95,1.0,0,0,0,0,0,3
6516,5.0,2010,1.0,5.0,781.0,86.0,10,0.38,6.0,5.8,3.0,0.56,6.0,5.8,3.0,0.56,6.0,5.8,3.0,0,0,0,1,0,3
6517,14.0,2003,1.0,73.0,640.0,1784.0,7,0.05,3.0,5.8,1.0,0.8,3.0,3.0,1.0,0.29,5.35,6.9,0.0,0,0,0,0,0,3
6518,19.0,2001,11.0,6.0,62.0,1296.0,11,0.55,6.6,6.6,16.0,0.55,6.6,6.6,16.0,0.55,6.6,6.6,16.0,0,0,1,0,0,3
6519,5.0,2014,9.0,5.0,852.0,158.0,1,0.29,4.9,4.9,11.0,0.29,4.9,4.9,11.0,0.55,4.9,4.9,11.0,0,0,0,1,0,3
6520,16.0,1981,1.0,11.0,489.0,1402.0,1,0.5,9.0,9.0,1.0,0.5,9.0,9.0,1.0,0.5,9.0,9.0,1.0,0,0,0,0,0,3
6521,7.0,2009,1.0,8.0,68.0,454.0,7,0.58,7.5,8.0,1.0,0.65,7.5,7.5,5.5,0.79,7.53,7.68,7.5,0,0,1,0,1,3
6522,4.0,2007,12.0,26.0,683.0,701.0,1,0.33,5.0,6.2,5.0,0.33,5.0,6.2,5.0,0.04,5.0,6.2,5.0,0,0,0,0,0,3
6523,6.0,2007,9.0,6.0,196.0,952.0,3,0.55,5.8,6.5,127.0,0.13,6.05,7.3,127.0,0.13,6.05,7.3,127.0,1,0,1,0,1,3
6524,1.0,2009,9.0,5.0,229.0,1373.0,3,0.51,3.85,6.0,1.0,0.01,4.35,5.55,3.0,0.01,4.35,5.55,3.0,0,0,0,0,0,3
6525,14.0,2003,4.0,11.0,560.0,2219.0,9,0.05,6.0,8.15,2.0,0.13,5.6,8.4,2.0,0.13,5.6,8.4,2.0,0,0,0,0,0,3
6526,6.0,2012,11.0,81.0,1027.0,1649.0,9,0.25,4.65,6.0,29.0,0.24,4.4,5.0,1.0,0.24,4.4,5.0,1.0,0,0,0,0,0,3
6527,5.0,2012,4.0,81.0,1359.0,2220.0,5,0.09,7.15,6.65,5.0,0.02,7.15,6.6,12.0,0.04,5.3,4.8,2.0,0,0,0,0,0,3
6528,4.0,2011,6.0,71.0,1360.0,531.0,10,0.1,7.2,7.6,8.0,0.02,7.2,7.6,8.0,0.18,6.5,5.0,1.0,0,0,0,0,0,3
6529,13.0,2000,3.0,31.0,1035.0,2221.0,1,0.65,6.080184531886015,6.4249240162822545,49.17336199229173,0.39,6.164715061058349,6.539900949796512,47.802772013044766,0.39,6.208497964721839,6.582871099050231,49.20360213459828,0,0,0,0,0,3
6530,7.0,2001,4.0,22.0,1361.0,1111.0,10,0.06,6.75,8.05,3.0,0.06,6.75,8.05,3.0,0.66,6.75,6.4,12.0,0,0,0,0,0,3
6531,19.0,2003,3.0,24.0,82.0,40.0,11,0.46,5.9,6.93,14.5,0.39,5.9,6.93,14.5,0.46,5.9,6.93,14.5,0,0,1,0,0,3
6532,1.0,2008,6.0,69.0,29.0,2222.0,10,0.01,4.0,7.3,2.0,0.09,7.4,7.3,2.0,0.09,7.4,7.3,2.0,0,0,0,0,0,3
6533,17.0,2009,1.0,4.0,571.0,836.0,3,0.45,5.97,7.0,5.5,0.72,9.0,8.1,5.5,0.72,9.0,8.1,5.5,0,0,0,0,0,3
6534,4.0,2004,5.0,1.0,1362.0,2223.0,4,0.77,4.8,4.85,4.0,0.07,4.8,7.8,5.0,0.07,4.8,7.8,5.0,0,0,0,0,1,3
6535,6.0,2014,9.0,49.0,253.0,559.0,10,0.16,6.7,6.75,6.0,0.06,7.0,7.45,1.0,0.08,6.3,6.75,1.0,0,0,0,0,0,3
6536,5.0,2014,3.0,36.0,408.0,159.0,10,0.03,7.4,6.05,40.0,0.06,8.3,7.62,123.0,0.33,7.97,7.27,28.5,0,0,0,0,0,3
6537,9.0,2004,9.0,1.0,24.0,2224.0,1,6.41,7.0,8.0,40.0,0.16,7.0,8.0,40.0,0.16,7.0,8.0,40.0,0,0,0,0,0,3
6538,1.0,2007,9.0,29.0,120.0,1386.0,10,0.41,6.3,7.4,2.0,1.61,4.2,6.2,2.0,0.42,4.1,5.6,2.0,0,0,0,0,0,3
6539,5.0,2005,9.0,6.0,265.0,341.0,11,0.53,7.1,7.3,55.0,2.04,7.1,7.55,55.0,2.04,7.1,7.55,55.0,0,0,1,1,1,3
6540,4.0,2008,11.0,105.0,573.0,508.0,9,0.08,5.1,6.3,3.0,0.02,5.1,6.25,1.0,0.57,5.1,4.0,1.0,0,0,0,0,0,3
6541,7.0,2005,8.0,58.0,804.0,2193.0,1,0.01,5.941533923303834,6.313171091445431,50.56199677938808,0.26,6.055781710914458,6.470575221238942,37.569243156199676,0.26,6.052935103244841,6.466165191740415,43.750402576489535,0,0,0,0,0,3
6542,9.0,2003,9.0,15.0,221.0,112.0,10,0.34,5.7,7.8,1.0,2.39,6.15,7.5,1.0,0.08,6.15,7.5,1.0,1,0,1,0,0,3
6543,24.0,1997,10.0,13.0,51.0,1595.0,1,0.83,2.0,4.5,2.0,0.42,2.0,8.3,17.0,0.42,2.0,8.3,17.0,1,0,1,0,0,3
6544,5.0,2013,7.0,8.0,257.0,448.0,3,0.36,7.1,7.67,2.5,0.2,6.93,6.57,171.0,0.32,5.95,6.4,37.0,1,0,0,0,0,3
6546,14.0,2005,11.0,8.0,447.0,626.0,1,1.42,4.0,5.4,5.0,0.99,7.9,8.0,33.0,0.73,7.5,7.85,29.0,1,0,0,0,0,3
6547,17.0,2007,3.0,9.0,1059.0,678.0,10,0.45,7.35,7.05,40.0,0.04,6.65,7.3,7.0,0.64,7.25,6.95,40.0,1,0,0,0,0,3
6548,7.0,2004,10.0,155.0,1139.0,1850.0,10,0.04,7.25,6.8,14.5,0.11,6.53,8.28,16.5,0.08,8.0,8.45,6.0,1,0,0,0,0,3
6549,13.0,1998,10.0,19.0,51.0,2225.0,1,0.7,7.6,7.6,11.0,0.52,7.8,7.8,25.0,0.52,7.8,7.8,25.0,0,0,1,0,0,3
6550,5.0,2008,7.0,11.0,172.0,2226.0,11,0.45,7.83,7.62,136.0,0.29,3.43,5.0,20.5,0.29,3.43,5.0,20.5,0,0,0,0,0,3
6551,24.0,1996,1.0,9.0,34.0,1302.0,1,0.3,8.9,8.9,18.0,0.3,8.9,8.9,18.0,0.3,8.9,8.9,18.0,0,0,1,0,0,3
6552,1.0,2009,1.0,12.0,824.0,2227.0,8,0.04,3.4,3.8,5.5,0.09,3.4,3.8,5.5,0.09,3.4,3.8,5.5,0,0,0,0,0,3
6553,6.0,2013,9.0,26.0,381.0,2210.0,1,0.26,7.13,3.5,4.0,0.33,7.13,7.58,86.5,0.11,4.3,5.62,1.5,0,0,0,1,0,3
6554,7.0,2002,11.0,4.0,459.0,2228.0,1,0.52,6.050969223702346,6.468989435002288,43.711032388663966,0.52,6.146789159393657,6.595062011943035,37.134362348178136,0.52,6.180679834634819,6.631194304088199,42.425607287449395,0,0,0,0,0,3
6555,5.0,2006,1.0,49.0,301.0,395.0,11,0.05,5.7,7.3,1.0,0.09,9.4,9.0,19.0,0.5,7.15,8.0,37.0,1,0,0,0,0,3
6556,1.0,2008,8.0,6.0,1364.0,571.0,11,0.32,7.17,7.0,20.0,0.32,7.17,7.0,20.0,0.61,7.17,7.0,20.0,1,0,0,0,0,3
6557,14.0,2005,6.0,29.0,1365.0,1370.0,10,0.38,5.25,5.82,3.0,0.38,5.25,5.82,3.0,0.38,5.25,5.82,3.0,0,0,0,0,0,3
6558,13.0,1998,3.0,156.0,680.0,2229.0,1,0.33,5.0,7.7,25.0,0.17,5.0,7.7,25.0,0.25,5.0,7.7,25.0,1,0,0,0,0,3
6559,6.0,2012,9.0,4.0,1366.0,2230.0,9,0.78,8.8,8.8,3.0,0.78,8.8,8.8,3.0,0.78,8.8,8.8,3.0,0,0,0,0,0,3
6560,6.0,2011,9.0,7.0,1367.0,2231.0,6,0.74,6.57,6.32,204.5,0.02,6.2,6.4,204.5,0.02,6.2,6.4,204.5,0,0,0,1,0,3
6561,19.0,2004,2.0,5.0,245.0,1144.0,1,0.05,7.9,4.8,47.43754583231484,0.05,7.9,4.8,46.20019555120997,0.05,7.9,4.8,48.87949156685407,0,0,0,0,0,3
6562,4.0,2006,11.0,33.0,245.0,450.0,6,0.47,5.0,5.7,1.0,0.11,4.0,5.9,1.0,0.47,5.0,5.7,1.0,0,0,0,0,0,3
6563,9.0,2002,2.0,8.0,1368.0,2232.0,1,0.24,6.35,6.55,4.0,0.24,6.35,6.55,4.0,0.24,6.35,6.55,4.0,0,0,0,0,0,3
6564,13.0,1999,8.0,236.0,804.0,946.0,1,0.12,7.0,7.0,6.0,0.12,7.0,7.0,6.0,0.28,7.0,7.0,6.0,1,0,0,0,0,3
6565,8.0,1999,12.0,1.0,3.0,345.0,1,0.29,7.0,10.0,3.0,0.58,7.0,10.0,3.0,0.7,7.0,7.5,4.0,1,0,1,0,0,3
6566,16.0,1987,7.0,11.0,489.0,2233.0,1,0.29,6.107508858267722,6.470185039370146,46.63970110461339,0.37,6.19479527559057,6.566647637795333,45.14208360407191,0.37,6.227049212598441,6.607655511811068,46.04348061511804,0,0,0,0,0,3
6567,6.0,2008,3.0,8.0,137.0,472.0,6,1.35,8.13,7.98,233.0,0.04,6.17,6.0,71.0,0.23,5.7,4.6,71.0,0,0,1,0,0,3
6568,24.0,1997,4.0,69.0,1246.0,2027.0,1,1.04,6.6,6.6,17.0,0.3,9.0,9.0,1.0,0.3,9.0,9.0,1.0,0,0,0,0,0,3
6569,7.0,2007,8.0,58.0,804.0,2193.0,1,0.3,7.5,7.5,2.0,0.18,7.5,7.5,2.0,0.26,9.0,9.0,1.0,0,0,0,0,0,3
6570,9.0,2002,3.0,248.0,568.0,774.0,8,0.0,0.0,0.0,0.0,0.2,6.2,6.55,4.0,1.04,4.2,4.25,1.0,0,0,0,0,0,3
6571,20.0,2016,9.0,1.0,1.0,1472.0,6,0.09,7.2,7.1,3.0,0.42,3.3,4.5,3.0,0.42,3.3,4.5,3.0,0,1,1,0,0,3
6572,4.0,2009,11.0,3.0,1094.0,2234.0,10,0.39,7.75,8.12,14.0,0.15,7.3,6.98,5.5,0.15,7.3,6.98,5.5,0,0,0,0,0,3
6573,19.0,2002,1.0,53.0,805.0,1226.0,1,0.56,6.050969223702346,6.468989435002288,43.711032388663966,0.56,6.146789159393657,6.595062011943035,37.134362348178136,0.56,6.180679834634819,6.631194304088199,42.425607287449395,0,0,0,0,0,3
6574,14.0,2002,1.0,31.0,421.0,875.0,2,0.22,5.3,7.15,1.0,0.05,5.3,7.15,1.0,0.43,6.8,7.15,1.0,1,0,0,0,0,3
6575,15.0,2010,8.0,6.0,811.0,2235.0,3,0.27,6.8,7.48,42.5,0.57,6.8,7.48,42.5,0.08,8.5,7.9,4.0,1,0,1,0,0,3
6576,7.0,2004,3.0,5.0,266.0,2236.0,3,0.08,6.15,7.0,3.0,1.0,8.4,7.85,5.0,1.0,8.4,7.85,5.0,0,0,0,0,0,3
6577,7.0,2009,11.0,22.0,211.0,76.0,1,0.11,6.25,6.12,4.0,0.11,6.25,6.12,4.0,0.2,7.17,7.32,105.5,1,1,0,1,1,3
6578,13.0,1999,1.0,8.0,27.0,2237.0,1,0.28,5.9864729458917845,6.425400801603205,44.05604395604396,1.41,6.120961923847696,6.589959919839676,34.17912087912088,1.41,6.162114228456913,6.618947895791575,38.04120879120879,1,0,1,0,0,3
6579,15.0,2011,9.0,18.0,60.0,365.0,3,1.13,6.4,6.82,31.0,1.13,6.4,6.82,31.0,1.13,6.4,6.82,31.0,0,0,1,0,0,3
6580,7.0,2003,1.0,4.0,395.0,1163.0,10,0.42,6.7,5.15,3.0,0.41,6.5,8.7,3.0,0.14,5.3,8.7,3.0,0,0,0,0,1,3
6581,17.0,2005,3.0,36.0,130.0,292.0,4,0.01,8.57,7.57,29.0,0.02,7.27,7.0,22.0,0.06,8.0,6.9,19.0,1,0,0,1,0,3
6582,9.0,2002,12.0,58.0,744.0,939.0,1,0.08,5.0,5.0,43.711032388663966,0.08,5.0,5.0,37.134362348178136,0.36,5.0,5.0,42.425607287449395,1,0,0,0,0,3
6583,9.0,2002,2.0,15.0,103.0,597.0,9,0.02,6.1,7.0,1.0,0.08,6.1,7.0,1.0,0.89,8.37,8.23,95.5,1,0,0,0,0,3
6584,4.0,2005,6.0,1.0,707.0,233.0,10,0.47,5.95,6.95,14.0,0.69,5.6,5.45,13.0,1.68,8.73,8.6,152.5,1,0,0,1,0,3
6585,7.0,2001,3.0,4.0,529.0,976.0,5,0.43,6.8,7.15,1.0,0.43,6.8,7.15,1.0,0.28,3.0,7.15,1.0,1,0,0,0,0,3
6586,1.0,2011,6.0,3.0,448.0,2238.0,3,0.71,7.84,8.05,279.5,0.1,7.84,7.0,1.0,0.1,7.84,7.0,1.0,0,0,0,0,0,3
6587,24.0,1996,4.0,249.0,1369.0,2239.0,1,0.14,6.074598214285714,6.518080357142857,51.629901960784316,0.14,6.105133928571427,6.627678571428572,32.81127450980392,0.14,6.240669642857141,6.645223214285716,43.85294117647059,0,0,0,0,0,3
6588,14.0,2004,4.0,31.0,712.0,623.0,1,0.02,6.9,7.3,81.0,0.04,8.37,9.15,81.0,1.24,8.12,7.98,82.5,1,0,0,0,0,3
6589,19.0,2004,1.0,8.0,27.0,491.0,3,1.34,9.0,8.5,45.87070454152996,1.34,9.0,8.5,44.89656363322397,1.34,9.0,8.5,46.36703505439475,1,0,1,0,0,3
6590,9.0,2001,10.0,6.0,51.0,57.0,10,0.6,5.65,6.75,13.0,1.92,9.0,8.7,168.0,0.1,6.0,6.9,15.0,0,0,1,0,0,3
6591,14.0,2003,8.0,18.0,918.0,1422.0,11,0.8,7.5,7.6,7.0,0.48,7.53,8.05,7.0,0.48,7.53,8.05,7.0,0,0,0,1,0,3
6592,13.0,1998,1.0,250.0,1370.0,2240.0,1,0.0,0.0,0.0,0.0,0.0,0.0,0.0,0.0,0.0,0.0,0.0,0.0,0,0,0,0,0,3
6593,6.0,2007,9.0,8.0,45.0,651.0,9,0.47,7.03,7.05,7.5,0.01,6.53,7.0,3.0,0.17,7.31,7.32,15.5,1,0,1,0,0,3
6594,24.0,1998,12.0,26.0,1371.0,2241.0,1,0.58,5.0,7.6,42.0,0.58,5.0,7.6,42.0,0.58,5.0,7.6,42.0,0,0,0,0,0,3
6595,4.0,2008,8.0,6.0,19.0,166.0,11,0.31,7.25,6.15,12.5,0.32,7.17,7.0,20.0,0.32,7.17,7.0,20.0,0,0,1,0,0,3
6596,7.0,2006,9.0,29.0,284.0,1885.0,11,0.51,7.53,7.77,43.5,0.25,7.53,8.1,43.5,0.25,7.53,8.1,43.5,0,0,0,0,0,3
6597,4.0,2010,4.0,5.0,187.0,2242.0,2,0.1,7.7,7.0,1.0,0.1,7.7,6.0,1.0,0.1,7.7,6.0,1.0,0,0,0,0,0,3
6598,17.0,2007,6.0,68.0,799.0,1219.0,9,0.02,6.47,7.17,13.5,0.01,6.47,7.17,13.5,0.01,6.47,7.17,13.5,0,0,0,0,0,3
6599,13.0,1999,4.0,78.0,431.0,2243.0,1,0.85,6.0,6.0,1.0,1.28,6.0,6.0,1.0,1.28,6.0,6.0,1.0,0,0,0,0,0,3
6600,6.0,2012,11.0,16.0,1372.0,2244.0,3,3.17,7.95,8.1,12.0,3.17,7.95,8.1,12.0,3.17,7.95,8.1,12.0,0,0,0,1,0,3
6601,11.0,2015,2.0,4.0,128.0,992.0,9,0.04,6.15,8.15,2.0,0.9,6.15,6.2,23.0,0.9,6.15,6.2,23.0,0,0,0,1,0,3
6602,7.0,2009,9.0,18.0,164.0,184.0,10,0.41,3.0,5.0,3.0,0.42,3.0,5.15,3.0,0.41,3.0,5.0,3.0,0,0,0,0,0,3
6603,19.0,2002,11.0,24.0,29.0,778.0,6,0.09,5.75,7.8,45.704528985507245,0.09,5.75,7.8,44.989945652173915,0.09,5.75,7.8,46.33048007246377,1,0,0,0,0,3
6604,5.0,2008,3.0,8.0,137.0,472.0,6,0.53,7.95,6.1,1.0,1.08,7.95,8.35,131.0,0.53,7.95,6.1,1.0,0,0,1,0,0,3
6605,7.0,2000,1.0,3.0,432.0,2245.0,10,0.18,6.8,5.15,1.0,0.05,5.4,6.5,1.0,0.05,5.4,6.5,1.0,0,0,0,0,0,3
6606,8.0,1991,12.0,49.0,524.0,1335.0,1,0.28,6.106693207510081,6.4691025262951625,46.589164053206446,0.28,6.193868082178333,6.5654811756611196,45.098410295230885,0.28,6.226080802123285,6.606436646023833,45.99854006704877,1,0,0,0,0,3
6607,6.0,2009,7.0,24.0,721.0,1492.0,4,0.4,3.0,6.3,5.0,0.44,7.73,7.65,133.0,0.45,7.95,8.3,48.0,0,0,0,0,0,3
6608,1.0,2008,9.0,13.0,51.0,67.0,12,0.13,6.25,6.7,57.0,0.14,6.25,6.7,57.0,1.54,6.25,6.7,57.0,1,1,1,0,0,3
6609,10.0,2011,8.0,6.0,1373.0,2246.0,10,0.29,8.2,9.1,1.0,0.22,8.2,9.1,1.0,0.22,8.2,9.1,1.0,0,0,0,0,0,3
6610,9.0,2006,2.0,24.0,245.0,1692.0,3,0.09,4.0,6.0,1.0,0.33,5.15,4.97,1.5,0.38,4.7,5.3,1.5,0,0,0,0,0,3
6611,4.0,2006,9.0,33.0,284.0,2247.0,9,0.28,4.1,6.6,1.0,0.14,5.95,6.18,8.0,0.14,5.95,6.18,8.0,0,0,0,0,0,3
6612,14.0,2005,6.0,5.0,1374.0,1454.0,8,0.27,5.1,4.4,2.0,0.06,3.8,4.4,2.0,0.47,5.37,7.85,1.5,0,0,0,0,0,3
6613,6.0,2014,6.0,9.0,398.0,1623.0,11,0.33,3.1,3.45,4.0,0.57,6.85,7.5,39.0,0.27,8.15,8.53,35.0,0,0,0,1,0,3
6614,24.0,1994,7.0,31.0,1375.0,2248.0,1,1.34,6.6,6.6,26.0,1.34,6.6,6.6,26.0,1.34,6.6,6.6,26.0,0,0,0,0,0,3
6615,3.0,2000,1.0,15.0,1249.0,1539.0,1,0.35,6.080184531886015,6.4249240162822545,49.17336199229173,0.19,6.164715061058349,6.539900949796512,47.802772013044766,0.17,6.208497964721839,6.582871099050231,49.20360213459828,0,0,1,0,0,3
6616,6.0,2012,4.0,81.0,1359.0,2220.0,5,0.04,8.47,8.15,230.0,0.04,5.3,4.8,2.0,0.04,5.3,4.8,2.0,0,0,0,0,0,3
6617,19.0,2006,9.0,40.0,284.0,1946.0,11,0.74,7.0,8.4,4.5,0.31,5.0,1.05,4.5,0.31,5.0,1.05,4.5,0,0,0,0,1,3
6618,7.0,2003,6.0,33.0,196.0,2249.0,2,1.94,6.5,3.0,1.0,0.15,6.5,7.5,1.0,0.15,6.5,7.5,1.0,0,0,1,0,0,3
6619,14.0,2002,1.0,8.0,116.0,538.0,3,0.72,7.2,6.6,25.0,0.4,5.0,6.1,12.0,1.33,5.0,6.1,12.0,1,0,0,0,0,3
6620,4.0,2009,6.0,6.0,1376.0,1414.0,3,0.41,4.3,7.1,47.69869728713403,0.09,6.4,6.0,46.337630942788074,0.06,6.4,6.0,47.46736502820306,0,0,0,0,0,3
6621,13.0,1998,10.0,106.0,261.0,2250.0,1,0.07,5.0,5.0,46.05333068992863,0.33,5.0,5.0,42.11122125297383,0.33,5.0,5.0,45.49722442505948,0,0,0,0,0,3
6622,9.0,2002,2.0,33.0,1052.0,1876.0,1,1.94,7.23,3.0,1.0,0.29,7.23,6.7,59.5,0.29,7.23,6.7,59.5,0,0,0,0,0,3
6623,17.0,2010,6.0,9.0,1377.0,2251.0,1,0.35,5.8,4.75,3.0,0.35,5.8,4.75,3.0,0.35,5.8,4.75,3.0,0,0,0,0,0,3
6624,13.0,1994,12.0,251.0,1014.0,2252.0,1,0.0,0.0,0.0,0.0,0.0,0.0,0.0,0.0,0.0,0.0,0.0,0.0,0,0,0,0,0,3
6625,14.0,2001,6.0,2.0,1378.0,2253.0,1,0.1,8.12,8.67,323.0,0.1,8.12,8.67,323.0,0.1,8.12,8.67,323.0,0,0,0,0,0,3
6626,13.0,1999,6.0,6.0,915.0,1414.0,1,0.06,6.5,7.1,6.5,0.06,6.5,7.1,6.5,0.06,6.5,7.1,6.5,0,0,0,0,0,3
6627,1.0,2007,1.0,5.0,422.0,86.0,11,0.4,3.25,7.1,1.0,0.56,6.6,7.1,15.0,0.56,6.29,5.4,13.5,1,0,0,0,0,3
6628,14.0,2003,1.0,2.0,630.0,2254.0,10,0.46,8.12,8.0,43.0,0.82,7.9,8.05,15.0,0.82,7.9,8.05,15.0,1,0,0,1,0,3
6629,13.0,2000,7.0,252.0,1379.0,2255.0,1,0.14,6.080184531886015,6.4249240162822545,49.17336199229173,0.02,6.164715061058349,6.539900949796512,47.802772013044766,0.02,6.208497964721839,6.582871099050231,49.20360213459828,0,0,0,0,0,3
6630,7.0,2005,1.0,54.0,787.0,2256.0,11,0.89,7.3,8.0,1.0,0.21,7.65,8.25,1.0,0.21,7.65,8.25,1.0,0,0,0,0,0,3
6632,5.0,2006,3.0,29.0,217.0,520.0,6,0.93,7.1,7.2,11.0,0.94,5.5,5.65,11.0,0.98,5.13,3.93,13.5,0,0,0,0,1,3
6633,5.0,2012,9.0,5.0,228.0,2084.0,11,0.43,7.87,6.45,162.5,0.07,7.87,5.4,162.5,0.2,3.55,5.6,1.0,0,0,0,1,0,3
6634,5.0,2011,9.0,29.0,1380.0,191.0,6,0.46,6.7,7.08,50.5,0.46,6.7,7.08,50.5,0.52,6.3,6.8,20.0,0,0,0,0,0,3
6635,6.0,2009,9.0,29.0,228.0,1120.0,5,0.41,6.2,7.0,1.0,0.57,6.2,7.7,1.0,0.57,6.2,7.7,1.0,0,0,0,0,0,3
6636,6.0,2012,8.0,15.0,703.0,2257.0,3,0.34,5.5,5.35,17.0,0.03,6.63,7.35,10.5,0.03,6.63,7.35,10.5,0,0,0,0,0,3
6637,5.0,2008,9.0,5.0,47.0,999.0,11,0.75,5.5,4.4,22.0,0.24,6.13,5.4,22.0,0.24,6.13,5.4,22.0,0,0,0,0,0,3
6638,13.0,1996,3.0,89.0,985.0,782.0,9,0.03,6.3,6.3,3.0,0.04,9.0,9.0,1.0,0.04,9.0,9.0,1.0,0,0,0,0,0,3
6639,4.0,2007,8.0,91.0,1222.0,2258.0,9,0.04,6.65,7.3,7.0,0.04,2.55,6.7,7.0,0.04,2.55,6.7,7.0,0,0,0,0,0,3
6640,13.0,2001,9.0,181.0,305.0,1491.0,11,0.04,7.4,7.8,49.86247139588101,0.16,7.4,5.7,48.43188405797101,0.16,7.4,5.7,49.87780320366133,0,0,0,0,0,3
6641,5.0,2007,9.0,8.0,45.0,651.0,9,0.38,7.5,8.28,55.0,0.04,6.63,6.73,37.5,0.03,6.92,6.6,5.0,1,0,1,0,0,3
6642,7.0,2008,9.0,49.0,253.0,320.0,1,0.1,5.15,6.7,2.0,0.1,5.15,6.7,2.0,0.87,5.17,7.1,11.5,1,0,0,1,1,3
6643,6.0,2011,6.0,6.0,19.0,1622.0,10,0.27,4.8,6.2,4.0,0.3,6.1,7.95,1.0,0.3,6.1,7.95,1.0,1,1,1,0,0,3
6644,10.0,2013,1.0,8.0,45.0,31.0,9,0.43,8.23,5.73,187.0,0.43,8.23,5.73,187.0,0.43,8.23,5.73,187.0,1,1,1,1,1,3
6645,14.0,2004,7.0,24.0,1381.0,2259.0,10,0.64,6.2,7.78,75.5,0.64,6.2,7.78,75.5,0.64,6.2,7.78,75.5,0,0,0,0,0,3
6646,9.0,2001,5.0,5.0,24.0,778.0,1,0.46,6.3,5.95,4.0,2.5,6.0,7.75,55.0,0.17,6.0,7.75,55.0,1,0,0,0,0,3
6647,19.0,2005,7.0,8.0,46.0,49.0,6,0.56,6.3,7.5,34.0,0.08,7.1,7.8,21.0,0.05,5.0,7.0,8.0,1,0,1,1,0,3
6648,1.0,2008,9.0,5.0,11.0,158.0,10,0.39,5.9,4.4,15.0,0.41,5.9,7.35,15.0,0.41,5.9,7.35,15.0,0,0,1,1,0,3
6649,19.0,2003,2.0,9.0,55.0,2260.0,9,0.04,5.05,6.35,1.0,0.15,8.15,8.0,37.0,0.15,8.15,8.0,37.0,0,0,1,0,0,3
6650,9.0,2001,6.0,40.0,210.0,830.0,11,0.36,4.5,5.0,15.5,0.81,7.83,7.48,15.5,0.94,7.83,7.48,15.5,0,0,0,0,0,3
6651,5.0,2009,9.0,29.0,228.0,392.0,1,0.39,6.06531266560678,6.414785373608896,47.58155002891845,0.4,6.151277159512439,6.537713301536816,45.36119144013881,0.4,6.18789083200847,6.572859035506092,49.094852515905146,0,0,0,0,0,3
6652,26.0,2001,4.0,10.0,215.0,25.0,1,0.2,7.0,8.8,276.0,0.08,7.0,8.8,276.0,0.8,7.5,8.05,43.0,1,1,0,0,0,3
6653,7.0,2002,3.0,4.0,529.0,782.0,6,0.1,7.8,8.6,38.5,0.26,6.77,6.68,38.5,0.25,9.3,8.45,57.0,0,0,0,0,0,3
6654,5.0,2011,9.0,5.0,229.0,2261.0,10,0.27,6.8,7.35,31.0,0.36,6.8,7.35,31.0,0.36,6.8,7.35,31.0,0,0,0,1,0,3
6655,17.0,2008,1.0,8.0,45.0,31.0,1,0.35,6.0,6.1,7.0,0.35,6.0,6.1,7.0,0.35,6.0,6.1,7.0,0,0,1,0,0,3
6656,13.0,1997,4.0,254.0,1382.0,1385.0,1,0.01,6.042070079121586,6.394020668496688,49.29562687356727,0.01,6.127673179396085,6.510931697077347,47.72615059072474,0.01,6.172315517519764,6.551114161149683,49.20948686298713,0,0,0,0,0,3
6657,5.0,2006,9.0,29.0,822.0,2262.0,3,0.92,4.8,5.1,20.0,0.03,8.15,8.05,20.0,0.03,8.15,8.05,20.0,0,0,0,0,0,3
6658,9.0,2004,6.0,35.0,173.0,2263.0,11,0.61,4.9,6.7,7.0,0.27,4.9,6.7,7.0,0.27,4.9,6.7,7.0,0,0,0,0,0,3
6659,14.0,2005,1.0,8.0,45.0,651.0,9,0.33,7.6,5.6,46.832143282161134,0.33,7.6,5.6,45.37718671902892,0.07,7.5,5.6,46.75086278709985,1,0,1,0,0,3
6660,14.0,2004,6.0,11.0,98.0,1647.0,11,0.28,7.37,7.13,127.5,0.24,5.9,7.1,127.5,0.24,5.9,7.1,127.5,0,0,0,0,0,3
6661,13.0,2000,10.0,6.0,432.0,331.0,11,0.35,5.95,5.95,1.0,0.05,5.4,6.5,1.0,0.05,5.4,6.5,1.0,1,0,0,1,0,3
6662,14.0,2003,7.0,6.0,1383.0,1262.0,11,0.32,9.1,8.1,198.0,0.06,7.0,7.1,11.0,0.57,7.49,7.85,89.0,1,0,0,0,0,3
6663,5.0,2007,3.0,29.0,460.0,1686.0,8,0.27,7.37,7.0,23.5,0.02,5.7,5.0,2.0,0.06,6.0,3.0,1.0,0,0,0,0,1,3
6664,27.0,1994,10.0,255.0,184.0,1642.0,1,0.14,7.6,7.6,31.0,0.14,7.6,7.6,31.0,0.14,7.6,7.6,31.0,1,0,0,0,0,3
6665,1.0,2007,10.0,40.0,674.0,216.0,10,0.82,7.4,7.27,95.0,0.74,7.0,8.4,95.0,0.69,7.07,8.03,17.5,1,1,0,1,0,3
6666,5.0,2008,1.0,3.0,1168.0,2264.0,6,0.57,7.33,7.6,124.0,0.1,6.7,6.2,1.0,0.1,6.7,6.2,1.0,0,0,0,0,0,3
6667,12.0,1999,4.0,15.0,791.0,2265.0,1,0.29,5.9864729458917845,6.425400801603205,44.05604395604396,0.05,6.120961923847696,6.589959919839676,34.17912087912088,0.05,6.162114228456913,6.618947895791575,38.04120879120879,0,0,0,0,0,3
6668,12.0,1999,1.0,40.0,287.0,1287.0,1,0.55,5.9864729458917845,6.425400801603205,44.05604395604396,0.31,6.120961923847696,6.589959919839676,34.17912087912088,0.31,6.162114228456913,6.618947895791575,38.04120879120879,0,0,0,0,1,3
6669,12.0,1998,1.0,30.0,1384.0,2266.0,1,3.56,6.3,6.3,18.0,3.56,6.3,6.3,18.0,3.56,6.3,6.3,18.0,0,0,0,0,0,3
6670,12.0,1997,6.0,3.0,48.0,614.0,1,2.32,5.0,5.0,49.29562687356727,2.32,5.0,5.0,47.72615059072474,2.32,5.0,5.0,49.20948686298713,0,0,0,0,0,3
6671,12.0,1997,3.0,87.0,365.0,2267.0,1,0.09,6.0,6.0,4.0,0.33,6.3,6.3,6.0,0.33,6.3,6.3,6.0,0,0,0,0,0,3
6672,12.0,1997,3.0,6.0,867.0,2268.0,1,3.03,8.0,7.9,153.0,0.53,8.0,7.3,3.0,0.53,8.0,7.3,3.0,0,0,0,0,0,3
6673,12.0,1998,9.0,14.0,425.0,881.0,1,0.38,7.0,7.0,1.0,0.07,6.7,6.7,9.0,0.58,6.6,6.6,8.0,1,0,0,0,0,3
6674,12.0,1997,1.0,40.0,877.0,1342.0,1,0.4,6.5,5.0,3.0,0.4,6.5,5.0,3.0,0.53,6.5,6.0,1.0,0,0,0,0,0,3
6675,12.0,1999,1.0,1.0,266.0,656.0,1,0.27,7.5,7.15,8.0,2.03,7.5,7.6,65.0,1.19,7.5,6.8,5.0,0,0,0,0,1,3
6676,11.0,2015,10.0,26.0,323.0,1892.0,6,1.24,9.2,9.03,400.0,0.19,9.2,9.03,400.0,0.32,6.5,7.6,12.0,0,0,0,0,0,3
6677,1.0,2010,6.0,52.0,1101.0,1770.0,1,0.09,4.0,4.0,0.0,0.09,4.0,4.0,0.0,0.36,4.0,4.0,0.0,0,0,0,0,0,3
6678,7.0,2008,9.0,24.0,131.0,1388.0,7,0.44,6.55,6.75,30.0,0.42,4.7,6.3,11.0,0.23,3.85,7.3,11.0,0,0,0,0,0,3
6679,19.0,2003,10.0,8.0,275.0,353.0,3,0.44,5.03,7.0,4.5,1.5,8.9,7.75,1.0,1.5,8.9,7.75,1.0,0,0,0,0,0,3
6680,7.0,2005,2.0,29.0,284.0,322.0,9,0.07,5.2,7.0,46.832143282161134,0.52,5.2,7.0,45.37718671902892,0.22,5.2,7.0,46.75086278709985,0,0,0,0,0,3
6681,13.0,1996,3.0,4.0,680.0,2229.0,1,0.27,7.0,7.0,3.0,0.29,7.0,7.0,3.0,0.29,7.0,7.0,3.0,0,0,0,0,0,3
6682,14.0,2005,8.0,8.0,108.0,545.0,10,0.31,7.2,6.62,2.5,0.39,5.9,7.5,62.0,0.39,5.9,7.5,62.0,0,0,0,1,0,3
6683,13.0,1998,6.0,120.0,605.0,967.0,1,0.2,7.1,7.1,9.0,0.2,7.1,7.1,9.0,0.2,7.1,7.1,9.0,0,0,0,0,0,3
6684,18.0,2015,4.0,17.0,57.0,25.0,3,0.01,5.95,7.0,8.0,1.32,5.95,7.0,8.0,0.52,5.95,7.0,8.0,1,1,1,0,0,3
6685,7.0,2003,1.0,9.0,1347.0,2269.0,3,2.96,6.13,6.6,97.5,0.02,4.9,6.6,97.5,0.02,4.9,6.6,97.5,0,0,0,0,0,3
6686,4.0,2006,4.0,1.0,1385.0,39.0,1,0.4,8.6,9.4,17.0,0.4,8.6,9.4,17.0,0.81,8.6,7.5,17.0,0,0,0,0,0,3
6687,24.0,1998,1.0,9.0,1074.0,2270.0,1,0.37,6.0,6.9,27.0,0.37,8.0,8.0,59.0,0.37,8.0,8.0,59.0,0,0,0,0,0,3
6688,15.0,2011,11.0,3.0,72.0,172.0,11,0.16,8.53,7.78,64.5,1.08,8.83,7.52,177.5,3.23,7.78,7.4,240.0,0,0,0,0,0,3
6689,24.0,1998,11.0,256.0,1369.0,2271.0,1,0.13,6.0160609318996405,6.403268817204285,46.05333068992863,0.26,6.099759856630821,6.523605734767007,42.11122125297383,0.08,6.1246594982078815,6.541229390680994,45.49722442505948,0,0,0,0,0,3
6690,15.0,2012,9.0,17.0,165.0,204.0,11,2.19,7.93,7.7,380.5,2.19,7.93,7.7,380.5,2.19,7.93,7.7,380.5,1,0,0,1,0,3
6691,5.0,2008,11.0,33.0,249.0,1166.0,11,0.38,5.47,4.25,2.0,0.57,5.0,5.8,2.0,0.57,5.0,5.8,2.0,0,0,0,0,0,3
6692,17.0,2009,4.0,5.0,658.0,257.0,9,0.41,6.0,5.12,9.0,0.41,6.0,5.12,9.0,0.41,6.0,5.12,9.0,0,0,0,0,1,3
6693,10.0,2015,4.0,257.0,1100.0,2272.0,10,0.03,6.105984810632563,6.471264115119483,46.93294829482948,0.06,6.191401019286521,6.5660117917458365,45.34031903190319,0.06,6.223512541221162,6.606858199260567,46.23432343234323,0,0,0,0,0,3
6694,17.0,2009,4.0,134.0,819.0,1239.0,9,0.18,6.2,6.15,9.0,0.19,8.4,8.4,79.0,0.51,7.43,7.97,64.5,1,0,0,0,0,3
6695,7.0,2005,9.0,13.0,51.0,1130.0,10,0.15,8.1,8.3,6.0,1.35,6.55,7.9,34.0,1.35,6.55,7.9,34.0,0,0,1,0,0,3
6696,1.0,2008,6.0,33.0,609.0,2273.0,2,0.45,4.0,4.0,46.03618002544529,0.45,4.0,4.0,45.58993320610687,0.45,4.0,4.0,46.776558524173026,1,0,0,0,0,3
6697,13.0,1995,1.0,31.0,183.0,339.0,1,0.01,8.5,8.15,55.0,1.01,8.0,8.07,14.5,1.11,8.0,7.0,22.0,1,0,0,1,1,3
6698,5.0,2006,7.0,6.0,62.0,118.0,3,0.33,6.05,6.25,41.0,0.68,7.75,7.9,91.0,0.05,8.63,8.15,247.0,1,1,1,0,0,3
6699,9.0,2002,4.0,80.0,669.0,2274.0,1,0.27,6.050969223702346,6.468989435002288,43.711032388663966,0.18,6.146789159393657,6.595062011943035,37.134362348178136,0.18,6.180679834634819,6.631194304088199,42.425607287449395,0,0,0,0,0,3
6700,9.0,2002,1.0,15.0,1386.0,2275.0,1,0.29,6.050969223702346,6.468989435002288,43.711032388663966,0.29,6.146789159393657,6.595062011943035,37.134362348178136,0.29,6.180679834634819,6.631194304088199,42.425607287449395,0,0,0,0,1,3
6701,6.0,2011,9.0,5.0,650.0,2276.0,9,0.38,8.75,8.75,472.0,0.47,8.75,8.75,472.0,0.47,8.75,8.75,472.0,1,0,0,1,0,3
6702,13.0,1998,9.0,31.0,302.0,2159.0,1,0.29,5.0,5.0,46.05333068992863,1.76,5.0,5.0,42.11122125297383,1.76,5.0,5.0,45.49722442505948,0,0,0,0,0,3
6703,1.0,2009,9.0,5.0,245.0,257.0,4,0.08,6.7,4.83,14.5,0.05,6.7,4.83,14.5,0.54,4.4,4.83,14.5,1,0,0,0,0,3
6704,7.0,2002,1.0,26.0,1289.0,2096.0,1,0.38,6.050969223702346,6.468989435002288,43.711032388663966,0.38,6.146789159393657,6.595062011943035,37.134362348178136,0.38,6.180679834634819,6.631194304088199,42.425607287449395,0,0,0,0,0,3
6705,5.0,2012,9.0,49.0,301.0,628.0,3,0.44,5.93,6.35,26.0,0.45,7.45,7.8,59.0,0.27,7.5,7.1,64.0,1,0,0,1,0,3
6706,6.0,2010,2.0,59.0,279.0,427.0,12,0.32,6.0,8.7,10.0,0.22,4.37,8.7,10.0,0.32,6.0,8.7,10.0,0,0,0,0,0,3
6707,6.0,2015,9.0,9.0,34.0,707.0,1,0.29,4.7,6.0,3.0,0.16,6.87,7.4,3.0,0.26,6.87,7.8,4.0,1,0,1,1,0,3
6708,1.0,2010,9.0,6.0,138.0,298.0,5,0.62,6.2,7.05,91.0,0.63,6.2,6.2,91.0,0.62,6.2,7.05,91.0,1,0,1,0,1,3
6709,7.0,2008,9.0,49.0,524.0,320.0,3,0.01,5.17,6.8,12.0,0.19,5.17,6.8,12.0,0.2,5.1,6.8,7.5,1,0,0,1,1,3
6710,4.0,2009,8.0,6.0,94.0,2277.0,10,0.36,7.0,7.4,23.0,0.24,7.0,7.4,23.0,0.05,7.0,7.4,23.0,0,0,0,0,0,3
6711,16.0,1982,9.0,124.0,1387.0,2278.0,1,0.22,6.044535910681546,6.403519413431087,49.29867055181206,0.22,6.128021996333945,6.518846858856858,47.36022582407576,0.22,6.173142809531743,6.559936677220455,48.332179930795846,0,0,0,0,0,3
6712,14.0,2005,7.0,6.0,713.0,2279.0,11,0.47,5.9,8.2,4.0,0.16,7.1,6.85,4.0,0.16,7.1,6.85,4.0,0,0,0,0,0,3
6713,13.0,1999,4.0,6.0,13.0,1405.0,9,0.93,6.6,6.6,50.548685213414636,0.06,6.6,6.6,48.35623094512195,0.06,6.6,6.6,49.53467987804878,1,0,0,0,0,3
6714,6.0,2010,6.0,4.0,1232.0,2280.0,10,0.34,5.0,5.45,5.0,0.09,6.95,8.2,5.0,0.09,6.95,8.2,5.0,0,0,0,1,0,3
6715,5.0,2007,8.0,12.0,227.0,946.0,6,0.07,5.0,6.0,84.0,0.05,2.85,5.9,1.0,0.18,5.9,7.1,2.0,1,0,0,0,0,3
6716,13.0,2000,3.0,8.0,27.0,2281.0,1,0.7,3.0,7.78,10.5,0.44,7.5,7.78,10.5,0.18,7.5,6.2,5.0,0,0,1,0,0,3
6717,4.0,2009,8.0,8.0,31.0,804.0,10,0.27,6.017120127287195,6.416451869530627,39.8933506044905,0.32,6.130859188544151,6.552171837708827,32.29706390328152,0.27,6.161694510739854,6.5963723150357945,34.81476683937824,0,0,0,0,0,3
6718,1.0,2010,2.0,29.0,120.0,2282.0,11,0.28,4.9,5.5,1.0,0.43,4.9,5.5,1.0,0.43,4.9,5.5,1.0,0,0,0,0,0,3
6719,7.0,2006,11.0,6.0,518.0,450.0,6,0.04,8.07,7.8,113.0,0.27,5.1,4.4,2.0,0.28,4.1,6.6,1.0,0,0,0,0,0,3
6720,1.0,2007,1.0,13.0,231.0,2283.0,7,2.26,8.67,8.25,573.5,1.22,8.0,8.5,573.5,1.22,8.0,8.5,573.5,0,0,0,0,0,3
6721,7.0,2001,3.0,4.0,123.0,2284.0,1,0.74,6.0,6.0,1.0,0.42,6.0,6.0,1.0,0.42,6.0,6.0,1.0,0,0,0,0,0,3
6722,19.0,2005,2.0,40.0,284.0,1625.0,11,0.07,6.5,6.5,1.0,0.17,6.1,5.5,1.0,0.41,5.5,7.5,0.0,0,0,0,0,0,3
6723,7.0,2007,3.0,29.0,217.0,1078.0,10,0.34,4.7,5.75,2.0,0.68,6.9,7.2,2.0,0.68,6.9,7.2,2.0,0,0,0,0,1,3
6724,5.0,2009,3.0,5.0,1016.0,582.0,10,0.32,8.07,7.2,28.5,0.07,4.0,7.2,28.5,0.36,4.0,4.4,2.0,0,0,0,0,0,3
6725,6.0,2007,9.0,8.0,137.0,135.0,6,0.3,5.9,4.95,9.0,0.3,5.9,4.95,9.0,0.3,5.9,4.95,9.0,0,0,1,0,0,3
6726,15.0,2015,12.0,6.0,382.0,524.0,11,0.07,4.0,7.25,41.0,1.45,7.65,7.25,41.0,0.12,7.6,7.45,42.0,1,0,0,0,0,3
6727,13.0,1999,12.0,8.0,177.0,2285.0,1,0.27,7.0,7.75,0.0,2.85,8.0,7.75,52.0,2.85,8.0,7.75,52.0,0,0,0,0,0,3
6728,4.0,2008,5.0,71.0,846.0,1324.0,11,0.76,6.8,6.9,3.0,0.03,6.8,6.9,3.0,0.03,6.8,6.9,3.0,0,0,0,0,0,3
6729,1.0,2009,4.0,13.0,51.0,73.0,1,0.25,5.1,7.85,180.0,0.13,5.1,7.85,180.0,2.58,6.1,7.65,8.0,1,1,1,0,0,3
6730,6.0,2009,3.0,36.0,70.0,1935.0,5,0.16,2.25,3.75,3.0,0.41,2.25,7.0,1.0,0.41,2.25,7.0,1.0,0,0,0,0,0,3
6731,6.0,2010,6.0,8.0,31.0,528.0,10,0.28,5.37,6.67,8.0,0.41,5.3,5.85,16.5,0.22,5.7,5.85,16.5,0,0,0,0,0,3
6732,5.0,2013,9.0,15.0,87.0,102.0,9,0.39,9.3,8.95,18.0,0.39,9.3,8.95,18.0,0.19,6.0,6.8,10.0,0,1,1,1,0,3
6733,13.0,1996,7.0,15.0,1388.0,2286.0,1,0.45,7.9,7.9,41.0,0.09,7.9,7.9,41.0,0.09,7.9,7.9,41.0,0,0,1,0,0,3
6734,13.0,1996,2.0,4.0,504.0,1993.0,1,0.26,7.0,7.0,3.0,0.07,7.0,7.0,3.0,0.3,7.0,7.0,3.0,0,0,0,0,0,3
6735,19.0,2002,6.0,11.0,1389.0,2287.0,12,0.11,7.6,7.85,8.0,0.22,1.9,3.6,8.0,0.22,1.9,3.6,8.0,0,0,0,0,0,3
6736,6.0,2008,3.0,201.0,1040.0,2288.0,3,0.04,6.0,7.0,1.0,0.01,6.0,7.4,1.0,0.07,6.0,7.0,1.0,0,0,0,0,0,3
6737,7.0,2004,4.0,17.0,57.0,25.0,9,0.27,7.75,8.5,10.0,0.54,7.75,8.05,14.0,0.29,7.75,7.2,5.0,1,1,1,1,0,3
6738,13.0,1997,3.0,156.0,680.0,2229.0,1,0.29,6.042070079121586,6.394020668496688,49.29562687356727,0.25,6.127673179396085,6.510931697077347,47.72615059072474,0.25,6.172315517519764,6.551114161149683,49.20948686298713,1,0,0,0,0,3
6739,4.0,2009,11.0,33.0,169.0,2289.0,11,0.47,6.8,6.6,56.0,0.89,6.8,6.6,56.0,0.89,6.8,6.6,56.0,0,0,0,0,0,3
6740,9.0,2002,9.0,24.0,605.0,2290.0,10,0.14,5.3,8.2,1.0,0.06,5.9,6.2,1.0,0.06,5.9,6.2,1.0,0,0,0,0,0,3
6741,6.0,2007,1.0,132.0,373.0,1028.0,2,0.72,7.9,7.1,47.86400791034937,0.72,7.9,7.1,46.669215557020436,0.72,7.9,7.1,47.940870138431116,0,0,0,0,0,3
6742,19.0,2005,4.0,5.0,212.0,1146.0,9,0.39,6.85,7.25,11.0,0.63,6.6,7.3,8.0,0.63,6.6,7.3,8.0,1,0,0,0,0,3
6743,9.0,2005,6.0,88.0,915.0,1414.0,1,0.34,5.941533923303834,6.313171091445431,50.56199677938808,0.34,6.055781710914458,6.470575221238942,37.569243156199676,0.25,6.052935103244841,6.466165191740415,43.750402576489535,0,0,0,0,0,3
6744,17.0,2007,3.0,6.0,169.0,59.0,5,0.29,5.5,5.0,2.0,0.05,7.92,7.15,66.5,0.07,5.95,5.85,11.0,1,0,0,0,0,3
6745,6.0,2008,7.0,36.0,172.0,2066.0,3,0.01,4.0,6.0,11.0,1.21,6.15,6.95,18.0,1.21,6.15,6.95,18.0,0,0,0,0,0,3
6746,19.0,2002,1.0,1.0,266.0,2291.0,1,0.47,6.7,6.7,3.0,0.25,6.0,6.0,1.0,0.25,6.0,6.0,1.0,0,0,0,0,1,3
6747,10.0,2014,11.0,239.0,548.0,1317.0,6,0.01,5.0,5.0,47.344282511210764,0.02,5.0,5.0,45.720571748878925,0.27,5.0,5.0,46.56698430493274,0,0,0,0,0,3
6748,5.0,2011,9.0,6.0,265.0,1825.0,12,0.34,4.0,6.25,14.0,0.34,4.0,6.25,14.0,0.34,4.0,6.25,14.0,0,0,1,0,0,3
6749,9.0,2004,3.0,1.0,1.0,2292.0,6,0.45,8.2,8.55,6.0,0.46,5.3,8.6,6.0,0.46,5.3,8.6,6.0,0,0,1,0,0,3
6750,9.0,2004,7.0,1.0,1390.0,2293.0,1,0.42,7.0,6.8,140.0,0.42,7.0,6.8,140.0,0.42,7.0,6.8,140.0,0,0,0,0,0,3
6751,7.0,2008,11.0,29.0,967.0,1386.0,10,0.32,5.9,7.7,2.0,0.44,5.9,7.7,2.0,0.26,4.4,5.0,2.0,0,0,0,0,0,3
6752,4.0,2013,8.0,33.0,1391.0,2294.0,1,0.69,6.016843832020995,6.3843011811023525,43.64141414141414,0.69,6.091391076115479,6.49972440944881,40.217532467532465,0.69,6.117578740157478,6.52308070866142,43.198232323232325,0,0,0,0,0,3
6753,7.0,2005,11.0,64.0,1094.0,759.0,2,0.08,6.096012184990309,6.461224037662763,45.65814307458143,0.08,6.186172805317104,6.560141235114979,44.52978183663115,0.26,6.217254684759547,6.600561248038451,45.452511415525116,0,0,0,0,0,2
6754,4.0,2008,4.0,26.0,956.0,625.0,1,0.28,5.0,6.8,25.0,0.28,5.0,6.8,25.0,0.12,9.0,8.15,6.0,1,0,1,0,0,2
6755,7.0,2006,4.0,26.0,1392.0,588.0,9,0.02,4.7,8.4,48.248510874082285,0.06,4.5,7.6,46.851849286604796,0.03,5.4,7.0,48.092395068569054,1,0,0,0,0,2
6756,5.0,2011,9.0,49.0,253.0,320.0,3,0.92,5.85,7.05,12.0,0.92,5.85,7.05,12.0,0.27,5.85,6.75,13.0,1,0,0,1,1,2
6757,9.0,2005,8.0,6.0,495.0,571.0,5,0.72,6.15,7.05,30.0,0.08,7.2,7.9,2.0,0.63,5.4,7.65,6.0,0,0,0,0,0,2
6758,13.0,2001,1.0,15.0,87.0,2295.0,1,0.29,6.097708281522011,6.447693359860781,47.903901046622266,0.41,6.1815792091519635,6.559855757274357,46.559535136604595,0.41,6.221097985575736,6.597542899776213,47.730256898192195,0,0,1,0,0,2
6759,4.0,2010,7.0,5.0,1393.0,624.0,1,0.3,6.0,6.4,8.0,0.3,6.0,6.4,8.0,0.58,6.0,6.4,8.0,0,0,0,0,0,2
6760,7.0,2006,6.0,54.0,51.0,500.0,1,0.25,7.7,7.7,106.5,1.34,7.3,7.4,106.5,0.42,8.1,8.8,106.5,1,0,1,0,0,2
6761,18.0,2014,3.0,6.0,981.0,1553.0,4,0.2,8.25,8.2,184.0,0.33,6.07,7.42,23.0,0.43,8.13,7.42,93.5,1,0,0,1,1,2
6762,23.0,2015,9.0,20.0,77.0,488.0,3,0.46,6.0,6.9,81.0,0.12,6.0,5.85,11.0,0.21,6.0,4.4,17.0,0,0,0,0,0,2
6763,4.0,2008,4.0,71.0,250.0,2296.0,3,0.03,8.0,8.0,1.0,1.26,8.0,8.2,214.5,1.26,8.0,8.2,214.5,0,0,0,0,0,2
6765,6.0,2010,3.0,5.0,415.0,1121.0,11,0.38,4.0,8.25,1.0,0.56,4.0,7.5,1.0,0.56,4.0,7.5,1.0,0,0,0,0,0,2
6766,4.0,2011,9.0,15.0,1395.0,2297.0,1,0.71,4.93,5.22,6.0,0.71,4.93,5.22,6.0,0.71,4.93,5.22,6.0,0,0,0,0,0,2
6767,13.0,1995,12.0,52.0,1396.0,2298.0,1,0.0,0.0,0.0,0.0,0.0,0.0,0.0,0.0,0.0,0.0,0.0,0.0,0,0,0,0,0,2
6768,1.0,2009,11.0,6.0,1397.0,2299.0,3,0.3,7.7,8.4,55.0,0.02,7.7,8.4,55.0,0.06,7.5,7.95,55.0,0,0,0,0,0,2
6769,13.0,1996,1.0,49.0,1398.0,2300.0,1,0.13,5.5,5.5,2.0,0.13,5.5,5.5,2.0,0.19,5.5,5.5,2.0,1,0,0,0,0,2
6770,13.0,1997,9.0,4.0,331.0,1528.0,1,0.3,5.0,5.0,49.29562687356727,1.68,5.0,5.0,47.72615059072474,1.68,5.0,5.0,49.20948686298713,0,0,0,0,0,2
6771,17.0,2005,1.0,4.0,395.0,836.0,4,0.17,6.25,7.1,9.0,0.4,8.1,8.6,9.0,0.86,8.1,8.6,9.0,0,0,0,0,0,2
6772,13.0,2000,7.0,78.0,997.0,894.0,11,0.3,7.4,6.7,47.93749171417208,0.3,7.4,6.7,46.73472093331566,0.3,3.5,6.7,47.96314463741217,1,0,0,0,0,2
6773,5.0,2008,12.0,8.0,46.0,487.0,6,0.26,6.5,6.15,1.0,0.02,6.85,7.35,10.0,0.02,7.0,7.0,34.0,0,0,1,0,0,2
6774,5.0,2011,6.0,9.0,34.0,2301.0,2,0.14,7.0,7.0,1.0,0.33,8.3,8.3,8.0,0.33,8.3,8.3,8.0,0,0,1,0,0,2
6775,20.0,2012,1.0,8.0,68.0,77.0,8,0.54,8.0,7.35,2.0,0.54,8.0,7.35,2.0,0.54,8.0,7.35,2.0,1,1,1,1,1,2
6776,23.0,2014,11.0,228.0,1399.0,1902.0,10,0.02,6.7,7.5,7.0,0.04,6.7,7.5,7.0,0.05,6.7,7.7,11.0,1,0,0,1,0,2
6777,15.0,2011,7.0,29.0,381.0,521.0,3,1.46,5.5,5.6,211.0,0.47,6.9,6.92,56.0,1.46,5.5,5.6,211.0,0,0,0,1,0,2
6778,4.0,2009,6.0,33.0,1100.0,740.0,3,1.86,8.0,5.0,13.0,0.36,5.6,7.25,13.0,1.08,8.0,7.4,13.0,0,0,0,0,0,2
6779,5.0,2009,9.0,5.0,396.0,543.0,10,0.3,5.85,3.75,2.0,0.68,5.85,6.83,9.5,0.68,5.85,6.83,9.5,0,0,0,0,0,2
6780,7.0,2002,6.0,29.0,1400.0,2302.0,6,0.09,6.7,8.2,45.704528985507245,0.09,6.7,8.2,44.989945652173915,0.09,6.7,8.2,46.33048007246377,0,0,0,0,0,2
6781,13.0,1999,8.0,15.0,1401.0,2303.0,1,0.26,5.9864729458917845,6.425400801603205,44.05604395604396,0.26,6.120961923847696,6.589959919839676,34.17912087912088,0.26,6.162114228456913,6.618947895791575,38.04120879120879,0,0,0,0,0,2
6782,7.0,2003,1.0,15.0,103.0,102.0,1,0.3,3.0,7.75,0.0,0.58,7.4,7.75,14.0,0.13,7.4,7.75,14.0,0,0,0,0,0,2
6783,10.0,2011,8.0,26.0,536.0,181.0,2,0.01,7.0,6.8,47.0,1.02,7.5,7.65,22.0,1.02,7.5,7.65,22.0,1,0,0,1,0,2
6784,10.0,2011,8.0,26.0,536.0,181.0,11,0.34,3.75,5.58,4.0,0.74,7.23,6.6,79.0,0.74,7.23,6.6,79.0,1,0,0,1,0,2
6785,5.0,2009,1.0,57.0,783.0,422.0,9,0.12,3.9,6.85,1.0,0.12,3.9,6.85,1.0,0.13,3.9,1.8,1.0,0,0,0,0,0,2
6786,14.0,2004,3.0,26.0,619.0,1309.0,1,0.54,6.3,5.3,3.0,0.08,6.3,8.2,3.0,0.08,6.3,8.2,3.0,0,0,0,0,0,2
6787,13.0,1995,1.0,4.0,40.0,2304.0,1,0.31,6.9,6.9,16.0,1.07,6.9,6.9,16.0,1.07,6.9,6.9,16.0,0,0,1,0,0,2
6788,7.0,2003,2.0,31.0,302.0,2305.0,4,0.06,7.1,7.3,2.5,0.77,7.2,8.2,2.5,0.77,7.2,8.2,2.5,0,0,0,0,0,2
6789,4.0,2008,9.0,9.0,245.0,1264.0,6,0.27,5.5,7.0,1.0,0.37,4.87,4.35,12.0,0.37,4.87,4.35,12.0,0,0,0,0,0,2
6790,15.0,2010,7.0,3.0,241.0,221.0,2,2.21,8.27,8.2,459.0,2.21,8.27,8.2,459.0,2.21,8.27,8.2,459.0,1,0,0,0,0,2
6791,7.0,2006,10.0,13.0,1402.0,1855.0,1,0.96,6.057909446618223,6.454225824482941,48.764652014652015,0.96,6.140609278926769,6.574768026830625,40.60225885225885,0.96,6.179580771380661,6.604046953605371,45.93101343101343,1,0,0,0,0,2
6792,17.0,2011,1.0,15.0,1271.0,2069.0,1,0.26,6.107652813930537,6.467882595817321,45.77475613360922,0.26,6.194403554438579,6.56657391616556,44.85269484678293,0.15,6.2266573916165795,6.606709451575302,45.76973100798108,0,0,0,0,0,2
6793,4.0,2009,11.0,6.0,94.0,2306.0,8,0.61,7.4,7.32,85.0,1.72,7.4,7.5,85.0,1.72,7.4,7.5,85.0,0,0,0,0,0,2
6794,7.0,2005,7.0,8.0,541.0,1061.0,3,0.37,7.3,7.3,29.0,0.07,7.25,7.8,29.0,0.64,8.4,7.75,99.0,1,0,0,0,1,2
6795,4.0,2006,11.0,6.0,264.0,1530.0,4,0.02,5.89,5.37,9.5,0.02,5.89,5.37,9.5,0.44,5.89,5.0,2.0,1,1,0,0,0,2
6796,19.0,2005,8.0,6.0,646.0,857.0,3,0.46,7.4,7.5,33.0,0.24,7.0,7.45,20.0,0.3,7.0,7.45,20.0,1,0,0,0,0,2
6797,14.0,2002,9.0,13.0,51.0,234.0,1,1.29,7.7,6.3,3.0,1.29,7.7,6.3,3.0,2.7,7.7,8.05,105.0,0,0,1,0,1,2
6798,9.0,2005,2.0,1.0,757.0,26.0,2,1.08,6.35,7.05,45.0,1.08,6.35,7.05,45.0,5.27,7.67,8.22,160.5,0,0,0,0,0,2
6799,13.0,1997,10.0,258.0,1403.0,2307.0,1,0.0,0.0,0.0,0.0,0.0,0.0,0.0,0.0,0.0,0.0,0.0,0.0,0,0,0,0,0,2
6800,13.0,1997,9.0,89.0,985.0,2308.0,1,0.25,9.3,8.45,57.0,0.04,9.3,6.0,1.0,0.04,9.3,6.0,1.0,0,0,0,0,0,2
6801,6.0,2010,1.0,6.0,1318.0,2309.0,6,0.05,4.7,5.9,1.0,0.13,4.7,5.9,1.0,0.13,4.7,5.9,1.0,0,0,1,0,0,2
6802,1.0,2010,9.0,5.0,229.0,1502.0,9,0.31,6.7,7.5,1.0,0.45,6.7,7.35,31.0,0.45,6.7,7.35,31.0,0,0,0,1,0,2
6803,14.0,2003,3.0,73.0,416.0,570.0,1,0.06,4.8,4.8,47.685338686698614,0.57,4.8,4.8,46.47707550835384,0.57,4.8,4.8,47.855459137417434,0,0,0,0,0,2
6804,6.0,2011,4.0,134.0,901.0,1385.0,1,0.08,6.4,7.1,10.0,0.24,6.1,6.75,10.0,0.12,7.0,6.65,2.0,1,0,0,0,0,2
6805,6.0,2008,6.0,32.0,71.0,260.0,11,0.13,4.0,4.0,1.0,0.13,4.0,4.0,1.0,0.13,4.0,4.0,1.0,0,0,0,0,0,2
6806,1.0,2010,1.0,69.0,29.0,918.0,10,0.02,6.1,6.2,70.0,8.42,6.1,6.2,70.0,0.11,4.35,6.2,70.0,0,0,0,0,0,2
6807,4.0,2005,9.0,8.0,94.0,135.0,11,0.27,6.0,6.93,78.0,0.03,4.8,4.7,78.0,0.61,6.55,5.3,19.0,0,0,0,0,0,2
6808,17.0,2005,6.0,40.0,98.0,519.0,12,0.25,5.5,7.8,1.0,0.08,6.8,6.0,1.0,0.08,6.8,6.0,1.0,1,0,0,0,0,2
6809,18.0,2015,3.0,36.0,130.0,159.0,7,0.1,6.55,5.63,13.5,0.49,7.0,6.22,10.0,0.1,6.55,5.63,13.5,0,0,0,0,0,2
6810,10.0,2013,2.0,5.0,399.0,280.0,10,0.37,7.3,6.9,5.5,0.21,5.95,6.65,11.0,0.37,7.3,6.9,5.5,1,0,0,0,0,2
6811,1.0,2010,1.0,170.0,1404.0,2310.0,5,0.49,7.6,7.6,49.88838251197281,0.49,7.6,7.6,48.341572686544104,0.49,7.6,7.6,49.79777537463309,0,0,0,0,0,2
6812,17.0,2008,4.0,134.0,269.0,2311.0,4,0.1,4.1,6.8,18.0,0.52,5.6,7.22,37.5,0.14,7.0,6.0,2.0,0,0,0,0,0,2
6813,1.0,2008,6.0,8.0,340.0,1392.0,10,0.39,6.75,6.75,7.5,1.65,6.4,6.8,110.5,0.27,4.49,4.5,2.0,0,0,1,0,0,2
6814,14.0,2003,3.0,31.0,170.0,238.0,5,0.24,5.6,6.38,9.5,0.85,8.37,8.35,92.5,0.85,8.37,8.35,92.5,1,0,0,0,1,2
6815,1.0,2008,6.0,32.0,71.0,260.0,7,0.59,8.0,8.32,26.0,1.62,8.4,7.73,39.0,1.62,8.4,7.73,39.0,1,0,0,0,0,2
6816,6.0,2010,7.0,54.0,212.0,1909.0,6,0.04,6.0,6.7,43.0,0.03,6.0,6.7,43.0,0.03,6.0,6.7,43.0,0,0,0,0,0,2
6817,7.0,2005,6.0,9.0,34.0,294.0,8,0.15,7.05,7.5,6.0,0.43,4.6,5.9,1.0,0.76,6.15,6.95,5.0,1,0,1,0,1,2
6818,23.0,2012,10.0,13.0,51.0,57.0,3,0.47,7.93,6.2,82.5,0.47,7.93,6.2,82.5,0.84,7.97,6.42,132.0,1,0,1,1,0,2
6819,14.0,2003,7.0,26.0,40.0,1051.0,10,0.15,6.3,6.0,11.5,1.15,7.6,7.9,11.5,0.7,6.6,7.17,11.5,0,0,1,0,0,2
6820,17.0,2010,2.0,59.0,279.0,427.0,12,0.29,6.0,5.95,9.0,0.29,6.0,5.95,9.0,0.29,6.0,5.95,9.0,0,0,0,0,0,2
6821,15.0,2010,7.0,29.0,715.0,1077.0,3,0.55,7.57,7.7,292.0,0.55,7.57,7.7,292.0,0.55,7.57,7.7,292.0,0,0,0,0,0,2
6822,19.0,2005,9.0,6.0,265.0,341.0,11,0.26,7.0,7.15,55.0,0.53,7.1,7.3,55.0,0.53,7.1,7.3,55.0,0,0,1,1,1,2
6823,10.0,2015,4.0,72.0,1218.0,2312.0,11,0.12,6.6,7.3,13.0,0.15,6.6,7.1,7.0,0.15,6.6,7.1,7.0,0,0,0,0,0,2
6824,1.0,2007,6.0,5.0,369.0,1670.0,10,0.31,7.15,7.5,13.0,0.08,7.15,7.5,13.0,0.08,7.15,7.5,13.0,0,0,0,0,0,2
6825,7.0,2003,4.0,58.0,1405.0,2313.0,1,0.01,7.2,7.3,4.0,0.01,7.2,7.3,4.0,0.01,7.2,7.3,4.0,1,0,0,0,0,2
6826,17.0,2010,1.0,15.0,1406.0,2314.0,1,0.44,6.036517973148549,6.446041576440007,42.41893830703013,0.44,6.13182763100909,6.5621524469467225,36.190578670492584,0.44,6.158211346903418,6.59756604590732,41.083213773314206,0,0,0,0,0,2
6827,19.0,2001,3.0,8.0,79.0,93.0,12,0.43,7.78,7.9,13.0,0.21,5.85,5.0,2.0,3.61,6.3,6.85,17.5,0,0,0,0,0,2
6828,1.0,2010,11.0,29.0,120.0,2315.0,11,0.27,4.9,5.5,1.0,0.28,4.9,5.5,1.0,0.28,4.9,5.5,1.0,0,0,0,0,0,2
6829,1.0,2008,1.0,60.0,1407.0,2316.0,4,0.1,4.0,4.0,1.0,0.1,4.0,4.0,1.0,0.1,4.0,4.0,1.0,0,0,0,0,0,2
6830,7.0,2006,6.0,9.0,1408.0,2317.0,1,1.01,6.057909446618223,6.454225824482941,48.764652014652015,1.01,6.140609278926769,6.574768026830625,40.60225885225885,1.01,6.179580771380661,6.604046953605371,45.93101343101343,0,0,0,0,0,2
6831,14.0,2001,9.0,2.0,758.0,2318.0,11,1.21,5.0,6.25,2.0,1.21,5.0,6.25,2.0,1.21,5.0,6.25,2.0,0,0,0,0,0,2
6832,4.0,2007,4.0,71.0,1218.0,2319.0,8,0.07,6.45,7.05,7.0,0.07,6.45,7.05,7.0,0.07,6.45,7.05,7.0,1,0,0,0,0,2
6834,1.0,2010,9.0,20.0,205.0,169.0,9,0.3,7.0,7.3,104.0,0.87,7.4,7.85,104.0,0.06,6.95,7.6,21.0,0,0,0,0,0,2
6835,14.0,2005,10.0,11.0,249.0,188.0,3,0.46,3.95,5.0,3.0,0.13,6.15,3.0,2.0,0.08,6.0,7.4,9.0,0,0,0,0,0,2
6836,4.0,2008,8.0,29.0,120.0,1131.0,2,0.3,6.0,6.5,5.0,0.14,4.2,4.55,2.0,0.51,4.2,4.55,2.0,0,0,0,0,0,2
6837,6.0,2012,1.0,8.0,27.0,2321.0,2,0.62,7.9,7.2,46.02221482652467,0.99,8.2,6.6,45.39450037440719,0.99,8.2,6.6,46.868749479990015,0,0,1,0,0,2
6838,7.0,2003,4.0,9.0,1410.0,2322.0,1,0.52,6.1012652384897565,6.454888152444128,47.685338686698614,0.52,6.1868883891584945,6.56346904959172,46.47707550835384,0.52,6.225610131376502,6.600911350455717,47.855459137417434,1,0,0,0,0,2
6839,9.0,2005,5.0,26.0,40.0,37.0,1,0.44,5.65,8.0,5.0,0.15,5.65,6.0,6.0,0.49,6.3,7.25,1.0,0,0,1,0,0,2
6840,7.0,2005,3.0,260.0,1150.0,2323.0,9,0.0,0.0,0.0,0.0,0.06,0.0,0.0,0.0,0.06,0.0,0.0,0.0,0,0,0,0,0,2
6841,1.0,2009,6.0,6.0,625.0,2324.0,9,0.36,6.23,7.03,6.5,0.64,6.23,7.03,6.5,0.64,6.23,7.03,6.5,0,0,0,0,0,2
6842,7.0,2007,3.0,5.0,548.0,1121.0,5,0.3,5.23,5.7,41.5,0.16,6.5,5.7,41.5,0.1,5.65,5.25,2.0,0,0,0,0,0,2
6843,17.0,2006,4.0,71.0,479.0,2325.0,4,0.05,5.4,5.5,2.0,0.19,5.4,7.45,10.0,0.19,5.4,7.45,10.0,0,0,0,0,0,2
6844,19.0,2004,4.0,228.0,646.0,857.0,7,0.08,8.0,8.45,6.0,0.08,8.0,8.45,6.0,0.2,8.2,8.5,6.0,1,0,0,0,0,2
6845,17.0,2009,1.0,8.0,45.0,247.0,10,0.26,7.48,7.43,16.0,0.54,7.48,7.43,16.0,0.54,7.48,7.43,16.0,1,0,1,0,1,2
6846,5.0,2006,9.0,8.0,257.0,731.0,1,0.31,6.0,7.0,21.0,0.42,5.0,6.9,32.0,0.47,4.0,6.1,10.0,0,0,0,0,0,2
6847,7.0,2008,1.0,15.0,87.0,2326.0,1,0.29,6.076557377049176,6.4289414021625335,50.52577025484975,0.31,6.1574189047785115,6.543221137077076,48.40728413845569,0.31,6.202197418904775,6.585209277990916,49.56694560669456,0,0,1,0,0,2
6848,17.0,2009,3.0,29.0,568.0,860.0,2,0.73,6.0,7.23,48.5,0.05,6.7,6.6,48.5,0.91,5.97,7.6,44.0,1,0,0,0,0,2
6849,6.0,2009,9.0,5.0,396.0,543.0,10,0.25,5.5,4.25,2.0,0.43,5.5,6.2,3.0,0.43,5.5,6.2,3.0,0,0,0,0,0,2
6850,16.0,1981,9.0,95.0,61.0,2327.0,1,0.0,0.0,0.0,0.0,0.0,0.0,0.0,0.0,0.0,0.0,0.0,0.0,0,0,0,0,0,2
6851,12.0,1999,9.0,40.0,448.0,2328.0,1,0.46,7.3,7.3,12.0,0.14,7.3,7.3,12.0,0.14,7.3,7.3,12.0,0,0,0,0,0,2
6852,12.0,1999,6.0,31.0,1077.0,697.0,1,0.39,7.0,7.2,20.0,0.19,7.0,7.2,20.0,0.31,7.0,5.3,3.0,0,0,0,0,0,2
6853,12.0,2000,6.0,40.0,98.0,2329.0,11,0.81,7.83,7.48,15.5,0.2,7.83,6.1,9.0,0.2,7.83,6.1,9.0,0,0,0,0,0,2
6854,12.0,1999,3.0,29.0,462.0,599.0,1,1.31,8.0,8.0,2.0,1.19,8.0,8.0,2.0,1.25,7.7,7.7,3.0,1,0,0,0,0,2
6855,12.0,2000,10.0,40.0,330.0,739.0,11,0.52,7.4,7.1,15.0,0.52,7.4,7.1,15.0,0.81,7.83,7.48,15.5,0,0,0,0,1,2
6856,12.0,2000,9.0,78.0,1411.0,894.0,1,0.58,4.5,6.88,1.5,0.58,4.5,6.88,1.5,0.81,4.5,6.88,1.5,1,0,0,0,0,2
6857,1.0,2008,6.0,32.0,71.0,260.0,11,0.28,4.0,6.8,15.0,0.28,4.0,6.8,15.0,0.28,4.0,6.8,15.0,1,0,0,0,0,2
6858,7.0,2002,1.0,9.0,373.0,378.0,12,0.38,7.8,7.72,34.5,0.07,4.4,7.72,34.5,0.07,7.0,8.0,34.5,0,0,0,0,0,2
6859,6.0,2009,9.0,26.0,1412.0,2330.0,1,0.31,8.0,8.0,4.0,0.31,8.0,8.0,4.0,0.31,8.0,8.0,4.0,0,0,0,0,0,2
6860,4.0,2011,9.0,8.0,256.0,135.0,7,0.34,3.65,5.6,3.0,0.42,4.3,6.5,3.0,0.34,3.7,4.9,3.0,0,0,0,0,0,2
6861,14.0,2003,1.0,8.0,27.0,784.0,11,0.42,5.9,6.2,22.0,0.27,8.4,7.7,22.0,0.27,8.4,7.7,22.0,0,0,1,0,0,2
6862,13.0,1998,2.0,87.0,608.0,2331.0,1,1.17,6.55,6.63,8.5,0.87,6.55,6.6,54.0,0.87,6.55,6.6,54.0,0,0,0,0,0,2
6863,19.0,2005,9.0,5.0,518.0,1400.0,6,0.31,5.25,5.0,6.0,0.5,5.2,4.8,2.0,0.5,5.2,4.8,2.0,0,0,0,0,0,2
6864,1.0,2009,1.0,36.0,1413.0,612.0,1,0.06,7.9,8.1,47.58155002891845,0.06,7.9,8.1,45.36119144013881,1.26,7.9,8.1,49.094852515905146,0,0,0,0,0,2
6865,17.0,2007,9.0,3.0,460.0,257.0,2,3.54,7.6,7.55,155.5,0.14,7.0,7.2,4.0,0.37,7.03,7.0,18.5,0,0,0,0,0,2
6866,9.0,2005,1.0,5.0,82.0,86.0,11,0.28,5.0,6.4,11.0,0.16,6.93,7.38,19.0,0.42,7.6,7.5,19.0,1,0,1,0,0,2
6867,4.0,2007,3.0,29.0,760.0,1148.0,9,0.27,4.0,5.0,4.0,0.37,6.43,7.0,15.5,0.37,6.43,7.0,15.5,0,0,0,0,0,2
6868,4.0,2009,5.0,29.0,120.0,1304.0,10,0.29,4.25,8.5,1.0,0.29,4.25,8.5,1.0,0.39,4.25,8.5,1.0,0,0,0,0,0,2
6869,4.0,2008,11.0,215.0,513.0,2332.0,11,0.02,7.6,7.2,8.0,0.48,7.6,7.2,8.0,0.48,7.6,7.2,8.0,0,0,0,0,0,2
6870,9.0,2004,2.0,1.0,1.0,893.0,1,0.26,2.0,8.0,9.0,6.41,7.0,8.0,40.0,0.47,7.0,6.7,3.0,0,0,1,0,0,2
6871,13.0,1998,7.0,31.0,132.0,2333.0,1,0.27,5.0,5.0,1.0,1.33,5.0,5.0,1.0,1.33,5.0,5.0,1.0,0,0,0,0,0,2
6872,7.0,2003,9.0,4.0,1414.0,2334.0,1,0.39,6.1012652384897565,6.454888152444128,47.685338686698614,0.39,6.1868883891584945,6.56346904959172,46.47707550835384,0.39,6.225610131376502,6.600911350455717,47.855459137417434,0,0,0,0,0,2
6873,6.0,2011,6.0,29.0,422.0,884.0,11,0.38,7.63,7.88,310.5,0.87,7.05,6.15,4.0,0.87,7.05,6.15,4.0,0,0,0,0,0,2
6874,10.0,2014,9.0,20.0,234.0,488.0,4,0.5,6.5,7.3,17.0,0.5,6.5,7.3,17.0,0.5,6.5,7.3,17.0,0,0,0,0,0,2
6875,11.0,2014,9.0,49.0,253.0,559.0,10,0.04,8.25,7.8,3.0,1.26,6.8,7.7,113.0,0.06,7.0,7.45,1.0,0,0,0,0,0,2
6876,14.0,2003,2.0,24.0,1415.0,169.0,1,0.06,5.3,5.75,8.0,0.06,5.3,5.75,8.0,0.53,5.45,5.75,8.0,0,0,0,0,0,2
6877,7.0,2008,8.0,15.0,839.0,297.0,1,0.29,7.0,7.0,50.52577025484975,0.29,7.0,7.0,48.40728413845569,0.79,7.0,7.0,49.56694560669456,1,0,0,0,0,2
6878,5.0,2012,3.0,36.0,130.0,738.0,5,0.12,4.33,4.95,16.0,0.16,7.47,7.48,41.0,0.73,8.07,7.42,115.0,0,0,0,0,0,2
6879,5.0,2009,4.0,241.0,1416.0,2140.0,10,0.02,6.6,5.8,43.0,0.02,6.6,5.8,43.0,0.11,7.0,7.6,43.0,1,0,0,0,0,2
6880,16.0,1980,6.0,11.0,1417.0,2335.0,1,2.76,6.102650200921301,6.463859649122879,46.501239624878735,2.76,6.190823287268469,6.56118494560429,45.05502856526895,2.76,6.2224767225326065,6.601727923159902,45.990136897704,0,0,0,0,0,2
6881,8.0,1996,4.0,10.0,1418.0,1209.0,1,2.31,9.25,9.25,216.5,2.31,9.25,9.25,216.5,2.31,9.25,9.25,216.5,1,0,0,0,0,2
6882,5.0,2011,9.0,5.0,650.0,2276.0,9,0.28,5.75,6.05,17.0,0.79,5.75,6.05,17.0,0.25,5.0,4.25,4.0,1,0,0,1,0,2
6883,1.0,2010,11.0,26.0,1419.0,531.0,12,0.18,5.1,7.3,20.0,0.18,5.1,7.3,20.0,0.35,5.1,7.3,20.0,0,0,0,0,0,2
6884,10.0,2015,2.0,1.0,1.0,2336.0,10,2.98,5.3,6.45,9.0,2.98,5.3,6.45,9.0,0.14,5.3,6.45,9.0,1,0,1,1,0,2
6885,14.0,2001,3.0,222.0,204.0,1930.0,11,0.32,6.13,7.07,10.5,0.3,6.13,7.0,2.0,0.32,6.13,7.07,10.5,0,0,0,0,1,2
6886,13.0,2002,3.0,170.0,1420.0,2337.0,1,0.0,0.0,0.0,0.0,0.0,0.0,0.0,0.0,0.0,0.0,0.0,0.0,1,0,0,0,0,2
6887,17.0,2009,4.0,67.0,13.0,1286.0,3,0.22,5.3,6.3,9.0,0.15,6.2,7.4,11.0,0.35,7.3,8.25,15.0,1,0,0,0,0,2
6888,4.0,2010,11.0,81.0,1027.0,1649.0,1,0.04,8.13,7.7,71.5,0.16,6.1,6.55,18.0,0.16,6.1,6.55,18.0,0,0,0,0,0,2
6889,9.0,2004,9.0,3.0,98.0,284.0,10,0.06,6.2,5.0,50.91388518024032,0.07,2.6,3.9,41.10447263017357,0.07,2.6,3.9,47.05941255006675,1,1,0,0,0,2
6890,9.0,2004,11.0,105.0,1421.0,2338.0,1,0.04,5.0,5.0,1.0,0.04,5.0,5.0,1.0,0.04,5.0,5.0,1.0,0,0,0,0,0,2
6891,5.0,2007,6.0,2.0,280.0,457.0,10,0.21,3.9,4.05,2.0,0.02,6.6,7.0,1.0,1.63,7.7,7.5,32.0,0,0,0,0,0,2
6892,4.0,2009,5.0,6.0,301.0,233.0,1,0.29,4.0,3.8,4.0,0.22,7.65,7.55,35.0,0.26,7.45,7.4,35.0,0,0,0,0,0,2
6893,5.0,2012,9.0,13.0,385.0,1629.0,2,0.04,6.138056818181817,6.502425000000032,46.02221482652467,0.03,6.220569696969708,6.597999242424284,45.39450037440719,0.03,6.252096969696982,6.638678787878795,46.868749479990015,0,0,0,1,0,2
6894,18.0,2016,9.0,20.0,234.0,1321.0,6,0.18,6.5,7.57,6.5,0.18,6.5,7.57,6.5,0.18,6.5,7.57,6.5,0,1,0,1,0,2
6895,5.0,2009,9.0,49.0,253.0,320.0,6,0.07,7.0,6.9,6.5,0.23,6.08,6.22,6.5,0.23,6.08,6.22,6.5,1,0,0,1,1,2
6896,7.0,2003,6.0,4.0,681.0,2339.0,3,0.66,6.1,7.9,0.0,0.41,6.3,3.3,0.0,0.41,6.3,3.3,0.0,0,0,0,0,0,2
6897,13.0,1998,9.0,120.0,146.0,2340.0,1,0.07,7.8,7.8,4.0,0.2,7.1,7.1,9.0,0.2,7.1,7.1,9.0,0,0,0,0,0,2
6898,7.0,2004,4.0,40.0,1422.0,2094.0,9,0.17,7.2,7.4,6.0,0.17,7.2,7.4,6.0,0.08,7.2,6.9,19.0,1,0,0,0,0,2
6899,17.0,2009,1.0,8.0,68.0,454.0,7,0.36,4.0,6.25,1.0,0.58,4.0,8.0,1.0,0.65,7.5,7.5,5.5,0,0,1,0,1,2
6900,4.0,2008,6.0,5.0,1207.0,370.0,1,0.56,2.0,5.15,2.0,0.31,2.0,5.15,2.0,0.29,4.35,5.15,2.0,0,0,0,0,1,2
6901,15.0,2011,5.0,81.0,1338.0,1149.0,2,0.02,8.25,7.7,31.5,0.02,8.25,7.7,31.5,0.02,8.25,7.7,31.5,1,0,0,0,0,2
6902,6.0,2012,4.0,42.0,1423.0,2341.0,4,0.09,5.15,6.0,1.5,0.19,7.17,6.7,80.0,0.19,7.17,6.7,80.0,1,0,0,1,0,2
6903,5.0,2015,6.0,5.0,321.0,84.0,10,0.51,7.37,6.07,12.0,0.03,7.37,0.8,12.0,0.51,7.37,6.07,12.0,1,0,0,1,0,2
6904,20.0,2013,6.0,1.0,3.0,2342.0,6,5.15,5.55,6.85,12.0,2.0,8.6,8.75,225.0,2.0,8.6,8.75,225.0,0,0,1,0,0,2
6905,13.0,1995,1.0,8.0,184.0,1377.0,1,1.0,4.0,5.5,4.0,0.25,4.0,7.9,33.0,0.25,4.0,7.9,33.0,1,0,0,0,0,2
6906,11.0,2014,9.0,134.0,437.0,2343.0,8,0.02,6.5,7.4,16.0,0.14,6.5,6.8,16.0,0.13,3.45,5.6,19.0,0,0,0,1,0,2
6907,5.0,2009,4.0,7.0,88.0,47.0,8,0.36,3.5,1.1,451.5,0.02,3.5,1.1,451.5,0.99,8.2,7.85,451.5,1,0,0,0,0,2
6908,13.0,2000,9.0,4.0,1424.0,2344.0,1,0.4,6.080184531886015,6.4249240162822545,49.17336199229173,0.4,6.164715061058349,6.539900949796512,47.802772013044766,0.4,6.208497964721839,6.582871099050231,49.20360213459828,0,0,0,0,0,2
6909,1.0,2011,6.0,15.0,87.0,297.0,10,0.09,7.07,6.35,88.5,0.09,7.07,6.35,88.5,0.03,6.0,6.3,4.0,0,0,1,0,0,2
6910,5.0,2011,6.0,29.0,422.0,884.0,11,0.36,7.63,6.97,31.5,0.41,7.63,6.97,31.5,0.19,7.0,2.0,1.0,0,0,0,0,0,2
6911,23.0,2012,9.0,20.0,60.0,556.0,3,0.6,6.6,7.53,9.5,0.27,6.6,6.65,21.0,0.27,6.6,6.65,21.0,0,0,1,0,0,2
6912,1.0,2010,3.0,81.0,1029.0,1906.0,3,0.24,4.4,5.0,1.0,0.4,4.0,5.0,1.0,0.08,6.25,6.8,7.0,1,0,0,0,0,2
6913,4.0,2009,5.0,1.0,1425.0,2345.0,1,0.52,5.0,7.2,5.0,0.52,5.0,7.2,5.0,0.52,5.0,7.2,5.0,0,0,1,0,0,2
6914,13.0,2000,7.0,28.0,1426.0,965.0,10,0.41,4.6,4.6,8.0,0.41,4.6,4.6,8.0,0.77,4.6,4.6,8.0,0,0,0,0,0,2
6915,5.0,2009,9.0,8.0,135.0,1311.0,8,0.21,6.22,8.4,1.0,0.45,6.22,6.75,95.5,0.54,6.22,6.75,95.5,0,0,0,0,0,2
6916,6.0,2010,4.0,49.0,901.0,2346.0,3,0.01,6.2,6.15,9.0,0.18,6.2,6.15,9.0,0.1,6.55,7.4,20.0,1,0,0,0,0,2
6917,14.0,2006,1.0,8.0,45.0,31.0,4,0.57,5.85,6.1,3.0,0.57,5.85,6.1,3.0,0.57,5.85,6.1,3.0,1,1,1,0,0,2
6918,9.0,2003,9.0,182.0,37.0,2347.0,1,0.37,5.0,5.0,1.0,0.03,5.0,5.0,1.0,0.03,5.0,5.0,1.0,0,0,0,0,0,2
6919,17.0,2013,4.0,26.0,959.0,1114.0,1,0.26,6.55,7.65,14.0,0.26,6.55,7.65,14.0,0.66,6.55,7.65,14.0,1,0,0,0,0,2
6920,1.0,2006,1.0,5.0,47.0,86.0,11,0.56,6.6,7.1,15.0,0.28,6.05,6.2,2.0,0.56,6.6,7.1,15.0,1,0,0,0,1,2
6921,13.0,1998,6.0,223.0,656.0,1333.0,1,0.31,6.0160609318996405,6.403268817204285,46.05333068992863,0.78,6.099759856630821,6.523605734767007,42.11122125297383,0.78,6.1246594982078815,6.541229390680994,45.49722442505948,0,0,0,0,0,2
6922,16.0,1988,9.0,5.0,797.0,896.0,1,0.47,7.0,6.4,45.0,0.59,7.0,6.2,9.0,0.59,7.0,6.2,9.0,1,0,0,0,0,2
6923,16.0,1981,7.0,142.0,1427.0,2348.0,1,0.36,4.5,4.5,2.0,0.36,4.5,4.5,2.0,0.36,4.5,4.5,2.0,0,0,0,0,0,2
6924,4.0,2010,5.0,224.0,473.0,2349.0,10,0.01,7.0,6.8,37.0,0.16,5.0,5.35,76.0,0.16,5.0,5.35,76.0,0,0,0,0,0,2
6925,5.0,2009,9.0,11.0,419.0,2350.0,3,0.04,5.9,3.0,1.0,0.11,5.9,3.0,1.0,0.11,5.9,3.0,1.0,0,0,1,0,0,2
6926,5.0,2013,7.0,3.0,241.0,1024.0,8,0.67,8.97,8.2,714.5,0.24,8.27,7.8,386.5,0.6,8.47,8.18,115.5,0,0,0,0,0,2
6927,4.0,2008,4.0,9.0,1218.0,2351.0,1,0.38,6.0,6.1,8.0,0.24,7.0,6.65,10.0,0.24,7.0,6.65,10.0,0,0,0,0,0,2
6928,1.0,2011,3.0,5.0,619.0,1999.0,5,0.14,6.2,5.55,1.0,0.3,6.2,5.55,1.0,0.3,6.2,5.55,1.0,0,0,0,0,0,2
6929,23.0,2012,9.0,15.0,377.0,470.0,1,0.16,4.65,4.8,5.0,0.12,4.65,3.0,1.0,0.59,7.12,7.17,56.5,1,0,0,1,0,2
6930,4.0,2006,4.0,15.0,56.0,2352.0,2,4.39,8.6,7.45,1.0,0.07,8.6,7.45,1.0,0.15,7.65,7.5,16.0,1,0,0,0,0,2
6931,11.0,2014,11.0,179.0,590.0,942.0,1,0.04,8.15,7.9,24.0,0.18,9.0,8.2,428.0,0.12,2.5,5.48,19.5,0,0,0,0,0,2
6932,20.0,2012,9.0,33.0,156.0,783.0,1,0.5,5.0,6.3,14.0,0.54,5.0,6.3,14.0,0.54,5.0,6.3,14.0,0,0,0,1,0,2
6933,15.0,2011,4.0,77.0,881.0,1350.0,1,0.16,6.85,7.6,4.0,0.52,7.1,7.17,119.0,0.52,7.1,7.17,119.0,0,0,0,0,1,2
6934,7.0,2007,3.0,8.0,68.0,472.0,7,0.38,7.7,7.45,1.0,0.79,8.3,7.65,1.0,0.04,7.2,7.0,1.0,0,0,1,0,0,2
6935,6.0,2008,9.0,5.0,47.0,999.0,11,0.38,5.6,6.3,48.44426425401161,0.38,5.6,6.3,46.782946398088086,0.38,5.6,6.3,48.1357972004097,0,0,0,0,0,2
6936,4.0,2010,6.0,3.0,96.0,1185.0,9,1.69,8.0,7.7,113.0,0.18,8.0,7.7,113.0,0.18,8.0,7.7,113.0,0,0,0,0,0,2
6937,4.0,2008,3.0,8.0,1029.0,43.0,11,0.46,7.35,6.95,52.0,0.08,6.25,6.8,7.0,0.77,4.9,6.03,61.0,0,0,0,0,0,2
6938,20.0,2016,9.0,20.0,234.0,488.0,1,0.32,7.05,6.6,6.0,0.32,7.05,6.6,6.0,0.32,7.05,6.6,6.0,0,0,0,0,0,2
6939,4.0,2006,4.0,204.0,111.0,637.0,10,0.09,7.1,7.95,22.0,0.08,7.1,7.95,22.0,0.26,6.5,6.6,9.0,0,0,0,0,0,2
6940,7.0,2003,2.0,181.0,226.0,2353.0,10,0.18,7.5,7.5,47.44406405941743,0.03,7.5,7.5,45.58605082975514,0.03,7.5,7.5,46.54206800510619,0,0,0,0,0,2
6941,7.0,2004,6.0,15.0,71.0,2354.0,7,0.04,4.15,5.9,1.0,0.18,7.55,8.3,1.0,0.18,7.55,8.3,1.0,1,0,0,1,0,2
6942,4.0,2010,6.0,33.0,609.0,886.0,11,0.29,5.8,5.5,44.246983408748115,0.29,5.8,5.5,32.7447209653092,0.87,5.8,5.5,36.71266968325792,0,0,0,0,0,2
6943,4.0,2010,8.0,15.0,87.0,2201.0,1,0.27,6.036517973148549,6.446041576440007,42.41893830703013,0.01,6.13182763100909,6.5621524469467225,36.190578670492584,0.26,6.158211346903418,6.59756604590732,41.083213773314206,0,0,1,0,0,2
6944,10.0,2015,4.0,134.0,1003.0,2355.0,4,0.08,6.5,6.3,2.0,0.28,6.6,7.4,21.0,0.28,6.6,7.4,21.0,0,0,0,0,0,2
6945,7.0,2006,9.0,26.0,683.0,701.0,1,0.31,3.0,3.8,4.0,0.31,3.0,3.8,4.0,0.49,3.0,7.8,6.0,0,0,0,0,0,2
6946,13.0,1998,10.0,19.0,500.0,2356.0,1,0.29,7.8,7.8,18.0,0.75,7.8,7.8,18.0,0.75,7.8,7.8,18.0,1,0,0,0,0,2
6947,4.0,2013,2.0,6.0,377.0,1218.0,7,0.66,6.141527836804078,6.507665391698577,45.88387999378206,0.05,6.229994333475,6.611288426122716,45.936615886833515,0.43,6.259653633659157,6.649035982433788,47.199984455153114,0,0,0,0,0,2
6948,1.0,2009,6.0,29.0,1428.0,2357.0,1,0.37,6.06531266560678,6.414785373608896,47.58155002891845,0.37,6.151277159512439,6.537713301536816,45.36119144013881,0.37,6.18789083200847,6.572859035506092,49.094852515905146,0,0,0,0,0,2
6949,1.0,2010,1.0,29.0,1428.0,436.0,6,1.42,7.75,6.8,12.0,0.23,7.75,6.8,12.0,1.67,4.4,7.9,12.0,0,0,0,0,0,2
6950,4.0,2007,3.0,5.0,679.0,747.0,11,0.34,5.6,6.45,2.0,0.31,5.6,6.45,2.0,0.1,6.0,6.45,2.0,0,0,0,0,0,2
6951,9.0,2003,12.0,58.0,744.0,939.0,1,0.6,7.0,8.4,5.0,0.6,7.0,8.4,5.0,0.01,7.2,7.3,4.0,1,0,0,0,0,2
6952,14.0,2003,3.0,8.0,137.0,472.0,9,0.52,7.7,8.15,37.5,0.52,7.7,8.15,37.5,0.27,8.4,8.15,37.5,0,0,1,0,0,2
6953,14.0,2002,9.0,8.0,135.0,2358.0,8,0.71,8.6,7.65,1.0,0.71,8.6,7.65,1.0,0.71,8.6,7.65,1.0,0,0,0,0,0,2
6954,23.0,2016,9.0,20.0,234.0,488.0,1,0.32,7.0,7.27,6.5,0.32,7.0,7.27,6.5,0.32,7.0,7.27,6.5,0,0,0,0,0,2
6955,4.0,2010,9.0,18.0,164.0,184.0,10,1.47,5.55,5.4,68.0,1.47,5.55,5.4,68.0,1.47,5.55,5.4,68.0,0,0,0,0,0,2
6956,14.0,2005,9.0,8.0,31.0,135.0,11,0.26,6.75,7.73,54.0,0.65,6.4,5.25,19.0,0.42,6.45,4.9,19.0,0,0,0,0,0,2
6957,18.0,2013,6.0,35.0,369.0,51.0,10,0.08,7.35,7.35,1.0,0.07,7.35,7.35,1.0,0.07,7.35,7.35,1.0,0,0,0,0,1,2
6958,6.0,2011,9.0,26.0,148.0,2359.0,3,0.08,4.13,5.25,17.0,0.1,2.9,1.5,0.0,0.04,4.0,5.7,18.0,0,0,0,0,0,2
6959,10.0,2015,9.0,1.0,1429.0,2360.0,1,0.69,6.023708006279429,6.380546310832016,44.238808539944905,0.69,6.098238618524324,6.497463108320238,40.88240358126722,0.69,6.122084772370479,6.520916797488228,43.51325757575758,0,0,0,0,0,2
6960,4.0,2005,5.0,1.0,494.0,2361.0,6,0.98,5.97,5.98,31.5,1.11,8.0,7.7,33.0,1.11,8.0,7.7,33.0,0,0,0,1,0,2
6961,5.0,2011,1.0,9.0,34.0,760.0,4,0.49,4.75,5.3,6.0,0.49,4.75,5.3,6.0,0.47,5.0,6.7,38.0,1,0,1,0,1,2
6962,4.0,2011,9.0,29.0,1380.0,191.0,6,0.39,6.7,7.05,51.5,0.39,6.7,7.05,51.5,0.03,4.65,7.05,51.5,0,0,0,0,0,2
6963,6.0,2008,4.0,134.0,1430.0,1826.0,5,0.06,6.35,7.25,7.0,0.07,6.7,5.8,7.0,0.18,6.7,8.0,1.0,0,0,0,0,0,2
6964,4.0,2008,8.0,12.0,958.0,2362.0,1,3.61,5.5,6.55,1.0,0.45,5.5,6.8,1.0,0.45,5.5,6.8,1.0,0,0,0,0,0,2
6965,6.0,2011,1.0,5.0,321.0,422.0,9,0.25,5.0,4.25,4.0,0.38,5.0,4.25,4.0,0.38,5.0,4.25,4.0,0,0,0,0,0,2
6966,22.0,1999,1.0,9.0,1074.0,2270.0,1,0.36,8.0,8.0,59.0,0.37,8.0,8.0,59.0,0.25,8.0,8.0,59.0,0,0,0,0,0,2
6967,17.0,2005,5.0,26.0,40.0,1019.0,3,0.49,6.4,7.6,11.0,0.27,8.5,8.0,77.0,0.73,7.8,8.45,7.0,0,0,1,0,0,2
6968,23.0,2011,9.0,6.0,19.0,1211.0,2,0.06,6.3,6.55,11.5,0.26,6.3,6.55,11.5,0.6,7.0,6.9,22.5,1,0,1,0,1,2
6969,15.0,2015,12.0,9.0,270.0,730.0,2,0.02,7.0,7.0,1.0,0.3,7.0,7.9,96.0,0.2,8.8,8.35,23.0,1,0,0,0,0,2
6970,17.0,2005,1.0,8.0,340.0,408.0,10,0.29,6.9,5.55,12.5,0.29,6.9,5.55,12.5,0.12,7.6,6.7,30.5,1,0,1,1,1,2
6971,5.0,2010,1.0,9.0,131.0,1786.0,1,0.29,8.0,8.5,2.0,0.48,7.73,7.62,79.5,0.48,7.73,7.62,79.5,0,0,0,0,0,2
6972,14.0,2002,1.0,9.0,1431.0,2363.0,5,0.07,7.2,7.3,22.0,0.07,7.2,7.3,22.0,0.04,7.2,7.3,22.0,0,0,0,0,0,2
6973,6.0,2009,6.0,4.0,121.0,373.0,1,0.44,6.06531266560678,6.414785373608896,47.58155002891845,0.44,6.151277159512439,6.537713301536816,45.36119144013881,0.44,6.18789083200847,6.572859035506092,49.094852515905146,1,0,0,0,0,2
6974,7.0,2004,3.0,11.0,559.0,563.0,11,0.27,6.6,8.3,50.551418439716315,0.09,8.5,7.7,48.66979557780559,0.42,7.1,8.7,49.56727158948686,1,0,0,0,0,2
6975,14.0,2003,3.0,91.0,799.0,851.0,9,0.15,6.9,6.35,1.0,0.02,2.75,7.9,1.0,0.92,5.17,6.73,10.0,0,0,0,0,0,2
6976,6.0,2013,9.0,49.0,253.0,320.0,6,0.16,5.93,6.83,11.0,0.16,5.93,6.83,11.0,0.16,5.93,6.83,11.0,1,0,0,1,1,2
6977,23.0,2012,6.0,9.0,34.0,1623.0,9,0.59,5.2,6.75,6.0,0.19,6.97,7.45,77.0,0.33,6.97,8.3,8.0,0,0,1,1,0,2
6978,6.0,2008,7.0,9.0,252.0,2148.0,2,0.37,7.5,8.4,6.0,0.13,7.5,7.65,18.0,0.13,7.5,7.65,18.0,0,0,0,0,0,2
6979,6.0,2011,6.0,4.0,1432.0,116.0,11,6.83,8.6,8.15,456.0,6.83,8.6,8.15,456.0,1.58,3.8,6.3,456.0,0,0,0,0,1,2
6980,7.0,2001,3.0,31.0,421.0,2364.0,11,0.4,5.05,5.9,16.0,0.22,5.85,7.8,0.0,0.22,5.85,7.8,0.0,0,0,0,0,0,2
6981,1.0,2007,3.0,88.0,1433.0,2137.0,10,0.01,4.0,4.0,47.35864844149208,0.03,4.0,4.0,46.229496678589676,0.27,4.0,4.0,47.57901124169648,0,0,0,0,0,2
6982,1.0,2009,6.0,32.0,71.0,260.0,5,0.13,4.8,4.8,4.0,0.13,4.8,4.8,4.0,0.13,4.8,4.8,4.0,1,0,0,0,0,2
6983,7.0,2002,9.0,21.0,1434.0,1388.0,9,0.56,4.7,8.5,1.0,0.56,4.7,8.5,1.0,0.5,4.4,6.6,1.0,0,0,0,0,0,2
6984,7.0,2006,1.0,9.0,1435.0,1302.0,1,0.28,7.0,7.0,1.0,0.28,7.0,7.0,1.0,0.52,7.0,7.0,1.0,0,0,0,0,0,2
6985,1.0,2007,9.0,20.0,1051.0,1383.0,11,0.3,6.6,8.0,4.5,0.38,2.77,3.57,4.5,0.3,6.6,8.0,4.5,0,0,0,0,0,2
6986,7.0,2005,4.0,13.0,51.0,73.0,1,0.76,9.6,6.0,1.0,1.69,9.6,9.2,1.0,0.5,6.43,8.53,26.5,1,1,1,0,0,2
6987,12.0,2000,1.0,31.0,187.0,875.0,1,0.34,6.17,7.03,7.0,0.45,6.17,7.03,7.0,0.39,6.17,7.03,7.0,1,0,0,0,0,2
6988,17.0,2005,6.0,99.0,317.0,1891.0,12,0.03,6.5,6.9,19.0,0.08,6.5,7.7,3.0,0.08,6.5,7.7,3.0,0,0,0,0,1,2
6989,11.0,2015,4.0,26.0,323.0,1477.0,11,0.33,5.55,6.3,14.0,0.38,6.9,6.87,39.0,0.05,6.9,6.87,39.0,0,0,0,0,0,2
6990,19.0,2002,7.0,5.0,82.0,1960.0,11,0.41,4.0,6.4,2.0,0.52,8.27,7.53,31.0,0.52,8.27,7.53,31.0,0,0,1,0,0,2
6991,19.0,2003,9.0,6.0,196.0,196.0,4,0.02,8.3,8.0,1.0,0.07,7.85,8.1,113.0,0.07,7.85,8.1,113.0,1,0,1,0,0,2
6992,1.0,2008,11.0,5.0,186.0,2365.0,9,0.42,5.5,7.0,1.0,0.27,5.5,7.0,1.0,0.27,5.5,7.0,1.0,0,0,0,0,0,2
6993,5.0,2009,6.0,32.0,71.0,260.0,7,0.45,5.943410404624276,6.483352601156066,61.18867924528302,0.45,6.0577456647398815,6.585260115606936,37.9685534591195,0.45,6.170289017341039,6.621791907514448,51.5188679245283,1,0,0,0,0,2
6994,1.0,2010,12.0,29.0,511.0,755.0,11,0.25,5.6,3.45,3.0,0.1,1.85,3.45,3.0,0.03,7.6,7.35,12.0,1,0,0,0,0,2
6995,7.0,2003,1.0,9.0,373.0,1568.0,11,0.56,8.2,8.83,3.0,0.14,8.4,8.4,3.0,0.02,8.9,6.8,3.0,0,0,0,0,0,2
6996,3.0,1997,8.0,261.0,919.0,857.0,1,0.07,5.0,5.0,49.29562687356727,0.07,5.0,5.0,47.72615059072474,0.07,5.0,5.0,49.20948686298713,1,0,0,0,0,2
6997,4.0,2009,8.0,6.0,1436.0,2366.0,9,0.27,6.081317301269194,6.428591850367435,48.85785172212493,0.27,6.164849699398801,6.541612558450277,47.55465557501459,0.27,6.20785303941215,6.583874415497689,48.898423817863396,0,0,1,0,0,2
6998,14.0,2005,9.0,24.0,79.0,257.0,8,0.11,6.65,7.55,3.0,4.7,6.77,7.75,80.0,0.52,5.77,7.55,23.5,0,0,0,0,0,2
6999,6.0,2009,11.0,33.0,399.0,241.0,4,0.7,3.0,3.0,1.0,0.7,3.0,3.0,1.0,0.7,3.0,3.0,1.0,0,0,0,0,0,2
7000,7.0,2002,1.0,4.0,395.0,2367.0,8,0.14,7.2,8.17,28.0,0.31,5.2,6.5,28.0,0.31,5.2,6.5,28.0,0,0,0,0,0,2
7001,18.0,2015,9.0,5.0,82.0,1425.0,9,0.38,6.0,5.55,25.0,0.39,7.5,6.72,2.5,0.39,7.5,6.72,2.5,1,0,1,1,0,2
7002,13.0,1998,10.0,26.0,669.0,701.0,11,0.03,7.3,7.3,15.0,0.03,7.3,7.3,15.0,0.14,6.0,6.0,2.0,0,0,0,0,1,2
7003,24.0,1995,10.0,9.0,766.0,386.0,1,0.3,7.0,6.9,9.0,0.62,2.0,9.0,1.0,1.07,6.0,9.0,1.0,1,0,1,0,1,2
7004,24.0,1996,4.0,157.0,13.0,1286.0,1,0.0,0.0,0.0,0.0,0.19,0.0,7.3,3.0,0.19,0.0,7.3,3.0,1,0,0,0,0,2
7005,19.0,2002,2.0,29.0,632.0,902.0,9,0.28,7.0,6.45,5.0,0.28,7.0,6.45,5.0,0.28,7.0,6.45,5.0,0,0,0,0,0,2
7006,4.0,2008,1.0,6.0,19.0,435.0,11,0.26,7.25,6.15,12.5,0.31,7.25,6.15,12.5,0.32,7.17,7.0,20.0,0,0,1,0,0,2
7007,20.0,2014,9.0,20.0,234.0,488.0,4,0.27,6.45,6.55,17.0,0.27,6.45,6.55,17.0,0.27,6.45,6.55,17.0,0,0,0,0,0,2
7008,4.0,2008,6.0,33.0,1437.0,2273.0,2,0.4,4.0,4.0,46.03618002544529,0.4,4.0,4.0,45.58993320610687,0.4,4.0,4.0,46.776558524173026,1,0,0,0,0,2
7009,5.0,2005,9.0,3.0,102.0,126.0,3,0.88,7.3,8.2,15.0,0.38,8.6,7.8,15.0,0.54,8.3,8.4,6.5,1,0,1,0,1,2
7010,4.0,2006,12.0,29.0,237.0,1678.0,2,0.04,6.1,5.7,23.0,0.06,6.1,5.7,23.0,0.04,7.7,8.25,23.0,1,0,0,0,0,2
7011,4.0,2008,8.0,11.0,1438.0,2368.0,1,0.16,4.13,6.65,6.5,0.16,4.13,6.65,6.5,0.16,4.13,6.65,6.5,0,0,0,0,0,2
7012,13.0,2001,7.0,6.0,304.0,2369.0,1,0.06,3.4,7.0,1.0,0.06,3.4,7.0,1.0,0.06,3.4,7.0,1.0,1,0,0,0,0,2
7013,13.0,2000,1.0,4.0,1439.0,1381.0,9,0.33,6.9,6.9,47.22648344066237,0.33,6.9,6.9,45.44520469181233,0.43,6.9,6.9,46.36321297148114,1,0,0,0,0,2
7014,1.0,2007,1.0,262.0,1440.0,2370.0,1,0.0,0.0,0.0,0.0,0.0,0.0,0.0,0.0,0.0,0.0,0.0,0.0,1,0,0,0,0,2
7015,9.0,2005,6.0,15.0,87.0,277.0,1,0.47,5.5,9.0,1.0,0.32,5.5,6.78,2.0,0.45,3.9,5.5,2.0,0,0,1,1,0,2
7016,17.0,2013,1.0,8.0,45.0,31.0,9,0.43,8.5,4.25,34.0,0.43,8.5,4.25,34.0,0.43,8.5,4.25,34.0,1,1,1,1,1,2
7017,7.0,2002,7.0,54.0,684.0,2371.0,9,1.22,8.4,8.7,49.587620336943445,0.72,8.4,8.7,48.169524669073404,0.72,8.4,8.7,49.57746690734055,1,0,0,0,0,2
7018,13.0,1998,8.0,89.0,985.0,1574.0,1,0.23,8.6,8.15,48.0,0.09,8.6,8.15,48.0,0.42,9.1,7.85,16.0,0,0,0,0,0,2
7019,4.0,2010,11.0,1.0,1441.0,1271.0,1,2.6,6.0,6.7,33.0,0.02,4.0,6.0,26.0,0.56,7.4,7.85,66.0,0,0,0,0,0,2
7020,17.0,2008,12.0,15.0,87.0,277.0,1,0.24,6.0,8.15,2.0,0.29,6.0,8.15,2.0,0.42,6.0,8.15,2.0,0,0,1,1,0,2
7021,5.0,2009,9.0,49.0,253.0,320.0,4,0.01,6.28,6.7,24.0,0.45,6.28,6.7,24.0,0.45,6.28,6.7,24.0,1,0,0,1,1,2
7022,5.0,2014,10.0,26.0,385.0,637.0,9,0.3,7.35,7.55,15.0,0.58,7.05,7.7,23.0,0.51,7.33,7.65,173.0,0,0,0,0,0,2
7023,4.0,2008,8.0,97.0,853.0,2165.0,4,0.0,0.0,0.0,0.0,0.18,6.9,6.5,0.0,0.13,5.9,6.5,0.0,0,0,0,0,0,2
7024,9.0,2005,1.0,8.0,394.0,77.0,9,0.28,4.4,7.6,3.0,0.39,8.13,7.9,3.0,0.75,7.48,7.4,6.5,1,1,0,1,1,2
7025,1.0,2011,6.0,15.0,1442.0,2372.0,1,0.24,6.107652813930537,6.467882595817321,45.77475613360922,0.24,6.194403554438579,6.56657391616556,44.85269484678293,0.24,6.2266573916165795,6.606709451575302,45.76973100798108,1,0,0,1,0,2
7026,6.0,2007,3.0,8.0,68.0,472.0,7,0.29,5.9,5.2,45.63975989965956,0.29,5.9,5.2,44.98176850026877,0.29,5.9,5.2,46.415427342770116,0,0,1,0,0,2
7027,27.0,1994,10.0,255.0,680.0,1850.0,1,0.07,7.1,7.1,17.0,0.45,7.1,7.1,17.0,0.14,7.6,7.6,31.0,0,0,0,0,0,2
7028,13.0,1996,9.0,263.0,1443.0,2373.0,1,0.0,0.0,0.0,0.0,0.0,0.0,0.0,0.0,0.0,0.0,0.0,0.0,0,0,0,0,0,2
7029,4.0,2008,4.0,71.0,1218.0,2319.0,11,0.54,7.7,7.75,5.0,0.24,7.0,6.65,10.0,0.24,7.0,6.65,10.0,1,0,0,0,0,2
7030,18.0,2015,3.0,100.0,191.0,780.0,5,1.04,7.77,7.05,82.0,0.04,4.0,5.3,4.0,1.04,7.77,7.05,82.0,0,0,0,0,0,2
7031,7.0,2010,1.0,3.0,102.0,1028.0,3,0.51,7.6,7.7,46.59712738403579,0.51,7.6,7.7,45.16023075111843,0.51,7.6,7.7,46.507829055804095,0,0,1,0,0,2
7032,15.0,2015,7.0,5.0,11.0,16.0,1,1.76,6.0,5.6,48.0,1.79,6.0,5.6,48.0,1.79,6.0,5.6,48.0,1,0,1,1,0,2
7033,14.0,2004,9.0,3.0,704.0,482.0,3,0.04,9.13,8.68,363.5,0.05,7.99,8.82,189.5,0.05,7.99,8.82,189.5,1,0,0,0,0,2
7034,6.0,2011,9.0,5.0,229.0,2261.0,10,0.27,6.75,7.4,31.0,0.24,6.75,7.4,31.0,0.24,6.75,7.4,31.0,0,0,0,1,0,2
7035,1.0,2009,9.0,29.0,217.0,2374.0,2,0.47,8.75,8.0,98.0,0.91,5.97,7.6,44.0,0.91,5.97,7.6,44.0,0,0,0,0,0,2
7036,7.0,2001,1.0,4.0,170.0,2375.0,1,0.59,6.097708281522011,6.447693359860781,47.903901046622266,0.59,6.1815792091519635,6.559855757274357,46.559535136604595,0.59,6.221097985575736,6.597542899776213,47.730256898192195,0,0,0,0,0,2
7037,6.0,2009,1.0,57.0,783.0,422.0,9,0.31,7.8,7.8,48.85785172212493,0.31,7.8,7.8,47.55465557501459,0.31,7.8,7.8,48.898423817863396,0,0,0,0,0,2
7038,9.0,2002,2.0,13.0,51.0,500.0,3,0.39,5.8,6.55,6.0,0.19,7.8,7.15,27.0,0.42,7.3,8.07,19.5,1,0,1,0,0,2
7039,11.0,2014,1.0,8.0,27.0,247.0,10,0.38,3.93,4.65,5.0,0.38,3.93,4.65,5.0,0.22,3.93,2.88,24.0,1,0,1,0,1,2
7040,1.0,2008,5.0,13.0,1273.0,2000.0,5,0.64,8.88,8.8,419.0,0.12,7.66,7.33,23.5,0.12,6.6,7.7,23.5,0,0,0,0,0,2
7041,15.0,2012,4.0,42.0,1423.0,2341.0,4,0.02,7.0,7.8,9.0,0.14,7.73,7.57,148.0,0.14,7.73,7.57,148.0,1,0,0,1,0,2
7042,23.0,2016,9.0,17.0,253.0,65.0,1,0.3,8.0,7.6,65.0,0.05,6.5,6.0,1.0,0.3,8.0,7.6,65.0,1,1,0,0,0,2
7043,5.0,2011,9.0,29.0,1444.0,2376.0,1,0.12,3.3,5.0,1.0,0.12,3.3,5.0,1.0,0.12,3.3,5.0,1.0,0,0,0,0,0,2
7044,1.0,2008,9.0,6.0,1445.0,2377.0,11,0.25,6.0,7.2,5.0,0.25,6.0,7.2,5.0,0.25,6.0,7.2,5.0,0,0,0,0,0,2
7045,17.0,2012,11.0,26.0,1446.0,2378.0,1,0.31,8.3,8.3,3.0,0.31,8.3,8.3,3.0,0.31,8.3,8.3,3.0,0,0,0,0,0,2
7046,4.0,2007,1.0,5.0,82.0,86.0,11,0.25,5.79,6.33,9.0,0.45,5.4,7.05,2.0,0.45,6.32,6.33,14.5,1,0,1,0,0,2
7047,3.0,1992,5.0,1.0,34.0,4.0,1,1.24,7.0,8.0,2.0,0.4,7.0,8.5,4.0,30.26,9.5,9.35,188.0,1,1,1,0,1,2
7048,7.0,2003,1.0,9.0,1447.0,2379.0,1,0.27,6.0,6.0,5.0,0.27,6.0,6.0,5.0,0.27,6.0,6.0,5.0,0,0,0,0,0,2
7049,6.0,2009,9.0,49.0,253.0,2380.0,1,0.07,7.8,8.3,9.5,0.06,5.13,7.67,9.5,0.06,5.13,7.67,9.5,0,0,0,0,0,2
7050,7.0,2007,6.0,5.0,266.0,1454.0,11,0.23,3.25,5.65,2.0,0.07,3.23,4.78,2.0,0.05,7.0,6.0,0.5,0,0,0,0,0,2
7051,10.0,2011,10.0,29.0,120.0,1594.0,4,0.41,5.3,7.5,39.0,0.42,6.5,6.1,39.0,0.42,6.5,6.1,39.0,0,0,0,1,0,2
7052,4.0,2007,9.0,1.0,845.0,637.0,6,3.82,6.8,7.0,98.0,0.55,8.2,8.9,98.0,0.1,8.2,5.5,2.0,0,0,0,0,0,2
7053,7.0,2005,9.0,4.0,668.0,988.0,9,0.83,7.65,8.25,18.0,0.83,7.65,8.25,18.0,0.83,7.65,8.25,18.0,0,0,0,0,0,2
7054,11.0,2016,1.0,12.0,1448.0,2381.0,7,0.08,7.37,6.82,35.0,0.06,5.75,5.0,2.0,0.06,5.75,5.0,2.0,0,0,0,1,0,2
7055,10.0,2011,6.0,5.0,1143.0,326.0,10,0.25,4.85,6.6,3.0,0.27,4.85,6.6,3.0,0.27,4.85,6.6,3.0,1,0,0,0,1,2
7056,17.0,2009,11.0,26.0,1449.0,2382.0,1,0.29,5.0,7.2,20.0,0.29,5.0,7.2,20.0,0.29,5.0,7.2,20.0,0,0,0,0,0,2
7057,13.0,1997,9.0,14.0,216.0,2383.0,1,0.57,6.3,6.3,6.0,1.83,6.3,6.3,6.0,1.83,6.3,6.3,6.0,0,0,0,0,0,2
7058,9.0,2007,11.0,5.0,1450.0,1277.0,1,0.32,3.0,5.5,2.0,0.32,3.0,5.5,2.0,0.15,3.0,10.0,1.0,0,0,0,0,0,2
7059,1.0,2008,8.0,6.0,505.0,1718.0,10,0.37,6.102638001824813,6.459495894160645,47.32791802049488,1.07,6.191270529197094,6.566937728102246,45.973319170207446,1.07,6.229014598540156,6.60431341240881,47.42195701074731,1,0,0,0,0,2
7060,17.0,2009,10.0,26.0,250.0,625.0,1,0.24,6.05,6.4,3.0,0.24,6.05,6.4,3.0,0.54,6.6,6.98,172.0,1,0,0,0,0,2
7061,4.0,2008,1.0,9.0,1451.0,2384.0,1,0.36,7.4,7.4,5.0,0.36,7.4,7.4,5.0,0.36,7.4,7.4,5.0,0,0,0,0,0,2
7062,1.0,2006,1.0,1.0,538.0,2385.0,12,1.96,6.55,7.3,7.0,0.07,6.1,7.05,2.0,0.07,6.1,7.05,2.0,0,0,0,0,1,2
7063,7.0,2003,3.0,22.0,460.0,2386.0,6,0.04,7.4,7.65,5.0,0.1,8.35,6.75,3.0,0.1,8.35,6.75,3.0,0,0,0,0,0,2
7064,9.0,2004,4.0,13.0,51.0,2387.0,1,0.06,6.6,7.9,113.0,0.02,5.35,6.65,1.0,0.02,5.35,6.65,1.0,1,0,1,0,1,2
7065,1.0,2009,11.0,5.0,321.0,1277.0,11,0.43,7.3,6.9,32.76409185803758,0.12,7.3,6.9,23.798538622129435,0.2,7.3,6.9,28.856993736951985,0,0,0,0,0,2
7066,8.0,1996,4.0,25.0,1452.0,416.0,1,0.13,6.074598214285714,6.518080357142857,51.629901960784316,0.13,6.105133928571427,6.627678571428572,32.81127450980392,0.13,6.240669642857141,6.645223214285716,43.85294117647059,1,0,0,0,0,2
7067,14.0,2003,7.0,8.0,165.0,1354.0,10,0.38,9.2,8.7,67.0,0.13,8.15,7.4,67.0,0.52,7.7,8.15,37.5,0,0,0,0,0,2
7068,4.0,2005,10.0,101.0,1453.0,637.0,1,0.44,6.0,7.7,3.0,0.44,6.0,7.7,3.0,0.36,6.0,7.0,40.0,0,0,0,0,0,2
7069,14.0,2003,7.0,5.0,1454.0,1284.0,6,0.53,6.3,8.2,54.0,0.2,7.9,6.2,54.0,0.56,5.9,6.4,54.0,0,0,0,0,0,2
7070,1.0,2010,1.0,15.0,87.0,102.0,9,0.61,7.63,6.55,132.5,0.61,7.63,6.55,132.5,0.61,7.63,6.55,132.5,0,0,1,0,0,2
7071,7.0,2007,11.0,33.0,279.0,514.0,10,1.38,6.1,4.3,47.35864844149208,0.05,6.1,7.2,46.229496678589676,1.47,5.0,7.2,47.57901124169648,0,0,0,0,0,2
7072,7.0,2006,4.0,17.0,57.0,25.0,4,0.02,6.0,7.3,34.0,0.58,6.4,8.0,9.0,0.02,6.0,7.3,34.0,1,1,1,1,0,2
7073,13.0,1997,4.0,89.0,250.0,2172.0,12,0.03,6.104738441089912,6.471140225956584,46.26497334587645,0.03,6.192053545998311,6.564760277224008,45.07572906867357,0.03,6.222420013291576,6.6045419158834635,46.041392285983065,0,0,0,0,0,2
7074,6.0,2010,1.0,15.0,87.0,102.0,1,0.24,7.3,7.3,46.0,0.27,7.3,7.3,46.0,0.51,7.3,7.3,46.0,0,0,1,0,0,2
7075,7.0,2008,9.0,29.0,390.0,508.0,10,0.28,6.102638001824813,6.459495894160645,47.32791802049488,0.32,6.191270529197094,6.566937728102246,45.973319170207446,0.26,6.229014598540156,6.60431341240881,47.42195701074731,0,0,0,0,0,2
7076,8.0,1991,7.0,1.0,743.0,2388.0,6,0.18,7.0,7.0,32.0,0.65,7.0,7.0,32.0,0.65,7.0,7.0,32.0,0,0,0,0,1,2
7077,13.0,1998,9.0,14.0,249.0,896.0,1,0.34,5.7,5.7,3.0,1.09,5.7,5.7,3.0,0.85,5.7,5.7,3.0,1,0,0,0,0,2
7078,13.0,1999,12.0,58.0,643.0,939.0,1,0.07,8.0,8.0,1.0,0.55,8.0,8.0,1.0,0.55,8.0,8.0,1.0,1,0,0,0,0,2
7079,19.0,2002,1.0,8.0,27.0,2389.0,10,0.36,7.6,7.2,0.0,0.93,7.63,8.05,9.0,0.93,7.63,8.05,9.0,0,0,1,0,1,2
7080,7.0,2003,7.0,88.0,204.0,2390.0,11,1.17,5.7,8.3,48.97781824201291,0.08,6.8,7.1,47.036252276113224,0.08,6.8,7.1,48.732577387849695,0,0,0,0,0,2
7081,7.0,2003,1.0,40.0,210.0,502.0,10,0.02,6.35,6.85,2.0,0.03,5.7,6.85,0.0,0.14,7.2,8.4,1.0,1,0,0,0,0,2
7082,1.0,2009,8.0,8.0,137.0,137.0,3,0.29,5.87,6.88,9.0,0.78,5.73,6.27,40.0,0.32,4.77,4.33,9.5,0,0,1,0,0,2
7083,1.0,2010,3.0,33.0,399.0,1096.0,12,0.23,6.0,6.55,14.0,0.07,6.0,6.55,14.0,0.13,4.5,6.13,16.0,0,0,0,0,0,2
7084,13.0,1995,7.0,87.0,1455.0,2391.0,1,0.28,6.105477410782085,6.471694191344031,46.30825496342738,0.28,6.192767653758562,6.565149962034973,45.062225705329155,0.28,6.223125474563416,6.604986712224803,46.031556948798325,0,0,0,0,0,2
7085,1.0,2007,1.0,12.0,676.0,1695.0,10,0.21,3.75,7.3,0.0,0.16,7.7,6.5,3.0,0.16,7.7,6.5,3.0,0,0,0,0,0,2
7086,13.0,1997,10.0,19.0,51.0,2392.0,1,0.39,7.1,7.1,14.0,0.34,7.5,7.5,13.0,0.34,7.5,7.5,13.0,0,0,1,0,0,2
7087,14.0,2004,6.0,88.0,854.0,2393.0,1,0.05,5.5,6.8,47.43754583231484,0.55,4.55,4.8,46.20019555120997,0.55,4.55,4.8,48.87949156685407,0,0,0,0,0,2
7088,17.0,2008,4.0,71.0,1456.0,2325.0,10,0.08,5.0,7.15,4.0,0.08,5.0,7.15,4.0,0.24,4.15,5.3,1.0,0,0,0,0,0,2
7089,7.0,2006,4.0,26.0,385.0,604.0,5,0.05,6.6,7.1,16.0,0.44,6.75,8.0,16.0,0.18,6.75,6.2,9.0,1,0,0,0,0,2
7090,17.0,2006,4.0,49.0,819.0,1239.0,10,0.61,6.1,8.1,13.0,0.14,8.37,7.95,32.0,0.33,8.2,8.35,24.0,1,0,0,0,0,2
7091,6.0,2012,11.0,4.0,75.0,2394.0,11,0.9,6.15,6.2,23.0,1.5,7.65,7.3,51.0,1.5,7.65,7.3,51.0,0,0,0,0,0,2
7092,17.0,2008,1.0,8.0,45.0,378.0,7,0.58,8.1,7.2,43.0,0.3,5.99,6.47,43.0,0.58,8.1,7.2,43.0,1,0,1,0,0,2
7093,1.0,2010,1.0,59.0,437.0,2395.0,2,0.01,4.2,2.4,45.58566176470588,0.1,4.2,2.4,44.6546875,0.16,4.2,2.4,45.84627757352941,0,0,0,0,1,2
7094,7.0,2003,1.0,4.0,395.0,2396.0,8,0.94,8.0,8.2,2.0,0.66,6.1,7.9,2.0,0.66,6.1,7.9,2.0,0,0,0,0,0,2
7095,1.0,2009,6.0,264.0,1457.0,2397.0,1,0.05,5.7,5.7,47.58155002891845,0.2,4.6,4.6,45.36119144013881,0.2,4.6,4.6,49.094852515905146,0,0,0,0,0,2
7096,7.0,2004,11.0,29.0,906.0,2398.0,11,0.59,5.35,7.8,0.0,0.59,5.35,7.8,0.0,0.59,5.35,7.8,0.0,0,0,0,0,0,2
7097,4.0,2007,12.0,9.0,1458.0,2399.0,9,0.47,6.2,6.5,3.0,0.15,6.6,7.25,5.0,0.15,6.6,7.25,5.0,0,0,0,0,0,2
7098,7.0,2007,6.0,4.0,1117.0,465.0,3,0.87,7.3,7.0,2.0,0.87,7.3,7.0,2.0,1.49,6.0,6.3,3.0,1,0,0,0,0,2
7099,6.0,2011,7.0,6.0,494.0,1531.0,6,0.05,6.0,7.5,1.0,0.08,5.0,7.5,1.0,0.08,5.0,7.5,1.0,0,0,0,0,0,2
7100,1.0,2010,9.0,29.0,120.0,2400.0,4,0.16,8.0,8.0,46.01039378063208,0.16,8.0,8.0,45.13714720297448,0.16,8.0,8.0,46.44710157174244,0,0,0,0,0,2
7101,5.0,2008,6.0,32.0,71.0,260.0,11,0.24,5.0,5.85,15.0,0.24,5.0,5.85,15.0,0.24,5.0,5.85,15.0,0,0,0,0,0,2
7102,3.0,1996,5.0,1.0,3.0,2401.0,1,0.53,6.0,6.0,1.0,0.15,8.7,8.7,3.0,0.15,8.7,8.7,3.0,1,1,1,0,1,2
7103,7.0,2002,1.0,4.0,101.0,1163.0,9,6.4,7.25,8.3,148.0,0.36,5.1,8.3,148.0,0.15,5.4,8.3,148.0,0,0,0,0,1,2
7104,4.0,2011,11.0,119.0,1067.0,2402.0,10,0.07,6.0,7.4,33.0,0.06,6.0,7.4,33.0,0.06,6.0,7.4,33.0,0,0,0,0,0,2
7105,13.0,1998,10.0,101.0,1459.0,2403.0,1,0.27,6.0160609318996405,6.403268817204285,46.05333068992863,0.27,6.099759856630821,6.523605734767007,42.11122125297383,0.27,6.1246594982078815,6.541229390680994,45.49722442505948,0,0,0,0,0,2
7106,23.0,2015,9.0,228.0,437.0,1765.0,3,0.24,6.0,7.05,6.0,0.24,5.6,6.43,15.0,0.21,5.8,6.35,6.0,1,0,0,1,0,2
7107,4.0,2006,4.0,26.0,1141.0,588.0,1,0.27,5.5,8.1,48.764652014652015,0.27,5.5,8.1,40.60225885225885,0.09,5.5,8.1,45.93101343101343,1,0,0,0,0,2
7108,7.0,2002,1.0,4.0,395.0,1381.0,11,0.96,7.1,8.2,45.226486486486486,0.4,6.0,8.2,38.287837837837834,0.23,7.8,8.2,43.71081081081081,1,0,0,0,0,2
7109,13.0,1997,2.0,87.0,243.0,2404.0,1,0.04,7.0,7.0,4.0,0.04,7.0,7.0,4.0,0.04,7.0,7.0,4.0,0,0,0,0,0,2
7110,7.0,2003,9.0,196.0,1460.0,2405.0,2,0.01,5.4,6.0,1.0,0.12,5.4,7.0,1.0,0.12,5.4,7.0,1.0,0,0,0,0,0,2
7111,17.0,2005,1.0,8.0,45.0,230.0,4,0.08,8.2,8.6,65.5,0.31,6.33,7.67,65.5,0.32,7.45,7.45,7.0,1,0,1,0,1,2
7112,6.0,2014,4.0,26.0,744.0,939.0,1,0.31,8.0,8.0,2.0,0.31,8.0,8.0,2.0,0.18,6.0,6.0,1.0,0,0,0,0,0,2
7113,10.0,2011,3.0,33.0,249.0,520.0,6,0.54,6.0,5.78,18.0,0.54,6.0,5.78,18.0,0.54,6.0,5.78,18.0,0,0,0,0,1,2
7114,4.0,2008,8.0,6.0,19.0,571.0,11,0.23,6.93,6.53,13.5,0.25,6.0,7.2,5.0,0.56,6.0,7.2,5.0,1,0,1,0,0,2
7115,15.0,2012,7.0,3.0,828.0,330.0,6,0.57,7.23,7.7,178.0,0.57,7.23,7.7,178.0,0.57,7.23,7.7,178.0,1,0,0,1,0,2
7116,7.0,2002,9.0,40.0,518.0,2406.0,6,0.17,5.2,7.15,7.0,1.05,5.2,7.15,7.0,1.05,5.2,7.15,7.0,0,0,0,0,0,2
7117,1.0,2008,10.0,8.0,45.0,2407.0,11,0.28,5.5,7.0,1.0,0.02,7.85,7.1,83.0,0.02,7.85,7.1,83.0,0,0,1,0,0,2
7118,17.0,2006,4.0,22.0,428.0,2408.0,11,0.09,4.65,6.15,2.0,1.28,7.75,7.5,13.0,1.28,7.75,7.5,13.0,0,0,0,0,0,2
7119,6.0,2011,9.0,26.0,1461.0,2409.0,1,0.34,7.8,7.8,5.0,0.34,7.8,7.8,5.0,0.34,7.8,7.8,5.0,0,0,0,0,0,2
7120,7.0,2008,10.0,40.0,347.0,1499.0,9,0.45,6.23,6.45,24.0,0.45,6.23,6.45,24.0,0.45,6.23,6.45,24.0,0,0,0,0,0,2
7121,4.0,2006,6.0,15.0,1288.0,277.0,1,0.35,7.4,7.4,5.0,0.35,7.4,7.4,5.0,0.14,7.4,7.4,5.0,0,0,0,1,0,2
7122,19.0,2004,10.0,8.0,202.0,353.0,1,0.35,8.1,8.2,1.0,1.48,8.1,8.0,1.0,0.25,8.1,8.2,1.0,0,0,0,1,0,2
7123,17.0,2013,4.0,26.0,1462.0,1477.0,1,0.26,3.0,4.4,5.0,0.26,3.0,4.4,5.0,0.26,3.0,4.4,5.0,0,0,0,0,0,2
7124,7.0,2005,9.0,9.0,270.0,730.0,10,0.24,6.93,7.92,6.0,0.1,7.73,8.0,198.5,0.1,7.73,8.0,198.5,0,0,0,0,0,2
7125,6.0,2013,9.0,42.0,720.0,2410.0,8,1.69,7.2,6.98,107.0,0.67,6.57,7.02,87.5,0.67,6.57,7.02,87.5,0,0,0,1,0,2
7126,9.0,2001,6.0,156.0,680.0,272.0,1,0.06,6.3,6.3,3.0,0.11,6.3,6.3,3.0,1.51,6.3,6.3,3.0,0,0,0,0,0,2
7127,5.0,2013,9.0,26.0,381.0,2210.0,1,0.24,7.07,5.8,6.0,0.14,7.07,7.52,87.5,0.02,7.3,7.27,51.5,0,0,0,1,0,2
7128,12.0,1997,6.0,26.0,1463.0,2411.0,1,0.29,8.0,8.0,1.0,0.29,8.0,8.0,1.0,0.29,8.0,8.0,1.0,0,0,0,0,0,2
7129,19.0,2003,6.0,31.0,399.0,1128.0,1,0.41,5.5,7.8,5.0,0.08,4.35,6.1,7.0,0.14,4.35,6.1,7.0,0,0,0,0,0,2
7130,16.0,1981,7.0,124.0,1128.0,2412.0,1,0.79,6.0,7.5,147.0,0.34,6.0,7.5,147.0,0.34,6.0,7.5,147.0,0,0,0,0,0,2
7131,16.0,1982,9.0,265.0,40.0,2413.0,1,0.0,0.0,0.0,0.0,1.64,0.0,4.8,13.0,1.64,0.0,4.8,13.0,0,0,1,0,0,2
7132,16.0,1981,9.0,46.0,1464.0,2414.0,1,2.2,5.0,5.0,47.1133296460177,2.2,5.0,5.0,45.50840707964602,2.2,5.0,5.0,46.38069690265487,0,0,0,0,0,2
7133,17.0,2009,4.0,266.0,1217.0,2055.0,11,0.02,7.8,8.1,1.0,0.02,7.8,8.1,1.0,0.09,6.3,7.95,16.0,1,0,0,1,0,2
7134,4.0,2010,9.0,29.0,120.0,2126.0,11,0.24,5.6,8.5,44.246983408748115,0.25,5.6,8.5,32.7447209653092,0.25,5.6,8.5,36.71266968325792,0,0,0,0,0,2
7135,17.0,2007,9.0,26.0,1014.0,701.0,1,0.26,6.0,6.0,2.0,0.02,6.0,6.0,2.0,0.38,6.0,8.0,1.0,0,0,0,0,1,2
7136,6.0,2009,9.0,33.0,131.0,1283.0,7,0.44,5.45,6.85,1.0,0.44,5.45,6.85,1.0,0.44,5.45,6.85,1.0,0,0,0,0,0,2
7137,17.0,2011,9.0,38.0,1247.0,1663.0,1,0.47,3.4,6.8,45.77475613360922,0.14,3.4,6.8,44.85269484678293,0.14,3.4,6.8,45.76973100798108,0,0,0,0,0,2
7138,1.0,2010,6.0,59.0,1144.0,2415.0,9,0.33,4.75,5.7,1.0,0.19,5.1,4.6,1.0,0.19,5.1,4.6,1.0,0,0,0,0,0,2
7139,14.0,2004,7.0,114.0,355.0,477.0,10,0.03,5.35,7.1,2.0,0.04,7.0,6.8,8.0,0.04,7.0,6.8,8.0,0,0,0,0,0,2
7140,7.0,2002,1.0,68.0,279.0,2416.0,3,0.87,9.2,8.65,100.0,0.87,9.2,8.65,100.0,0.87,9.2,8.65,100.0,0,0,0,0,0,2
7141,7.0,2004,7.0,26.0,40.0,433.0,10,0.13,6.2,8.45,7.0,0.73,7.8,8.45,7.0,0.53,8.05,7.45,10.0,1,0,1,0,0,2
7142,7.0,2005,6.0,69.0,591.0,861.0,1,0.04,6.55,7.45,16.0,0.04,6.55,7.45,16.0,0.08,6.55,7.45,16.0,0,0,0,0,0,2
7143,18.0,2015,4.0,26.0,804.0,332.0,1,0.01,9.0,7.65,398.0,0.07,9.0,7.65,398.0,0.18,8.53,7.5,146.5,0,0,0,1,0,2
7144,4.0,2008,8.0,12.0,958.0,2417.0,3,0.15,6.8,6.8,46.75586556753329,0.45,6.8,6.8,44.35351934051997,0.45,6.8,6.8,47.66138237159163,0,0,0,0,0,2
7145,7.0,2010,2.0,59.0,279.0,427.0,12,0.25,6.0,7.15,8.0,0.25,6.0,7.15,8.0,0.25,6.0,7.15,8.0,0,0,0,0,0,2
7146,10.0,2013,9.0,9.0,1356.0,1623.0,1,0.29,6.93,7.03,97.5,0.29,6.93,7.03,97.5,0.18,6.93,5.8,4.0,0,0,0,1,0,2
7147,19.0,2002,4.0,11.0,558.0,2418.0,1,2.94,5.47,6.55,3.5,0.09,8.65,8.65,162.0,0.09,8.65,8.65,162.0,0,0,0,0,0,2
7148,4.0,2009,2.0,6.0,19.0,2419.0,9,0.24,5.0,6.5,48.85785172212493,0.52,5.0,6.5,47.55465557501459,0.52,5.0,6.5,48.898423817863396,0,0,1,0,0,2
7149,7.0,2008,3.0,13.0,1040.0,1686.0,10,0.39,6.5,6.6,14.5,0.39,6.5,6.6,14.5,0.39,6.5,6.6,14.5,0,0,0,0,1,2
7150,17.0,2011,1.0,8.0,68.0,77.0,9,0.47,7.92,7.53,242.5,2.69,6.77,6.8,22.5,2.69,6.77,6.8,22.5,1,1,1,1,0,2
7151,6.0,2011,9.0,13.0,1321.0,1130.0,1,0.31,6.53,7.78,42.5,0.31,6.53,7.78,42.5,0.65,6.53,7.78,42.5,1,0,0,0,0,2
7152,9.0,2001,4.0,6.0,51.0,793.0,3,0.04,5.0,7.4,8.0,0.05,5.0,7.4,8.0,1.0,5.0,7.4,50.0,1,0,1,0,0,2
7153,4.0,2008,4.0,67.0,1465.0,1576.0,2,0.04,6.140338405797094,6.509248550724672,46.03618002544529,0.04,6.227481159420292,6.610048550724669,45.58993320610687,0.04,6.254673188405799,6.646629710144933,46.776558524173026,0,0,0,0,0,2
7154,7.0,2005,3.0,64.0,619.0,2420.0,11,0.05,5.8,8.3,44.6111833550065,0.2,4.55,2.5,34.02925877763329,0.2,4.55,2.5,39.31014304291288,0,0,0,0,0,2
7155,19.0,2004,1.0,8.0,27.0,378.0,7,1.62,8.8,8.8,14.0,1.48,7.83,8.5,14.0,1.62,8.8,8.8,14.0,1,0,1,0,0,2
7156,9.0,2004,1.0,1.0,104.0,1275.0,7,0.25,6.6,7.8,104.0,2.17,8.5,8.52,104.0,0.56,8.5,5.0,1.0,0,0,0,0,0,2
7157,9.0,2005,9.0,29.0,286.0,2421.0,9,0.34,7.6,7.05,1.0,0.18,4.9,7.8,1.0,0.18,4.9,7.8,1.0,0,0,0,0,0,2
7158,4.0,2008,11.0,6.0,1466.0,2422.0,11,0.23,2.8,2.8,48.44426425401161,0.23,2.8,2.8,46.782946398088086,0.23,2.8,2.8,48.1357972004097,1,0,0,0,0,2
7159,6.0,2010,3.0,13.0,1467.0,1686.0,3,0.02,5.07,5.58,15.0,0.02,5.07,5.58,15.0,0.35,6.6,6.85,9.0,0,0,0,1,1,2
7160,6.0,2011,4.0,228.0,841.0,2423.0,10,0.09,7.7,9.0,1.0,0.43,7.7,8.25,6.0,0.43,7.7,8.25,6.0,0,0,0,1,0,2
7161,1.0,2009,2.0,35.0,377.0,2424.0,11,0.14,7.2,7.2,32.76409185803758,0.15,7.2,7.2,23.798538622129435,0.15,7.2,7.2,28.856993736951985,0,0,0,0,0,2
7162,11.0,2016,7.0,3.0,127.0,2425.0,5,0.04,8.9,7.8,49.0,0.84,8.2,7.8,27.0,0.84,8.2,7.8,27.0,0,0,0,1,0,2
7163,6.0,2013,4.0,49.0,901.0,1385.0,3,0.18,7.5,7.95,12.5,0.06,7.5,6.7,17.0,0.06,7.5,6.7,17.0,1,0,0,0,0,2
7164,4.0,2010,5.0,198.0,898.0,1380.0,12,0.2,6.067962598425193,6.4091240157480485,49.93467259622757,0.19,6.151788526434193,6.526429977502836,48.478224198742524,0.19,6.197492969628782,6.569651293588321,49.94947094003987,0,0,0,0,0,2
7165,16.0,1981,9.0,11.0,1468.0,2426.0,1,0.45,6.112886276873627,6.478469961824459,47.1133296460177,0.45,6.1980540486236935,6.574292746634577,45.50840707964602,0.45,6.23059272654211,6.615235081374369,46.38069690265487,0,0,0,0,0,2
7166,8.0,1992,2.0,69.0,24.0,767.0,1,0.44,6.0,6.0,2.0,1.05,6.0,6.0,1.0,1.05,6.0,6.0,1.0,0,0,0,0,0,2
7167,13.0,1998,5.0,31.0,61.0,2427.0,1,0.25,7.0,7.0,21.0,0.06,7.0,7.0,21.0,0.06,7.0,7.0,21.0,0,0,0,0,0,2
7168,1.0,2007,2.0,24.0,280.0,88.0,11,0.41,5.67,7.1,55.5,0.24,4.8,5.35,3.0,0.42,4.8,6.08,24.0,0,0,0,0,0,2
7169,13.0,1996,1.0,31.0,263.0,757.0,1,0.62,5.5,8.75,6.0,1.39,5.5,8.75,6.0,1.39,5.5,8.75,6.0,1,0,0,0,0,2
7170,1.0,2006,9.0,40.0,694.0,896.0,4,0.4,5.7,6.7,46.51040884215045,0.4,5.7,6.7,45.10081553814787,0.4,5.7,6.7,46.075008048073826,1,0,0,0,1,2
7171,7.0,2004,10.0,26.0,275.0,2428.0,6,0.16,4.75,6.35,12.5,0.25,8.1,8.2,12.5,0.25,8.1,8.2,12.5,0,0,0,0,0,2
7172,1.0,2008,6.0,6.0,1466.0,2429.0,11,0.23,6.044421151439289,6.38992177722153,48.44426425401161,0.22,6.126584793491856,6.504150500625782,46.782946398088086,0.22,6.170384856070071,6.544500938673344,48.1357972004097,1,0,0,0,0,2
7173,7.0,2002,7.0,13.0,51.0,2430.0,9,2.25,8.2,8.1,58.0,0.19,5.0,6.4,1.0,0.19,5.0,6.4,1.0,0,0,1,0,0,2
7174,1.0,2008,1.0,5.0,783.0,1242.0,9,0.35,6.83,6.23,22.0,0.06,6.83,6.0,22.0,0.03,4.3,6.5,1.0,0,0,0,0,0,2
7175,7.0,2003,9.0,26.0,424.0,701.0,1,0.32,8.0,8.0,2.0,0.29,7.0,7.0,2.0,0.39,7.7,7.7,3.0,0,0,0,0,0,2
7176,10.0,2011,2.0,9.0,187.0,823.0,11,1.42,7.32,7.97,184.5,0.11,7.32,7.97,184.5,0.09,6.55,5.85,25.5,1,0,0,1,0,2
7177,1.0,2011,9.0,29.0,1444.0,2376.0,1,0.09,6.0,6.0,2.0,0.23,6.0,6.0,2.0,0.23,6.0,6.0,2.0,0,0,0,0,0,2
7178,4.0,2006,1.0,5.0,82.0,86.0,11,0.49,7.03,7.18,25.0,0.41,6.77,6.77,20.0,0.49,7.03,7.18,25.0,1,0,1,0,1,2
7179,9.0,2004,2.0,13.0,850.0,2431.0,9,0.03,5.1,6.75,2.0,0.55,7.73,8.3,6.0,0.55,7.73,8.3,6.0,1,0,0,0,0,2
7180,15.0,2012,9.0,20.0,234.0,615.0,11,1.1,7.6,7.5,64.0,1.1,7.6,7.5,64.0,1.1,7.6,7.5,64.0,0,0,0,0,0,2
7181,6.0,2013,9.0,17.0,165.0,204.0,1,1.42,7.0,7.4,55.0,1.76,7.8,7.55,285.5,1.76,7.8,7.55,285.5,1,0,0,1,0,2
7182,17.0,2007,9.0,24.0,315.0,2432.0,11,0.37,4.87,4.35,12.0,0.06,6.65,6.85,23.0,0.06,6.65,6.85,23.0,0,0,0,0,0,2
7183,6.0,2014,9.0,15.0,491.0,597.0,2,0.07,6.0,6.03,168.5,0.02,6.0,6.03,168.5,0.67,8.43,7.97,308.5,1,0,0,1,0,2
7184,1.0,2010,9.0,29.0,948.0,1277.0,11,0.23,6.9,7.22,26.0,0.44,6.9,7.22,26.0,0.13,6.9,7.22,26.0,0,0,0,0,0,2
7185,4.0,2008,6.0,267.0,1373.0,2433.0,11,0.16,6.35,8.0,48.44426425401161,0.16,6.35,8.0,46.782946398088086,0.16,6.35,8.0,48.1357972004097,0,0,0,0,0,2
7186,1.0,2008,9.0,6.0,269.0,347.0,3,0.54,6.0,7.5,8.0,0.05,6.0,7.5,8.0,0.34,4.3,7.0,8.0,1,0,0,0,0,2
7187,13.0,1999,1.0,142.0,1469.0,2434.0,1,0.17,5.9864729458917845,6.425400801603205,44.05604395604396,0.17,6.120961923847696,6.589959919839676,34.17912087912088,0.17,6.162114228456913,6.618947895791575,38.04120879120879,0,0,0,0,0,2
7188,1.0,2010,11.0,6.0,590.0,870.0,1,0.67,4.0,3.8,4.0,0.29,4.0,3.8,4.0,0.21,4.0,3.8,4.0,0,0,0,0,0,2
7190,17.0,2007,9.0,91.0,1016.0,2106.0,11,0.25,4.9,7.5,7.5,0.09,7.5,7.95,7.5,0.09,7.5,7.95,7.5,0,0,0,0,0,2
7191,6.0,2013,4.0,134.0,1217.0,1972.0,1,0.16,5.5,6.2,5.0,0.29,8.1,8.07,43.0,0.07,8.1,8.07,43.0,0,0,0,1,0,2
7192,15.0,2015,7.0,6.0,62.0,311.0,12,2.15,7.9,7.58,255.0,2.15,7.9,7.58,255.0,2.15,7.9,7.58,255.0,1,0,1,1,0,2
7193,23.0,2012,9.0,6.0,19.0,2436.0,4,0.26,7.15,7.2,24.0,0.12,2.1,5.0,24.0,0.12,2.1,5.0,24.0,1,0,1,0,0,2
7194,15.0,2011,9.0,20.0,60.0,556.0,11,0.4,7.1,6.9,21.0,0.4,7.1,6.9,21.0,0.4,7.1,6.9,21.0,0,0,1,0,0,2
7195,9.0,2004,6.0,11.0,1086.0,2065.0,11,0.25,6.8,8.3,50.551418439716315,0.18,6.8,8.3,48.66979557780559,0.01,6.8,8.3,49.56727158948686,0,0,0,0,0,2
7196,4.0,2009,8.0,6.0,1471.0,2437.0,6,0.52,6.072216863165409,6.424708824580193,50.939571150097464,0.52,6.151868524473027,6.540253662022141,48.451559454191035,0.52,6.1993461950696656,6.582299035369757,49.943567251461985,0,0,0,0,0,2
7197,6.0,2014,11.0,179.0,590.0,942.0,1,0.45,9.0,8.2,428.0,0.45,9.0,8.2,428.0,0.45,9.0,8.2,428.0,0,0,0,0,0,2
7198,9.0,2004,4.0,8.0,187.0,169.0,11,0.29,6.2,7.4,32.0,0.62,5.6,7.25,13.0,0.58,6.15,7.45,32.0,0,0,0,0,0,2
7199,1.0,2009,11.0,42.0,1472.0,2438.0,8,0.02,5.5,5.5,2.0,0.02,5.5,5.5,2.0,0.02,5.5,5.5,2.0,0,0,0,0,0,2
7200,14.0,2004,9.0,40.0,459.0,1597.0,3,0.02,7.1,8.3,7.0,0.26,7.8,8.3,7.0,0.26,7.8,8.3,7.0,0,0,0,0,0,2
7201,11.0,2016,4.0,17.0,57.0,65.0,1,0.28,6.0,6.5,13.0,0.02,8.03,7.35,103.0,0.28,6.0,6.5,13.0,1,1,1,0,0,2
7202,19.0,2002,5.0,29.0,79.0,4.0,6,0.49,6.4,6.45,1.0,0.24,6.35,6.55,4.0,1.71,7.0,7.83,12.0,1,1,0,0,1,2
7203,5.0,2014,11.0,5.0,377.0,110.0,10,0.34,6.77,6.23,9.5,0.03,4.0,5.2,9.5,0.01,4.0,5.2,9.5,0,0,0,0,0,2
7204,12.0,2000,10.0,31.0,917.0,1419.0,2,0.14,6.5,7.3,86.0,0.48,6.5,5.0,2.0,0.48,6.5,5.0,2.0,0,0,0,0,0,2
7205,12.0,2000,9.0,13.0,51.0,500.0,1,0.78,7.7,7.7,27.0,0.05,7.7,7.7,27.0,0.14,7.4,7.4,7.0,1,0,1,0,0,2
7206,12.0,1996,1.0,161.0,1473.0,2439.0,1,0.15,5.0,5.0,51.629901960784316,0.15,5.0,5.0,32.81127450980392,0.15,5.0,5.0,43.85294117647059,0,0,0,0,0,2
7207,12.0,1999,9.0,14.0,249.0,896.0,6,0.26,6.0,6.9,7.0,0.34,6.0,6.9,7.0,0.45,6.0,5.7,6.5,1,0,0,0,0,2
7208,12.0,2000,5.0,26.0,91.0,37.0,9,0.7,5.8,8.2,1.0,0.35,5.8,6.0,1.0,1.5,6.0,7.0,1.0,0,0,0,0,0,2
7209,1.0,2009,4.0,26.0,323.0,625.0,1,0.23,7.97,8.2,283.5,0.75,7.97,8.2,283.5,0.33,7.97,8.2,283.5,1,0,0,0,0,2
7210,4.0,2008,12.0,29.0,187.0,1678.0,11,0.75,7.4,7.17,50.0,1.08,6.5,5.9,2.0,0.07,7.55,7.6,10.0,1,0,0,0,0,2
7211,19.0,2004,9.0,13.0,765.0,1167.0,11,0.28,8.5,8.37,81.0,0.21,8.0,7.62,31.0,0.21,8.0,7.62,31.0,0,0,0,1,0,2
7212,4.0,2009,11.0,6.0,1474.0,2440.0,9,0.23,7.0,6.4,12.0,0.23,7.0,6.4,12.0,0.23,7.0,6.4,12.0,0,0,0,0,0,2
7213,1.0,2009,3.0,88.0,1475.0,2441.0,8,0.11,2.5,4.0,3.0,0.11,2.5,4.0,3.0,0.11,2.5,4.0,3.0,0,0,0,0,0,2
7214,7.0,2002,6.0,31.0,399.0,1128.0,1,0.05,5.3,5.3,43.711032388663966,0.65,5.3,5.3,37.134362348178136,0.65,5.3,5.3,42.425607287449395,0,0,0,0,0,2
7215,4.0,2007,5.0,198.0,1268.0,2064.0,9,0.01,6.064948030634569,6.415265317286644,47.74484613086346,0.01,6.151427789934339,6.535451312910269,44.120854496564085,0.01,6.183933260393863,6.568099015317286,48.0920227069017,0,0,0,0,0,2
7216,13.0,1996,1.0,31.0,1077.0,339.0,1,0.47,8.0,6.4,18.0,0.47,8.0,6.4,18.0,1.01,8.0,8.07,14.5,1,0,0,1,1,2
7217,4.0,2008,11.0,11.0,668.0,188.0,1,0.09,6.4,6.0,6.0,0.76,4.75,5.9,6.0,3.0,7.43,8.48,388.5,0,0,0,0,0,2
7218,4.0,2007,7.0,22.0,1476.0,2442.0,5,0.06,5.93,5.85,3.5,0.06,5.93,5.85,3.5,0.06,5.93,5.85,3.5,0,0,0,0,0,2
7219,5.0,2009,12.0,207.0,1093.0,1763.0,10,0.02,6.3,7.9,39.8933506044905,0.02,6.3,7.5,32.29706390328152,0.02,6.3,7.9,34.81476683937824,0,0,0,0,0,2
7220,14.0,2002,6.0,53.0,1389.0,2287.0,10,0.27,6.65,6.93,4.0,0.27,6.65,6.93,4.0,0.27,6.65,6.93,4.0,0,0,0,0,0,2
7221,5.0,2009,9.0,59.0,279.0,427.0,9,0.42,3.5,7.03,2.0,0.42,3.5,7.03,2.0,0.42,3.5,7.03,2.0,0,0,0,0,0,2
7222,13.0,1998,1.0,30.0,79.0,2443.0,1,0.44,6.0160609318996405,6.403268817204285,46.05333068992863,0.32,6.099759856630821,6.523605734767007,42.11122125297383,0.32,6.1246594982078815,6.541229390680994,45.49722442505948,1,0,0,0,0,2
7223,1.0,2009,9.0,8.0,135.0,1311.0,8,0.98,7.0,7.1,6.0,0.4,6.26,6.38,109.0,0.54,6.26,6.38,109.0,0,0,0,0,0,2
7224,14.0,2004,7.0,22.0,159.0,2444.0,9,0.8,7.5,7.93,50.0,0.1,5.0,7.93,50.0,0.1,5.0,7.93,50.0,0,0,0,0,0,2
7225,5.0,2011,9.0,7.0,1367.0,2231.0,6,0.18,6.5,6.4,198.0,0.01,8.0,7.3,38.0,0.01,8.0,7.3,38.0,0,0,0,1,0,2
7226,13.0,1998,12.0,15.0,1477.0,2445.0,1,0.27,6.0160609318996405,6.403268817204285,46.05333068992863,0.27,6.099759856630821,6.523605734767007,42.11122125297383,0.27,6.1246594982078815,6.541229390680994,45.49722442505948,0,0,0,0,0,2
7227,11.0,2016,4.0,26.0,323.0,625.0,1,0.02,7.0,2.5,11.0,0.46,7.0,6.35,11.0,0.59,6.75,7.27,49.0,1,0,0,1,0,2
7228,19.0,2001,1.0,31.0,421.0,875.0,11,0.28,7.8,8.5,4.5,0.49,6.9,7.7,4.5,0.56,6.73,7.08,4.5,1,0,0,0,1,2
7229,7.0,2004,4.0,12.0,1478.0,1985.0,11,0.07,5.7,7.3,2.0,0.07,5.7,7.3,2.0,0.07,5.7,7.3,2.0,0,0,0,0,0,2
7230,7.0,2001,8.0,102.0,1479.0,2446.0,5,0.19,5.0,5.0,1.0,0.19,5.0,5.0,1.0,0.19,5.0,5.0,1.0,0,0,0,0,0,2
7231,22.0,2000,10.0,19.0,51.0,523.0,11,1.21,7.8,8.0,32.0,0.42,7.6,7.25,3.0,0.42,7.6,7.25,3.0,0,0,1,0,0,2
7232,1.0,2008,1.0,8.0,27.0,247.0,10,0.36,5.4,6.6,3.0,0.08,8.2,7.1,1.0,0.39,6.75,6.92,5.5,1,0,1,0,1,2
7233,4.0,2009,4.0,9.0,163.0,2447.0,3,1.09,8.67,7.67,299.0,0.94,8.83,8.05,531.0,0.94,8.83,8.05,531.0,0,0,0,0,0,2
7234,5.0,2011,6.0,54.0,390.0,2448.0,3,0.81,5.5,8.07,46.5,1.08,7.4,8.1,46.5,1.08,7.4,8.1,46.5,0,0,0,1,0,2
7235,11.0,2015,9.0,5.0,163.0,2449.0,10,0.28,7.0,6.03,7.0,0.41,6.9,8.15,68.0,0.41,6.9,8.15,68.0,0,0,0,1,0,2
7236,4.0,2008,6.0,26.0,386.0,526.0,1,0.26,4.8,8.0,3.0,0.26,4.8,8.0,3.0,0.98,4.8,5.8,3.0,0,0,0,0,0,2
7237,19.0,2005,9.0,8.0,31.0,151.0,11,0.24,6.4,4.7,19.0,0.42,6.45,4.9,19.0,0.13,5.8,7.3,30.0,0,0,0,0,0,2
7238,1.0,2011,6.0,29.0,276.0,1655.0,2,0.09,8.2,6.0,2.0,0.1,8.2,6.0,2.0,0.4,8.2,8.5,2.0,1,0,0,1,0,2
7239,6.0,2015,6.0,6.0,19.0,23.0,10,0.35,6.9,5.95,3.0,0.35,6.9,5.95,3.0,0.35,6.9,5.95,3.0,1,1,1,1,0,2
7240,6.0,2009,6.0,68.0,317.0,1420.0,9,0.03,6.081317301269194,6.428591850367435,48.85785172212493,0.11,6.164849699398801,6.541612558450277,47.55465557501459,0.11,6.20785303941215,6.583874415497689,48.898423817863396,0,0,0,0,1,2
7241,7.0,2009,6.0,5.0,229.0,1191.0,6,0.26,4.5,4.75,1.0,0.42,6.05,6.15,16.0,0.42,6.05,6.15,16.0,1,0,0,0,0,2
7242,7.0,2001,1.0,31.0,421.0,757.0,9,0.14,6.2,7.15,7.0,0.76,4.67,6.55,3.5,0.4,4.67,6.55,3.5,1,0,0,0,0,2
7243,3.0,1997,5.0,1.0,65.0,81.0,1,0.43,8.0,6.3,7.0,0.32,8.0,7.58,3.5,0.32,8.0,7.58,3.5,1,0,0,0,0,2
7244,5.0,2008,1.0,8.0,45.0,378.0,11,0.23,5.13,5.7,24.5,0.28,5.5,7.0,1.0,0.17,4.9,7.1,1.0,0,0,1,0,0,2
7245,5.0,2006,7.0,9.0,1480.0,2450.0,2,0.01,5.75,7.15,10.0,0.12,5.75,7.15,10.0,0.12,5.75,7.15,10.0,0,0,0,1,0,2
7246,15.0,2011,9.0,42.0,225.0,273.0,9,2.39,6.7,7.15,347.5,2.39,6.7,7.15,347.5,2.39,6.7,7.15,347.5,1,0,0,1,0,2
7247,7.0,2006,4.0,71.0,1481.0,2451.0,9,0.16,6.85,6.95,2.0,0.11,8.1,7.7,5.0,0.11,8.1,7.7,5.0,1,0,0,0,0,2
7248,4.0,2009,5.0,8.0,31.0,528.0,10,0.25,3.0,3.0,39.8933506044905,0.27,3.0,3.0,32.29706390328152,0.57,3.0,3.0,34.81476683937824,0,0,0,0,0,2
7249,20.0,2015,4.0,1.0,400.0,2452.0,1,0.46,7.0,6.2,9.0,0.09,7.0,7.0,1.0,0.09,7.0,7.0,1.0,0,0,0,0,0,2
7250,7.0,2003,1.0,8.0,332.0,2453.0,9,0.31,7.83,6.6,0.0,0.31,7.83,6.6,0.0,0.31,7.83,6.6,0.0,0,0,0,0,0,2
7251,9.0,2002,9.0,1.0,1482.0,2454.0,1,0.39,7.3,7.3,6.0,0.39,7.3,7.3,6.0,0.39,7.3,7.3,6.0,0,0,0,0,0,2
7252,10.0,2012,11.0,1.0,1483.0,2455.0,4,1.27,5.9,6.3,46.220646464646464,1.27,5.9,6.3,45.70363636363636,1.27,5.9,6.3,46.92949494949495,0,0,0,0,0,2
7253,17.0,2005,1.0,4.0,872.0,1163.0,10,1.24,6.55,7.7,14.0,1.24,6.55,7.7,14.0,0.23,6.2,5.9,14.0,0,0,0,0,1,2
7254,9.0,2003,9.0,101.0,845.0,637.0,3,0.21,7.0,7.0,5.0,0.21,7.0,7.0,5.0,0.21,7.0,7.0,5.0,0,0,0,0,0,2
7255,17.0,2009,4.0,72.0,1084.0,1243.0,9,0.14,6.8,7.2,4.0,0.37,7.05,7.75,85.0,0.13,7.9,5.85,2.0,0,0,0,0,0,2
7256,4.0,2007,11.0,49.0,1484.0,2456.0,1,0.04,7.5,8.0,25.0,0.04,7.5,8.0,25.0,0.04,7.5,8.0,25.0,0,0,0,0,0,2
7257,7.0,2002,3.0,5.0,1485.0,1259.0,11,0.31,7.55,6.75,76.0,0.31,7.55,6.75,76.0,0.57,7.4,5.4,76.0,0,0,0,0,0,2
7258,4.0,2006,1.0,8.0,394.0,77.0,9,0.27,7.27,8.3,2.5,0.04,5.77,6.65,27.5,0.52,7.37,6.52,3.5,1,1,0,1,1,2
7259,7.0,2006,1.0,15.0,87.0,2457.0,1,0.28,9.0,9.0,1.0,1.0,6.0,6.0,1.0,1.0,6.0,6.0,1.0,0,0,1,0,0,2
7260,19.0,2002,1.0,9.0,102.0,575.0,8,0.06,7.9,7.6,1.0,1.05,8.47,8.05,14.5,0.18,8.7,9.5,1.0,1,0,1,1,1,2
7261,11.0,2015,9.0,127.0,509.0,751.0,8,0.02,4.5,4.9,125.5,0.16,8.33,7.55,125.5,0.16,8.33,7.55,125.5,0,0,0,1,1,2
7262,13.0,2001,1.0,3.0,561.0,2458.0,1,1.56,6.97,6.45,25.5,1.56,6.97,6.45,25.5,1.56,6.97,6.45,25.5,0,0,0,0,0,2
7263,4.0,2005,2.0,1.0,1486.0,2459.0,1,0.55,7.0,7.7,20.0,0.55,7.0,7.7,20.0,0.55,7.0,7.7,20.0,0,0,0,1,0,2
7264,9.0,2003,2.0,88.0,701.0,2460.0,3,0.03,7.0,6.65,3.0,0.7,6.35,8.0,3.0,0.7,6.35,8.0,3.0,0,0,0,0,0,2
7265,4.0,2008,6.0,29.0,898.0,2461.0,1,0.07,6.076557377049176,6.4289414021625335,50.52577025484975,0.07,6.1574189047785115,6.543221137077076,48.40728413845569,0.07,6.202197418904775,6.585209277990916,49.56694560669456,0,0,0,0,0,2
7266,7.0,2008,1.0,15.0,87.0,102.0,1,0.24,6.1,6.2,44.0,0.24,6.1,6.2,44.0,2.11,6.0,6.2,44.0,0,0,1,0,0,2
7267,13.0,1999,9.0,4.0,79.0,2462.0,1,0.38,7.3,7.3,22.0,0.05,7.3,7.3,22.0,0.05,7.3,7.3,22.0,0,0,0,0,0,2
7268,13.0,1999,3.0,8.0,1487.0,2463.0,1,0.26,5.9864729458917845,6.425400801603205,44.05604395604396,0.26,6.120961923847696,6.589959919839676,34.17912087912088,0.26,6.162114228456913,6.618947895791575,38.04120879120879,0,0,0,0,0,2
7269,6.0,2013,7.0,13.0,172.0,565.0,8,0.18,7.0,7.35,137.5,0.13,4.0,5.77,25.0,0.07,4.0,7.0,2.0,0,0,0,1,0,2
7270,1.0,2008,6.0,88.0,748.0,2464.0,7,0.12,5.7,3.3,3.0,0.16,5.7,6.15,3.0,0.16,5.7,6.15,3.0,0,0,0,0,0,2
7271,10.0,2015,12.0,1.0,3.0,2465.0,3,0.53,6.65,7.3,23.0,0.24,5.55,6.25,21.0,0.24,5.55,6.25,21.0,0,0,1,0,0,2
7272,6.0,2010,3.0,201.0,1040.0,2288.0,6,0.01,7.0,5.85,5.5,0.04,6.8,5.53,16.0,0.02,6.8,6.8,5.0,0,0,0,0,0,2
7273,11.0,2013,1.0,8.0,27.0,247.0,11,0.67,7.17,6.47,47.5,0.82,7.2,6.3,4.0,0.45,7.44,7.37,9.5,1,0,1,1,1,2
7274,19.0,2004,9.0,29.0,284.0,322.0,3,0.71,4.6,6.8,45.87070454152996,0.44,5.15,6.8,44.89656363322397,0.71,4.6,6.8,46.36703505439475,0,0,0,0,0,2
7275,24.0,1995,1.0,9.0,1488.0,2466.0,1,0.29,8.0,8.1,50.0,0.29,8.0,8.1,50.0,0.29,8.0,8.1,50.0,0,0,0,0,0,2
7276,9.0,2003,6.0,36.0,1489.0,1305.0,11,0.94,8.5,7.28,28.5,0.03,5.65,3.0,1.0,0.03,5.65,3.0,1.0,0,0,0,0,0,2
7277,1.0,2008,1.0,241.0,441.0,2162.0,1,0.02,5.7,5.6,1.0,1.26,4.1,5.9,1.0,0.27,4.0,5.9,1.0,0,0,0,0,0,2
7278,9.0,2002,6.0,29.0,277.0,2302.0,6,0.24,6.43,6.58,10.5,1.94,6.43,5.2,1.0,1.94,6.43,5.2,1.0,0,0,0,0,0,2
7279,19.0,2005,9.0,5.0,336.0,370.0,10,0.3,6.4,7.23,11.5,0.05,7.0,6.7,1.0,0.55,6.1,5.3,2.0,0,0,0,0,1,2
7280,5.0,2013,7.0,90.0,473.0,679.0,3,0.07,4.93,5.7,60.0,0.07,4.93,5.7,60.0,0.8,4.93,5.7,60.0,1,0,0,0,0,2
7281,5.0,2006,8.0,6.0,61.0,2467.0,6,0.27,4.2,7.78,8.0,0.14,6.7,7.0,2.0,0.14,6.7,7.0,2.0,0,0,0,0,0,2
7282,8.0,1993,9.0,26.0,1490.0,2147.0,1,0.36,5.0,5.0,1.0,0.36,5.0,5.0,1.0,0.27,5.0,5.0,1.0,0,0,0,0,0,2
7283,6.0,2010,8.0,5.0,703.0,2468.0,11,0.28,7.5,6.0,1.5,0.05,7.5,6.0,1.5,0.05,7.5,6.0,1.5,0,0,0,0,0,2
7284,23.0,2015,9.0,26.0,253.0,1504.0,8,0.38,8.0,7.65,4.5,0.45,6.95,7.05,53.5,0.45,6.95,7.05,53.5,0,0,0,1,0,2
7285,7.0,2002,11.0,22.0,81.0,2469.0,3,0.1,4.35,8.1,47.00641389488024,0.34,6.75,8.2,45.229821773186515,0.34,6.75,8.2,46.14320581223748,0,0,0,0,0,2
7286,5.0,2012,8.0,26.0,227.0,946.0,3,0.45,7.13,7.22,235.0,1.0,8.63,8.62,347.5,0.03,8.63,6.0,2.0,1,0,0,0,0,2
7287,15.0,2003,4.0,269.0,1491.0,2470.0,5,0.0,0.0,0.0,0.0,0.0,0.0,0.0,0.0,0.0,0.0,0.0,0.0,0,0,0,0,0,2
7288,17.0,2012,9.0,26.0,1492.0,588.0,1,0.3,4.9,7.8,5.0,0.3,4.9,7.8,5.0,0.07,4.9,6.8,5.0,1,0,0,0,0,2
7289,4.0,2008,9.0,49.0,301.0,628.0,3,0.09,7.1,7.4,16.0,0.26,4.15,6.0,28.0,0.09,9.4,9.0,19.0,1,0,0,1,0,2
7290,11.0,2015,3.0,270.0,1040.0,2471.0,3,0.09,7.5,7.6,5.0,0.09,7.5,7.6,5.0,0.09,7.5,7.6,5.0,0,0,0,0,0,2
7291,4.0,2008,4.0,155.0,677.0,847.0,2,0.05,6.0,6.3,28.0,0.04,6.0,6.3,28.0,0.92,7.45,7.3,72.0,0,0,0,0,0,2
7292,18.0,2014,4.0,17.0,473.0,1364.0,10,0.37,8.15,8.2,68.0,0.08,4.73,5.83,38.0,0.08,4.73,5.83,38.0,0,0,0,1,0,2
7293,13.0,2000,1.0,15.0,791.0,2110.0,1,0.29,5.4,5.4,5.0,0.25,5.4,5.4,5.0,0.28,5.4,5.4,5.0,1,0,0,0,1,2
7294,7.0,2001,1.0,29.0,79.0,2472.0,11,0.55,5.0,6.5,3.0,0.22,5.0,6.7,3.0,0.22,5.0,6.7,3.0,0,0,0,0,1,2
7295,6.0,2008,11.0,54.0,1493.0,2473.0,10,0.03,6.3,6.3,47.32791802049488,0.03,6.3,6.3,45.973319170207446,0.03,6.3,6.3,47.42195701074731,0,0,0,0,0,2
7296,13.0,2001,1.0,57.0,561.0,422.0,1,0.0,0.0,0.0,0.0,0.22,0.0,0.0,0.0,0.22,0.0,0.0,0.0,0,0,0,0,0,2
7297,17.0,2006,4.0,149.0,1217.0,2474.0,10,0.14,7.3,7.8,27.0,0.13,7.07,7.83,15.0,0.13,7.07,7.83,15.0,0,0,0,0,0,2
7298,1.0,2010,6.0,1.0,120.0,1304.0,11,0.68,6.8,7.9,44.246983408748115,0.24,6.8,8.5,32.7447209653092,0.24,6.8,8.5,36.71266968325792,0,0,0,0,0,2
7299,23.0,2013,11.0,152.0,1399.0,2475.0,6,0.11,7.13,6.32,12.0,0.04,6.7,7.5,7.0,0.04,6.7,7.5,7.0,0,0,0,0,0,2
7300,7.0,2004,3.0,6.0,921.0,658.0,9,0.42,5.0,6.5,0.0,0.48,8.0,8.3,0.0,1.19,3.0,8.3,0.0,0,0,0,0,0,2
7301,13.0,1996,2.0,151.0,425.0,2476.0,1,0.0,0.0,0.0,0.0,0.17,0.0,7.0,1.0,0.17,0.0,7.0,1.0,0,0,0,0,1,2
7302,6.0,2011,6.0,4.0,1494.0,373.0,1,3.42,8.05,8.05,117.0,3.42,8.05,8.05,117.0,0.53,6.25,5.95,2.0,1,0,0,0,0,2
7303,19.0,2005,6.0,26.0,1495.0,107.0,8,3.98,5.05,5.4,1.0,3.98,5.05,5.4,1.0,3.98,5.05,5.4,1.0,1,0,0,0,1,2
7304,7.0,2004,3.0,22.0,460.0,2477.0,11,0.15,4.9,5.4,2.0,0.59,5.35,7.8,0.0,0.59,5.35,7.8,0.0,0,0,0,0,0,2
7305,17.0,2005,1.0,4.0,395.0,126.0,3,0.7,6.8,6.65,4.0,0.9,7.8,7.6,4.0,0.88,7.3,8.2,15.0,0,0,0,0,1,2
7306,7.0,2009,10.0,6.0,13.0,110.0,9,0.22,8.0,4.8,4.0,0.24,8.0,7.8,37.0,0.05,4.2,3.6,37.0,0,0,0,0,0,2
7307,24.0,1997,1.0,9.0,1488.0,2466.0,1,0.49,6.042070079121586,6.394020668496688,49.29562687356727,0.49,6.127673179396085,6.510931697077347,47.72615059072474,0.22,6.172315517519764,6.551114161149683,49.20948686298713,0,0,0,0,0,2
7308,10.0,2011,9.0,5.0,89.0,624.0,1,2.08,8.5,6.3,586.5,0.01,6.0,6.4,8.0,0.13,6.2,7.3,8.0,0,0,0,0,0,2
7309,1.0,2007,4.0,17.0,264.0,2478.0,7,0.79,7.5,8.0,64.0,0.24,7.25,7.0,24.0,0.24,7.25,7.0,24.0,1,1,0,0,0,2
7310,24.0,1997,4.0,157.0,13.0,1286.0,1,0.23,7.5,7.5,37.0,0.19,7.3,7.3,3.0,0.23,7.5,7.5,37.0,1,0,0,0,0,2
7311,4.0,2007,1.0,26.0,1496.0,2479.0,1,0.26,6.099566138746374,6.4607807271916755,47.55820785897907,0.26,6.186688601383021,6.564681017176054,46.14738646101114,0.26,6.2206457729199345,6.6001962971225066,47.53813196229649,0,0,0,0,0,2
7312,7.0,2002,9.0,96.0,1497.0,2480.0,2,0.17,6.115224673860525,6.4800346271541835,45.95096739994699,0.17,6.20240376872284,6.580376066999566,45.15509320611361,0.17,6.235863263005333,6.623586728941887,46.44641752805018,0,0,0,0,0,2
7313,24.0,1997,11.0,161.0,1498.0,2481.0,1,0.01,6.0,6.3,10.0,0.01,6.0,6.3,10.0,0.01,6.0,6.3,10.0,0,0,0,0,0,2
7314,1.0,2010,6.0,127.0,1499.0,2482.0,1,0.02,5.0,5.0,2.0,0.02,5.0,5.0,2.0,0.02,5.0,5.0,2.0,0,0,0,0,0,2
7315,1.0,2008,1.0,11.0,805.0,1226.0,1,0.23,6.076557377049176,6.4289414021625335,50.52577025484975,0.03,6.1574189047785115,6.543221137077076,48.40728413845569,0.02,6.202197418904775,6.585209277990916,49.56694560669456,0,0,0,0,0,2
7316,1.0,2011,9.0,15.0,87.0,102.0,9,0.57,6.97,6.47,39.0,0.57,6.97,6.47,39.0,0.57,6.97,6.47,39.0,0,1,1,0,0,2
7317,23.0,2013,9.0,134.0,269.0,2483.0,10,0.38,7.85,8.1,181.0,0.2,6.1,6.82,21.5,0.2,6.1,6.82,21.5,0,0,0,0,0,2
7318,7.0,2008,3.0,20.0,1016.0,1621.0,1,0.41,5.0,4.5,2.0,0.41,5.0,4.5,2.0,0.41,5.0,4.5,2.0,0,0,0,0,0,2
7319,5.0,2006,1.0,3.0,787.0,2484.0,11,0.02,4.85,7.5,0.0,0.1,8.2,7.4,0.0,0.1,8.2,7.4,0.0,0,0,0,0,0,2
7320,18.0,2014,9.0,5.0,852.0,158.0,1,0.27,5.0,5.0,1.0,0.27,5.0,5.0,1.0,0.29,4.9,4.9,11.0,0,0,0,1,0,2
7321,5.0,2011,1.0,5.0,321.0,2485.0,11,0.3,6.35,3.85,186.0,0.1,6.35,3.85,186.0,0.1,6.35,3.85,186.0,0,0,0,0,0,2
7322,19.0,2006,11.0,29.0,390.0,508.0,9,0.02,5.75,5.82,0.0,0.15,5.75,5.82,0.0,0.38,5.25,5.82,3.0,0,0,0,0,0,2
7323,13.0,1999,9.0,8.0,1500.0,275.0,1,0.25,8.1,8.1,9.0,0.25,8.1,8.1,9.0,1.22,7.0,7.0,1.0,0,0,0,0,0,2
7324,17.0,2010,10.0,29.0,145.0,331.0,9,0.07,7.75,6.8,12.0,1.42,7.75,6.8,12.0,1.42,7.75,6.8,12.0,0,0,1,0,0,2
7325,6.0,2008,3.0,29.0,1501.0,2486.0,9,0.78,2.0,2.0,45.66070409134158,0.78,2.0,2.0,44.78520456707897,0.78,2.0,2.0,45.78801141769743,0,0,0,0,0,2
7326,7.0,2000,3.0,120.0,612.0,2487.0,10,0.77,7.0,7.0,1.0,0.1,6.0,6.0,2.0,0.1,6.0,6.0,2.0,0,0,0,0,1,2
7327,10.0,2012,8.0,15.0,1502.0,2488.0,1,0.48,8.0,8.3,181.0,0.48,8.0,8.3,181.0,0.48,8.0,8.3,181.0,0,0,0,0,0,2
7328,7.0,2004,4.0,6.0,1367.0,2489.0,3,1.16,7.0,6.0,45.87070454152996,1.16,7.0,6.0,44.89656363322397,1.16,7.0,6.0,46.36703505439475,0,0,0,0,0,2
7329,5.0,2007,1.0,8.0,45.0,2216.0,12,1.08,7.95,8.35,131.0,0.42,6.27,6.82,97.0,0.42,6.27,6.82,97.0,0,0,1,0,0,2
7330,7.0,2006,6.0,69.0,591.0,861.0,1,0.08,5.0,5.0,1.0,0.08,5.0,5.0,1.0,0.35,5.0,5.0,1.0,0,0,0,0,0,2
7331,9.0,2002,7.0,73.0,1150.0,1183.0,10,0.12,5.9,3.6,2.0,0.11,5.9,3.6,2.0,0.3,5.9,6.5,2.0,0,0,0,0,0,2
7332,7.0,2004,10.0,271.0,1503.0,1982.0,9,0.05,6.6,6.6,47.36133139729699,0.05,6.6,6.6,45.73416731821736,0.31,6.6,6.6,46.57991734614096,0,0,0,1,0,2
7333,14.0,2003,10.0,65.0,310.0,977.0,1,1.57,6.75,7.7,30.5,1.74,6.75,5.7,23.0,1.74,6.75,5.7,23.0,0,0,0,0,0,2
7334,6.0,2010,9.0,26.0,1504.0,2490.0,1,0.3,6.036517973148549,6.446041576440007,42.41893830703013,0.3,6.13182763100909,6.5621524469467225,36.190578670492584,0.3,6.158211346903418,6.59756604590732,41.083213773314206,0,0,0,0,0,2
7335,7.0,2002,12.0,6.0,1505.0,2491.0,5,0.05,7.17,6.93,12.5,0.05,7.17,6.93,12.5,0.05,7.17,6.93,12.5,0,0,0,0,0,2
7336,4.0,2005,1.0,5.0,82.0,86.0,11,0.27,6.22,7.08,38.0,0.48,6.22,5.6,38.0,0.32,6.83,6.85,23.0,1,0,1,0,0,2
7337,6.0,2011,2.0,29.0,552.0,814.0,2,0.06,7.73,7.55,60.5,0.97,7.73,7.55,60.5,0.97,7.73,7.55,60.5,0,0,0,1,0,2
7338,5.0,2009,1.0,3.0,368.0,1376.0,7,0.32,4.7,5.0,5.0,0.07,4.7,4.6,5.0,0.37,6.3,6.6,5.0,0,0,0,0,0,2
7339,14.0,2002,7.0,21.0,204.0,1589.0,10,0.11,3.95,5.6,11.0,0.42,6.5,7.27,11.0,0.42,6.5,7.27,11.0,1,0,0,0,0,2
7340,5.0,2009,11.0,33.0,399.0,241.0,4,0.35,3.0,3.0,1.0,0.35,3.0,3.0,1.0,0.35,3.0,3.0,1.0,0,0,0,0,0,2
7341,5.0,2009,7.0,29.0,1506.0,394.0,2,0.24,5.25,6.95,9.0,0.11,6.65,7.55,3.0,0.44,4.5,5.8,1.0,0,0,0,0,0,2
7342,1.0,2008,9.0,29.0,390.0,508.0,10,0.25,6.7,6.7,47.32791802049488,0.28,6.7,6.7,45.973319170207446,0.32,6.7,6.7,47.42195701074731,0,0,0,0,0,2
7343,14.0,2005,1.0,3.0,787.0,1568.0,9,0.14,7.5,7.1,12.0,0.42,7.7,7.82,4.0,0.42,7.7,7.82,4.0,1,0,0,0,1,2
7344,14.0,2004,9.0,5.0,479.0,2492.0,3,0.07,6.15,6.55,3.0,1.14,7.45,7.85,40.0,1.14,7.45,7.85,40.0,1,0,0,0,0,2
7345,7.0,2005,6.0,3.0,561.0,2493.0,3,0.42,7.7,7.82,4.0,0.95,6.0,7.9,4.0,0.95,6.0,7.9,4.0,0,0,0,0,0,2
7346,5.0,2010,9.0,42.0,1350.0,2204.0,3,0.06,8.0,6.53,17.5,0.26,3.57,4.2,48.0,0.26,3.57,4.2,48.0,0,0,0,0,0,2
7347,7.0,2004,7.0,15.0,103.0,1087.0,2,3.85,9.1,8.3,1.0,0.54,9.1,8.0,1.0,0.07,9.1,8.0,1.0,0,0,0,0,0,2
7348,17.0,2005,1.0,8.0,45.0,491.0,5,0.12,7.3,7.7,2.0,0.23,6.25,7.85,2.0,1.54,8.7,8.7,2.0,1,0,1,0,0,2
7349,6.0,2014,3.0,36.0,130.0,2494.0,6,0.63,7.9,7.33,30.0,0.07,7.33,6.02,127.0,0.07,7.33,6.02,127.0,0,0,0,0,0,2
7350,16.0,1981,1.0,11.0,489.0,1402.0,1,0.26,4.0,4.0,2.0,0.26,4.0,4.0,2.0,0.26,4.0,4.0,2.0,0,0,0,0,0,2
7351,1.0,2011,6.0,54.0,1507.0,2495.0,1,0.06,4.7,4.7,45.77475613360922,0.06,4.7,4.7,44.85269484678293,0.06,4.7,4.7,45.76973100798108,0,0,0,0,0,2
7352,4.0,2011,12.0,15.0,87.0,277.0,5,0.04,6.4,5.38,217.5,0.38,7.3,6.9,217.5,0.16,7.3,7.3,217.5,0,0,1,1,0,2
7353,5.0,2015,9.0,15.0,56.0,61.0,9,0.7,8.0,7.6,237.5,0.71,8.5,7.65,152.5,0.71,8.5,7.65,152.5,1,1,0,1,0,2
7354,5.0,2010,6.0,8.0,31.0,528.0,10,0.28,5.37,6.3,3.0,0.28,5.37,6.67,8.0,0.82,5.37,6.67,8.0,0,0,0,0,0,2
7355,6.0,2009,9.0,8.0,135.0,1311.0,8,0.24,3.6,5.35,1.0,0.24,3.6,5.35,1.0,0.24,3.6,5.35,1.0,0,0,0,0,0,2
7356,5.0,2007,6.0,6.0,265.0,534.0,4,0.29,7.0,7.5,91.0,0.24,7.05,7.35,55.0,0.24,7.05,7.35,55.0,1,0,1,0,1,2
7357,7.0,2004,9.0,13.0,765.0,1167.0,3,0.15,6.95,6.95,15.0,0.62,9.3,8.3,15.0,0.62,9.3,8.3,15.0,0,0,0,1,0,2
7358,7.0,2001,7.0,8.0,220.0,1496.0,3,0.66,6.4,7.05,12.0,0.06,6.4,8.55,32.0,0.41,6.4,7.6,37.0,1,0,0,0,0,2
7359,7.0,2005,2.0,26.0,390.0,37.0,5,0.23,7.5,7.3,1.0,0.18,3.5,5.9,1.0,0.24,3.5,5.9,1.0,1,0,0,0,0,2
7360,19.0,2003,10.0,101.0,1158.0,637.0,1,0.07,6.0,7.0,40.0,0.07,6.0,7.0,40.0,0.32,6.0,7.0,40.0,0,0,0,0,0,2
7361,14.0,2003,7.0,54.0,779.0,1183.0,9,0.01,2.6,2.6,3.0,0.02,5.0,2.6,3.0,0.21,6.1,6.55,3.0,0,0,0,0,0,2
7362,13.0,1996,11.0,193.0,1508.0,2496.0,1,0.41,6.0,6.0,1.0,0.07,6.0,6.0,1.0,0.07,6.0,6.0,1.0,0,0,0,0,0,2
7363,11.0,2014,9.0,5.0,186.0,624.0,1,0.26,5.5,4.9,11.0,0.27,5.5,6.9,1.0,0.41,6.85,7.4,8.0,0,0,0,0,0,2
7364,8.0,1995,10.0,26.0,424.0,188.0,1,0.42,6.2,6.2,37.0,0.73,6.2,6.2,37.0,1.2,7.4,7.4,60.0,0,0,0,0,0,2
7365,1.0,2009,11.0,97.0,1509.0,1380.0,1,1.06,6.06531266560678,6.414785373608896,47.58155002891845,1.06,6.151277159512439,6.537713301536816,45.36119144013881,1.06,6.18789083200847,6.572859035506092,49.094852515905146,0,0,0,0,0,2
7366,10.0,2014,9.0,107.0,437.0,1765.0,9,0.01,6.8,6.6,5.5,0.17,6.8,6.6,5.5,0.14,6.8,6.8,16.0,1,0,0,0,0,2
7367,17.0,2009,10.0,29.0,120.0,257.0,10,0.27,4.47,6.2,5.5,0.27,4.47,6.2,5.5,0.38,4.47,6.2,5.5,0,0,0,0,0,2
7368,4.0,2008,9.0,33.0,1437.0,1099.0,5,0.23,5.97,6.4,6.5,0.23,5.97,6.4,6.5,0.4,4.0,5.5,2.0,0,0,0,0,0,2
7369,6.0,2011,1.0,49.0,524.0,2300.0,9,0.19,4.97,7.13,15.0,0.04,4.97,7.13,15.0,0.01,4.97,7.13,15.0,0,0,0,0,0,2
7370,13.0,2000,10.0,31.0,1510.0,2497.0,11,0.12,5.7,7.5,47.93749171417208,0.12,5.7,7.5,46.73472093331566,0.12,5.7,7.5,47.96314463741217,0,0,0,0,0,2
7371,1.0,2009,1.0,272.0,1511.0,2498.0,1,0.05,6.06531266560678,6.414785373608896,47.58155002891845,0.05,6.151277159512439,6.537713301536816,45.36119144013881,0.05,6.18789083200847,6.572859035506092,49.094852515905146,0,0,0,1,0,2
7372,14.0,2005,7.0,6.0,89.0,1908.0,8,0.39,8.4,7.0,1.0,0.32,6.2,7.3,4.0,0.32,6.2,7.3,4.0,0,0,0,0,0,2
7373,1.0,2011,1.0,5.0,321.0,422.0,11,0.29,1.0,1.0,41.036795626576954,0.7,1.0,1.0,35.344407064760304,0.28,1.0,1.0,39.97560975609756,0,0,0,0,0,2
7374,17.0,2005,11.0,6.0,694.0,298.0,12,0.68,7.75,7.9,91.0,0.14,5.15,7.15,1.0,0.68,7.75,7.9,91.0,1,0,0,0,1,2
7375,5.0,2009,1.0,170.0,660.0,1411.0,10,0.01,4.9,6.03,61.0,0.77,4.9,6.03,61.0,0.07,4.9,6.03,61.0,0,0,0,0,0,2
7376,7.0,2005,12.0,17.0,57.0,1209.0,1,5.21,8.45,8.4,234.0,2.13,8.35,8.4,116.0,0.52,9.0,8.3,35.0,1,0,1,0,0,2
7377,7.0,2003,2.0,13.0,51.0,2499.0,2,0.06,5.9,8.7,45.71270364268717,0.06,5.9,8.7,44.72560863994143,0.06,5.9,8.7,45.997345780706574,0,0,1,0,0,2
7378,19.0,2003,2.0,29.0,390.0,1094.0,1,0.42,6.0,7.62,11.5,0.16,6.0,7.62,11.5,0.2,6.0,7.62,11.5,0,0,0,0,0,2
7379,1.0,2010,6.0,26.0,185.0,107.0,11,0.61,5.9,6.8,2.0,1.02,7.35,7.95,98.0,0.74,4.45,7.4,0.0,1,0,1,0,1,2
7380,4.0,2009,9.0,75.0,1013.0,2500.0,11,0.07,4.0,4.0,1.0,0.04,4.0,4.0,1.0,0.04,4.0,4.0,1.0,1,0,0,0,0,2
7381,17.0,2010,1.0,4.0,171.0,2501.0,6,0.54,6.93,7.18,76.5,1.14,8.1,8.3,76.5,1.14,8.1,8.3,76.5,0,0,0,0,0,2
7382,7.0,2002,4.0,29.0,157.0,1367.0,9,0.26,5.5,5.5,12.0,0.51,6.47,6.72,12.0,0.51,6.47,6.72,12.0,0,0,0,0,1,2
7383,13.0,2002,2.0,73.0,1512.0,2502.0,1,0.36,4.95,4.6,43.711032388663966,0.36,4.95,4.6,37.134362348178136,0.36,4.95,4.6,42.425607287449395,0,0,0,0,0,2
7384,7.0,2001,11.0,15.0,87.0,2503.0,3,6.05,9.37,8.58,182.5,2.38,5.9,5.5,1.0,2.38,5.9,5.5,1.0,0,0,1,0,0,2
7385,14.0,2003,1.0,57.0,783.0,422.0,8,0.09,5.9,7.9,46.19905533063428,0.09,5.9,7.9,45.39591767881242,1.42,5.9,7.9,46.679740215924426,0,0,0,0,0,2
7386,20.0,2013,8.0,33.0,1391.0,2294.0,1,0.58,6.016843832020995,6.3843011811023525,43.64141414141414,0.58,6.091391076115479,6.49972440944881,40.217532467532465,0.25,6.117578740157478,6.52308070866142,43.198232323232325,0,0,0,0,0,2
7387,17.0,2007,1.0,12.0,330.0,1512.0,9,0.39,4.23,6.15,3.0,0.4,3.75,6.15,0.0,0.4,3.75,6.15,0.0,0,0,0,0,0,2
7388,17.0,2005,6.0,5.0,321.0,1454.0,2,0.67,7.15,7.8,29.0,0.12,5.0,6.1,1.0,0.47,5.37,7.85,1.5,0,0,0,0,0,2
7389,12.0,1997,10.0,120.0,1513.0,2504.0,1,0.19,7.6,7.6,5.0,0.19,7.6,7.6,5.0,0.19,7.6,7.6,5.0,0,0,0,0,0,2
7390,12.0,1999,6.0,28.0,223.0,272.0,1,1.01,6.3,6.3,3.0,1.01,6.3,6.3,3.0,2.39,6.3,6.3,3.0,0,0,0,0,0,2
7391,12.0,1998,10.0,29.0,283.0,275.0,1,1.26,5.0,5.0,1.0,1.88,5.0,5.0,1.0,1.46,5.0,5.0,1.0,0,0,0,0,0,2
7392,12.0,2000,3.0,40.0,1454.0,407.0,10,0.42,7.2,6.7,2.0,0.42,7.2,6.7,2.0,1.74,7.2,7.5,2.0,1,0,0,0,0,2
7393,12.0,1999,2.0,68.0,870.0,1332.0,1,0.27,6.4,6.4,16.0,0.27,6.4,6.4,16.0,0.27,6.4,6.4,16.0,1,0,0,0,0,2
7394,12.0,1999,7.0,19.0,253.0,2045.0,1,0.12,7.9,7.9,44.05604395604396,0.27,7.9,7.9,34.17912087912088,0.27,7.9,7.9,38.04120879120879,0,0,0,0,0,2
7395,10.0,2012,4.0,1.0,399.0,2505.0,7,9.09,7.9,8.2,88.0,0.23,4.95,7.2,9.0,0.23,4.95,7.2,9.0,0,0,0,1,0,2
7396,5.0,2012,9.0,5.0,1022.0,326.0,1,0.36,3.0,5.8,5.0,0.36,3.0,5.8,5.0,0.12,3.0,5.8,5.0,0,0,0,0,0,2
7397,13.0,1996,4.0,273.0,1514.0,2506.0,1,0.04,6.074598214285714,6.518080357142857,51.629901960784316,0.04,6.105133928571427,6.627678571428572,32.81127450980392,0.04,6.240669642857141,6.645223214285716,43.85294117647059,0,0,0,0,0,2
7398,5.0,2008,3.0,201.0,1040.0,2288.0,11,0.25,5.9,6.45,5.0,0.35,6.6,6.85,9.0,0.25,5.9,6.45,5.0,0,0,0,0,0,2
7399,24.0,1996,10.0,255.0,380.0,2507.0,1,0.2,7.7,7.7,25.0,0.08,8.0,8.0,21.0,0.08,8.0,8.0,21.0,0,0,0,0,0,2
7400,19.0,2003,9.0,8.0,109.0,2508.0,10,0.27,8.4,7.7,34.0,1.98,7.0,7.2,34.0,1.98,7.0,7.2,34.0,0,0,0,0,0,2
7401,6.0,2010,3.0,201.0,1040.0,2509.0,10,0.22,7.15,7.5,36.0,0.22,7.15,7.5,36.0,0.04,5.85,6.9,5.0,0,0,0,0,0,2
7402,13.0,1997,4.0,274.0,819.0,2510.0,1,0.0,0.0,0.0,0.0,0.0,0.0,0.0,0.0,0.0,0.0,0.0,0.0,0,0,0,0,0,2
7403,13.0,1999,4.0,10.0,215.0,2511.0,1,0.52,9.0,8.3,35.0,0.45,9.0,8.7,3.0,0.45,9.0,8.7,3.0,0,0,0,0,0,2
7404,13.0,2000,4.0,4.0,454.0,1399.0,1,0.38,7.5,7.5,6.0,0.37,7.5,7.5,6.0,0.5,7.5,7.5,6.0,0,0,0,0,0,2
7405,9.0,2004,2.0,15.0,87.0,2512.0,1,0.42,6.020450067174204,6.385588893864737,47.43754583231484,0.42,6.115846394984316,6.510541871921158,46.20019555120997,0.42,6.16217196596506,6.54954545454544,48.87949156685407,0,0,1,0,0,2
7406,5.0,2007,9.0,2.0,181.0,2513.0,7,4.06,8.5,7.95,68.0,0.15,5.9,8.6,0.0,0.15,5.9,8.6,0.0,0,0,0,0,0,2
7407,5.0,2009,9.0,166.0,269.0,1349.0,3,0.52,5.6,7.22,37.5,0.22,5.83,6.37,15.5,0.52,5.6,7.22,37.5,0,0,0,0,0,2
7408,7.0,2002,9.0,22.0,1515.0,544.0,3,0.39,6.9,7.47,33.5,0.01,8.67,9.1,225.0,0.01,8.67,9.1,225.0,1,0,0,0,0,2
7409,14.0,2004,7.0,11.0,568.0,1010.0,2,0.04,4.73,6.2,4.5,0.12,7.5,7.0,2.0,0.74,8.15,8.1,3.0,1,0,0,0,0,2
7410,7.0,2001,3.0,8.0,31.0,2514.0,4,2.16,7.4,7.9,45.872209778327026,0.32,7.4,7.9,45.90167606395304,0.32,7.4,7.9,47.24202517957828,0,0,0,0,0,2
7411,7.0,2008,9.0,5.0,336.0,158.0,1,0.31,2.0,6.27,23.0,0.87,6.63,6.27,23.0,0.3,5.23,5.7,41.5,0,0,0,1,0,2
7412,6.0,2013,4.0,134.0,819.0,1239.0,10,0.2,6.5,7.15,1.0,0.3,6.9,7.85,55.0,0.58,8.0,8.35,40.0,1,0,0,0,0,2
7413,14.0,2005,9.0,8.0,131.0,71.0,6,0.53,6.1,7.05,8.0,0.2,4.6,7.68,14.0,0.56,6.3,7.5,34.0,0,0,0,0,0,2
7414,1.0,2012,6.0,6.0,19.0,23.0,6,1.46,7.45,7.2,47.0,0.11,7.45,7.2,47.0,0.63,7.17,6.73,17.0,1,1,1,0,0,2
7415,7.0,2006,1.0,15.0,87.0,102.0,1,0.22,8.9,6.0,3.0,0.35,8.9,6.0,3.0,0.44,8.9,7.1,3.0,0,0,1,0,0,2
7416,9.0,2003,2.0,73.0,111.0,370.0,7,1.29,4.9,6.8,109.0,0.52,7.95,7.65,109.0,0.13,2.65,5.8,1.0,0,0,0,0,1,2
7417,4.0,2010,4.0,1.0,385.0,2515.0,9,0.78,6.2,7.1,4.5,0.38,6.1,6.7,8.0,0.03,6.1,7.3,15.0,0,0,0,0,0,2
7418,17.0,2010,4.0,26.0,954.0,625.0,1,0.26,4.0,4.5,2.0,0.26,4.0,4.5,2.0,0.22,7.0,7.4,99.0,1,0,0,0,0,2
7419,14.0,2002,9.0,9.0,1074.0,2516.0,2,0.26,8.5,8.2,59.0,0.05,7.15,7.8,7.0,0.05,7.15,7.8,7.0,0,0,0,0,0,2
7420,19.0,2001,1.0,40.0,210.0,1266.0,11,0.27,6.95,7.8,14.0,1.15,5.93,7.0,14.0,1.15,5.93,7.0,14.0,1,0,0,0,1,2
7421,1.0,2010,9.0,29.0,120.0,1386.0,6,1.33,7.7,6.5,12.0,0.1,5.0,3.0,1.0,0.19,5.3,6.8,1.0,0,0,0,0,0,2
7422,19.0,2002,1.0,8.0,27.0,378.0,7,1.44,9.1,8.4,46.050303078013066,1.44,9.1,8.4,45.954538298039836,1.44,9.1,8.4,47.137605290088956,1,0,1,0,0,2
7423,5.0,2009,1.0,209.0,1516.0,2517.0,2,0.13,5.8,7.8,46.313123359580054,0.13,5.8,7.8,45.077952755905514,0.13,5.8,7.8,46.040734908136486,0,0,0,0,0,2
7424,13.0,1999,3.0,89.0,1316.0,2518.0,1,0.07,5.9864729458917845,6.425400801603205,44.05604395604396,0.16,6.120961923847696,6.589959919839676,34.17912087912088,0.16,6.162114228456913,6.618947895791575,38.04120879120879,0,0,0,0,0,2
7425,7.0,2000,1.0,15.0,87.0,243.0,1,0.25,6.080184531886015,6.4249240162822545,49.17336199229173,0.35,6.164715061058349,6.539900949796512,47.802772013044766,0.32,6.208497964721839,6.582871099050231,49.20360213459828,0,0,1,0,1,2
7426,7.0,2005,9.0,22.0,425.0,2519.0,3,0.02,5.9,6.7,23.0,0.06,5.9,7.0,2.0,0.06,5.9,7.0,2.0,0,0,0,0,0,2
7427,4.0,2008,1.0,5.0,993.0,86.0,11,0.25,6.2,7.8,0.0,0.29,4.25,7.8,0.0,0.25,5.79,6.33,9.0,1,0,0,0,0,2
7428,4.0,2009,12.0,26.0,744.0,939.0,1,0.23,5.5,5.5,2.0,0.23,5.5,5.5,2.0,0.14,7.7,7.7,7.0,1,0,0,0,0,2
7429,13.0,2000,10.0,40.0,210.0,216.0,6,0.47,8.5,7.0,4.0,0.58,8.5,7.7,4.0,1.46,8.5,8.0,1.0,1,1,0,1,0,2
7430,23.0,2014,9.0,20.0,234.0,488.0,4,0.24,6.0,6.75,17.0,0.24,6.0,6.75,17.0,0.24,6.0,6.75,17.0,0,0,0,0,0,2
7431,23.0,2014,2.0,6.0,265.0,194.0,8,1.01,8.67,8.3,212.5,1.01,8.67,8.3,212.5,1.01,8.67,8.3,212.5,1,0,1,1,1,2
7432,4.0,2007,4.0,26.0,1392.0,2520.0,6,0.84,4.83,6.72,15.5,0.2,3.3,4.9,15.5,0.2,3.3,4.9,15.5,0,0,0,0,0,2
7433,4.0,2008,3.0,22.0,1517.0,2011.0,6,0.08,5.5,8.9,211.0,0.06,5.5,7.9,8.0,0.3,3.9,6.2,8.0,0,0,0,0,0,2
7434,4.0,2011,5.0,119.0,910.0,914.0,10,0.37,6.0,7.5,1.0,0.11,6.0,7.5,1.0,0.49,6.0,7.3,1.0,1,0,0,0,0,2
7435,7.0,2006,4.0,49.0,400.0,2521.0,1,0.47,7.75,7.6,84.0,0.04,4.5,4.95,6.5,0.04,4.5,4.95,6.5,0,0,0,0,0,2
7436,5.0,2010,7.0,35.0,1518.0,1318.0,9,0.02,6.0,7.2,1.0,0.14,6.0,7.2,1.0,0.01,7.0,8.1,1.0,0,0,0,0,0,2
7437,7.0,2005,9.0,29.0,1519.0,1699.0,9,0.25,5.05,8.4,4.0,0.05,7.1,7.6,4.0,0.38,5.0,4.0,2.0,0,0,0,0,0,2
7438,5.0,2010,7.0,26.0,1296.0,555.0,4,0.13,4.35,4.6,1.0,0.28,6.0,6.8,34.0,0.2,4.03,5.88,8.0,1,0,0,1,0,2
7439,5.0,2007,1.0,8.0,45.0,1268.0,1,0.56,6.3,8.6,65.0,1.26,7.3,7.2,65.0,1.26,7.3,7.2,65.0,0,0,1,0,0,2
7440,14.0,2002,1.0,8.0,27.0,651.0,10,0.3,8.2,8.2,3.0,0.44,8.4,7.3,3.0,0.13,7.9,7.3,3.0,1,0,1,0,0,2
7441,6.0,2011,9.0,29.0,120.0,2522.0,10,0.96,6.0,6.0,1.0,0.09,6.0,6.0,1.0,0.09,6.0,6.0,1.0,0,0,0,0,0,2
7442,24.0,1995,10.0,31.0,51.0,2523.0,1,1.01,8.0,8.07,14.5,0.32,8.0,7.9,43.0,0.32,8.0,7.9,43.0,1,0,1,0,0,2
7443,4.0,2008,6.0,5.0,1520.0,1277.0,1,0.24,2.0,2.0,50.52577025484975,0.24,2.0,2.0,48.40728413845569,0.31,2.0,2.0,49.56694560669456,0,0,0,0,0,2
7444,17.0,2005,1.0,8.0,45.0,454.0,3,0.31,6.33,7.67,65.5,0.1,5.8,7.4,13.0,0.85,7.9,7.2,1.0,0,0,1,0,1,2
7445,13.0,1998,11.0,4.0,1521.0,2524.0,1,0.31,6.0160609318996405,6.403268817204285,46.05333068992863,0.31,6.099759856630821,6.523605734767007,42.11122125297383,0.31,6.1246594982078815,6.541229390680994,45.49722442505948,0,0,0,1,0,2
7446,7.0,2002,1.0,9.0,11.0,1568.0,3,1.22,8.8,8.57,5.0,0.63,7.4,7.3,48.0,0.63,7.4,7.3,48.0,1,0,1,0,0,2
7447,4.0,2006,6.0,26.0,1522.0,2525.0,1,0.23,6.7,6.7,3.0,0.23,6.7,6.7,3.0,0.23,6.7,6.7,3.0,0,0,0,0,0,2
7448,9.0,2004,6.0,165.0,298.0,392.0,1,0.57,7.0,5.75,1.0,0.57,7.0,5.75,1.0,0.57,7.0,5.75,1.0,0,0,0,0,0,2
7449,6.0,2010,1.0,15.0,1406.0,2314.0,1,0.23,6.036517973148549,6.446041576440007,42.41893830703013,0.23,6.13182763100909,6.5621524469467225,36.190578670492584,0.23,6.158211346903418,6.59756604590732,41.083213773314206,0,0,0,0,0,2
7450,1.0,2008,6.0,29.0,1523.0,2526.0,1,0.58,3.0,3.5,2.0,0.58,3.0,3.5,2.0,0.58,3.0,3.5,2.0,0,0,0,0,0,2
7451,9.0,2001,10.0,6.0,1524.0,480.0,9,0.2,5.95,7.4,3.0,0.2,5.95,7.4,3.0,1.56,7.0,6.83,43.0,1,0,0,0,1,2
7452,1.0,2011,4.0,228.0,841.0,2423.0,10,0.19,5.7,7.6,4.0,0.16,8.0,7.6,4.0,0.16,8.0,7.6,4.0,0,0,0,1,0,2
7453,4.0,2012,9.0,5.0,155.0,915.0,1,0.3,3.0,5.8,5.0,0.83,5.0,6.7,19.0,0.83,5.0,6.7,19.0,0,0,0,1,0,2
7454,17.0,2009,1.0,8.0,68.0,378.0,7,0.26,7.25,6.02,3.0,0.26,7.25,6.02,3.0,0.81,8.0,7.45,1.0,1,0,1,0,0,2
7455,7.0,2002,1.0,88.0,538.0,2527.0,3,0.02,7.1,8.7,47.00641389488024,0.17,7.1,8.7,45.229821773186515,0.17,7.1,8.7,46.14320581223748,1,0,0,0,0,2
7456,1.0,2009,8.0,6.0,839.0,524.0,6,0.39,7.6,8.2,42.0,0.24,6.1,8.2,42.0,0.14,7.4,7.6,26.0,0,0,0,0,0,2
7457,19.0,2002,9.0,11.0,680.0,1020.0,9,0.41,4.4,5.9,1.0,0.01,4.4,7.7,1.0,0.01,4.4,7.7,1.0,0,0,0,0,0,2
7458,14.0,2004,1.0,64.0,640.0,1784.0,10,0.11,4.4,7.0,0.5,0.35,5.27,7.0,0.5,0.35,5.27,7.0,0.5,0,0,0,0,0,2
7459,10.0,2012,9.0,1.0,1525.0,2528.0,1,0.29,6.072961653015631,6.425969843633651,50.50295255548768,0.29,6.152457185405805,6.543201787043918,48.179596823457544,0.29,6.196662323157107,6.5816586001488995,49.25208715129302,0,0,0,0,0,2
7460,6.0,2012,9.0,9.0,163.0,2529.0,1,0.22,6.7,7.1,24.0,0.62,8.13,8.32,248.0,0.62,8.13,8.32,248.0,0,0,0,1,0,2
7461,5.0,2009,11.0,6.0,590.0,870.0,1,0.27,5.7,6.5,23.0,0.15,5.7,7.4,23.0,0.89,5.7,7.4,23.0,0,0,0,0,0,2
7462,15.0,2013,7.0,153.0,726.0,1252.0,4,0.57,5.33,6.4,54.5,0.57,5.33,6.4,54.5,0.57,5.33,6.4,54.5,0,0,0,0,0,2
7463,17.0,2011,1.0,9.0,34.0,1302.0,1,0.37,4.35,8.5,2.0,1.09,4.35,3.95,5.0,0.19,4.35,3.95,5.0,0,0,1,0,0,2
7464,10.0,2015,9.0,20.0,77.0,488.0,3,0.18,6.5,7.5,207.5,0.06,6.0,4.8,11.0,0.05,6.4,6.6,17.0,0,0,0,0,0,2
7465,13.0,2000,11.0,53.0,284.0,2530.0,11,0.02,5.6,7.85,8.0,0.02,5.6,7.85,8.0,0.02,5.6,7.85,8.0,0,0,0,0,0,2
7466,4.0,2006,3.0,8.0,394.0,264.0,11,0.27,6.8,8.3,2.0,0.22,7.17,6.75,2.0,0.22,7.17,6.75,2.0,1,1,0,1,0,2
7467,19.0,2005,10.0,11.0,249.0,188.0,3,0.44,6.75,8.0,16.0,0.46,3.95,5.0,3.0,0.46,3.95,5.0,3.0,0,0,0,0,0,2
7468,6.0,2010,9.0,4.0,334.0,2531.0,9,0.64,6.0,6.8,16.0,0.36,7.83,8.13,51.5,0.36,7.83,8.13,51.5,0,0,0,1,0,2
7469,6.0,2012,9.0,15.0,87.0,2532.0,1,0.24,3.0,5.0,6.0,0.24,3.0,5.0,6.0,0.24,3.0,5.0,6.0,0,0,1,0,0,2
7470,14.0,2003,2.0,5.0,750.0,1134.0,4,0.05,7.83,8.37,11.0,0.64,5.4,6.1,4.0,0.64,5.4,6.1,4.0,1,0,0,0,0,2
7471,9.0,2002,9.0,29.0,669.0,1041.0,8,0.22,4.7,4.4,1.0,0.25,4.7,2.0,1.0,0.32,4.7,2.0,1.0,0,0,0,0,0,2
7472,11.0,2014,11.0,179.0,590.0,2533.0,11,0.12,7.2,7.2,142.0,0.12,7.2,7.2,142.0,0.12,7.2,7.2,142.0,0,0,0,0,0,2
7473,17.0,2006,12.0,11.0,226.0,1106.0,12,0.03,7.73,7.07,83.5,0.09,6.0,6.5,21.0,0.66,6.3,6.05,12.0,0,0,0,0,0,2
7474,1.0,2010,12.0,6.0,138.0,907.0,11,0.57,8.45,7.65,792.5,0.37,5.75,6.8,91.0,0.63,5.75,6.2,91.0,0,0,1,0,0,2
7475,11.0,2016,9.0,49.0,253.0,1600.0,1,0.11,6.5,6.0,1.0,0.28,6.0,6.5,13.0,0.41,4.6,4.7,1.0,0,0,0,1,0,2
7476,27.0,1995,10.0,255.0,680.0,1850.0,1,0.2,7.7,7.7,3.0,0.71,7.7,7.7,3.0,0.12,7.6,7.6,31.0,0,0,0,0,0,2
7477,4.0,2009,8.0,12.0,1526.0,2534.0,3,0.45,6.091280098280098,6.442550368550418,47.69869728713403,0.45,6.175740786240802,6.554272727272775,46.337630942788074,0.45,6.215514742014753,6.591929975430013,47.46736502820306,0,0,0,0,0,2
7478,9.0,2002,6.0,31.0,534.0,2535.0,3,0.11,4.9,4.9,47.00641389488024,0.11,4.9,4.9,45.229821773186515,0.11,4.9,4.9,46.14320581223748,0,0,0,0,0,2
7479,1.0,2010,1.0,5.0,783.0,422.0,9,0.27,7.0,7.35,1.0,0.31,7.0,7.5,1.0,0.27,7.0,5.3,4.0,0,0,0,0,0,2
7480,6.0,2007,4.0,6.0,227.0,2536.0,9,0.14,6.4,6.92,10.5,0.19,6.63,7.12,38.5,0.19,6.63,7.12,38.5,0,0,0,0,1,2
7481,9.0,2004,9.0,11.0,256.0,1020.0,11,0.23,5.77,7.48,7.5,0.23,5.77,7.48,7.5,0.21,3.3,6.7,7.5,0,0,0,0,0,2
7482,1.0,2011,10.0,29.0,120.0,1594.0,4,0.35,6.5,6.55,50.0,0.35,6.5,6.55,50.0,0.35,6.5,6.55,50.0,0,0,0,1,0,2
7483,3.0,2000,12.0,1.0,3.0,2537.0,1,0.39,8.7,8.7,3.0,0.23,8.7,8.7,3.0,0.23,8.7,8.7,3.0,0,0,1,0,0,2
7484,17.0,2008,6.0,68.0,938.0,2538.0,5,0.2,6.5,6.5,46.09182401140007,0.47,6.5,6.5,45.30495190594941,0.47,6.5,6.5,46.50917349483434,0,0,0,0,0,2
7485,5.0,2011,6.0,29.0,276.0,1655.0,2,0.22,8.1,8.1,2.0,0.1,8.1,8.1,2.0,0.1,8.2,8.1,2.0,1,0,0,1,0,2
7486,4.0,2009,11.0,90.0,473.0,2539.0,11,0.06,5.945329457364344,6.3206201550387675,32.76409185803758,0.06,6.042635658914737,6.440271317829467,23.798538622129435,0.06,6.047189922480624,6.441937984496127,28.856993736951985,0,0,0,0,0,2
7487,18.0,2014,1.0,8.0,27.0,247.0,10,0.3,7.23,5.28,100.5,0.3,7.23,5.28,100.5,0.19,3.7,2.45,2.5,1,0,1,0,1,2
7488,7.0,2004,10.0,13.0,51.0,2540.0,11,0.03,5.25,7.35,4.0,0.34,5.75,7.75,5.0,0.34,5.75,7.75,5.0,0,0,1,0,0,2
7489,10.0,2011,9.0,15.0,1527.0,112.0,9,0.5,7.1,6.48,79.0,0.03,7.1,6.48,79.0,0.03,4.7,6.48,79.0,1,0,0,0,0,2
7490,8.0,1995,12.0,26.0,323.0,701.0,1,0.41,6.105477410782085,6.471694191344031,46.30825496342738,0.41,6.192767653758562,6.565149962034973,45.062225705329155,0.45,6.223125474563416,6.604986712224803,46.031556948798325,0,0,0,0,0,2
7491,7.0,2005,1.0,11.0,805.0,1226.0,1,0.36,6.0,7.0,40.0,0.49,6.0,7.4,40.0,0.18,6.0,8.3,40.0,0,0,0,0,0,2
7492,14.0,2001,3.0,53.0,559.0,1205.0,11,0.13,5.6,8.4,49.86247139588101,0.39,5.6,8.4,48.43188405797101,0.6,7.05,8.4,49.87780320366133,0,0,0,0,1,2
7493,1.0,2009,9.0,9.0,1528.0,1651.0,11,0.07,8.85,8.32,73.0,0.06,5.27,6.7,6.0,0.4,4.0,6.7,6.0,0,0,0,0,0,2
7494,4.0,2009,5.0,38.0,190.0,2541.0,1,0.0,0.0,0.0,0.0,0.02,7.0,6.8,47.0,0.02,7.0,6.8,47.0,0,0,0,0,0,2
7495,5.0,2010,8.0,207.0,1529.0,2542.0,7,0.04,6.55,6.8,5.0,0.04,6.55,6.8,5.0,0.04,6.55,6.8,5.0,0,0,0,0,0,2
7496,1.0,2009,1.0,201.0,1530.0,2543.0,1,0.21,6.3,7.4,5.0,0.21,6.3,7.4,5.0,0.21,6.3,7.4,5.0,0,0,0,0,0,2
7497,7.0,2007,9.0,13.0,1321.0,1130.0,1,0.1,6.7,7.8,4.0,0.1,6.7,7.8,4.0,0.25,6.2,6.85,3.0,1,0,0,0,0,2
7498,7.0,2008,6.0,4.0,370.0,465.0,1,0.54,6.85,7.5,2.0,0.78,6.85,7.5,2.0,0.23,6.2,7.5,2.0,1,0,0,0,0,2
7499,15.0,2011,4.0,54.0,699.0,1046.0,11,0.48,6.67,6.22,44.0,0.54,6.57,6.17,45.5,0.54,6.57,6.17,45.5,0,0,0,0,0,2
7500,7.0,2005,12.0,15.0,87.0,811.0,11,0.38,7.5,8.6,122.0,0.47,8.45,8.2,122.0,0.68,8.2,9.05,59.0,1,0,1,0,0,2
7501,14.0,2005,1.0,8.0,45.0,1326.0,10,0.25,6.75,7.15,62.0,0.32,4.4,8.6,62.0,0.32,4.4,8.6,62.0,0,0,1,0,0,2
7502,6.0,2011,1.0,3.0,102.0,1028.0,6,0.45,6.7,7.8,9.5,0.05,6.7,8.0,7.0,0.05,6.7,8.0,7.0,0,0,1,0,0,2
7503,6.0,2006,8.0,26.0,1392.0,2544.0,11,1.37,6.9,7.25,22.0,0.06,4.5,7.6,22.0,0.06,4.5,7.6,22.0,0,0,0,0,1,2
7504,22.0,2000,4.0,9.0,55.0,834.0,1,0.52,8.2,8.5,163.0,2.42,5.0,7.0,163.0,2.42,5.0,7.0,163.0,1,0,1,0,0,2
7505,14.0,2002,3.0,9.0,294.0,253.0,7,0.05,5.4,6.75,17.0,1.81,5.67,7.1,108.0,0.07,7.6,7.8,34.0,1,0,0,1,1,2
7506,5.0,2008,4.0,6.0,1531.0,2243.0,2,0.49,6.140338405797094,6.509248550724672,46.03618002544529,0.49,6.227481159420292,6.610048550724669,45.58993320610687,0.13,6.254673188405799,6.646629710144933,46.776558524173026,0,0,1,0,0,2
7507,1.0,2011,6.0,6.0,265.0,23.0,1,0.38,4.0,5.6,8.0,0.72,7.0,5.8,8.0,9.52,6.8,7.18,83.0,1,1,1,1,0,2
7508,14.0,2006,3.0,3.0,50.0,139.0,3,1.16,7.25,7.8,5.0,3.66,6.37,7.75,8.0,3.66,6.37,7.75,8.0,1,0,0,0,1,2
7509,7.0,2000,1.0,15.0,87.0,978.0,1,0.21,7.6,7.6,14.0,0.29,7.6,7.6,14.0,0.51,7.6,7.6,14.0,1,0,1,0,1,2
7510,15.0,2011,7.0,29.0,822.0,1249.0,9,0.46,6.53,7.1,84.0,0.57,6.53,7.1,84.0,0.57,6.53,7.1,84.0,0,0,0,1,0,2
7511,9.0,2005,6.0,88.0,1532.0,2545.0,1,0.27,5.941533923303834,6.313171091445431,50.56199677938808,0.27,6.055781710914458,6.470575221238942,37.569243156199676,0.27,6.052935103244841,6.466165191740415,43.750402576489535,0,0,0,0,0,2
7512,7.0,2005,6.0,68.0,938.0,2546.0,10,0.06,4.0,4.0,46.396146867328426,0.03,4.0,4.0,45.01510299925285,0.03,4.0,4.0,45.991941509232575,0,0,0,0,0,2
7513,8.0,1994,3.0,221.0,1533.0,2547.0,1,0.32,6.060073064770927,6.419377962085287,50.71839204668252,0.32,6.1445201421800935,6.542274881516566,48.91938621136806,0.32,6.189670221169031,6.580169826224309,49.949751458828615,0,0,0,0,0,2
7514,17.0,2012,4.0,9.0,1534.0,2548.0,1,0.11,7.32,7.93,170.5,0.09,7.32,6.7,7.0,0.06,8.0,7.5,2.0,1,0,0,0,0,2
7515,6.0,2013,4.0,134.0,1430.0,2549.0,9,0.53,8.1,8.1,181.0,0.06,8.1,6.3,4.0,0.06,8.1,6.3,4.0,0,0,0,1,0,2
7516,6.0,2014,4.0,49.0,901.0,1385.0,3,0.07,6.15,6.35,7.0,0.05,6.15,7.3,11.0,0.22,7.95,8.08,14.0,1,0,0,0,0,2
7517,1.0,2009,6.0,52.0,321.0,326.0,1,0.14,5.73,6.03,38.5,0.16,5.73,2.8,38.5,0.34,8.9,8.8,38.5,0,0,0,0,0,2
7518,7.0,2008,1.0,68.0,1535.0,2550.0,1,0.04,3.7,4.6,50.52577025484975,0.04,3.7,4.6,48.40728413845569,0.04,3.7,4.6,49.56694560669456,0,0,0,0,0,2
7519,7.0,2006,10.0,155.0,204.0,1850.0,10,0.04,6.8,8.05,5.0,0.01,5.45,2.4,0.0,0.01,7.0,7.9,35.0,0,0,0,0,0,2
7520,7.0,2003,1.0,15.0,1536.0,2551.0,1,0.26,6.1012652384897565,6.454888152444128,47.685338686698614,0.26,6.1868883891584945,6.56346904959172,46.47707550835384,0.26,6.225610131376502,6.600911350455717,47.855459137417434,0,0,0,0,0,2
7521,6.0,2011,10.0,152.0,1537.0,2552.0,7,0.04,4.5,7.33,2.0,0.16,6.35,8.0,2.0,0.03,6.35,6.0,1.0,1,0,0,0,0,2
7522,10.0,2012,10.0,1.0,500.0,44.0,2,0.05,6.8,7.9,20.0,0.88,6.8,7.9,20.0,1.31,7.83,7.12,232.5,1,0,0,0,1,2
7523,4.0,2008,6.0,52.0,96.0,2553.0,1,1.71,2.0,2.2,50.52577025484975,0.06,4.4,2.2,48.40728413845569,0.06,4.4,2.2,49.56694560669456,0,0,0,0,0,2
7524,5.0,2011,6.0,12.0,855.0,603.0,11,0.08,5.0,6.5,2.0,0.27,5.0,6.5,2.0,0.08,5.0,8.2,2.0,0,0,0,0,0,2
7525,17.0,2010,1.0,4.0,101.0,836.0,3,0.71,9.1,8.85,2.0,0.71,9.1,8.85,2.0,0.71,9.1,8.85,2.0,0,0,0,0,0,2
7526,18.0,2015,12.0,2.0,1538.0,2554.0,6,3.15,7.25,7.65,55.0,3.15,7.25,7.65,55.0,3.15,7.25,7.65,55.0,0,0,0,0,0,2
7527,5.0,2009,1.0,36.0,1413.0,612.0,1,0.09,4.75,5.85,3.5,0.09,4.75,5.85,3.5,1.26,4.75,5.85,3.5,0,0,0,0,0,2
7528,7.0,2004,3.0,99.0,921.0,2555.0,3,0.15,3.5,5.0,45.87070454152996,0.48,8.0,8.3,44.89656363322397,0.48,8.0,8.3,46.36703505439475,0,0,0,0,0,2
7529,19.0,2005,6.0,29.0,390.0,508.0,10,0.35,5.7,7.1,1.0,0.08,5.7,7.58,1.0,0.54,4.5,7.58,0.0,0,0,0,0,0,2
7530,24.0,1996,12.0,275.0,1539.0,2556.0,1,0.0,0.0,0.0,0.0,0.0,0.0,0.0,0.0,0.0,0.0,0.0,0.0,1,0,0,0,0,2
7531,27.0,1994,10.0,255.0,380.0,1642.0,1,0.25,7.9,7.9,33.0,0.56,7.7,7.7,25.0,0.25,7.9,7.9,33.0,0,0,0,0,0,2
7532,14.0,2002,1.0,40.0,1454.0,913.0,8,0.02,6.55,7.4,48.57975592246949,0.21,4.3,7.6,47.31751615218952,0.83,7.7,7.8,48.66547020818378,0,0,0,0,0,2
7533,1.0,2009,9.0,26.0,768.0,188.0,10,1.31,7.83,7.12,232.5,0.14,5.7,6.9,7.0,0.36,3.9,6.8,5.0,0,0,0,0,0,2
7534,1.0,2009,4.0,33.0,365.0,991.0,8,0.17,5.4,6.2,1.0,0.03,5.4,6.2,1.0,0.75,5.15,7.05,7.0,0,0,0,0,0,2
7535,6.0,2011,7.0,59.0,779.0,1760.0,7,0.07,5.4,5.65,1.0,0.13,4.7,5.7,20.0,0.17,4.0,7.4,7.0,1,0,0,0,0,2
7536,7.0,2004,2.0,5.0,186.0,2557.0,2,0.06,6.25,1.0,1.0,0.49,6.25,6.3,24.0,0.49,6.25,6.3,24.0,0,0,0,0,0,2
7537,4.0,2009,4.0,5.0,399.0,257.0,9,0.33,5.67,5.95,9.5,0.41,6.0,5.12,9.0,0.33,5.67,5.95,9.5,0,0,0,0,1,2
7538,19.0,2003,10.0,26.0,672.0,1207.0,1,0.28,7.0,7.0,2.0,0.6,7.0,7.0,2.0,0.29,7.0,7.0,2.0,0,0,0,0,0,2
7539,15.0,2015,9.0,6.0,138.0,55.0,10,0.32,6.55,6.1,0.0,3.28,6.37,6.98,245.0,3.28,6.37,6.98,245.0,1,1,1,1,0,2
7540,9.0,2003,1.0,29.0,1540.0,902.0,1,0.38,5.0,4.0,2.0,0.38,5.0,4.0,2.0,0.82,5.0,6.9,2.0,0,0,0,0,0,2
7541,7.0,2001,3.0,53.0,560.0,2558.0,8,0.6,7.05,8.4,45.74018056589725,0.41,3.0,8.4,44.84889240506329,0.41,3.0,8.4,45.94764519731943,0,0,0,0,0,2
7542,15.0,2016,12.0,3.0,328.0,1024.0,2,0.58,7.5,6.03,5.5,0.6,8.47,8.18,115.5,0.24,6.6,6.67,26.5,1,0,0,1,0,2
7543,6.0,2010,1.0,36.0,1541.0,612.0,1,0.53,6.77,6.95,31.0,0.53,6.77,6.95,31.0,0.2,6.77,6.95,31.0,0,0,0,0,0,2
7544,7.0,2004,1.0,9.0,1542.0,243.0,1,0.53,7.6,7.7,16.0,0.53,7.6,7.7,16.0,1.59,7.6,7.7,16.0,0,0,0,0,0,2
7545,1.0,2009,6.0,29.0,1428.0,2559.0,1,0.25,6.06531266560678,6.414785373608896,47.58155002891845,0.23,6.151277159512439,6.537713301536816,45.36119144013881,0.23,6.18789083200847,6.572859035506092,49.094852515905146,0,0,0,0,0,2
7546,7.0,2000,10.0,10.0,215.0,2560.0,1,0.54,8.0,8.0,1.0,0.16,8.0,8.0,1.0,0.16,8.0,8.0,1.0,0,0,0,0,0,2
7547,6.0,2011,9.0,134.0,269.0,1349.0,10,0.5,4.9,6.25,13.0,0.21,5.5,7.27,25.0,0.04,6.0,7.5,8.0,0,0,0,0,0,2
7548,6.0,2007,7.0,36.0,491.0,1929.0,10,1.06,8.15,8.1,27.0,0.02,6.15,5.75,2.0,0.32,6.27,7.03,65.0,0,0,0,0,0,2
7549,9.0,2003,8.0,6.0,111.0,857.0,7,0.1,8.35,8.35,190.0,0.66,7.1,7.4,190.0,0.4,7.6,8.6,190.0,1,0,0,0,0,2
7550,6.0,2011,9.0,9.0,83.0,2561.0,7,0.15,2.9,4.95,5.0,0.28,5.05,6.3,8.0,0.28,5.05,6.3,8.0,0,0,0,1,0,2
7551,23.0,2012,1.0,4.0,571.0,836.0,3,0.92,8.7,8.95,2.0,0.13,8.7,7.6,2.0,0.13,8.7,7.6,2.0,0,0,0,0,0,2
7552,19.0,2004,2.0,29.0,390.0,1094.0,9,0.3,6.1,8.1,47.36133139729699,0.43,6.1,8.1,45.73416731821736,0.35,6.1,8.1,46.57991734614096,0,0,0,0,0,2
7553,11.0,2016,1.0,8.0,45.0,651.0,9,1.53,7.8,5.5,48.0,0.71,6.15,5.45,4.0,0.47,8.0,7.55,2.5,1,0,1,1,0,2
7554,24.0,1996,7.0,26.0,1543.0,2562.0,1,0.38,6.074598214285714,6.518080357142857,51.629901960784316,0.38,6.105133928571427,6.627678571428572,32.81127450980392,0.38,6.240669642857141,6.645223214285716,43.85294117647059,0,0,0,0,0,2
7555,4.0,2011,8.0,12.0,106.0,2563.0,9,0.33,5.17,5.58,63.0,0.15,5.5,5.9,4.0,0.15,5.5,5.9,4.0,0,0,0,0,0,2
7556,17.0,2012,9.0,9.0,1544.0,2564.0,1,0.21,5.7,7.27,25.0,0.21,5.7,7.27,25.0,0.21,5.7,7.27,25.0,0,0,0,0,0,2
7557,14.0,2002,1.0,9.0,102.0,126.0,2,0.18,8.7,9.5,1.0,0.89,8.5,8.75,1.0,0.89,8.5,8.75,1.0,1,0,1,0,1,2
7558,9.0,2003,2.0,5.0,82.0,1134.0,4,0.64,5.4,6.1,4.0,0.23,7.25,7.8,76.0,0.23,7.25,7.8,76.0,1,0,1,0,0,2
7559,17.0,2011,4.0,9.0,1545.0,2565.0,1,0.33,7.0,8.3,8.0,0.13,7.0,7.0,1.0,0.14,5.0,7.0,1.0,0,0,0,0,0,2
7560,14.0,2006,3.0,29.0,217.0,520.0,6,0.43,5.25,8.4,0.0,0.93,7.1,7.2,0.0,0.94,5.5,5.65,11.0,0,0,0,0,1,2
7561,7.0,2003,6.0,26.0,40.0,981.0,1,0.22,4.0,7.0,1.0,0.62,4.0,7.0,38.0,0.76,6.0,7.5,2.0,1,0,1,0,0,2
7562,4.0,2009,8.0,6.0,19.0,2566.0,11,0.31,6.6,7.35,1.0,0.34,6.6,7.35,1.0,0.34,6.6,7.35,1.0,0,0,1,0,0,2
7563,19.0,2002,3.0,40.0,330.0,441.0,3,0.01,7.87,7.27,18.5,0.07,4.7,5.2,18.5,1.67,7.45,7.25,8.0,0,0,0,0,0,2
7564,17.0,2008,9.0,49.0,253.0,320.0,9,0.13,5.8,6.35,15.0,0.19,5.13,6.35,15.0,0.19,5.13,6.35,15.0,0,0,0,0,0,2
7565,7.0,2005,7.0,8.0,1546.0,555.0,10,0.23,7.8,7.55,50.0,0.12,3.9,7.9,50.0,0.11,4.2,7.05,3.0,1,0,0,1,0,2
7566,9.0,2001,1.0,6.0,634.0,2567.0,6,0.19,8.3,8.12,21.5,0.35,8.3,5.95,9.0,0.35,8.3,5.95,9.0,0,0,0,0,1,2
7567,13.0,1996,4.0,251.0,697.0,1043.0,1,0.25,8.0,8.6,61.0,0.71,8.0,8.6,61.0,0.71,8.0,8.6,61.0,1,0,0,0,0,2
7568,5.0,2005,3.0,26.0,40.0,335.0,11,0.06,5.7,8.15,96.0,1.07,8.3,8.15,96.0,1.41,6.9,7.8,33.0,1,0,1,0,1,2
7569,11.0,2013,12.0,5.0,394.0,184.0,11,0.33,6.47,5.4,9.5,0.33,6.47,5.4,9.5,0.33,6.47,5.4,9.5,1,0,0,0,1,2
7570,4.0,2009,6.0,3.0,1094.0,2568.0,11,0.09,8.0,7.63,8.5,0.13,8.0,7.63,8.5,0.19,8.0,8.0,8.5,0,0,0,0,0,2
7571,4.0,2009,6.0,6.0,625.0,1762.0,10,0.29,5.0,5.0,39.8933506044905,0.13,5.0,5.0,32.29706390328152,0.36,5.0,5.0,34.81476683937824,0,0,0,0,0,2
7572,4.0,2009,8.0,276.0,1547.0,2569.0,6,0.03,6.072216863165409,6.424708824580193,50.939571150097464,0.08,6.151868524473027,6.540253662022141,48.451559454191035,0.08,6.1993461950696656,6.582299035369757,49.943567251461985,0,0,0,0,0,2
7573,5.0,2010,7.0,17.0,135.0,1209.0,10,1.45,6.85,6.2,6.0,0.14,3.0,6.0,1.0,0.05,3.0,6.0,1.0,1,0,0,1,0,2
7574,5.0,2010,6.0,26.0,185.0,2570.0,2,0.02,6.3,6.6,1.0,0.31,6.3,6.6,1.0,0.09,7.0,5.3,4.0,0,0,1,0,0,2
7575,13.0,1997,7.0,120.0,146.0,2571.0,1,0.51,6.042070079121586,6.394020668496688,49.29562687356727,0.51,6.127673179396085,6.510931697077347,47.72615059072474,0.51,6.172315517519764,6.551114161149683,49.20948686298713,0,0,0,0,0,2
7576,5.0,2007,3.0,5.0,548.0,1121.0,5,0.29,4.35,5.15,2.0,0.13,6.8,6.8,2.0,0.65,4.7,6.2,2.0,0,0,0,0,0,2
7577,6.0,2009,9.0,11.0,419.0,2350.0,3,0.18,6.1,6.7,6.0,0.08,6.1,6.7,6.0,0.08,6.1,6.7,6.0,0,0,1,0,0,2
7578,7.0,2009,6.0,32.0,71.0,260.0,5,0.12,4.8,4.8,4.0,0.12,4.8,4.8,4.0,0.12,4.8,4.8,4.0,1,0,0,0,0,2
7579,5.0,2012,8.0,15.0,448.0,995.0,10,0.09,7.5,6.73,71.0,0.17,7.5,5.2,71.0,0.41,7.6,8.45,90.0,1,0,0,1,0,2
7580,19.0,2004,2.0,8.0,280.0,669.0,10,0.97,7.55,7.8,23.0,0.13,5.3,8.3,10.0,0.18,5.9,8.25,3.0,0,0,0,0,0,2
7581,13.0,1998,3.0,4.0,817.0,2572.0,1,0.31,6.3,6.3,6.0,0.57,6.3,6.3,6.0,0.57,6.3,6.3,6.0,0,0,0,0,0,2
7582,17.0,2011,4.0,266.0,1217.0,1972.0,1,0.14,7.75,7.83,17.5,0.14,7.75,7.83,17.5,0.01,7.75,7.83,17.5,0,0,0,0,0,2
7583,6.0,2010,9.0,15.0,1548.0,1250.0,5,0.02,3.75,4.0,1.0,0.11,3.9,4.75,1.0,0.02,8.0,7.1,208.0,1,0,0,0,0,2
7584,4.0,2010,5.0,198.0,1549.0,2573.0,1,0.39,6.036517973148549,6.446041576440007,42.41893830703013,0.39,6.13182763100909,6.5621524469467225,36.190578670492584,0.39,6.158211346903418,6.59756604590732,41.083213773314206,0,0,0,0,1,2
7585,18.0,2015,9.0,42.0,1046.0,193.0,1,0.08,6.0,5.42,4.0,0.29,5.0,6.4,5.0,0.19,7.37,7.13,153.0,1,0,0,1,0,2
7586,20.0,2013,10.0,20.0,175.0,541.0,4,1.41,7.55,7.6,46.0,1.41,7.55,7.6,46.0,1.41,7.55,7.6,46.0,0,0,0,0,0,2
7587,14.0,2003,1.0,8.0,27.0,491.0,3,0.42,6.2,5.95,24.0,1.64,8.43,8.58,3.0,1.04,8.1,8.3,3.0,1,0,1,0,0,2
7588,4.0,2010,11.0,6.0,1550.0,2574.0,1,0.51,6.9,6.9,24.0,0.51,6.9,6.9,24.0,0.51,6.9,6.9,24.0,0,0,0,0,0,2
7589,15.0,2004,7.0,18.0,41.0,143.0,11,3.61,6.57,7.62,97.5,0.2,6.23,5.78,90.0,0.2,6.23,5.78,90.0,0,0,1,1,0,2
7590,15.0,2004,7.0,18.0,41.0,143.0,9,0.05,5.95,7.0,0.0,0.05,5.95,7.0,0.0,0.05,5.95,7.0,0.0,0,0,1,1,0,2
7591,7.0,2003,1.0,4.0,395.0,2575.0,11,2.94,7.35,8.05,3.0,0.23,6.1,8.05,3.0,0.23,6.1,8.05,3.0,0,0,0,0,0,2
7592,14.0,2005,9.0,33.0,60.0,1099.0,11,0.43,5.4,6.6,4.0,0.43,5.4,6.6,4.0,0.43,5.4,6.6,4.0,0,0,1,0,0,2
7593,12.0,2000,2.0,6.0,1286.0,2093.0,1,0.3,7.5,8.15,120.0,0.28,7.5,8.15,120.0,0.28,7.5,8.15,120.0,0,0,0,0,0,2
7594,12.0,1999,3.0,106.0,1551.0,2576.0,1,0.41,3.0,3.0,44.05604395604396,0.1,3.0,3.0,34.17912087912088,0.1,3.0,3.0,38.04120879120879,0,0,0,0,0,2
7595,12.0,1997,5.0,5.0,51.0,4.0,1,1.59,7.97,8.6,102.0,0.26,7.97,8.3,17.0,2.4,7.97,7.0,2.0,0,0,1,0,0,2
7596,12.0,1998,1.0,196.0,1026.0,2577.0,1,0.14,8.0,6.8,7.0,0.4,8.0,6.8,7.0,0.4,8.0,6.8,7.0,0,0,0,0,0,2
7597,12.0,2000,2.0,5.0,98.0,1627.0,1,2.11,8.0,7.7,3.0,0.1,6.0,6.9,15.0,0.1,6.0,6.9,15.0,0,0,0,0,0,2
7598,12.0,2000,3.0,31.0,1106.0,697.0,12,1.05,6.6,7.05,2.0,0.36,2.0,5.0,5.0,1.14,7.25,7.28,96.0,0,0,0,0,0,2
7599,12.0,1998,7.0,277.0,12.0,2578.0,9,0.16,8.3,7.65,3.0,0.15,8.3,7.65,3.0,0.15,8.3,7.65,3.0,0,0,0,0,0,2
7600,12.0,2000,3.0,40.0,210.0,994.0,9,0.59,7.0,7.0,1.0,0.59,7.0,7.0,1.0,0.38,7.0,7.0,1.0,0,0,0,0,0,2
7601,12.0,1999,12.0,58.0,744.0,939.0,1,0.31,8.0,8.0,1.0,0.31,8.0,8.0,1.0,0.31,8.0,8.0,1.0,1,0,0,0,0,2
7602,12.0,1996,1.0,72.0,400.0,2579.0,1,0.1,7.0,7.0,1.0,0.38,7.0,7.0,1.0,0.38,7.0,7.0,1.0,1,0,0,0,0,2
7603,17.0,2006,1.0,4.0,101.0,1163.0,9,0.29,7.57,8.35,61.5,0.2,6.3,7.2,61.5,0.22,7.2,5.4,61.5,0,0,0,0,1,2
7604,14.0,2003,3.0,7.0,88.0,580.0,12,1.31,8.6,7.2,125.0,2.86,8.6,8.55,125.0,1.31,8.6,7.2,125.0,0,0,0,0,0,2
7605,17.0,2010,4.0,9.0,1552.0,2548.0,1,0.25,7.5,7.5,8.0,0.25,7.5,7.5,8.0,0.13,7.0,7.0,1.0,1,0,0,0,0,2
7606,4.0,2011,8.0,5.0,321.0,2580.0,2,0.11,8.0,8.0,20.0,0.38,5.8,5.8,20.0,0.38,5.8,5.8,20.0,0,0,0,0,0,2
7607,10.0,2012,9.0,278.0,1553.0,2581.0,3,0.08,6.107345193294558,6.472551317139987,45.49549380398047,0.08,6.193362983236427,6.570975025658612,44.67118850920015,0.08,6.222634279849501,6.6114531303455575,45.70146451370635,0,0,0,0,0,2
7608,4.0,2008,9.0,22.0,1554.0,76.0,11,0.48,7.17,7.42,150.5,0.12,2.9,5.3,1.0,1.08,7.37,6.9,215.0,1,1,0,1,1,2
7609,17.0,2005,10.0,4.0,101.0,2582.0,10,0.55,6.8,7.1,10.0,0.7,6.8,6.65,4.0,0.7,6.8,6.65,4.0,0,0,0,1,0,2
7610,11.0,2015,1.0,5.0,781.0,86.0,10,0.24,7.0,6.17,6.5,0.28,5.8,4.05,5.0,0.28,5.8,4.05,5.0,1,0,0,1,1,2
7611,7.0,2002,6.0,102.0,1555.0,2583.0,1,0.22,5.9,5.9,43.711032388663966,0.22,5.9,5.9,37.134362348178136,0.22,5.9,5.9,42.425607287449395,0,0,0,0,0,2
7612,9.0,2005,6.0,26.0,1495.0,107.0,8,0.27,5.2,7.9,1.0,0.21,5.0,6.4,1.0,1.09,6.15,5.85,2.0,1,0,0,0,1,2
7613,7.0,2008,3.0,174.0,539.0,1430.0,9,0.15,4.83,5.3,3.0,0.26,4.83,5.8,5.5,0.26,4.83,5.8,5.5,0,0,0,0,0,2
7614,6.0,2013,4.0,134.0,819.0,2584.0,3,0.02,8.0,8.35,40.0,0.58,8.0,8.35,40.0,0.58,8.0,8.35,40.0,0,0,0,0,0,2
7615,13.0,1999,12.0,49.0,1556.0,1160.0,1,0.05,5.9864729458917845,6.425400801603205,44.05604395604396,0.05,6.120961923847696,6.589959919839676,34.17912087912088,0.11,6.162114228456913,6.618947895791575,38.04120879120879,0,0,0,0,0,2
7616,1.0,2010,3.0,29.0,1029.0,747.0,11,0.22,3.0,6.0,1.0,0.16,3.0,6.0,1.0,0.15,3.0,6.0,1.0,0,0,0,0,0,2
7617,1.0,2010,6.0,26.0,1557.0,2585.0,1,0.21,4.0,4.0,1.0,0.21,4.0,4.0,1.0,0.21,4.0,4.0,1.0,0,0,0,0,0,2
7618,6.0,2011,1.0,29.0,120.0,963.0,6,0.25,3.75,5.47,9.5,0.06,3.75,5.47,9.5,0.06,3.75,5.47,9.5,0,0,0,0,0,2
7619,15.0,2012,12.0,9.0,270.0,730.0,3,0.33,6.9,7.67,72.5,1.97,6.0,6.6,5.0,0.66,8.05,7.85,33.0,1,0,0,0,0,2
7620,7.0,2009,1.0,3.0,368.0,1376.0,7,0.29,6.8,8.35,1.0,0.29,6.8,8.35,1.0,0.29,6.8,8.35,1.0,0,0,0,0,0,2
7621,14.0,2002,1.0,5.0,217.0,1320.0,8,0.11,5.0,5.0,10.0,0.31,7.1,7.38,10.0,0.27,6.95,8.12,6.5,0,0,0,0,0,2
7622,8.0,1996,4.0,10.0,1558.0,2586.0,1,0.62,8.0,8.0,16.0,0.62,8.0,8.0,16.0,0.62,8.0,8.0,16.0,0,0,0,0,0,2
7623,6.0,2006,4.0,8.0,498.0,727.0,11,0.27,4.53,5.0,33.0,0.33,5.75,7.4,2.0,1.1,5.4,6.85,9.0,0,0,0,0,1,2
7624,14.0,2005,9.0,8.0,31.0,151.0,11,0.23,6.4,4.55,19.0,0.23,6.4,4.55,19.0,0.41,5.95,7.05,12.0,0,0,0,0,0,2
7625,24.0,1994,7.0,9.0,34.0,2587.0,1,0.28,7.8,7.8,26.0,0.07,7.7,7.7,35.0,0.07,7.7,7.7,35.0,0,0,1,0,0,2
7626,15.0,2013,9.0,8.0,257.0,343.0,2,0.9,6.57,6.2,168.5,1.0,6.87,6.4,192.0,1.0,6.87,6.4,192.0,1,0,0,1,0,2
7627,6.0,2013,1.0,15.0,1271.0,2069.0,1,0.2,6.75,7.5,54.0,0.2,6.75,7.5,54.0,0.19,6.75,8.0,1.0,0,0,0,0,0,2
7628,1.0,2009,9.0,158.0,853.0,2588.0,11,0.02,5.3,5.3,32.76409185803758,0.02,5.3,5.3,23.798538622129435,0.02,5.3,5.3,28.856993736951985,0,0,0,0,0,2
7629,11.0,2016,7.0,3.0,1559.0,2589.0,9,1.19,8.1,7.32,20.5,0.16,6.91,8.0,73.0,0.16,6.91,8.0,73.0,1,0,0,0,0,2
7630,6.0,2010,8.0,15.0,87.0,297.0,11,0.29,6.97,6.22,5.0,0.85,6.97,4.5,2.0,0.45,6.3,7.25,4.0,0,0,1,0,0,2
7631,7.0,2007,1.0,57.0,761.0,422.0,1,0.05,4.9,5.6,47.55820785897907,0.05,4.9,5.6,46.14738646101114,0.07,4.9,5.6,47.53813196229649,0,0,0,0,0,2
7632,22.0,2000,4.0,6.0,13.0,1405.0,12,0.15,6.5,7.5,15.0,0.35,7.3,8.25,15.0,0.35,7.3,8.25,15.0,1,0,0,0,0,2
7633,13.0,1996,6.0,4.0,40.0,107.0,1,0.25,6.074598214285714,6.518080357142857,51.629901960784316,0.5,6.105133928571427,6.627678571428572,32.81127450980392,4.05,6.240669642857141,6.645223214285716,43.85294117647059,1,0,1,0,1,2
7634,4.0,2008,6.0,33.0,1394.0,2590.0,8,0.18,4.8,6.3,2.0,0.12,4.8,9.5,2.0,0.02,4.8,9.5,2.0,0,0,0,0,0,2
7635,1.0,2011,1.0,29.0,120.0,963.0,6,0.23,3.75,5.38,3.0,0.78,7.0,6.67,10.5,0.78,7.0,6.67,10.5,0,0,0,0,0,2
7636,5.0,2014,11.0,239.0,548.0,1317.0,6,0.27,6.110177243557098,6.4738046246308105,47.344282511210764,0.27,6.19441173474587,6.570955485382561,45.720571748878925,0.27,6.226847305694223,6.6094020576551396,46.56698430493274,0,0,0,0,0,2
7637,14.0,2004,9.0,5.0,186.0,993.0,9,0.53,7.05,7.75,7.0,0.75,6.9,6.0,7.0,0.75,6.9,6.0,7.0,0,0,0,0,0,2
7638,19.0,2004,1.0,8.0,68.0,463.0,12,1.61,7.7,7.9,1.0,1.61,7.7,7.9,1.0,1.61,7.7,7.9,1.0,0,0,1,0,0,2
7639,17.0,2013,1.0,15.0,1271.0,2069.0,1,0.26,8.0,8.0,1.0,0.26,8.0,8.0,1.0,0.06,8.0,8.0,1.0,0,0,0,0,0,2
7640,7.0,2005,9.0,15.0,576.0,110.0,12,0.05,2.5,5.1,0.0,0.11,6.6,7.0,0.0,0.12,5.7,6.6,0.0,0,0,0,0,0,2
7641,4.0,2008,6.0,6.0,19.0,2591.0,9,0.83,4.4,4.4,45.66070409134158,0.14,4.4,4.4,44.78520456707897,0.14,4.4,4.4,45.78801141769743,0,0,1,0,0,2
7642,5.0,2007,7.0,5.0,1560.0,1284.0,2,0.23,5.3,6.7,47.86400791034937,0.14,5.3,6.7,46.669215557020436,0.56,5.9,6.4,47.940870138431116,0,0,0,0,0,2
7643,23.0,2011,3.0,26.0,185.0,335.0,3,0.5,7.0,6.93,48.0,0.21,5.3,8.7,48.0,1.37,6.9,7.25,22.0,1,0,1,0,1,2
7644,4.0,2008,4.0,9.0,34.0,1394.0,9,0.51,5.13,6.12,7.0,0.37,5.13,8.4,6.0,0.06,5.13,8.0,1.0,0,0,1,0,0,2
7645,7.0,2003,12.0,5.0,164.0,2592.0,12,0.45,6.8,7.65,51.0,0.14,7.45,8.05,4.0,0.14,7.45,8.05,4.0,0,0,0,0,0,2
7646,1.0,2011,6.0,6.0,19.0,1145.0,10,0.25,6.25,6.25,1.0,0.29,6.25,6.25,1.0,0.27,6.25,6.25,1.0,0,0,1,0,0,2
7647,14.0,2001,1.0,31.0,401.0,549.0,11,0.23,4.75,3.95,2.0,0.27,5.35,7.3,0.0,0.27,5.35,7.3,0.0,0,0,0,0,1,2
7648,4.0,2009,8.0,8.0,256.0,667.0,10,0.24,6.91,6.3,3.5,0.02,4.0,6.5,1.0,0.01,5.5,5.1,1.0,1,0,0,1,0,2
7649,17.0,2012,1.0,15.0,1271.0,2069.0,1,0.21,6.072961653015631,6.425969843633651,50.50295255548768,0.21,6.152457185405805,6.543201787043918,48.179596823457544,0.18,6.196662323157107,6.5816586001488995,49.25208715129302,0,0,0,0,0,2
7650,10.0,2016,9.0,67.0,364.0,499.0,1,0.15,5.9,5.85,5.0,0.15,5.9,5.85,5.0,1.51,5.9,5.85,5.0,0,0,0,0,0,2
7651,19.0,2002,2.0,29.0,501.0,392.0,12,0.11,5.5,7.0,1.0,1.08,5.5,5.35,1.0,1.19,7.1,5.9,1.0,0,0,0,0,0,2
7652,5.0,2008,4.0,279.0,1430.0,2593.0,4,0.0,0.0,0.0,0.0,0.06,6.6,0.0,0.0,0.07,6.7,5.8,7.0,0,0,0,0,0,2
7653,5.0,2008,3.0,29.0,1501.0,2486.0,9,0.56,7.6,6.9,3.0,0.21,4.3,4.65,5.0,0.21,4.3,4.65,5.0,0,0,0,0,0,2
7654,17.0,2007,12.0,3.0,256.0,2594.0,1,0.21,8.2,8.2,7.0,0.07,0.5,1.45,7.0,0.14,7.5,7.1,12.0,0,0,0,0,0,2
7655,7.0,2004,6.0,26.0,725.0,981.0,1,0.4,7.0,7.0,1.0,0.4,7.0,7.0,1.0,0.49,8.0,8.0,1.0,1,0,0,0,0,2
7656,7.0,2004,6.0,26.0,40.0,981.0,10,0.06,4.5,7.6,1.0,1.71,8.4,8.9,1.0,0.2,8.4,6.0,1.0,0,0,1,0,0,2
7657,5.0,2008,6.0,33.0,422.0,475.0,10,0.52,7.0,7.6,47.32791802049488,1.31,4.0,5.6,45.973319170207446,1.31,4.0,5.6,47.42195701074731,0,0,0,0,0,2
7658,17.0,2005,9.0,8.0,31.0,135.0,11,0.22,6.0,7.55,12.0,0.22,6.0,7.55,12.0,0.24,6.4,4.7,19.0,0,0,0,0,0,2
7659,13.0,1995,5.0,31.0,132.0,2595.0,1,0.25,8.5,7.0,22.0,1.93,8.5,8.05,36.0,1.93,8.5,8.05,36.0,0,0,0,0,0,2
7660,15.0,2014,4.0,6.0,97.0,697.0,3,0.98,8.25,8.1,184.0,0.98,8.25,8.1,184.0,0.98,8.25,8.1,184.0,0,0,0,0,0,2
7661,17.0,2006,7.0,6.0,19.0,2596.0,3,0.33,5.75,7.4,2.0,0.67,5.96,6.02,10.0,0.67,5.96,6.02,10.0,1,0,1,0,0,2
7662,14.0,2003,5.0,29.0,79.0,4.0,6,0.1,8.35,6.75,3.0,0.19,6.05,7.0,3.0,0.22,4.7,4.4,3.0,1,1,0,0,1,2
7663,6.0,2006,8.0,12.0,227.0,946.0,6,0.04,4.8,7.05,4.0,0.02,5.7,7.05,4.0,0.05,6.6,6.25,1.0,1,0,0,0,0,2
7664,18.0,2014,9.0,17.0,484.0,753.0,1,0.4,5.0,5.5,50.0,0.12,7.67,7.92,358.0,0.12,7.67,7.92,358.0,0,0,0,1,0,2
7665,7.0,2004,9.0,11.0,80.0,2597.0,9,0.09,5.1,6.75,3.0,0.71,7.9,8.2,3.0,0.04,8.37,9.15,81.0,0,0,0,0,0,2
7666,8.0,1991,1.0,280.0,1561.0,2598.0,1,0.0,0.0,0.0,0.0,0.0,0.0,0.0,0.0,0.0,0.0,0.0,0.0,0,0,0,0,0,2
7667,1.0,2008,1.0,5.0,321.0,1277.0,10,0.27,5.85,7.0,15.0,0.55,5.85,7.0,15.0,0.21,5.85,7.0,15.0,0,0,0,0,0,2
7668,20.0,2013,9.0,13.0,51.0,67.0,1,0.44,7.87,6.85,172.5,0.8,7.63,7.25,142.5,0.8,7.63,7.25,142.5,1,1,1,1,0,2
7669,1.0,2009,8.0,35.0,1562.0,2599.0,6,0.11,5.0,5.3,2.0,0.11,5.0,5.3,2.0,0.11,5.0,5.3,2.0,0,0,0,0,0,2
7670,7.0,2002,3.0,53.0,568.0,1383.0,5,1.69,5.65,7.1,9.0,1.69,5.65,7.1,9.0,0.29,6.55,7.6,0.0,0,0,0,0,0,2
7671,17.0,2006,5.0,68.0,799.0,2600.0,6,0.02,5.9,5.9,46.07439501637249,0.11,5.9,5.9,45.62994169794745,0.11,5.9,5.9,46.82677102467854,0,0,0,0,0,2
7672,1.0,2011,3.0,5.0,1029.0,1999.0,11,0.21,5.0,7.5,0.0,0.2,5.5,7.5,0.0,0.27,6.2,5.8,1.0,0,0,0,0,0,2
7673,9.0,2003,1.0,11.0,1086.0,1226.0,10,0.69,6.75,6.75,73.0,0.04,3.85,5.8,73.0,0.59,3.85,5.8,73.0,0,0,0,0,0,2
7674,7.0,2005,8.0,6.0,1061.0,2601.0,3,0.26,5.4,6.5,10.0,0.38,5.5,7.95,5.0,0.09,4.05,4.8,0.0,0,0,0,0,0,2
7675,17.0,2010,1.0,15.0,87.0,2182.0,1,0.23,7.0,7.0,1.0,0.23,7.0,7.0,1.0,0.23,7.0,7.0,1.0,0,0,1,0,0,2
7676,1.0,2008,4.0,9.0,206.0,2602.0,2,0.27,6.7,6.62,29.0,0.53,6.47,8.32,4.0,0.53,6.47,8.32,4.0,0,0,0,0,0,2
7677,17.0,2011,4.0,4.0,570.0,2603.0,1,0.46,6.0,6.0,1.0,0.37,6.0,8.5,2.0,0.37,6.0,8.5,2.0,0,0,0,0,0,2
7678,13.0,2002,9.0,26.0,1563.0,2604.0,1,0.29,7.0,7.0,2.0,0.29,7.0,7.0,2.0,0.29,7.0,7.0,2.0,0,0,0,0,0,2
7679,17.0,2005,1.0,8.0,197.0,454.0,10,0.2,7.6,7.2,53.0,1.32,7.2,7.65,53.0,0.89,7.6,7.08,3.5,0,0,0,0,1,2
7680,5.0,2007,9.0,29.0,1122.0,1812.0,9,0.26,6.37,6.08,20.5,0.34,5.69,6.85,20.0,0.34,5.69,6.85,20.0,0,0,0,0,0,2
7681,9.0,2007,9.0,29.0,262.0,613.0,8,0.27,5.75,5.25,11.5,0.98,5.13,3.93,13.5,0.52,5.75,6.17,11.5,0,0,0,0,0,2
7682,9.0,2002,2.0,29.0,286.0,1094.0,11,0.35,7.6,7.6,45.226486486486486,0.26,7.5,7.5,38.287837837837834,0.26,7.5,7.5,43.71081081081081,0,0,0,0,0,2
7683,5.0,2007,9.0,49.0,253.0,320.0,9,0.87,5.17,7.1,11.5,0.04,5.65,7.33,4.5,0.07,4.8,6.8,0.0,0,0,0,0,0,2
7684,19.0,2004,6.0,281.0,1564.0,2605.0,11,0.0,0.0,0.0,0.0,0.0,0.0,0.0,0.0,0.0,0.0,0.0,0.0,0,0,0,0,0,2
7685,14.0,2002,11.0,24.0,969.0,1524.0,9,1.58,7.6,6.7,23.0,0.44,7.27,7.62,23.0,0.44,7.27,7.62,23.0,0,0,0,0,0,2
7686,13.0,2000,9.0,6.0,1565.0,2606.0,1,0.28,6.080184531886015,6.4249240162822545,49.17336199229173,0.28,6.164715061058349,6.539900949796512,47.802772013044766,0.28,6.208497964721839,6.582871099050231,49.20360213459828,0,0,0,0,0,2
7687,9.0,2001,9.0,29.0,1186.0,1041.0,11,0.46,5.7,8.5,1.0,0.07,5.7,8.5,1.0,0.35,5.7,6.0,1.0,0,0,0,0,0,2
7688,4.0,2008,5.0,264.0,1457.0,2397.0,4,0.05,5.7,5.7,39.83984375,0.05,5.7,5.7,33.34765625,0.05,5.7,5.7,45.02734375,0,0,0,0,0,2
7689,4.0,2009,9.0,5.0,187.0,257.0,4,0.03,4.65,5.2,1.0,0.22,7.4,6.35,5.0,0.52,4.7,4.35,10.5,1,0,0,0,0,2
7690,17.0,2011,1.0,15.0,87.0,2213.0,1,0.24,7.3,7.3,45.77475613360922,0.16,7.3,7.3,44.85269484678293,0.16,7.3,7.3,45.76973100798108,0,0,1,0,0,2
7691,4.0,2006,6.0,282.0,1566.0,2607.0,1,0.06,6.057909446618223,6.454225824482941,48.764652014652015,0.06,6.140609278926769,6.574768026830625,40.60225885225885,0.06,6.179580771380661,6.604046953605371,45.93101343101343,0,0,0,0,0,2
7692,14.0,2002,4.0,19.0,428.0,623.0,10,1.24,8.12,7.98,82.5,0.06,8.12,7.98,82.5,1.24,8.12,7.98,82.5,1,0,0,0,0,2
7693,17.0,2006,9.0,3.0,448.0,2084.0,10,0.58,8.3,8.27,25.0,0.02,3.4,5.4,0.0,0.02,3.4,5.4,0.0,0,0,0,0,0,2
7694,19.0,2004,9.0,6.0,19.0,298.0,11,1.08,5.9,5.95,6.0,0.42,5.0,6.5,0.0,1.64,8.15,7.95,109.0,1,0,1,0,1,2
7695,14.0,2002,10.0,68.0,585.0,331.0,1,1.5,7.6,7.9,1.0,0.37,7.6,8.1,16.0,0.25,5.3,6.6,4.0,0,0,0,0,0,2
7696,10.0,2012,4.0,26.0,1344.0,2197.0,1,0.23,6.072961653015631,6.425969843633651,50.50295255548768,0.23,6.152457185405805,6.543201787043918,48.179596823457544,0.23,6.196662323157107,6.5816586001488995,49.25208715129302,0,0,0,0,0,2
7697,1.0,2011,9.0,29.0,120.0,2522.0,10,0.56,6.02490849673202,6.3988126361655615,46.89055793991416,0.56,6.123793028322429,6.526827886710213,45.688006676204104,0.56,6.174326797385606,6.567407407407391,48.2448736289938,0,0,0,0,0,2
7698,15.0,2011,3.0,11.0,662.0,563.0,2,0.69,6.1,6.75,149.5,0.69,6.1,6.75,149.5,0.69,6.1,6.75,149.5,1,0,0,1,0,2
7699,10.0,2016,2.0,13.0,98.0,500.0,8,0.82,7.35,5.2,92.0,0.3,6.6,6.65,4.0,0.3,7.3,7.85,14.0,1,0,0,1,0,2
7700,7.0,2005,9.0,24.0,131.0,2608.0,5,0.03,6.95,6.6,8.0,0.36,3.93,4.68,5.0,0.1,4.6,7.1,4.0,0,0,0,0,0,2
7701,1.0,2009,9.0,15.0,24.0,2609.0,11,0.29,4.47,6.35,50.5,0.11,4.35,6.35,50.5,0.11,4.35,6.35,50.5,0,0,0,0,0,2
7702,10.0,2012,9.0,5.0,1022.0,326.0,1,0.21,6.072961653015631,6.425969843633651,50.50295255548768,0.21,6.152457185405805,6.543201787043918,48.179596823457544,0.4,6.196662323157107,6.5816586001488995,49.25208715129302,0,0,0,0,0,2
7703,7.0,2005,3.0,174.0,619.0,903.0,8,0.0,0.0,0.0,0.0,0.29,4.4,7.1,0.0,0.08,6.3,8.2,0.0,0,0,0,0,0,2
7704,15.0,2009,11.0,283.0,1567.0,2610.0,10,0.0,0.0,0.0,0.0,0.0,0.0,0.0,0.0,0.0,0.0,0.0,0.0,0,0,0,0,0,2
7705,4.0,2008,6.0,29.0,1523.0,2526.0,1,0.22,6.076557377049176,6.4289414021625335,50.52577025484975,0.22,6.1574189047785115,6.543221137077076,48.40728413845569,0.22,6.202197418904775,6.585209277990916,49.56694560669456,0,0,0,0,0,2
7706,23.0,2013,4.0,134.0,1568.0,2611.0,4,0.41,8.17,8.43,62.0,0.41,8.17,8.43,62.0,0.41,8.17,8.43,62.0,0,0,0,0,0,2
7707,11.0,2015,7.0,284.0,315.0,812.0,3,0.0,0.0,0.0,0.0,0.32,5.0,6.6,11.0,0.32,5.0,6.6,11.0,0,0,0,0,0,2
7708,7.0,2001,1.0,4.0,395.0,1381.0,2,0.05,3.95,3.95,0.0,0.19,3.95,3.95,0.0,0.31,3.95,3.95,0.0,1,0,0,0,0,2
7709,7.0,2008,4.0,254.0,901.0,2612.0,8,0.07,6.9,7.55,18.0,0.06,6.9,7.55,18.0,0.06,6.9,7.55,18.0,1,0,0,0,0,2
7710,7.0,2003,9.0,114.0,355.0,2613.0,7,0.28,7.0,6.8,8.0,0.28,7.0,6.8,8.0,0.28,7.0,6.8,8.0,0,0,0,0,0,2
7711,9.0,2002,6.0,181.0,1569.0,2614.0,1,0.25,3.0,6.3,43.711032388663966,0.25,3.0,6.3,37.134362348178136,0.25,3.0,6.3,42.425607287449395,0,0,0,0,0,2
7712,4.0,2008,4.0,49.0,250.0,2615.0,10,0.13,5.5,7.3,11.5,1.26,7.83,8.2,214.5,1.26,7.83,8.2,214.5,0,0,0,0,0,2
7713,6.0,2012,3.0,36.0,130.0,738.0,5,0.11,4.43,4.78,15.0,0.15,7.7,7.08,38.5,0.16,8.03,7.28,109.5,0,0,0,0,0,2
7714,4.0,2008,8.0,158.0,513.0,2616.0,11,0.03,6.044421151439289,6.38992177722153,48.44426425401161,0.36,6.126584793491856,6.504150500625782,46.782946398088086,0.36,6.170384856070071,6.544500938673344,48.1357972004097,0,0,0,0,0,2
7715,1.0,2008,7.0,75.0,1013.0,2617.0,11,0.13,2.5,2.5,48.44426425401161,0.13,2.5,2.5,46.782946398088086,0.13,2.5,2.5,48.1357972004097,0,0,0,0,0,2
7716,6.0,2008,4.0,36.0,1570.0,2618.0,1,0.02,6.8,7.0,0.0,0.02,6.8,7.0,0.0,0.02,6.8,7.0,0.0,0,0,0,0,0,2
7717,14.0,2002,3.0,91.0,619.0,903.0,6,0.84,6.07,4.38,4.0,0.53,5.1,4.95,1.0,0.84,6.07,4.38,4.0,0,0,0,0,0,2
7718,7.0,2005,6.0,4.0,1571.0,2619.0,1,0.44,5.941533923303834,6.313171091445431,50.56199677938808,0.44,6.055781710914458,6.470575221238942,37.569243156199676,0.44,6.052935103244841,6.466165191740415,43.750402576489535,0,0,0,0,0,2
7719,9.0,2003,2.0,24.0,970.0,169.0,11,0.31,5.75,6.45,13.0,0.06,3.0,6.8,13.0,0.56,7.35,7.65,80.0,0,0,0,0,0,2
7720,7.0,2006,10.0,155.0,1139.0,1850.0,11,0.08,6.6,8.5,5.0,0.04,6.8,8.05,5.0,0.02,6.2,7.0,5.0,0,0,0,0,0,2
7721,20.0,2012,9.0,1.0,301.0,628.0,3,1.28,7.93,8.45,450.5,0.44,5.93,6.35,26.0,0.44,5.93,6.35,26.0,1,0,0,1,0,2
7722,15.0,2013,9.0,42.0,715.0,1077.0,5,0.44,7.17,7.77,116.0,0.44,7.17,7.77,116.0,0.44,7.17,7.77,116.0,0,0,0,1,0,2
7723,13.0,1996,10.0,26.0,424.0,188.0,1,0.28,6.0,6.0,1.0,0.05,6.0,6.0,1.0,0.11,6.0,6.0,1.0,0,0,0,0,0,2
7724,5.0,2012,9.0,15.0,87.0,470.0,3,0.33,6.27,6.75,76.0,0.09,6.27,6.75,76.0,0.34,5.5,5.35,17.0,1,0,1,0,0,2
7725,11.0,2014,4.0,81.0,1572.0,2620.0,5,1.23,8.0,8.0,4.0,1.23,8.0,8.0,4.0,1.23,8.0,8.0,4.0,0,0,0,0,0,2
7726,5.0,2008,7.0,22.0,355.0,477.0,2,0.06,2.5,4.9,2.0,0.19,5.6,7.8,2.0,0.19,5.6,7.8,2.0,0,0,0,0,0,2
7727,6.0,2010,9.0,15.0,1066.0,1727.0,10,0.67,8.43,7.97,308.5,0.29,4.47,6.35,50.5,0.29,4.47,6.35,50.5,0,0,0,0,0,2
7728,6.0,2009,9.0,5.0,321.0,1692.0,6,0.26,5.15,5.25,1.0,0.38,7.0,6.4,2.0,0.39,5.4,8.0,1.0,0,0,0,0,0,2
7729,7.0,2005,7.0,6.0,315.0,812.0,9,0.41,6.2,5.45,3.0,0.46,6.27,7.32,9.0,0.46,6.27,7.32,9.0,1,0,0,0,0,2
7730,1.0,2009,4.0,228.0,1218.0,2621.0,7,0.04,6.15,6.0,1.0,0.24,6.15,7.3,6.0,0.24,6.15,7.3,6.0,0,0,0,0,0,2
7731,1.0,2009,6.0,3.0,1094.0,2568.0,10,0.32,7.75,7.65,8.5,0.15,7.45,7.45,5.5,0.15,7.45,7.45,5.5,0,0,0,0,0,2
7732,4.0,2005,9.0,9.0,1573.0,2622.0,1,0.42,5.941533923303834,6.313171091445431,50.56199677938808,0.42,6.055781710914458,6.470575221238942,37.569243156199676,0.42,6.052935103244841,6.466165191740415,43.750402576489535,0,0,0,0,0,2
7733,5.0,2008,9.0,26.0,253.0,320.0,4,0.5,5.3,7.12,11.5,0.5,5.3,7.12,11.5,0.5,5.3,7.12,11.5,1,0,0,1,1,2
7734,4.0,2009,8.0,6.0,1325.0,571.0,10,0.25,7.0,7.4,23.0,0.14,4.4,4.6,5.0,0.23,4.4,4.6,5.0,1,0,0,0,0,2
7735,8.0,1996,6.0,285.0,1574.0,2623.0,1,0.0,0.0,0.0,0.0,0.0,0.0,0.0,0.0,0.0,0.0,0.0,0.0,0,0,0,0,0,2
7736,9.0,2001,4.0,6.0,51.0,793.0,4,0.01,2.0,8.1,0.0,0.77,7.2,8.1,16.0,0.56,8.15,8.1,32.0,1,0,1,0,0,2
7737,1.0,2008,9.0,24.0,80.0,2624.0,2,0.01,6.1,6.8,8.0,0.09,5.6,5.85,13.0,0.09,5.6,5.85,13.0,0,0,0,0,0,2
7738,17.0,2012,6.0,132.0,1003.0,1603.0,1,0.14,6.0,5.4,20.0,0.11,6.0,5.4,20.0,0.11,6.0,5.4,20.0,1,0,0,1,0,2
7739,15.0,2010,7.0,9.0,315.0,748.0,2,0.66,8.05,7.85,33.0,1.06,5.8,6.65,220.5,1.06,5.8,6.65,220.5,0,0,0,0,0,2
7740,19.0,2006,2.0,24.0,1575.0,1692.0,3,0.39,6.8,7.2,3.0,0.39,6.8,7.2,3.0,0.39,6.8,7.2,3.0,0,0,0,0,0,2
7741,17.0,2011,11.0,157.0,1576.0,2475.0,6,0.02,9.5,9.15,18.5,0.06,9.5,9.15,18.5,0.06,9.5,9.15,18.5,0,0,0,0,0,2
7742,5.0,2006,4.0,6.0,227.0,2536.0,9,0.04,6.55,6.8,5.0,0.28,6.05,6.4,4.0,0.28,6.05,6.4,4.0,0,0,0,0,1,2
7743,9.0,2002,9.0,286.0,1577.0,2625.0,4,0.18,7.3,6.85,3.0,0.11,7.3,6.85,3.0,0.11,7.3,6.85,3.0,0,0,0,0,0,2
7744,4.0,2009,1.0,15.0,87.0,1539.0,1,0.27,6.06531266560678,6.414785373608896,47.58155002891845,0.27,6.151277159512439,6.537713301536816,45.36119144013881,0.3,6.18789083200847,6.572859035506092,49.094852515905146,0,0,1,0,0,2
7745,13.0,1997,1.0,15.0,103.0,978.0,1,0.31,5.0,8.0,28.0,0.6,5.0,8.0,28.0,0.6,5.0,8.0,28.0,0,0,0,0,0,2
7746,15.0,2015,8.0,8.0,108.0,202.0,12,0.1,5.67,5.6,10.0,0.02,5.67,4.8,10.0,0.17,6.65,7.2,2.0,0,0,0,0,0,2
7747,8.0,1993,6.0,102.0,1578.0,2626.0,1,0.0,0.0,0.0,0.0,0.0,0.0,0.0,0.0,0.0,0.0,0.0,0.0,0,0,0,0,0,2
7748,10.0,2011,6.0,26.0,185.0,37.0,7,0.96,8.6,8.35,532.5,0.5,7.0,6.93,48.0,0.61,5.9,6.8,2.0,1,0,1,0,0,2
7749,6.0,2010,7.0,49.0,538.0,2627.0,9,0.55,6.27,7.55,22.0,0.11,6.0,7.0,2.0,0.11,6.0,7.0,2.0,0,0,0,1,0,2
7750,14.0,2004,9.0,3.0,5.0,596.0,4,0.23,6.63,8.3,62.0,1.28,7.03,7.65,72.0,1.28,7.03,7.65,72.0,0,0,1,0,0,2
7751,7.0,2002,1.0,4.0,395.0,378.0,11,0.33,6.0,5.35,2.0,0.23,5.3,5.35,2.0,0.21,9.1,6.6,2.0,0,0,0,0,0,2
7752,6.0,2011,8.0,287.0,1579.0,2628.0,7,0.03,6.15,7.75,1.0,0.03,6.15,7.75,1.0,0.05,3.6,4.3,1.0,0,0,0,0,0,2
7753,1.0,2011,6.0,29.0,131.0,2629.0,4,0.23,6.37,6.57,8.5,0.35,5.8,4.75,3.0,0.35,5.8,4.75,3.0,0,0,0,0,0,2
7754,4.0,2009,6.0,88.0,1013.0,2630.0,11,0.07,2.5,3.9,6.0,0.07,2.5,3.9,6.0,0.07,2.5,3.9,6.0,0,0,0,0,0,2
7755,4.0,2010,6.0,15.0,87.0,1116.0,2,0.31,7.2,7.65,1.0,0.04,7.2,7.65,1.0,0.14,5.6,5.9,10.0,0,0,1,0,0,2
7756,4.0,2008,4.0,17.0,819.0,1239.0,4,0.42,7.2,7.2,22.0,0.09,7.1,7.4,16.0,0.03,8.0,8.0,24.0,1,0,0,0,0,2
7757,17.0,2005,9.0,6.0,987.0,341.0,12,0.58,7.75,7.65,91.0,0.13,7.75,7.25,1.0,0.24,7.05,7.35,55.0,0,0,0,1,1,2
7758,4.0,2009,7.0,17.0,61.0,1481.0,10,0.02,5.95,7.1,0.0,1.38,5.5,7.2,1.0,0.15,7.5,7.68,13.0,1,0,0,0,1,2
7759,17.0,2009,9.0,5.0,187.0,257.0,4,0.25,6.27,5.5,27.5,0.51,3.85,6.0,1.0,0.25,6.27,5.5,27.5,1,0,0,0,0,2
7760,10.0,2015,9.0,13.0,51.0,763.0,1,3.26,7.0,7.5,13.0,3.89,7.8,8.2,47.0,0.26,7.0,8.3,4.0,0,0,1,0,0,2
7761,4.0,2010,5.0,288.0,1580.0,2631.0,1,0.0,0.0,0.0,0.0,0.0,0.0,0.0,0.0,0.0,0.0,0.0,0.0,1,0,0,0,1,2
7762,8.0,1996,1.0,180.0,1581.0,2632.0,1,0.45,6.074598214285714,6.518080357142857,51.629901960784316,0.45,6.105133928571427,6.627678571428572,32.81127450980392,0.45,6.240669642857141,6.645223214285716,43.85294117647059,1,0,0,0,0,2
7763,5.0,2009,4.0,42.0,1423.0,2341.0,10,0.62,7.5,6.98,104.5,0.06,6.65,7.4,27.0,0.06,6.65,7.4,27.0,1,0,0,0,0,2
7764,4.0,2010,11.0,289.0,898.0,1380.0,8,0.05,6.113035219305398,6.478658079243485,45.62894431036024,0.22,6.1999690200554625,6.577827327572197,44.9646017699115,0.21,6.233516223707835,6.62109571172349,46.39469920443372,0,0,0,0,0,2
7765,10.0,2012,8.0,15.0,1582.0,2201.0,1,0.21,6.072961653015631,6.425969843633651,50.50295255548768,0.21,6.152457185405805,6.543201787043918,48.179596823457544,0.26,6.196662323157107,6.5816586001488995,49.25208715129302,0,0,0,0,0,2
7766,5.0,2006,4.0,17.0,57.0,25.0,4,0.36,7.83,8.55,100.0,0.32,7.25,7.2,34.0,0.32,7.25,7.2,34.0,1,1,1,1,0,2
7767,7.0,2002,4.0,13.0,51.0,793.0,2,0.14,7.63,7.52,32.0,0.14,7.63,7.52,32.0,0.22,7.63,7.52,32.0,1,0,1,0,0,2
7768,12.0,1996,1.0,15.0,1249.0,978.0,1,0.38,8.0,8.0,1.0,0.38,8.0,8.0,1.0,0.28,7.6,7.6,14.0,0,0,1,0,0,2
7769,17.0,2010,9.0,8.0,284.0,733.0,2,0.92,6.93,7.32,204.0,0.14,5.6,5.9,10.0,1.09,7.0,7.28,214.0,0,0,0,0,0,2
7770,6.0,2010,2.0,5.0,1193.0,370.0,1,0.29,6.036517973148549,6.446041576440007,42.41893830703013,0.29,6.13182763100909,6.5621524469467225,36.190578670492584,0.31,6.158211346903418,6.59756604590732,41.083213773314206,0,0,0,0,1,2
7771,6.0,2009,6.0,32.0,71.0,260.0,7,0.32,5.943410404624276,6.483352601156066,61.18867924528302,0.32,6.0577456647398815,6.585260115606936,37.9685534591195,0.32,6.170289017341039,6.621791907514448,51.5188679245283,1,0,0,0,0,2
7772,7.0,2003,12.0,58.0,424.0,939.0,1,0.24,7.0,8.1,5.0,0.1,7.0,8.1,5.0,0.6,7.0,8.4,5.0,1,0,0,0,0,2
7773,13.0,1998,3.0,31.0,1077.0,2633.0,1,0.24,5.8,5.8,13.0,0.22,5.0,5.0,5.0,0.22,5.0,5.0,5.0,0,0,0,0,0,2
7774,23.0,2013,4.0,192.0,161.0,2634.0,4,0.0,0.0,0.0,0.0,0.54,5.33,5.37,151.5,0.54,5.33,5.37,151.5,0,0,0,0,0,2
7775,13.0,1996,7.0,120.0,1583.0,2635.0,1,0.08,6.074598214285714,6.518080357142857,51.629901960784316,0.08,6.105133928571427,6.627678571428572,32.81127450980392,0.08,6.240669642857141,6.645223214285716,43.85294117647059,0,0,0,0,0,2
7776,15.0,2010,12.0,17.0,1114.0,1795.0,3,0.51,7.05,6.35,48.0,0.02,7.3,7.25,7.0,0.09,7.37,7.42,18.5,0,0,0,1,0,2
7777,5.0,2010,6.0,15.0,1584.0,2636.0,11,0.28,6.5,5.8,44.246983408748115,0.28,6.5,5.8,32.7447209653092,0.28,6.5,5.8,36.71266968325792,0,0,0,0,0,2
7778,6.0,2009,7.0,29.0,1506.0,394.0,2,0.23,6.1,7.45,18.0,0.11,6.65,7.55,3.0,0.09,4.0,6.0,1.0,0,0,0,0,0,2
7779,19.0,2002,11.0,1.0,51.0,192.0,8,0.44,8.6,8.3,94.0,0.76,8.25,8.12,79.0,0.1,6.0,6.3,7.0,0,0,1,0,0,2
7780,10.0,2011,9.0,8.0,1029.0,43.0,11,0.37,6.3,6.2,118.5,0.29,6.13,5.9,36.0,0.37,6.3,6.2,118.5,1,1,0,1,0,2
7781,1.0,2008,3.0,88.0,1585.0,2637.0,10,0.09,5.7,9.05,3.5,0.05,6.9,9.05,3.5,0.05,6.9,9.05,3.5,0,0,0,0,0,2
7782,6.0,2008,7.0,22.0,355.0,477.0,2,0.05,5.6,7.45,2.0,0.1,5.6,7.45,2.0,0.1,5.6,7.45,2.0,0,0,0,0,0,2
7783,5.0,2008,10.0,8.0,45.0,2638.0,9,0.35,6.8,7.02,18.0,0.5,7.93,7.87,16.0,0.5,7.93,7.87,16.0,0,0,1,0,0,2
7784,6.0,2012,1.0,3.0,102.0,1028.0,3,0.14,7.07,7.52,87.5,0.16,8.53,7.78,64.5,0.08,6.95,7.4,7.0,0,0,1,0,0,2
7785,4.0,2009,4.0,6.0,1586.0,1934.0,1,0.24,7.0,7.2,154.0,0.24,7.0,7.2,154.0,0.24,7.0,7.2,154.0,0,0,0,0,0,2
7786,1.0,2008,11.0,29.0,967.0,1386.0,10,0.23,4.1,8.4,2.0,0.42,4.1,5.6,2.0,0.14,4.2,4.55,2.0,0,0,0,0,0,2
7787,7.0,2004,3.0,7.0,88.0,580.0,11,1.31,7.2,7.2,50.551418439716315,1.31,7.2,7.2,48.66979557780559,1.31,7.2,7.2,49.56727158948686,0,0,0,0,0,2
7788,7.0,2003,7.0,8.0,312.0,2639.0,9,0.23,8.5,7.6,47.787334469647305,0.07,4.7,2.3,46.592762554084175,0.07,4.7,2.3,47.85302215812246,0,0,0,0,0,2
7789,14.0,2003,9.0,22.0,425.0,773.0,11,0.17,4.0,4.95,2.0,0.53,6.67,8.35,51.0,0.53,6.67,8.35,51.0,1,0,0,0,0,2
7790,10.0,2016,8.0,228.0,1587.0,2640.0,1,0.23,7.55,7.08,11.0,0.23,7.55,7.08,11.0,0.23,7.55,7.08,11.0,0,0,0,1,0,2
7791,1.0,2009,9.0,5.0,783.0,2641.0,11,0.41,7.0,5.25,8.0,0.24,7.0,7.8,8.0,0.24,7.0,7.8,8.0,0,0,0,0,0,2
7792,5.0,2010,11.0,26.0,668.0,2044.0,11,0.29,7.23,7.55,70.0,0.16,3.1,4.0,70.0,0.16,3.1,4.0,70.0,0,0,0,0,0,2
7793,7.0,2004,6.0,11.0,1343.0,1230.0,3,0.21,5.7,5.85,31.0,0.21,5.7,5.85,31.0,0.21,5.7,5.85,31.0,0,0,0,0,0,2
7794,9.0,2002,4.0,26.0,40.0,625.0,1,0.25,7.95,8.1,12.0,3.17,7.95,8.1,12.0,0.81,7.8,8.25,5.0,1,0,1,0,0,2
7795,4.0,2010,9.0,5.0,187.0,1502.0,9,0.24,6.75,7.4,31.0,0.25,5.6,6.7,31.0,0.25,5.6,6.7,31.0,0,0,0,1,0,2
7796,7.0,2003,12.0,8.0,1588.0,706.0,8,1.09,8.6,7.6,0.0,0.08,5.2,7.0,0.0,0.16,6.1,7.0,4.0,0,0,0,0,0,2
7797,6.0,2011,12.0,215.0,474.0,666.0,2,0.08,8.2,7.75,3.0,0.03,8.2,7.75,3.0,0.26,7.45,7.6,25.0,0,0,0,0,1,2
7798,18.0,2013,1.0,8.0,27.0,247.0,11,0.27,7.2,5.0,107.5,0.77,7.15,6.8,3.5,0.24,6.91,6.3,3.5,1,0,1,1,1,2
7799,7.0,2001,7.0,15.0,103.0,1712.0,9,0.16,7.9,7.1,5.0,0.15,7.9,7.1,5.0,0.38,5.77,6.57,10.5,1,0,0,0,1,2
7800,9.0,2001,1.0,31.0,831.0,549.0,3,0.1,7.4,7.55,4.0,0.1,7.4,7.55,4.0,1.05,6.6,7.05,2.0,0,0,0,0,1,2
7801,8.0,1996,1.0,15.0,87.0,1539.0,1,0.25,8.0,8.0,1.0,0.38,8.0,8.0,1.0,0.11,8.0,8.0,1.0,0,0,1,0,0,2
7802,4.0,2010,11.0,15.0,1589.0,1228.0,1,0.21,6.036517973148549,6.446041576440007,42.41893830703013,0.21,6.13182763100909,6.5621524469467225,36.190578670492584,0.08,6.158211346903418,6.59756604590732,41.083213773314206,0,0,0,0,0,2
7803,7.0,2003,1.0,40.0,83.0,2115.0,11,1.46,7.6,5.1,1.0,0.07,7.05,7.5,0.0,0.07,7.05,7.5,0.0,1,0,0,0,0,2
7804,15.0,2013,9.0,6.0,546.0,805.0,8,0.66,8.7,8.67,248.5,0.99,7.6,7.4,89.0,0.99,7.6,7.4,89.0,1,0,1,1,0,2
7805,13.0,1996,12.0,290.0,1590.0,2298.0,1,0.0,0.0,0.0,0.0,0.0,0.0,0.0,0.0,0.0,0.0,0.0,0.0,0,0,0,0,0,2
7806,13.0,1999,10.0,197.0,867.0,1684.0,1,0.07,6.2,7.4,1.0,0.12,6.2,7.3,3.0,0.36,6.2,7.3,3.0,0,0,0,0,0,2
7807,6.0,2013,9.0,26.0,1591.0,2642.0,1,0.22,6.016843832020995,6.3843011811023525,43.64141414141414,0.22,6.091391076115479,6.49972440944881,40.217532467532465,0.1,6.117578740157478,6.52308070866142,43.198232323232325,0,0,0,0,0,2
7808,5.0,2012,9.0,9.0,34.0,1849.0,2,1.19,6.3,6.35,11.0,1.19,6.3,6.35,11.0,1.19,6.3,6.35,11.0,0,0,1,1,0,2
7809,17.0,2009,8.0,12.0,1592.0,1059.0,9,0.7,7.7,7.35,32.0,0.7,7.7,7.35,32.0,0.7,7.7,7.35,32.0,1,0,0,0,0,2
7810,18.0,2015,8.0,103.0,450.0,630.0,1,0.41,8.0,8.0,4.0,0.41,8.0,8.0,4.0,0.41,8.0,8.0,4.0,1,0,0,0,0,2
7811,6.0,2008,8.0,6.0,227.0,946.0,11,0.22,6.33,6.72,17.0,0.25,6.33,6.72,17.0,0.2,6.33,6.73,16.0,1,0,0,0,0,2
7812,4.0,2008,5.0,144.0,1178.0,2643.0,7,0.03,5.5,6.0,1.5,0.04,5.5,6.0,1.5,0.04,5.5,6.0,1.5,0,0,0,0,1,2
7813,1.0,2011,6.0,29.0,120.0,262.0,11,0.24,6.2,6.2,0.0,0.18,6.0,6.0,0.0,0.18,6.0,6.0,0.0,0,0,0,0,0,2
7814,4.0,2006,10.0,26.0,550.0,637.0,2,0.01,6.6,7.3,1.0,0.1,6.6,7.3,1.0,0.14,6.6,6.0,1.0,0,0,0,0,0,2
7815,24.0,1995,8.0,9.0,13.0,2644.0,1,0.23,7.6,7.6,5.0,0.23,7.6,7.6,5.0,0.23,7.6,7.6,5.0,0,0,0,0,1,2
7816,7.0,2008,6.0,4.0,121.0,373.0,1,0.42,4.0,8.0,2.0,0.61,4.0,6.0,1.0,0.61,4.0,6.0,1.0,1,0,0,0,0,2
7817,7.0,2008,6.0,155.0,1139.0,2645.0,5,0.06,7.4,7.8,17.0,0.12,7.3,8.9,2.0,0.12,7.3,8.9,2.0,0,0,0,0,0,2
7818,13.0,1998,10.0,13.0,1593.0,1826.0,1,0.52,7.8,7.8,25.0,0.52,7.8,7.8,25.0,0.34,8.2,8.2,11.0,1,0,0,0,0,2
7819,5.0,2011,9.0,29.0,120.0,392.0,11,0.24,5.3,6.0,1.0,0.1,5.4,6.0,1.0,0.41,5.9,7.7,1.0,0,0,0,0,0,2
7820,7.0,2001,6.0,4.0,71.0,2646.0,11,0.52,7.65,7.6,10.0,0.52,7.65,7.6,10.0,0.52,7.65,7.6,10.0,0,0,0,0,0,2
7821,17.0,2005,2.0,15.0,237.0,2647.0,8,0.15,6.5,6.75,3.0,0.16,7.4,7.65,1.0,0.16,7.4,7.65,1.0,0,0,0,0,0,2
7822,6.0,2009,3.0,29.0,547.0,806.0,11,0.47,6.0,6.82,5.5,0.99,5.9,6.85,3.5,0.99,5.9,6.85,3.5,0,0,0,0,1,2
7823,1.0,2011,4.0,38.0,190.0,540.0,1,0.39,5.0,7.5,76.0,1.78,7.0,7.5,76.0,0.93,6.0,6.0,1.0,1,0,0,0,0,2
7824,9.0,2004,11.0,29.0,568.0,2398.0,11,0.45,4.5,3.5,3.0,0.21,5.7,5.85,31.0,0.21,5.7,5.85,31.0,0,0,0,0,0,2
7825,14.0,2002,1.0,8.0,350.0,31.0,4,0.91,7.2,7.65,5.5,0.01,7.2,5.0,1.0,0.04,7.0,6.3,14.0,0,0,0,0,0,2
7826,23.0,2016,9.0,291.0,1594.0,2648.0,1,0.02,6.139692021200393,6.5099813780261035,46.00420630552716,0.08,6.228947858472998,6.612544764360438,45.91736771758786,0.08,6.258451511244804,6.6494134078212355,47.09733469612391,0,0,0,0,0,2
7827,10.0,2011,6.0,29.0,377.0,392.0,5,0.56,4.93,6.72,35.5,0.11,4.93,3.0,1.0,0.16,4.93,3.0,1.0,0,0,0,0,0,2
7828,7.0,2003,6.0,4.0,1595.0,2649.0,1,0.31,6.1012652384897565,6.454888152444128,47.685338686698614,0.31,6.1868883891584945,6.56346904959172,46.47707550835384,0.31,6.225610131376502,6.600911350455717,47.855459137417434,0,0,0,0,0,2
7829,15.0,2011,3.0,8.0,191.0,1070.0,1,0.44,7.0,6.7,42.0,0.69,7.0,6.7,42.0,0.69,7.0,6.7,42.0,1,1,0,1,0,2
7830,1.0,2009,3.0,6.0,19.0,872.0,10,0.2,4.9,4.8,4.0,0.22,4.9,4.8,4.0,0.05,4.9,4.8,4.0,0,0,1,0,0,2
7831,9.0,2002,11.0,15.0,87.0,112.0,11,0.71,4.4,6.15,2.0,1.3,6.0,7.0,2.0,1.23,3.1,4.7,0.0,1,0,1,0,0,2
7832,14.0,2004,4.0,2.0,460.0,2650.0,7,0.11,8.1,7.3,1.0,0.02,3.55,7.5,0.0,0.02,3.55,7.5,0.0,0,0,0,0,0,2
7833,6.0,2011,9.0,8.0,243.0,2651.0,1,0.33,8.73,8.05,404.0,0.33,5.62,6.28,4.5,0.33,5.62,6.28,4.5,0,0,0,0,0,2
7834,10.0,2012,9.0,5.0,155.0,915.0,1,0.21,5.0,6.7,19.0,0.75,5.0,6.7,19.0,0.75,5.0,6.7,19.0,0,0,0,1,0,2
7835,17.0,2009,11.0,4.0,1596.0,2652.0,1,0.33,6.06531266560678,6.414785373608896,47.58155002891845,0.33,6.151277159512439,6.537713301536816,45.36119144013881,0.33,6.18789083200847,6.572859035506092,49.094852515905146,0,0,0,0,0,2
7836,23.0,2014,4.0,292.0,1430.0,1482.0,2,0.01,6.5,7.15,1.0,0.2,6.5,7.15,1.0,0.07,6.5,5.8,4.0,0,0,0,0,0,2
7837,12.0,1996,7.0,14.0,350.0,2653.0,1,0.94,6.074598214285714,6.518080357142857,51.629901960784316,0.94,6.105133928571427,6.627678571428572,32.81127450980392,0.94,6.240669642857141,6.645223214285716,43.85294117647059,0,0,0,0,0,2
7838,12.0,1997,10.0,14.0,183.0,2654.0,1,0.38,7.0,7.0,1.0,1.74,7.5,7.5,2.0,1.74,7.5,7.5,2.0,0,0,0,0,0,2
7839,12.0,1997,9.0,62.0,1597.0,2655.0,1,0.28,3.0,3.0,49.29562687356727,0.28,3.0,3.0,47.72615059072474,0.28,3.0,3.0,49.20948686298713,0,0,0,0,0,2
7840,12.0,1997,5.0,93.0,478.0,690.0,1,1.15,8.0,8.0,1.0,1.15,8.0,8.0,1.0,1.15,8.0,8.0,1.0,1,0,0,0,0,2
7841,12.0,1996,1.0,161.0,1598.0,2656.0,1,0.07,6.074598214285714,6.518080357142857,51.629901960784316,0.07,6.105133928571427,6.627678571428572,32.81127450980392,0.07,6.240669642857141,6.645223214285716,43.85294117647059,0,0,0,0,0,2
7842,12.0,1998,7.0,14.0,268.0,1496.0,9,0.06,6.131113764153125,6.496428406377603,45.99256065601488,0.06,6.213757991219297,6.594526688746868,45.11391495477217,0.06,6.248050527613048,6.6342001078333315,46.42547975314904,1,0,0,0,0,2
7843,12.0,1999,6.0,223.0,656.0,1333.0,1,0.31,6.0,6.0,1.0,0.12,6.0,6.0,1.0,0.24,6.0,6.0,1.0,0,0,0,0,0,2
7844,10.0,2015,9.0,1.0,323.0,192.0,1,0.23,4.3,5.0,49.0,0.03,4.3,5.0,49.0,3.04,6.0,6.5,49.0,0,0,0,0,0,2
7845,1.0,2009,5.0,293.0,1599.0,2657.0,10,0.0,0.0,0.0,0.0,0.0,0.0,0.0,0.0,0.0,0.0,0.0,0.0,0,0,0,0,0,2
7846,4.0,2008,11.0,26.0,1600.0,2658.0,1,0.24,6.8,6.8,14.0,0.24,6.8,6.8,14.0,0.24,6.8,6.8,14.0,0,0,0,0,0,2
7847,1.0,2009,11.0,6.0,1474.0,2440.0,9,0.22,7.9,7.9,48.85785172212493,0.22,7.9,7.9,47.55465557501459,0.22,7.9,7.9,48.898423817863396,0,0,0,0,0,2
7848,1.0,2011,6.0,8.0,31.0,528.0,11,0.29,6.13,5.9,36.0,0.7,8.2,7.6,27.0,0.25,8.2,7.6,27.0,0,0,0,0,0,2
7849,19.0,2004,9.0,15.0,87.0,110.0,10,0.45,3.9,5.5,0.0,0.07,3.2,3.0,0.0,0.92,4.97,6.65,3.0,0,0,1,0,0,2
7850,15.0,2013,9.0,42.0,157.0,193.0,8,1.3,7.03,6.68,136.5,1.69,7.2,6.98,107.0,1.69,7.2,6.98,107.0,1,0,0,1,0,2
7851,18.0,2013,10.0,6.0,19.0,2659.0,11,0.39,7.5,6.25,15.0,0.39,7.5,6.25,15.0,0.39,7.5,6.25,15.0,0,0,1,0,1,2
7852,7.0,2008,1.0,5.0,1601.0,1277.0,10,0.25,5.65,6.6,15.0,0.25,5.65,6.6,15.0,0.55,5.65,6.6,15.0,0,0,0,0,0,2
7853,9.0,2002,1.0,8.0,499.0,408.0,11,0.59,8.0,7.3,58.0,0.1,6.0,7.3,58.0,0.54,8.7,8.5,58.0,1,0,0,1,1,2
7854,17.0,2010,9.0,132.0,1602.0,2130.0,1,0.17,7.0,6.3,42.41893830703013,0.09,7.0,6.3,36.190578670492584,0.27,7.0,7.5,41.083213773314206,0,0,0,0,0,2
7855,13.0,1996,12.0,52.0,1603.0,2660.0,1,0.24,5.0,5.0,51.629901960784316,0.24,5.0,5.0,32.81127450980392,0.24,5.0,5.0,43.85294117647059,0,0,0,0,0,2
7856,5.0,2011,9.0,8.0,720.0,2109.0,6,0.5,6.0,7.75,109.0,0.41,7.97,7.88,86.5,0.41,7.97,7.88,86.5,0,0,0,1,0,2
7857,15.0,2010,9.0,3.0,102.0,126.0,10,0.42,8.5,7.3,28.5,0.42,8.5,7.3,28.5,0.42,8.5,7.3,28.5,1,0,1,0,1,2
7858,4.0,2008,1.0,9.0,1074.0,2270.0,1,0.24,6.15,7.3,6.0,0.17,7.3,7.1,14.0,0.25,7.3,7.1,14.0,0,0,0,0,0,2
7859,6.0,2011,9.0,49.0,1604.0,2661.0,3,0.39,5.55,7.1,9.0,0.39,5.55,7.1,9.0,0.39,5.55,7.1,9.0,0,0,0,1,0,2
7860,4.0,2010,6.0,29.0,120.0,1045.0,11,0.22,6.2,6.0,1.0,0.22,6.2,6.0,1.0,0.48,6.2,6.8,1.0,0,0,0,0,0,2
7861,7.0,2000,1.0,15.0,813.0,2662.0,9,0.09,5.57,7.15,3.0,0.36,7.35,8.08,14.5,0.36,7.35,8.08,14.5,0,0,1,0,0,2
7862,9.0,2002,4.0,205.0,1605.0,2663.0,12,0.36,6.140388876328281,6.504112593262527,46.100670307845085,0.36,6.2242520159770995,6.600902102645306,45.57816120489904,0.36,6.255484211319628,6.641152309895251,46.971367096987755,1,0,0,0,0,2
7863,7.0,2005,7.0,22.0,355.0,477.0,10,0.09,6.05,6.95,13.0,0.53,5.27,7.37,14.5,0.53,5.27,7.37,14.5,0,0,0,0,0,2
7864,23.0,2013,4.0,160.0,1456.0,2325.0,10,0.55,7.8,7.9,7.0,0.01,4.0,4.8,6.0,0.04,4.0,4.8,6.0,0,0,0,1,0,2
7865,1.0,2006,6.0,26.0,264.0,526.0,5,0.02,4.0,7.6,24.0,0.24,7.25,7.0,24.0,1.45,7.25,7.0,24.0,0,0,0,0,0,2
7866,7.0,2006,6.0,59.0,1606.0,2664.0,1,0.12,6.8,6.8,48.764652014652015,0.12,6.8,6.8,40.60225885225885,0.12,6.8,6.8,45.93101343101343,0,0,0,0,0,2
7867,6.0,2010,1.0,12.0,317.0,1512.0,9,0.09,4.0,4.0,49.51921757035004,0.12,4.0,4.0,47.858499199267904,0.18,4.0,4.0,49.493479752916954,0,0,0,0,0,2
7868,6.0,2010,1.0,6.0,62.0,435.0,10,0.05,5.87,5.42,20.0,0.62,6.2,7.05,91.0,0.23,6.93,6.53,13.5,0,0,1,1,0,2
7869,19.0,2003,9.0,21.0,79.0,756.0,5,0.56,4.35,7.0,1.0,0.07,4.35,8.3,1.0,0.07,4.35,8.3,1.0,0,0,0,0,0,2
7870,11.0,2016,9.0,4.0,153.0,2665.0,1,1.17,8.0,7.7,124.0,3.12,7.4,7.55,974.0,3.12,7.4,7.55,974.0,0,0,0,0,0,2
7871,6.0,2011,1.0,5.0,321.0,422.0,11,0.21,6.0,7.1,5.0,0.21,5.0,7.1,5.0,0.23,5.0,7.1,5.0,0,0,0,0,0,2
7872,1.0,2010,1.0,6.0,62.0,435.0,10,9.52,6.8,7.18,83.0,0.03,6.25,6.55,91.0,0.31,6.6,7.35,1.0,0,0,1,1,0,2
7873,7.0,2007,6.0,8.0,694.0,1392.0,8,0.27,4.49,4.5,2.0,0.22,4.37,5.6,7.5,0.5,4.46,5.62,13.5,0,0,0,0,0,2
7874,7.0,2002,7.0,5.0,1607.0,2666.0,11,0.23,7.25,7.8,76.0,0.23,7.25,7.8,76.0,0.23,7.25,7.8,76.0,0,0,0,0,1,2
7875,7.0,2006,4.0,9.0,55.0,834.0,11,1.18,3.93,5.2,70.5,1.18,3.93,5.2,70.5,0.15,8.15,8.0,37.0,1,0,1,0,0,2
7876,7.0,2002,1.0,11.0,50.0,2667.0,3,1.27,6.75,7.2,21.0,1.56,6.97,6.45,25.5,1.56,6.97,6.45,25.5,0,0,0,0,1,2
7877,23.0,2015,9.0,26.0,438.0,2668.0,6,0.67,9.27,9.07,518.0,0.14,4.0,4.0,1.0,0.14,4.0,4.0,1.0,1,0,0,0,0,2
7878,7.0,2004,9.0,9.0,479.0,347.0,2,0.02,4.1,5.6,13.0,0.04,4.1,5.6,13.0,0.58,5.85,7.95,13.0,1,0,0,0,0,2
7879,4.0,2009,1.0,1.0,707.0,8.0,1,0.44,8.0,7.6,67.0,0.69,5.6,5.45,13.0,0.51,8.15,7.95,74.0,0,0,0,0,0,2
7880,4.0,2010,11.0,289.0,1608.0,2669.0,4,0.05,6.13196643055128,6.497064983061319,46.01039378063208,0.05,6.2144672004927735,6.595193255312639,45.13714720297448,0.05,6.248746535263336,6.634806744687414,46.44710157174244,0,0,0,0,0,2
7881,19.0,2006,2.0,24.0,280.0,88.0,10,0.38,6.65,6.22,9.0,0.09,6.8,7.35,1.0,0.17,4.5,5.2,1.0,0,0,0,0,0,2
7882,16.0,1981,1.0,142.0,1609.0,31.0,1,0.31,6.112886276873627,6.478469961824459,47.1133296460177,0.31,6.1980540486236935,6.574292746634577,45.50840707964602,0.31,6.23059272654211,6.615235081374369,46.38069690265487,0,0,0,0,0,2
7883,1.0,2011,6.0,68.0,938.0,2670.0,10,0.12,3.75,3.75,0.0,0.08,4.8,4.8,0.0,0.08,4.8,4.8,0.0,0,0,0,0,0,2
7884,4.0,2010,5.0,224.0,1067.0,1324.0,10,0.29,6.3,7.3,49.885309852875615,0.31,6.3,7.3,48.07779759251003,0.25,6.3,7.3,49.565425769059296,0,0,0,0,0,2
7885,13.0,1997,12.0,4.0,1610.0,2671.0,1,0.26,7.0,7.0,2.0,0.26,7.0,7.0,2.0,0.08,7.0,7.0,2.0,1,0,0,0,0,2
7886,10.0,2011,8.0,35.0,147.0,2672.0,10,0.07,7.9,8.0,1.0,0.67,7.9,8.0,1.0,0.67,7.9,8.0,1.0,0,0,0,0,0,2
7887,13.0,1999,1.0,76.0,423.0,2673.0,1,0.19,4.3,4.3,4.0,0.31,7.0,7.0,3.0,0.31,7.0,7.0,3.0,0,0,0,0,0,2
7888,21.0,1993,12.0,9.0,375.0,2674.0,1,0.04,8.2,8.2,217.0,0.04,8.2,8.2,217.0,0.04,8.2,8.2,217.0,1,0,0,0,0,2
7889,13.0,1999,1.0,49.0,538.0,2188.0,1,0.04,8.6,8.6,44.05604395604396,1.01,8.6,8.6,34.17912087912088,0.27,8.6,8.6,38.04120879120879,1,0,0,0,0,2
7890,14.0,2004,9.0,8.0,137.0,135.0,6,1.02,6.5,7.5,20.0,1.02,6.5,7.5,20.0,1.02,6.5,7.5,20.0,0,0,1,0,0,2
7891,10.0,2011,3.0,5.0,1029.0,1999.0,11,0.2,4.2,5.4,1.0,0.2,4.2,5.4,1.0,0.24,4.2,5.4,1.0,0,0,0,0,0,2
7892,23.0,2014,4.0,26.0,744.0,939.0,1,0.31,3.0,3.0,1.0,0.31,3.0,3.0,1.0,0.04,3.0,3.0,1.0,0,0,0,0,0,2
7893,4.0,2006,5.0,1.0,1611.0,2675.0,1,0.3,9.2,9.2,11.0,0.3,9.2,9.2,11.0,0.3,9.2,9.2,11.0,0,0,0,0,0,2
7894,5.0,2007,9.0,26.0,524.0,1428.0,11,0.21,5.7,6.5,46.33063646170442,0.13,5.05,4.2,44.32092772384035,0.13,5.05,4.2,47.683791801510246,1,0,0,1,1,2
7895,20.0,2013,6.0,26.0,725.0,981.0,1,0.22,3.0,4.4,5.0,0.22,3.0,4.4,5.0,0.38,3.0,8.0,1.0,1,0,0,0,0,2
7896,7.0,2009,9.0,5.0,229.0,1373.0,3,0.31,4.8,5.25,1.0,0.31,4.8,5.25,1.0,0.31,4.8,5.25,1.0,0,0,0,0,0,2
7897,6.0,2010,11.0,6.0,590.0,870.0,1,0.22,3.0,4.0,3.0,0.21,4.0,3.8,4.0,0.02,5.2,7.0,1.0,0,0,0,0,0,2
7898,13.0,1995,1.0,31.0,263.0,2676.0,1,0.21,7.3,7.3,15.0,2.05,7.3,7.3,15.0,2.05,7.3,7.3,15.0,0,0,0,0,0,2
7899,15.0,2010,4.0,272.0,1612.0,2677.0,10,0.04,8.5,7.8,36.0,0.02,8.5,7.8,36.0,0.06,6.65,7.4,27.0,0,0,0,0,0,2
7900,1.0,2008,9.0,85.0,602.0,2678.0,12,0.06,5.75,5.0,2.0,0.06,5.75,5.0,2.0,0.06,5.75,5.0,2.0,0,0,0,0,0,2
7901,5.0,2012,1.0,12.0,173.0,51.0,2,0.06,4.5,8.5,1.5,0.09,4.5,8.5,1.5,0.59,4.5,4.5,1.5,0,0,0,0,0,2
7902,7.0,2007,1.0,15.0,1271.0,2069.0,1,0.31,6.099566138746374,6.4607807271916755,47.55820785897907,0.31,6.186688601383021,6.564681017176054,46.14738646101114,0.04,6.2206457729199345,6.6001962971225066,47.53813196229649,0,0,0,0,0,2
7903,4.0,2010,5.0,29.0,555.0,884.0,11,0.2,5.5,7.5,0.0,0.3,5.5,7.5,0.0,0.87,7.05,6.15,4.0,0,0,0,0,0,2
7904,1.0,2007,9.0,26.0,185.0,336.0,11,0.17,6.0,8.15,3.0,0.03,6.47,7.78,23.0,1.07,8.3,8.15,96.0,1,0,1,0,0,2
7905,4.0,2004,6.0,1.0,1613.0,1365.0,1,0.25,6.020450067174204,6.385588893864737,47.43754583231484,0.25,6.115846394984316,6.510541871921158,46.20019555120997,0.25,6.16217196596506,6.54954545454544,48.87949156685407,0,0,0,0,0,2
7906,7.0,2005,9.0,4.0,1614.0,1474.0,4,0.1,6.1,7.4,25.5,0.1,6.1,7.4,25.5,0.46,7.83,7.35,25.5,0,0,0,0,0,2
7907,8.0,1993,8.0,242.0,1398.0,2300.0,1,0.0,0.0,0.0,0.0,0.0,0.0,0.0,0.0,0.0,0.0,0.0,0.0,0,0,0,0,0,2
7908,15.0,2011,3.0,36.0,130.0,159.0,9,1.22,8.23,7.53,106.0,1.22,8.23,7.53,106.0,1.22,8.23,7.53,106.0,0,0,0,0,1,2
7909,4.0,2010,6.0,69.0,591.0,861.0,1,0.82,3.95,3.95,42.41893830703013,0.82,3.95,3.95,36.190578670492584,0.32,3.95,3.95,41.083213773314206,0,0,0,0,0,2
7910,6.0,2013,12.0,49.0,1556.0,1160.0,1,0.65,7.63,7.4,90.0,0.65,7.63,7.4,90.0,0.02,7.63,7.4,90.0,0,0,0,0,0,2
7911,1.0,2010,11.0,294.0,1142.0,2679.0,1,0.0,0.0,0.0,0.0,0.33,0.0,6.0,1.0,0.33,0.0,6.0,1.0,0,0,0,0,0,2
7912,1.0,2009,9.0,26.0,396.0,2680.0,5,0.1,2.9,1.5,0.0,0.1,7.0,8.0,0.0,0.1,7.0,8.0,0.0,0,0,0,0,0,2
7913,1.0,2011,6.0,127.0,1615.0,2681.0,9,0.08,6.067762359063304,6.406916738941901,49.94059640265068,0.03,6.146775079502746,6.521676785198052,48.186573051435786,0.03,6.193820468343437,6.562677074298944,49.52627011675607,0,0,0,0,0,2
7914,4.0,2007,11.0,54.0,1616.0,2682.0,9,0.02,6.064948030634569,6.415265317286644,47.74484613086346,0.02,6.151427789934339,6.535451312910269,44.120854496564085,0.02,6.183933260393863,6.568099015317286,48.0920227069017,1,0,0,0,0,2
7915,6.0,2008,11.0,33.0,249.0,1166.0,11,0.26,6.044421151439289,6.38992177722153,48.44426425401161,0.26,6.126584793491856,6.504150500625782,46.782946398088086,0.26,6.170384856070071,6.544500938673344,48.1357972004097,0,0,0,0,0,2
7916,11.0,2014,6.0,16.0,93.0,373.0,10,1.67,4.7,6.25,28.0,0.45,5.97,7.0,5.5,0.46,6.0,6.0,1.0,0,0,0,0,0,2
7917,1.0,2010,1.0,75.0,1013.0,2683.0,10,0.03,6.057083503054985,6.415594704684301,49.885309852875615,0.04,6.142910386965374,6.540040733197534,48.07779759251003,0.04,6.1904786150712745,6.577492871690405,49.565425769059296,0,0,0,0,0,2
7918,23.0,2015,9.0,26.0,744.0,939.0,1,0.59,7.5,7.5,4.0,0.59,7.5,7.5,4.0,0.23,7.5,7.5,4.0,0,0,0,0,0,2
7919,1.0,2007,11.0,26.0,672.0,1207.0,1,0.22,7.0,7.0,1.0,0.74,8.2,8.2,30.0,0.02,6.1,6.1,15.0,0,0,0,0,0,2
7920,1.0,2010,1.0,183.0,1617.0,1549.0,11,0.28,5.3,5.3,3.0,0.15,5.3,5.3,3.0,0.44,5.3,5.3,3.0,0,0,0,0,0,2
7921,9.0,2005,2.0,24.0,47.0,2684.0,1,0.14,6.4,6.6,2.0,0.12,7.6,7.6,2.0,0.12,7.6,7.6,2.0,0,0,0,0,0,2
7922,5.0,2011,7.0,59.0,779.0,1760.0,7,0.27,4.77,6.12,22.0,0.13,4.77,6.12,22.0,0.02,6.0,7.1,28.0,1,0,0,0,0,2
7923,4.0,2007,6.0,1.0,1618.0,2685.0,1,0.27,6.099566138746374,6.4607807271916755,47.55820785897907,0.27,6.186688601383021,6.564681017176054,46.14738646101114,0.27,6.2206457729199345,6.6001962971225066,47.53813196229649,0,0,0,0,0,2
7924,5.0,2006,8.0,6.0,506.0,2210.0,12,0.07,4.9,5.6,8.0,0.03,6.95,6.6,8.0,0.06,5.6,7.22,5.0,0,0,0,0,0,2
7925,13.0,1994,8.0,295.0,67.0,1819.0,1,0.0,0.0,0.0,0.0,0.0,0.0,0.0,0.0,0.0,0.0,0.0,0.0,0,0,0,0,0,2
7926,1.0,2007,9.0,33.0,1619.0,2686.0,3,0.04,7.4,6.3,2.0,0.04,7.4,6.3,2.0,0.04,7.4,6.3,2.0,0,0,0,0,0,2
7927,15.0,2008,7.0,5.0,11.0,16.0,11,0.23,5.8,6.6,405.5,7.37,7.13,7.35,405.5,1.97,7.1,7.33,167.5,1,0,1,1,0,2
7928,6.0,2012,1.0,15.0,1271.0,2069.0,1,0.2,8.0,8.0,1.0,0.2,8.0,8.0,1.0,0.07,8.0,8.0,1.0,0,0,0,0,0,2
7929,10.0,2013,6.0,26.0,1620.0,2687.0,1,0.19,5.7,5.7,3.0,0.19,5.7,5.7,3.0,0.19,5.7,5.7,3.0,0,0,0,0,0,2
7930,24.0,1995,6.0,273.0,1621.0,2688.0,1,0.0,0.0,0.0,0.0,0.0,0.0,0.0,0.0,0.0,0.0,0.0,0.0,0,0,0,0,0,2
7932,5.0,2012,1.0,8.0,27.0,2321.0,2,0.31,7.55,6.9,108.0,0.83,8.2,5.8,108.0,0.83,8.2,5.8,108.0,0,0,1,0,0,2
7933,4.0,2009,9.0,15.0,1276.0,2076.0,1,0.26,6.06531266560678,6.414785373608896,47.58155002891845,0.26,6.151277159512439,6.537713301536816,45.36119144013881,0.29,6.18789083200847,6.572859035506092,49.094852515905146,0,0,0,0,0,2
7934,9.0,2002,9.0,24.0,377.0,1388.0,3,0.6,8.73,8.87,150.5,1.22,8.73,7.0,1.0,0.5,4.4,6.6,1.0,0,0,0,0,0,2
7935,13.0,1996,2.0,76.0,1623.0,2690.0,1,0.0,0.0,0.0,0.0,0.0,0.0,0.0,0.0,0.0,0.0,0.0,0.0,1,0,0,0,0,2
7936,10.0,2011,1.0,228.0,669.0,620.0,6,0.13,8.2,8.2,5.0,0.05,8.2,8.2,5.0,0.05,8.2,8.2,5.0,0,0,0,0,0,2
7937,7.0,2000,1.0,4.0,395.0,378.0,12,0.31,6.3,6.15,2.0,0.27,7.1,6.15,2.0,0.7,3.0,6.15,2.0,0,0,0,0,0,2
7938,4.0,2010,8.0,12.0,958.0,2691.0,10,0.05,3.6,5.67,7.0,0.06,3.6,5.67,7.0,0.06,3.6,5.67,7.0,0,0,0,0,0,2
7939,7.0,2003,12.0,13.0,1624.0,2692.0,11,0.62,9.3,8.3,48.97781824201291,0.62,9.3,8.3,47.036252276113224,0.62,9.3,8.3,48.732577387849695,0,0,0,0,0,2
7940,8.0,1994,12.0,26.0,1625.0,2693.0,1,0.31,6.060073064770927,6.419377962085287,50.71839204668252,0.31,6.1445201421800935,6.542274881516566,48.91938621136806,0.31,6.189670221169031,6.580169826224309,49.949751458828615,0,0,0,0,0,2
7941,7.0,2003,7.0,141.0,1497.0,2388.0,4,0.67,5.97,8.17,4.5,0.21,5.8,6.6,2.0,0.06,7.0,7.1,11.0,1,0,0,0,0,2
7942,9.0,2001,9.0,5.0,1626.0,2462.0,11,0.63,7.4,7.3,48.0,0.63,7.4,7.3,48.0,0.22,7.4,6.7,3.0,0,0,0,0,0,2
7943,1.0,2009,3.0,13.0,1627.0,1686.0,1,0.26,6.06531266560678,6.414785373608896,47.58155002891845,0.26,6.151277159512439,6.537713301536816,45.36119144013881,0.26,6.18789083200847,6.572859035506092,49.094852515905146,0,0,0,0,1,2
7944,14.0,2002,3.0,9.0,1034.0,2694.0,9,0.1,7.3,7.85,53.0,0.14,6.25,6.85,3.0,0.13,6.7,6.6,15.0,0,0,0,1,0,2
7945,7.0,2005,9.0,5.0,280.0,669.0,10,0.29,6.7,7.5,8.0,0.04,5.5,7.5,8.0,0.11,5.45,8.6,2.0,0,0,0,0,0,2
7946,4.0,2008,10.0,29.0,111.0,627.0,11,0.28,6.27,6.1,28.0,1.58,6.27,6.1,28.0,1.58,6.27,6.1,28.0,0,0,0,0,0,2
7947,10.0,2013,9.0,15.0,87.0,102.0,1,0.2,7.5,9.0,1.0,0.09,7.5,6.73,71.0,0.1,7.25,6.2,16.5,0,1,1,1,0,2
7948,7.0,2006,9.0,49.0,253.0,559.0,3,0.01,5.7,7.3,3.0,0.57,5.7,7.3,3.0,0.45,7.2,8.7,3.0,0,0,0,0,0,2
7949,14.0,2002,9.0,22.0,425.0,773.0,3,0.22,6.45,5.25,1.0,0.15,6.25,7.4,0.0,0.55,7.83,8.07,55.0,0,0,0,0,0,2
7950,6.0,2009,7.0,5.0,321.0,2695.0,11,0.23,5.945329457364344,6.3206201550387675,32.76409185803758,0.1,6.042635658914737,6.440271317829467,23.798538622129435,0.1,6.047189922480624,6.441937984496127,28.856993736951985,0,0,0,0,0,2
7951,7.0,2007,1.0,9.0,34.0,1302.0,1,0.09,5.5,5.95,19.0,2.27,7.2,5.95,19.0,0.36,7.2,5.95,19.0,0,0,1,0,0,2
7952,14.0,2003,1.0,8.0,1628.0,135.0,1,1.33,7.35,7.0,34.0,1.33,7.35,7.0,34.0,0.36,7.35,7.0,34.0,0,0,0,0,0,2
7953,18.0,2014,6.0,2.0,71.0,2696.0,9,1.36,5.5,6.57,351.0,2.04,8.3,7.75,7.0,2.04,8.3,7.75,7.0,1,0,0,1,0,2
7954,17.0,2012,4.0,38.0,190.0,1663.0,1,0.19,7.0,6.8,47.0,0.01,7.0,6.8,47.0,0.22,7.0,7.0,1.0,0,0,0,0,0,2
7955,4.0,2006,4.0,1.0,677.0,2167.0,1,0.25,6.0,6.7,20.0,0.74,7.6,7.65,81.0,0.27,7.6,7.65,81.0,0,0,0,0,0,2
7956,20.0,2012,10.0,26.0,323.0,44.0,9,0.88,8.07,8.07,121.0,0.82,7.67,8.17,105.0,0.88,8.07,8.07,121.0,1,0,0,1,1,2
7957,1.0,2009,3.0,5.0,1016.0,747.0,11,0.19,3.6,3.75,2.0,0.3,3.6,3.75,2.0,0.17,3.6,5.8,4.5,0,0,0,0,0,2
7958,1.0,2007,9.0,59.0,1144.0,2697.0,9,0.02,6.0,6.0,47.74484613086346,0.02,6.0,6.0,44.120854496564085,0.02,6.0,6.0,48.0920227069017,0,0,0,0,0,2
7959,7.0,2002,4.0,49.0,819.0,2698.0,5,0.13,6.064746872272319,6.403779458830382,50.12277777777778,0.21,6.144208612161762,6.518444864707609,48.375238095238096,0.21,6.191741344195502,6.5603884201338465,49.76777777777778,0,0,0,0,0,2
7960,23.0,2014,4.0,9.0,1247.0,834.0,1,0.01,7.47,8.18,115.0,0.22,7.47,7.0,1.0,0.37,7.47,8.5,2.0,1,0,0,0,0,2
7961,5.0,2010,3.0,201.0,1040.0,2288.0,6,0.03,7.05,7.22,11.0,0.01,7.05,7.22,11.0,0.02,7.05,7.22,11.0,0,0,0,0,0,2
7962,17.0,2005,9.0,49.0,253.0,559.0,3,0.45,7.2,8.7,2.0,0.32,6.55,8.05,2.0,0.07,6.55,6.5,4.0,0,0,0,0,0,2
7963,14.0,2006,1.0,8.0,122.0,454.0,10,0.3,5.9,7.0,10.0,0.5,7.37,8.65,1.5,0.48,7.33,6.9,0.5,0,0,1,0,1,2
7964,5.0,2007,7.0,6.0,225.0,867.0,9,0.11,3.45,6.2,0.0,0.01,6.57,7.1,53.5,0.01,6.57,7.1,53.5,1,0,0,0,0,2
7965,14.0,2002,6.0,2.0,258.0,4.0,1,2.1,7.0,7.6,18.0,0.81,7.0,8.0,1.0,0.29,7.0,7.0,1.0,0,0,0,0,0,2
7966,4.0,2007,11.0,40.0,747.0,2699.0,10,0.3,7.4,7.28,66.0,0.64,7.4,8.0,66.0,0.64,7.4,8.0,66.0,0,0,0,0,0,2
7967,7.0,2003,4.0,77.0,498.0,593.0,11,0.43,6.2,8.1,0.0,0.43,6.2,8.1,0.0,0.43,6.2,8.1,0.0,0,0,0,0,0,2
7968,5.0,2011,1.0,5.0,321.0,422.0,11,0.19,6.0,7.0,5.0,0.21,6.0,7.1,5.0,0.21,6.0,7.1,5.0,0,0,0,0,0,2
7969,5.0,2008,1.0,40.0,210.0,444.0,4,0.06,7.4,7.8,66.0,0.3,7.4,7.28,66.0,0.47,6.9,8.6,66.0,0,0,0,0,1,2
7970,17.0,2011,10.0,29.0,120.0,1594.0,4,0.2,6.27,6.53,13.0,0.23,6.37,6.57,8.5,0.23,6.37,6.57,8.5,0,0,0,1,0,2
7971,13.0,1997,9.0,26.0,579.0,2700.0,1,0.27,6.042070079121586,6.394020668496688,49.29562687356727,0.14,6.127673179396085,6.510931697077347,47.72615059072474,0.14,6.172315517519764,6.551114161149683,49.20948686298713,0,0,0,0,0,2
7972,22.0,2001,4.0,9.0,55.0,834.0,9,0.07,7.6,7.8,34.0,0.12,7.95,8.0,129.0,0.2,8.45,8.2,49.0,1,0,1,0,0,2
7973,6.0,2011,8.0,4.0,299.0,138.0,11,0.29,5.55,5.95,1.0,0.53,6.25,5.95,2.0,0.99,6.83,6.88,39.0,0,0,0,1,0,2
7974,15.0,2011,9.0,20.0,428.0,169.0,11,0.27,5.65,6.65,21.0,0.86,5.65,6.55,40.0,0.86,5.65,6.55,40.0,0,0,0,0,0,2
7975,6.0,2010,1.0,3.0,102.0,1028.0,3,0.27,5.3,5.3,46.59712738403579,0.27,5.3,5.3,45.16023075111843,0.27,5.3,5.3,46.507829055804095,0,0,1,0,0,2
7976,7.0,2004,10.0,24.0,300.0,2701.0,11,0.64,5.75,7.1,22.0,0.64,5.75,7.1,22.0,0.64,5.75,7.1,22.0,0,0,0,0,0,2
7977,4.0,2010,11.0,26.0,1629.0,531.0,10,0.55,7.4,7.5,197.5,0.55,7.4,7.5,197.5,0.54,2.0,7.5,0.0,0,0,0,0,0,2
7978,5.0,2012,7.0,8.0,721.0,2702.0,2,0.24,6.15,5.85,3.0,0.25,7.33,7.68,43.5,0.06,5.25,6.17,38.5,1,0,0,0,0,2
7979,1.0,2009,8.0,15.0,87.0,297.0,4,0.17,7.4,7.3,5.0,0.04,7.4,8.5,2.0,1.6,6.9,6.8,2.0,1,0,1,0,0,2
7980,5.0,2010,1.0,6.0,1318.0,2309.0,6,1.05,4.8,3.3,1.0,0.13,4.7,5.9,1.0,0.13,4.7,5.9,1.0,0,0,1,0,0,2
7981,7.0,2004,8.0,12.0,646.0,857.0,10,0.03,7.1,5.55,2.0,0.79,7.9,8.5,2.0,0.59,7.55,7.85,1.0,1,0,0,0,0,2
7982,9.0,2003,1.0,181.0,1630.0,2703.0,1,0.05,4.7,6.25,1.5,0.05,4.7,6.25,1.5,0.05,4.7,6.25,1.5,0,0,0,0,0,2
7983,4.0,2010,9.0,29.0,120.0,1386.0,6,0.23,4.6,7.3,49.04950405770965,0.23,4.6,7.3,47.05843101893598,0.13,6.5,7.3,48.10054102795311,0,0,0,0,0,2
7984,4.0,2006,8.0,6.0,19.0,214.0,12,0.46,6.5,8.3,9.0,0.1,6.5,8.35,9.0,0.1,6.5,8.35,9.0,0,0,1,0,0,2
7985,7.0,2003,4.0,11.0,385.0,604.0,1,0.32,6.0,7.0,40.0,0.46,7.0,7.1,12.0,0.68,6.8,7.3,14.0,1,0,0,0,0,2
7986,14.0,2005,7.0,3.0,853.0,2704.0,4,0.74,6.87,7.35,8.0,0.74,6.87,7.35,8.0,0.74,6.87,7.35,8.0,1,0,0,0,0,2
7987,11.0,2014,3.0,270.0,1040.0,1686.0,6,0.0,0.0,0.0,0.0,0.21,5.9,5.25,5.0,0.17,6.9,6.82,20.0,0,0,0,0,1,2
7988,14.0,2003,9.0,18.0,135.0,167.0,2,0.26,6.7,7.8,9.0,0.23,7.45,7.4,9.0,0.23,7.45,7.4,9.0,0,0,0,0,0,2
7989,1.0,2007,1.0,8.0,45.0,247.0,10,0.37,6.05,7.1,7.0,0.52,6.66,4.65,21.0,0.52,6.66,4.65,21.0,1,0,1,0,1,2
7990,7.0,2003,9.0,24.0,131.0,2705.0,8,0.13,7.9,7.9,6.0,0.69,7.35,7.25,34.0,0.03,4.4,8.8,34.0,0,0,0,0,0,2
7991,17.0,2009,4.0,71.0,432.0,2706.0,10,0.61,8.05,8.15,298.0,0.04,4.7,5.0,7.0,0.04,4.7,5.0,7.0,0,0,0,0,0,2
7992,5.0,2008,6.0,32.0,71.0,260.0,11,0.24,4.8,4.8,4.0,0.24,4.8,4.8,4.0,0.24,4.8,4.8,4.0,1,0,0,0,0,2
7993,13.0,2000,1.0,261.0,669.0,620.0,1,0.23,6.1,6.0,1.0,0.23,6.1,6.65,2.0,1.25,6.1,6.65,2.0,0,0,0,0,0,2
7994,1.0,2009,9.0,3.0,96.0,2707.0,11,0.08,5.945329457364344,6.3206201550387675,32.76409185803758,0.17,6.042635658914737,6.440271317829467,23.798538622129435,0.17,6.047189922480624,6.441937984496127,28.856993736951985,0,0,0,0,0,2
7995,23.0,2013,11.0,17.0,590.0,942.0,1,0.4,9.0,8.2,428.0,0.75,9.0,8.2,428.0,0.75,9.0,8.2,428.0,0,0,0,0,0,2
7996,14.0,2002,2.0,8.0,280.0,669.0,9,0.27,5.95,7.9,3.0,1.17,6.0,8.25,3.0,1.17,6.0,8.25,3.0,0,0,0,0,0,2
7997,24.0,1997,10.0,49.0,1631.0,395.0,1,0.27,6.042070079121586,6.394020668496688,49.29562687356727,0.27,6.127673179396085,6.510931697077347,47.72615059072474,0.27,6.172315517519764,6.551114161149683,49.20948686298713,1,0,0,0,0,2
7998,7.0,2000,3.0,8.0,1632.0,2708.0,1,0.56,6.080184531886015,6.4249240162822545,49.17336199229173,0.56,6.164715061058349,6.539900949796512,47.802772013044766,0.56,6.208497964721839,6.582871099050231,49.20360213459828,0,0,0,0,0,2
7999,7.0,2003,11.0,4.0,334.0,2098.0,4,0.07,6.1,7.15,9.0,0.47,9.0,8.65,234.0,0.47,9.0,8.65,234.0,0,0,0,0,0,2
8000,4.0,2005,9.0,33.0,245.0,1099.0,11,0.28,5.55,5.25,4.0,0.67,5.3,5.5,4.0,0.28,5.55,5.25,4.0,0,0,0,0,0,2
8001,14.0,2005,7.0,40.0,330.0,1758.0,3,0.41,5.5,7.5,0.0,0.02,7.0,7.3,84.0,0.36,3.5,7.1,0.0,0,0,0,0,0,2
8002,1.0,2009,9.0,12.0,533.0,637.0,11,1.75,5.75,4.95,1.0,0.39,6.6,7.35,5.0,0.38,6.1,6.7,8.0,0,0,0,0,0,2
8003,11.0,2014,9.0,49.0,253.0,320.0,2,0.04,7.0,6.9,18.0,0.05,7.0,6.9,18.0,0.61,6.27,7.73,44.5,1,0,0,1,1,2
8004,9.0,2005,12.0,58.0,744.0,939.0,1,0.59,6.0,8.4,7.0,0.59,6.0,8.4,7.0,0.5,6.0,7.5,4.0,1,0,0,0,0,2
8005,15.0,2015,7.0,3.0,564.0,828.0,2,0.95,7.03,5.78,39.5,0.95,7.03,5.78,39.5,0.95,7.03,5.78,39.5,0,0,0,1,0,2
8006,4.0,2007,1.0,168.0,1633.0,2709.0,1,0.02,6.099566138746374,6.4607807271916755,47.55820785897907,0.02,6.186688601383021,6.564681017176054,46.14738646101114,0.02,6.2206457729199345,6.6001962971225066,47.53813196229649,0,0,0,0,0,2
8007,7.0,2007,4.0,134.0,901.0,2346.0,1,0.04,4.0,5.8,6.0,0.04,4.0,5.4,8.0,0.1,6.55,7.4,20.0,1,0,0,0,0,2
8008,1.0,2011,2.0,29.0,552.0,814.0,2,0.21,6.97,6.93,20.5,0.38,4.47,6.2,5.5,0.97,7.73,7.55,60.5,0,0,0,1,0,2
8009,5.0,2010,6.0,2.0,652.0,954.0,3,0.14,5.0,6.3,4.0,0.56,7.0,7.1,5.0,0.56,7.0,7.1,5.0,0,0,0,0,0,2
8010,13.0,2000,9.0,286.0,656.0,917.0,1,0.0,0.0,0.0,0.0,0.19,0.0,0.0,0.0,0.83,0.0,0.0,0.0,0,0,0,0,0,2
8011,15.0,2009,7.0,3.0,127.0,157.0,10,0.26,8.3,7.13,483.5,3.44,8.3,7.13,483.5,3.44,8.3,7.13,483.5,1,0,0,0,0,2
8012,9.0,2001,11.0,15.0,87.0,787.0,11,1.23,3.1,4.7,0.0,0.13,6.95,6.7,14.0,0.28,6.95,4.0,1.0,0,0,1,0,0,2
8013,4.0,2009,9.0,5.0,783.0,2641.0,11,0.19,6.5,7.63,7.5,0.23,6.5,7.63,7.5,0.23,6.5,7.63,7.5,0,0,0,0,0,2
8014,17.0,2009,9.0,11.0,602.0,248.0,10,0.41,5.5,6.05,6.0,0.11,4.5,6.1,6.0,0.43,6.4,7.2,6.0,0,0,0,0,0,2
8015,3.0,1991,12.0,1.0,1634.0,1057.0,1,0.28,6.9,6.9,16.0,0.28,6.9,6.9,16.0,0.28,6.9,6.9,16.0,0,0,0,0,0,2
8016,7.0,2003,6.0,4.0,71.0,2646.0,3,0.43,7.15,7.8,17.0,0.19,8.3,8.05,2.0,0.19,8.3,8.05,2.0,0,0,0,1,0,2
8017,1.0,2008,11.0,11.0,1140.0,1409.0,6,0.49,5.9,6.7,120.0,0.07,6.83,7.88,61.5,0.16,7.52,7.55,47.0,1,0,0,0,0,2
8018,15.0,2009,12.0,29.0,1635.0,1772.0,1,0.23,8.77,8.68,186.0,0.23,8.77,8.68,186.0,0.05,8.77,8.68,186.0,0,0,0,1,0,2
8019,18.0,2014,6.0,6.0,62.0,2710.0,11,0.62,7.33,6.85,191.5,0.98,7.0,7.45,89.0,0.98,7.0,7.45,89.0,0,0,1,0,0,2
8020,14.0,2005,4.0,40.0,210.0,682.0,12,0.02,5.6,7.7,1.0,0.07,6.5,6.5,1.0,0.17,5.2,7.15,7.0,1,0,0,0,0,2
8021,14.0,2001,7.0,15.0,576.0,2711.0,11,0.36,5.6,4.52,4.0,0.36,5.6,4.52,4.0,0.36,5.6,4.52,4.0,0,0,0,0,0,2
8022,1.0,2010,8.0,54.0,400.0,1991.0,5,0.07,7.95,7.9,85.0,0.63,7.95,7.9,85.0,0.3,6.85,7.55,22.0,0,0,0,0,0,2
8023,14.0,2002,6.0,53.0,605.0,272.0,10,0.45,8.5,8.5,3.0,0.51,3.7,7.58,3.0,0.22,3.7,7.58,3.0,0,0,0,0,0,2
8024,13.0,2001,9.0,22.0,1636.0,1034.0,2,0.13,5.75,6.7,2.0,0.13,5.75,6.7,2.0,0.13,5.75,6.7,2.0,0,0,0,1,0,2
8025,6.0,2010,9.0,5.0,810.0,1317.0,3,0.54,5.5,8.5,46.59712738403579,0.5,7.8,7.9,45.16023075111843,0.5,7.8,7.9,46.507829055804095,0,0,0,0,0,2
8026,5.0,2013,9.0,13.0,1068.0,1783.0,6,0.03,8.0,7.4,172.0,0.35,7.07,7.17,172.0,0.35,7.07,7.17,172.0,0,0,0,0,0,2
8027,12.0,1999,1.0,15.0,87.0,978.0,1,0.25,9.1,5.4,5.0,0.42,9.1,5.4,5.0,0.58,9.1,7.5,2.0,1,0,1,0,1,2
8028,26.0,1999,4.0,26.0,1637.0,2712.0,1,0.33,5.9864729458917845,6.425400801603205,44.05604395604396,0.33,6.120961923847696,6.589959919839676,34.17912087912088,0.33,6.162114228456913,6.618947895791575,38.04120879120879,0,0,0,0,0,2
8029,13.0,1997,2.0,4.0,40.0,1860.0,1,0.24,5.0,5.0,49.29562687356727,1.68,5.0,5.0,47.72615059072474,1.68,5.0,5.0,49.20948686298713,1,0,1,0,0,2
8030,7.0,2004,7.0,222.0,1638.0,2713.0,10,0.07,4.7,6.0,1.0,0.11,6.4,5.9,1.0,0.02,7.0,7.7,3.0,0,0,0,0,0,2
8031,5.0,2013,9.0,17.0,165.0,204.0,1,0.22,7.1,7.65,11.0,0.25,7.8,7.27,340.5,0.25,7.8,7.27,340.5,1,0,0,1,0,2
8032,9.0,2002,6.0,11.0,98.0,2714.0,3,1.32,8.9,7.83,3.0,2.23,6.7,6.3,2.0,0.18,6.7,5.5,2.0,0,0,0,0,0,2
8033,7.0,2008,1.0,241.0,441.0,2162.0,7,0.02,4.0,7.0,3.0,0.27,4.0,7.0,3.0,0.27,4.0,7.0,3.0,0,0,0,0,0,2
8034,15.0,2011,3.0,6.0,322.0,59.0,9,0.98,7.63,7.55,164.0,0.98,7.63,7.55,164.0,0.98,7.63,7.55,164.0,1,0,1,1,0,2
8035,17.0,2005,12.0,15.0,56.0,2715.0,1,0.45,5.941533923303834,6.313171091445431,50.56199677938808,0.07,6.055781710914458,6.470575221238942,37.569243156199676,0.07,6.052935103244841,6.466165191740415,43.750402576489535,1,1,0,0,0,2
8036,10.0,2012,6.0,9.0,1356.0,1623.0,1,0.2,7.5,7.5,2.0,0.2,7.5,7.5,2.0,0.41,8.2,8.2,11.0,0,0,0,1,0,2
8037,1.0,2008,6.0,9.0,1000.0,2716.0,6,0.27,5.5,6.9,1.0,0.27,5.5,6.9,1.0,0.27,5.5,6.9,1.0,0,0,0,0,0,2
8038,7.0,2009,9.0,5.0,245.0,257.0,4,0.2,6.33,7.0,26.5,0.75,5.5,4.4,26.5,0.2,6.33,7.0,26.5,1,0,0,0,0,2
8039,17.0,2005,6.0,4.0,1639.0,2717.0,1,0.31,5.941533923303834,6.313171091445431,50.56199677938808,0.31,6.055781710914458,6.470575221238942,37.569243156199676,0.31,6.052935103244841,6.466165191740415,43.750402576489535,0,0,0,0,0,2
8040,1.0,2011,6.0,5.0,1560.0,422.0,11,0.19,2.75,4.05,5.0,0.06,2.75,4.05,5.0,0.19,6.0,7.0,5.0,0,0,0,0,0,2
8041,10.0,2016,9.0,20.0,234.0,488.0,1,0.23,6.95,8.05,7.0,0.23,6.95,8.05,7.0,0.23,6.95,8.05,7.0,0,0,0,0,0,2
8042,19.0,2002,10.0,5.0,961.0,1478.0,3,0.55,8.55,7.45,44.0,0.45,7.6,7.1,4.0,0.46,7.6,7.1,14.0,1,0,0,0,1,2
8043,4.0,2005,9.0,5.0,336.0,370.0,11,0.24,6.63,6.43,10.0,0.09,7.1,3.75,1.0,0.5,5.6,5.63,6.0,0,0,0,0,1,2
8044,1.0,2011,6.0,127.0,1245.0,959.0,4,0.36,6.111575088557536,6.478222258835207,45.63841705818576,0.36,6.200204300189496,6.578481753027477,44.933727864112754,0.36,6.230639261883208,6.619710025537549,46.24972894831948,0,0,0,0,0,2
8045,8.0,1993,1.0,13.0,637.0,500.0,1,1.02,6.7,6.7,17.0,1.02,6.7,6.7,17.0,0.79,7.0,7.0,12.0,1,0,0,0,0,2
8046,5.0,2008,9.0,33.0,60.0,1099.0,5,0.36,5.15,6.45,2.0,0.04,4.57,6.3,5.5,0.36,5.15,6.45,2.0,0,0,1,0,0,2
8047,4.0,2011,8.0,5.0,321.0,781.0,3,0.3,6.2,5.55,1.0,0.13,5.0,7.7,3.0,0.55,5.0,7.7,3.0,0,0,0,0,0,2
8048,1.0,2010,6.0,6.0,19.0,340.0,1,0.2,6.15,6.4,19.0,0.09,6.15,6.4,19.0,2.04,6.15,6.4,19.0,0,0,1,0,0,2
8049,6.0,2009,4.0,134.0,901.0,2718.0,6,0.01,5.8,5.8,19.0,0.5,5.8,5.8,19.0,0.5,5.8,5.8,19.0,0,0,0,0,0,2
8050,4.0,2010,5.0,297.0,1640.0,2719.0,7,0.02,6.086815962640629,6.455453194650883,47.32059820072438,0.02,6.170509445977519,6.554130757800957,45.544572964131326,0.02,6.20626618552326,6.5915039269794615,46.67864236476224,0,0,0,0,0,2
8051,19.0,2006,1.0,8.0,27.0,31.0,1,0.28,7.0,6.5,14.0,0.54,7.0,6.5,14.0,0.54,7.0,6.5,14.0,1,1,1,0,1,2
8052,23.0,2014,4.0,72.0,1641.0,2720.0,8,0.1,7.8,7.8,8.0,0.1,7.8,7.8,8.0,0.1,7.8,7.8,8.0,0,0,0,0,0,2
8053,15.0,2015,9.0,20.0,225.0,442.0,1,0.81,6.47,7.45,72.5,1.66,6.47,7.72,114.5,1.66,6.47,7.72,114.5,0,0,0,1,0,2
8054,24.0,1998,10.0,13.0,51.0,1826.0,1,0.27,7.0,7.8,121.0,0.27,7.0,7.8,121.0,0.34,7.0,8.2,11.0,0,0,1,0,0,2
8055,9.0,2004,6.0,1.0,1642.0,2721.0,1,0.24,6.0,6.0,1.0,0.24,6.0,6.0,1.0,0.24,6.0,6.0,1.0,0,0,0,0,0,2
8056,10.0,2013,4.0,26.0,744.0,939.0,1,0.19,7.0,8.4,5.0,0.19,7.0,8.4,5.0,0.36,7.0,8.4,5.0,1,0,0,0,0,2
8057,4.0,2008,6.0,213.0,1118.0,1532.0,11,0.09,2.0,4.65,3.0,0.09,2.0,4.65,3.0,0.44,2.0,4.65,3.0,0,0,0,0,0,2
8058,14.0,2001,3.0,53.0,50.0,563.0,11,0.12,8.1,8.45,8.0,0.29,8.1,8.45,8.0,1.16,8.1,8.45,8.0,1,0,0,0,0,2
8059,6.0,2014,10.0,232.0,676.0,1799.0,1,0.05,4.3,6.15,1.0,0.05,4.3,6.15,1.0,0.06,7.5,8.35,17.5,1,0,0,1,0,2
8060,6.0,2011,1.0,15.0,1271.0,2069.0,1,0.23,6.107652813930537,6.467882595817321,45.77475613360922,0.23,6.194403554438579,6.56657391616556,44.85269484678293,0.13,6.2266573916165795,6.606709451575302,45.76973100798108,0,0,0,0,0,2
8061,5.0,2010,2.0,59.0,279.0,427.0,12,0.24,6.0,8.3,9.0,0.24,6.0,8.3,9.0,0.24,6.0,8.3,9.0,0,0,0,0,0,2
8062,23.0,2014,10.0,9.0,34.0,2722.0,10,0.37,7.0,7.5,98.5,0.26,7.0,7.8,4.0,0.26,7.0,7.8,4.0,0,0,1,0,0,2
8063,8.0,1991,12.0,58.0,1643.0,2723.0,1,0.33,6.106693207510081,6.4691025262951625,46.589164053206446,0.33,6.193868082178333,6.5654811756611196,45.098410295230885,0.33,6.226080802123285,6.606436646023833,45.99854006704877,0,0,0,0,0,2
8064,5.0,2009,1.0,54.0,1644.0,2724.0,9,0.02,6.081317301269194,6.428591850367435,48.85785172212493,0.02,6.164849699398801,6.541612558450277,47.55465557501459,0.02,6.20785303941215,6.583874415497689,48.898423817863396,0,0,0,0,0,2
8065,11.0,2016,4.0,134.0,777.0,2725.0,6,0.01,8.1,8.0,1.0,0.53,8.1,8.1,181.0,0.53,8.1,8.1,181.0,0,0,0,0,0,2
8066,14.0,2004,7.0,91.0,390.0,683.0,9,0.17,6.38,7.4,13.0,1.15,4.3,3.4,13.0,1.15,4.3,3.4,13.0,0,0,0,0,0,2
8067,13.0,1996,6.0,4.0,1645.0,2726.0,1,0.25,6.074598214285714,6.518080357142857,51.629901960784316,0.25,6.105133928571427,6.627678571428572,32.81127450980392,0.25,6.240669642857141,6.645223214285716,43.85294117647059,0,0,0,0,0,2
8068,17.0,2007,9.0,5.0,284.0,1451.0,10,0.3,4.5,5.75,3.0,0.47,4.25,5.0,3.0,0.47,4.25,5.0,3.0,0,0,0,1,0,2
8069,7.0,2004,4.0,13.0,806.0,2727.0,11,0.22,8.6,8.0,6.0,0.58,5.27,5.85,6.0,0.58,5.27,5.85,6.0,1,0,0,0,0,2
8070,7.0,2003,3.0,108.0,365.0,2728.0,4,0.17,5.6,6.0,1.0,0.07,5.6,6.0,1.0,0.07,5.6,6.0,1.0,0,0,0,0,1,2
8071,13.0,1997,11.0,51.0,1646.0,2729.0,1,2.09,6.042070079121586,6.394020668496688,49.29562687356727,2.09,6.127673179396085,6.510931697077347,47.72615059072474,2.09,6.172315517519764,6.551114161149683,49.20948686298713,0,0,0,0,0,2
8072,15.0,2010,1.0,8.0,27.0,31.0,9,0.33,5.62,6.28,4.5,0.76,8.0,6.85,108.0,1.21,7.4,6.45,108.0,1,1,1,0,1,2
8073,15.0,2013,9.0,20.0,234.0,257.0,11,0.66,7.5,6.83,29.0,0.66,7.5,6.83,29.0,0.66,7.5,6.83,29.0,0,0,0,0,0,2
8074,14.0,2004,1.0,5.0,783.0,422.0,11,0.42,5.1,6.5,1.0,0.35,5.1,8.4,1.0,0.11,5.9,6.4,1.0,0,0,0,0,0,2
8075,4.0,2007,8.0,33.0,245.0,2730.0,2,1.39,5.23,6.0,1.0,0.06,5.23,6.68,9.0,0.06,5.23,6.68,9.0,0,0,0,0,0,2
8076,12.0,1999,6.0,223.0,1192.0,1943.0,1,0.24,5.9864729458917845,6.425400801603205,44.05604395604396,0.24,6.120961923847696,6.589959919839676,34.17912087912088,0.24,6.162114228456913,6.618947895791575,38.04120879120879,0,0,0,0,0,2
8077,12.0,1999,3.0,31.0,1077.0,2633.0,8,0.13,7.0,7.0,2.0,0.29,7.0,5.0,2.0,0.19,7.0,7.2,20.0,0,0,0,0,0,2
8078,8.0,1994,7.0,15.0,87.0,1875.0,1,0.33,5.0,8.0,1.0,0.36,5.0,8.0,1.0,0.36,5.0,8.0,1.0,0,0,1,0,0,2
8079,23.0,2013,4.0,279.0,950.0,1482.0,3,0.16,5.5,6.7,4.0,0.16,5.5,6.7,4.0,0.01,5.3,6.75,5.0,1,0,0,0,0,2
8080,19.0,2002,9.0,40.0,210.0,682.0,3,0.34,7.1,7.8,43.5,2.49,7.8,7.63,43.5,0.47,7.8,7.0,4.0,1,0,0,0,0,2
8081,7.0,2006,8.0,58.0,804.0,2193.0,1,0.09,6.0,7.5,4.0,0.31,6.0,7.0,1.0,0.26,6.0,9.0,1.0,0,0,0,0,0,2
8082,20.0,2015,6.0,5.0,321.0,84.0,10,0.22,6.9,6.63,23.0,0.28,7.0,6.03,7.0,0.28,7.0,6.03,7.0,1,0,0,1,0,2
8083,14.0,2005,2.0,9.0,34.0,62.0,11,0.6,4.5,6.18,38.5,0.15,7.05,7.5,6.0,0.99,4.55,5.95,14.0,0,0,1,0,0,2
8084,6.0,2012,3.0,26.0,1059.0,335.0,3,0.4,6.75,7.37,12.5,0.29,6.7,8.3,12.5,0.5,7.0,6.93,48.0,1,0,0,1,1,2
8085,4.0,2005,3.0,8.0,499.0,238.0,9,0.25,7.33,7.7,2.0,0.06,4.75,4.0,0.5,0.85,7.37,7.35,67.5,1,0,0,1,1,2
8086,4.0,2010,11.0,85.0,1142.0,2731.0,1,0.33,3.0,7.0,1.0,0.33,3.0,6.0,1.0,0.33,3.0,6.0,1.0,0,0,0,0,0,2
8087,9.0,2001,11.0,6.0,62.0,1296.0,11,0.41,5.45,5.95,1.0,0.26,6.5,5.85,7.0,0.26,6.5,5.85,7.0,0,0,1,0,0,2
8088,6.0,2006,3.0,9.0,1480.0,2450.0,3,0.53,6.47,8.32,4.0,0.06,6.7,7.1,4.0,0.22,5.5,6.7,7.0,0,0,0,1,1,2
8089,22.0,2000,1.0,9.0,1647.0,2732.0,1,1.81,5.67,7.1,108.0,1.81,5.67,7.1,108.0,1.81,5.67,7.1,108.0,0,0,0,0,1,2
8090,7.0,2000,5.0,91.0,227.0,2733.0,4,0.02,8.3,8.65,53.5,0.02,8.3,8.65,53.5,0.02,8.3,8.65,53.5,0,0,0,0,0,2
8091,14.0,2007,9.0,5.0,970.0,1525.0,5,0.24,3.5,6.4,5.0,0.05,4.0,6.7,5.0,0.44,5.36,7.12,10.0,0,0,0,0,0,2
8092,15.0,2013,7.0,9.0,127.0,706.0,2,0.8,3.6,4.4,86.5,0.8,3.6,4.4,86.5,0.8,3.6,4.4,86.5,0,0,0,1,0,2
8093,5.0,2010,9.0,26.0,419.0,2734.0,11,0.21,5.3,8.7,232.5,1.31,7.83,7.12,232.5,1.31,7.83,7.12,232.5,0,0,1,1,0,2
8094,6.0,2011,7.0,17.0,1548.0,2735.0,1,0.62,3.9,6.5,2.0,0.11,3.9,4.75,1.0,0.11,3.9,4.75,1.0,0,0,0,0,0,2
8095,15.0,2014,4.0,26.0,227.0,332.0,3,1.32,8.53,7.73,176.0,1.32,8.53,7.73,176.0,1.32,8.53,7.73,176.0,0,0,0,1,0,2
8096,10.0,2013,6.0,1.0,1613.0,1365.0,1,1.87,7.0,7.5,4.0,1.87,7.0,7.5,4.0,0.19,7.0,7.5,4.0,0,0,0,0,0,2
8097,19.0,2005,7.0,5.0,73.0,668.0,11,0.21,7.3,7.1,33.5,0.52,6.78,6.85,23.0,0.52,6.78,6.85,23.0,0,0,1,0,1,2
8098,5.0,2010,3.0,29.0,1648.0,1431.0,2,0.08,8.0,8.3,45.58566176470588,0.03,8.0,8.3,44.6546875,0.48,8.0,8.3,45.84627757352941,0,0,0,0,0,2
8099,5.0,2011,9.0,29.0,120.0,2522.0,10,0.21,6.0,7.0,1.0,0.21,6.0,7.0,1.0,0.21,6.0,7.0,1.0,0,0,0,0,0,2
8100,6.0,2009,6.0,4.0,121.0,373.0,1,0.23,6.06531266560678,6.414785373608896,47.58155002891845,0.33,6.151277159512439,6.537713301536816,45.36119144013881,0.33,6.18789083200847,6.572859035506092,49.094852515905146,1,0,0,0,0,2
8101,1.0,2008,1.0,5.0,783.0,422.0,9,0.23,5.0,6.15,3.0,0.38,7.0,6.5,1.0,0.42,7.0,6.5,1.0,0,0,0,0,0,2
8102,24.0,1994,3.0,9.0,1649.0,2281.0,1,0.26,7.6,7.6,44.0,0.26,7.6,7.6,44.0,0.26,7.6,7.6,44.0,0,0,0,0,0,2
8103,1.0,2011,9.0,5.0,89.0,624.0,1,0.46,2.0,6.0,1.0,0.46,2.0,6.0,1.0,0.46,2.0,6.0,1.0,0,0,0,0,0,2
8104,13.0,1999,9.0,68.0,1650.0,2736.0,1,0.1,5.9864729458917845,6.425400801603205,44.05604395604396,0.1,6.120961923847696,6.589959919839676,34.17912087912088,0.1,6.162114228456913,6.618947895791575,38.04120879120879,0,0,0,0,0,2
8105,15.0,2012,7.0,6.0,42.0,518.0,6,0.96,7.45,7.0,47.0,1.46,7.45,7.2,47.0,1.46,7.45,7.2,47.0,1,0,1,1,0,2
8106,9.0,2003,1.0,8.0,1651.0,454.0,9,0.22,5.53,6.07,10.5,0.22,5.53,6.07,10.5,1.63,8.22,7.92,4.0,0,0,0,0,1,2
8107,4.0,2011,9.0,9.0,127.0,706.0,10,1.51,8.13,7.78,86.0,0.77,4.98,5.55,180.5,0.08,5.2,7.0,0.0,0,0,0,0,0,2
8108,15.0,2011,7.0,7.0,160.0,777.0,5,1.04,6.43,6.25,255.5,1.04,6.43,6.25,255.5,1.04,6.43,6.25,255.5,0,0,0,1,0,2
8109,9.0,2005,6.0,88.0,680.0,911.0,1,0.25,8.0,8.9,50.56199677938808,0.09,8.0,8.9,37.569243156199676,0.05,8.0,8.9,43.750402576489535,0,0,0,0,0,2
8110,7.0,2005,3.0,88.0,993.0,1580.0,11,0.11,6.0,6.95,1.0,0.42,4.7,7.3,1.0,0.42,4.7,7.3,1.0,0,0,0,0,0,2
8111,5.0,2010,9.0,49.0,253.0,320.0,7,0.24,6.1,6.75,10.0,0.14,4.75,6.95,8.0,0.02,4.75,6.95,8.0,1,0,0,1,1,2
8112,15.0,2015,1.0,8.0,27.0,31.0,9,0.61,7.9,6.77,8.5,0.61,7.9,6.77,8.5,2.85,8.0,4.92,42.0,1,1,1,1,0,2
8113,14.0,2004,9.0,15.0,103.0,470.0,9,2.13,7.7,7.25,1.0,2.13,7.7,7.25,1.0,0.71,8.17,8.5,126.5,1,0,0,0,0,2
8114,6.0,2011,7.0,54.0,931.0,2737.0,11,0.36,7.5,7.7,3.0,0.47,3.4,6.8,3.0,0.47,3.4,6.8,3.0,0,0,0,0,0,2
8115,7.0,2002,12.0,22.0,1528.0,2738.0,9,0.51,6.7,7.6,9.0,0.51,6.7,7.6,9.0,0.51,6.7,7.6,9.0,1,0,0,0,0,2
8116,15.0,2016,7.0,7.0,117.0,144.0,1,1.39,7.0,7.7,166.0,1.39,7.0,7.7,166.0,1.39,7.0,7.7,166.0,1,0,0,1,1,2
8117,4.0,2010,6.0,298.0,1652.0,2739.0,7,0.02,6.086815962640629,6.455453194650883,47.32059820072438,0.02,6.170509445977519,6.554130757800957,45.544572964131326,0.02,6.20626618552326,6.5915039269794615,46.67864236476224,0,0,0,0,0,2
8118,10.0,2012,1.0,15.0,87.0,102.0,1,0.19,4.8,6.95,1.0,0.18,4.8,6.95,1.0,0.09,7.07,6.35,88.5,0,1,1,0,0,2
8119,1.0,2008,11.0,5.0,321.0,2740.0,10,0.2,6.102638001824813,6.459495894160645,47.32791802049488,0.39,6.191270529197094,6.566937728102246,45.973319170207446,0.39,6.229014598540156,6.60431341240881,47.42195701074731,0,0,0,0,0,2
8120,19.0,2001,1.0,8.0,27.0,31.0,11,0.33,8.2,6.05,11.0,0.63,7.6,6.05,11.0,0.32,7.75,6.8,7.0,1,1,1,0,1,2
8121,11.0,2014,9.0,26.0,1653.0,1039.0,1,0.23,2.9,7.5,4.0,0.23,2.9,7.5,4.0,0.12,2.9,5.3,1.0,0,0,0,0,0,2
8122,5.0,2009,3.0,11.0,1654.0,2741.0,2,0.06,8.2,7.7,8.0,0.02,8.2,7.7,8.0,0.02,8.2,7.7,8.0,0,0,0,0,0,2
8123,13.0,2000,6.0,53.0,98.0,2714.0,1,0.05,7.0,7.7,23.0,0.11,7.0,7.7,23.0,0.11,7.0,7.7,23.0,0,0,0,0,0,2
8124,17.0,2013,9.0,49.0,253.0,1720.0,2,0.01,6.5,7.3,49.0,0.07,6.5,7.3,49.0,0.38,7.37,7.88,31.5,0,0,0,0,0,2
8125,7.0,2002,9.0,40.0,971.0,2742.0,9,0.14,7.2,8.4,1.0,0.05,8.2,7.7,4.0,0.05,8.2,7.7,4.0,0,0,0,0,0,2
8126,1.0,2007,9.0,155.0,1281.0,1279.0,10,0.01,5.3,6.9,9.0,0.05,5.3,6.9,9.0,0.56,6.75,6.9,9.0,0,0,0,0,0,2
8127,19.0,2001,2.0,6.0,62.0,1627.0,11,0.26,6.5,5.85,7.0,0.26,6.5,5.85,7.0,0.2,6.5,6.1,9.0,0,0,1,0,1,2
8128,1.0,2008,5.0,158.0,1655.0,2743.0,12,0.15,7.7,7.7,45.88682931064421,0.16,7.7,7.7,44.88565723215836,0.16,7.7,7.7,46.308734155235285,0,0,0,0,0,2
8129,13.0,1998,1.0,29.0,366.0,1512.0,1,0.58,6.0160609318996405,6.403268817204285,46.05333068992863,1.5,6.099759856630821,6.523605734767007,42.11122125297383,1.5,6.1246594982078815,6.541229390680994,45.49722442505948,0,0,0,0,0,2
8130,7.0,2008,1.0,57.0,783.0,422.0,9,0.06,6.1,6.0,2.0,0.22,6.1,6.5,2.0,0.38,7.0,6.5,1.0,0,0,0,0,0,2
8131,5.0,2009,7.0,241.0,1656.0,2744.0,6,0.05,5.0,6.0,2.0,0.05,5.0,6.0,2.0,0.05,5.0,6.0,2.0,0,0,0,0,0,2
8132,13.0,2000,9.0,3.0,1657.0,2745.0,7,0.27,5.75,5.75,46.21563483735572,0.27,5.75,5.75,45.75244168213738,0.27,5.75,5.75,46.98179836952135,0,0,0,0,0,2
8133,7.0,2005,9.0,26.0,683.0,701.0,1,0.44,7.0,7.0,2.0,0.44,7.0,7.0,2.0,0.44,8.0,8.0,5.0,0,0,0,0,0,2
8134,7.0,2003,6.0,4.0,93.0,109.0,4,0.54,6.67,8.13,25.0,0.1,7.8,8.6,25.0,0.1,7.8,8.6,25.0,0,0,0,1,0,2
8135,13.0,2001,9.0,54.0,393.0,410.0,11,0.58,8.5,7.6,0.0,0.58,8.5,7.6,0.0,1.73,8.5,7.6,0.0,1,0,0,1,1,2
8136,23.0,2014,4.0,134.0,819.0,1239.0,1,0.11,4.23,6.83,12.0,0.21,7.2,7.4,10.0,0.3,6.9,7.85,55.0,1,0,0,0,0,2
8137,19.0,2005,11.0,64.0,448.0,1807.0,7,0.35,4.25,4.1,46.275860672336975,0.35,4.25,4.1,45.75759416767922,0.35,4.25,4.1,46.97363304981774,0,0,0,0,0,2
8138,7.0,2005,8.0,12.0,227.0,946.0,6,0.07,4.0,6.25,1.0,0.05,6.6,6.25,1.0,0.07,5.7,7.3,2.0,1,0,0,0,0,2
8139,7.0,2009,9.0,22.0,425.0,76.0,11,0.29,6.43,7.73,32.5,1.08,7.37,6.9,215.0,0.08,7.5,7.48,206.0,1,1,0,1,1,2
8140,9.0,2004,6.0,29.0,286.0,2746.0,10,0.33,6.25,5.8,2.0,0.4,5.3,5.8,2.0,0.4,5.3,5.8,2.0,0,0,0,0,0,2
8141,6.0,2007,1.0,3.0,787.0,2484.0,3,0.24,5.13,6.32,8.5,0.12,7.0,7.1,8.5,0.12,7.0,7.1,8.5,0,0,0,0,0,2
8142,7.0,2002,1.0,15.0,87.0,2307.0,7,0.02,5.3,8.0,1.0,0.01,4.0,8.0,1.0,0.01,4.0,8.0,1.0,0,0,1,0,0,2
8143,4.0,2008,1.0,8.0,394.0,237.0,11,0.22,5.05,4.55,5.0,1.4,4.75,6.25,55.0,0.38,7.5,8.28,55.0,0,0,0,0,0,2
8144,17.0,2009,12.0,26.0,683.0,701.0,1,0.22,7.0,7.4,99.0,0.22,7.0,7.4,99.0,0.41,7.0,7.3,3.0,0,0,0,0,0,2
8145,5.0,2011,7.0,54.0,87.0,2747.0,11,0.2,6.83,6.07,51.5,0.06,6.75,6.9,22.5,0.03,6.75,6.0,1.0,0,0,1,0,0,2
8146,17.0,2008,12.0,26.0,744.0,939.0,1,0.22,6.076557377049176,6.4289414021625335,50.52577025484975,0.22,6.1574189047785115,6.543221137077076,48.40728413845569,0.04,6.202197418904775,6.585209277990916,49.56694560669456,1,0,0,0,0,2
8147,14.0,2005,3.0,29.0,760.0,1148.0,6,0.46,6.8,7.55,7.0,0.53,6.27,6.53,22.0,0.53,6.27,6.53,22.0,0,0,0,0,0,2
8148,9.0,2003,2.0,8.0,312.0,1383.0,11,0.29,7.23,7.9,39.0,0.19,5.9,6.52,7.5,0.2,6.2,6.55,4.0,0,0,0,0,0,2
8149,9.0,2002,1.0,11.0,286.0,760.0,9,0.32,6.0,6.5,1.0,0.06,6.6,8.0,1.0,0.06,6.6,8.0,1.0,1,0,0,0,0,2
8150,4.0,2006,4.0,26.0,1563.0,625.0,1,0.23,7.77,7.0,1.0,0.2,7.77,7.0,1.0,0.57,7.77,8.28,45.5,1,0,0,0,0,2
8151,4.0,2008,8.0,8.0,108.0,2748.0,1,0.32,6.0,6.1,7.0,1.23,6.15,6.95,7.0,1.23,6.15,6.95,7.0,1,0,0,1,0,2
8152,6.0,2011,9.0,13.0,1658.0,67.0,1,0.26,7.0,8.3,4.0,0.26,7.0,8.3,4.0,0.07,7.87,6.95,298.0,0,0,0,0,0,2
8153,7.0,2008,3.0,9.0,55.0,62.0,2,0.23,6.57,6.52,41.5,0.01,5.0,7.5,55.0,1.52,5.5,6.45,4.0,0,1,1,0,0,2
8154,1.0,2011,3.0,6.0,322.0,59.0,9,0.72,7.67,7.35,131.0,0.72,7.67,7.35,131.0,0.72,7.67,7.35,131.0,1,0,1,1,0,2
8155,7.0,2004,10.0,64.0,432.0,331.0,4,0.04,4.1,3.9,46.01646854878653,0.27,6.2,4.5,45.50305431731881,0.08,6.7,4.5,46.895781740135384,0,0,0,0,0,2
8156,1.0,2010,1.0,75.0,1013.0,2749.0,11,0.01,6.039757952973729,6.421583679114796,44.246983408748115,0.04,6.120172890733055,6.541791147994463,32.7447209653092,0.04,6.1493775933609935,6.577461964038736,36.71266968325792,0,0,0,0,0,2
8157,7.0,2001,1.0,40.0,131.0,2750.0,4,0.13,8.1,6.0,1.0,1.55,8.1,6.75,11.0,1.55,8.1,6.75,11.0,0,0,0,0,1,2
8158,5.0,2011,9.0,9.0,83.0,2561.0,7,0.13,4.2,5.75,5.0,0.14,4.6,6.3,5.0,0.14,4.6,6.3,5.0,0,0,0,1,0,2
8159,4.0,2010,9.0,33.0,399.0,1096.0,2,0.43,4.93,6.23,32.5,0.52,6.55,6.4,18.0,0.43,4.93,6.23,32.5,0,0,0,0,0,2
8160,4.0,2005,2.0,26.0,390.0,37.0,5,0.27,7.05,7.0,30.0,0.05,3.5,2.0,30.0,0.27,7.05,7.0,30.0,1,0,0,0,0,2
8161,9.0,2001,1.0,15.0,221.0,243.0,11,0.18,5.35,6.5,1.0,2.39,6.15,7.5,1.0,0.07,4.4,7.5,1.0,0,0,1,0,0,2
8162,4.0,2008,11.0,29.0,635.0,2751.0,9,0.21,4.3,4.65,5.0,0.05,4.3,4.65,5.0,0.05,4.3,4.65,5.0,0,0,0,0,0,2
8163,1.0,2010,1.0,176.0,1659.0,1512.0,1,0.0,0.0,0.0,0.0,0.0,0.0,0.0,0.0,0.39,4.23,6.15,3.0,0,0,0,0,0,2
8164,15.0,2005,7.0,18.0,41.0,147.0,11,3.59,5.5,5.6,233.5,0.2,6.23,5.78,90.0,0.2,6.23,5.78,90.0,0,0,1,1,0,2
8165,15.0,2005,7.0,18.0,41.0,147.0,11,1.23,5.97,7.68,94.0,0.2,6.07,4.6,275.5,0.2,6.07,4.6,275.5,0,0,1,1,0,2
8166,13.0,2000,1.0,91.0,1660.0,2752.0,10,0.31,6.098087627445578,6.4631973913842815,45.51120533010297,0.31,6.189129236704343,6.562935611279556,44.39107611548557,0.31,6.220322402865828,6.60409203637371,45.35221078134464,0,0,0,0,0,2
8167,13.0,2001,11.0,135.0,1661.0,488.0,1,0.01,7.0,1.0,1.0,0.1,7.0,1.0,1.0,0.01,7.0,1.0,1.0,0,0,0,0,0,2
8168,5.0,2007,1.0,3.0,102.0,1798.0,11,0.55,8.2,6.95,32.0,0.55,8.2,6.95,32.0,0.55,8.2,6.95,32.0,0,0,1,0,0,2
8169,5.0,2016,1.0,8.0,27.0,31.0,9,0.38,7.5,5.2,16.0,1.53,7.8,5.5,48.0,1.53,7.8,5.5,48.0,1,1,1,1,0,2
8170,4.0,2010,11.0,29.0,327.0,2753.0,9,0.04,6.0408158995815855,6.398263598326344,49.51921757035004,0.46,6.133399581589951,6.528050209204999,47.858499199267904,0.46,6.181351464435135,6.563376569037639,49.493479752916954,0,0,0,0,0,2
8171,9.0,2004,1.0,11.0,1086.0,1226.0,9,0.61,6.2,8.6,47.36133139729699,0.29,6.9,8.3,45.73416731821736,0.06,6.9,8.3,46.57991734614096,0,0,0,0,0,2
8172,14.0,2008,1.0,8.0,68.0,77.0,8,0.36,6.1,6.33,1.0,0.65,7.13,7.68,4.0,0.71,7.27,7.93,2.0,1,1,1,0,0,2
8173,9.0,2005,2.0,29.0,284.0,322.0,9,0.22,7.6,8.4,46.832143282161134,0.46,7.6,8.0,45.37718671902892,0.15,5.3,8.0,46.75086278709985,0,0,0,0,0,2
8174,7.0,2006,4.0,58.0,1405.0,2313.0,1,0.04,8.0,8.0,1.0,0.16,8.0,8.0,1.0,0.16,8.0,8.0,1.0,1,0,0,0,0,2
8175,7.0,2008,1.0,15.0,1271.0,2069.0,1,0.23,5.0,8.0,3.0,0.23,5.0,8.0,3.0,0.19,5.0,8.0,3.0,0,0,0,0,0,2
8176,14.0,2003,1.0,8.0,43.0,651.0,9,0.19,5.9,6.52,7.5,0.19,5.9,6.52,7.5,0.12,8.25,5.77,3.0,1,0,1,0,0,2
8177,14.0,2005,6.0,26.0,1495.0,107.0,8,0.21,5.0,6.4,1.0,0.21,5.0,6.4,1.0,0.21,5.0,6.4,1.0,1,0,0,0,1,2
8178,6.0,2011,6.0,29.0,276.0,1655.0,2,0.2,8.2,8.2,2.0,0.22,8.1,8.1,2.0,0.22,8.1,8.1,2.0,1,0,0,1,0,2
8179,6.0,2010,9.0,29.0,120.0,2126.0,11,0.19,6.039757952973729,6.421583679114796,44.246983408748115,0.21,6.120172890733055,6.541791147994463,32.7447209653092,0.21,6.1493775933609935,6.577461964038736,36.71266968325792,0,0,0,0,0,2
8180,14.0,2002,1.0,9.0,102.0,575.0,1,0.29,9.7,6.6,5.0,1.09,9.7,8.05,1.0,0.89,8.5,8.75,1.0,1,0,1,0,1,2
8181,4.0,2007,6.0,6.0,19.0,530.0,11,0.3,4.3,7.4,1.0,0.44,7.3,7.4,1.0,0.51,6.8,7.4,1.0,0,0,1,0,0,2
8182,4.0,2010,6.0,33.0,1662.0,2754.0,1,0.67,6.036517973148549,6.446041576440007,42.41893830703013,0.67,6.13182763100909,6.5621524469467225,36.190578670492584,0.67,6.158211346903418,6.59756604590732,41.083213773314206,0,0,0,0,0,2
8183,7.0,2002,1.0,54.0,87.0,2755.0,10,0.07,5.0,5.7,13.0,0.02,7.1,5.7,13.0,0.02,7.1,5.7,13.0,0,0,1,0,1,2
8184,1.0,2008,10.0,15.0,533.0,597.0,11,0.11,3.0,4.65,2.0,1.02,6.7,7.35,4.0,0.42,7.5,8.15,68.0,1,0,0,0,0,2
8185,17.0,2010,6.0,118.0,301.0,395.0,3,0.12,6.15,7.45,2.0,0.24,7.0,7.2,154.0,0.47,7.75,7.6,84.0,1,0,0,0,0,2
8186,7.0,2005,9.0,40.0,459.0,1597.0,9,0.45,6.67,6.65,20.5,0.22,6.85,8.15,4.0,0.22,6.85,8.15,4.0,0,0,0,0,0,2
8187,6.0,2010,6.0,33.0,609.0,504.0,8,0.61,4.0,4.0,45.62894431036024,0.34,4.0,4.0,44.9646017699115,0.26,4.0,4.0,46.39469920443372,0,0,0,0,0,2
8188,6.0,2009,1.0,36.0,1413.0,612.0,1,0.24,6.06531266560678,6.414785373608896,47.58155002891845,0.24,6.151277159512439,6.537713301536816,45.36119144013881,0.24,6.18789083200847,6.572859035506092,49.094852515905146,0,0,0,0,0,2
8189,7.0,2005,1.0,4.0,299.0,109.0,11,0.53,6.3,6.3,6.0,0.17,4.3,6.0,6.0,0.38,7.8,6.65,6.0,0,0,0,1,0,2
8190,4.0,2009,11.0,6.0,816.0,2756.0,1,0.21,4.0,3.8,4.0,0.43,4.0,3.8,4.0,0.43,4.0,3.8,4.0,1,0,0,0,0,2
8191,7.0,2001,7.0,167.0,997.0,894.0,1,0.08,6.7,6.9,0.0,0.24,4.4,6.9,0.0,0.3,7.4,6.7,0.0,1,0,0,0,0,2
8192,6.0,2009,12.0,9.0,270.0,2757.0,3,0.8,7.55,7.75,146.0,0.39,6.5,6.95,56.0,0.39,6.5,6.95,56.0,0,0,0,0,0,2
8193,10.0,2013,6.0,15.0,87.0,277.0,9,0.98,7.1,5.83,148.0,0.98,7.1,5.83,148.0,0.16,7.1,5.83,148.0,0,0,1,1,0,2
8194,4.0,2006,1.0,15.0,103.0,102.0,2,0.86,8.1,7.15,1.0,0.1,8.6,8.4,15.0,4.39,8.6,7.45,1.0,0,0,0,0,0,2
8195,6.0,2011,9.0,20.0,135.0,2758.0,6,0.46,6.2,6.55,44.0,0.2,4.93,5.32,10.0,0.06,3.45,4.0,4.0,0,0,0,0,0,2
8196,15.0,2011,11.0,18.0,149.0,2759.0,1,0.23,4.65,4.8,68.0,3.12,9.0,8.6,57.0,3.12,9.0,8.6,57.0,1,0,0,0,0,2
8197,4.0,2009,11.0,6.0,1397.0,2299.0,1,0.19,8.2,7.5,87.0,0.06,7.5,7.95,55.0,0.06,7.5,7.7,68.0,0,0,0,0,0,2
8198,13.0,2000,11.0,142.0,1663.0,2760.0,1,0.22,5.0,5.0,49.17336199229173,0.22,5.0,5.0,47.802772013044766,0.22,5.0,5.0,49.20360213459828,0,0,0,0,0,2
8199,6.0,2011,3.0,13.0,1467.0,1686.0,3,1.08,8.0,7.5,74.5,0.22,6.5,5.05,25.0,0.22,6.5,5.05,25.0,0,0,0,0,1,2
8200,23.0,2016,1.0,15.0,1664.0,2761.0,1,0.08,8.37,7.85,160.0,0.08,8.37,7.85,160.0,0.08,8.37,7.85,160.0,0,0,0,0,0,2
8201,7.0,2002,1.0,9.0,1034.0,1369.0,9,0.05,7.0,7.6,22.0,0.11,6.6,7.5,22.0,0.09,4.0,5.7,11.0,0,0,0,0,0,2
8202,9.0,2005,9.0,54.0,284.0,1885.0,10,0.03,6.9,6.6,46.396146867328426,0.08,5.1,7.6,45.01510299925285,0.08,5.1,7.6,45.991941509232575,0,0,0,0,0,2
8203,23.0,2014,9.0,299.0,437.0,1482.0,5,0.12,7.0,7.2,6.0,0.03,7.0,7.2,6.0,0.19,7.0,6.0,1.0,1,0,0,0,0,2
8204,9.0,2001,1.0,181.0,1123.0,2762.0,9,0.03,6.4,4.75,2.5,0.03,6.4,4.75,2.5,0.03,6.4,4.75,2.5,0,0,0,0,0,2
8205,6.0,2009,9.0,300.0,1665.0,2763.0,10,0.05,5.8,6.7,39.8933506044905,0.05,5.8,6.7,32.29706390328152,0.05,5.8,6.7,34.81476683937824,0,0,0,0,0,2
8206,7.0,2002,1.0,80.0,1043.0,2764.0,8,0.25,2.0,2.0,1.0,0.25,2.0,2.0,1.0,0.25,2.0,2.0,1.0,0,0,0,0,0,2
8207,19.0,2002,2.0,29.0,249.0,153.0,11,0.34,7.0,8.0,4.0,0.07,7.0,8.0,4.0,0.5,6.4,4.7,4.0,0,0,0,0,0,2
8208,7.0,2001,11.0,78.0,997.0,2243.0,4,0.04,5.47,6.93,4.5,0.17,5.47,6.93,4.5,0.25,5.47,6.93,4.5,0,0,0,0,0,2
8209,19.0,2006,2.0,6.0,19.0,422.0,9,0.31,2.0,6.4,2.0,0.2,4.9,6.4,2.0,0.13,4.9,6.4,2.0,0,0,1,0,0,2
8210,6.0,2008,9.0,33.0,60.0,1099.0,5,0.21,4.7,4.75,2.0,0.36,5.15,6.45,2.0,0.21,4.7,4.75,2.0,0,0,1,0,0,2
8211,11.0,2015,11.0,179.0,590.0,2765.0,10,0.03,4.0,6.3,50.0,0.67,6.5,7.15,3.5,0.09,6.6,6.5,26.0,0,0,0,0,0,2
8212,18.0,2014,6.0,2.0,522.0,2766.0,10,0.85,8.25,6.48,73.5,0.04,7.5,6.2,61.0,0.04,7.5,6.2,61.0,0,0,0,1,0,2
8213,4.0,2010,1.0,11.0,1666.0,1226.0,1,0.08,5.0,5.0,42.41893830703013,0.08,5.0,5.0,36.190578670492584,0.11,5.0,5.0,41.083213773314206,1,0,0,0,0,2
8214,13.0,1995,10.0,31.0,51.0,57.0,1,0.2,7.8,7.8,21.0,0.28,7.8,7.8,6.0,0.76,7.2,7.2,24.0,1,0,1,0,1,2
8215,4.0,2007,11.0,15.0,250.0,2767.0,3,0.32,7.4,7.5,1.0,2.12,7.73,7.65,283.5,0.11,6.45,6.75,17.0,1,0,0,0,0,2
8216,9.0,2004,6.0,68.0,1255.0,430.0,11,0.02,7.0,7.3,84.0,0.15,5.47,7.83,3.5,0.95,6.0,7.9,3.5,0,0,0,0,0,2
8217,7.0,2005,7.0,301.0,1090.0,1760.0,1,0.0,0.0,0.0,0.0,0.07,7.9,8.1,0.0,0.07,7.9,8.1,0.0,0,0,0,0,0,2
8218,6.0,2008,1.0,5.0,783.0,1242.0,9,0.22,6.1,6.5,2.0,0.18,6.1,6.5,2.0,0.04,6.1,7.4,2.0,0,0,0,0,0,2
8219,19.0,2006,1.0,3.0,373.0,1028.0,6,0.04,4.1,3.4,2.0,0.37,6.6,4.1,2.0,0.33,7.1,5.7,2.0,0,0,0,0,0,2
8220,6.0,2009,1.0,132.0,787.0,1028.0,3,0.01,6.4,5.3,47.69869728713403,0.61,6.4,5.3,46.337630942788074,0.61,6.4,5.3,47.46736502820306,0,0,0,0,0,2
8221,4.0,2009,4.0,17.0,215.0,2768.0,1,0.1,6.2,6.75,11.0,0.51,6.0,7.0,23.0,0.51,6.0,7.0,23.0,1,0,0,0,0,2
8222,7.0,2002,1.0,4.0,40.0,2304.0,3,0.46,7.83,7.35,25.5,0.03,7.8,8.6,25.5,0.24,7.8,8.0,1.0,0,0,1,0,0,2
8223,6.0,2011,9.0,241.0,1667.0,2769.0,10,0.11,6.75,5.42,21.5,0.11,6.75,5.42,21.5,0.11,6.75,5.42,21.5,0,0,0,0,0,2
8224,4.0,2010,12.0,26.0,744.0,939.0,1,0.21,6.036517973148549,6.446041576440007,42.41893830703013,0.21,6.13182763100909,6.5621524469467225,36.190578670492584,0.05,6.158211346903418,6.59756604590732,41.083213773314206,1,0,0,0,0,2
8225,19.0,2006,9.0,40.0,210.0,2770.0,9,0.04,7.0,7.0,48.248510874082285,0.13,7.0,7.0,46.851849286604796,0.13,7.0,7.0,48.092395068569054,0,0,0,0,0,2
8226,14.0,2003,1.0,2.0,448.0,1732.0,11,1.11,7.2,7.85,87.0,0.43,6.9,7.1,6.0,0.37,7.6,7.8,6.0,1,0,0,0,1,2
8227,13.0,1998,10.0,255.0,380.0,1850.0,1,0.04,7.4,7.4,11.0,0.04,7.4,7.4,11.0,0.2,7.7,7.7,25.0,0,0,0,0,0,2
8228,15.0,2011,4.0,17.0,97.0,1662.0,6,0.39,6.87,6.52,63.0,0.39,6.87,6.52,63.0,0.39,6.87,6.52,63.0,0,0,0,1,0,2
8229,5.0,2011,1.0,5.0,761.0,422.0,11,0.19,6.0,4.17,7.0,0.19,6.0,4.17,7.0,0.19,6.0,4.17,7.0,0,0,0,0,0,2
8230,13.0,1996,9.0,302.0,1668.0,2771.0,1,0.0,0.0,0.0,0.0,0.0,0.0,0.0,0.0,0.0,0.0,0.0,0.0,0,0,0,0,0,2
8231,4.0,2007,1.0,12.0,1135.0,2772.0,8,0.01,4.75,6.1,4.0,0.08,4.75,6.1,4.0,0.08,4.75,6.1,4.0,0,0,0,0,0,2
8232,1.0,2008,8.0,158.0,513.0,2616.0,11,0.03,6.044421151439289,6.38992177722153,48.44426425401161,0.24,6.126584793491856,6.504150500625782,46.782946398088086,0.24,6.170384856070071,6.544500938673344,48.1357972004097,0,0,0,0,0,2
8233,4.0,2007,9.0,26.0,1669.0,2773.0,1,0.21,6.099566138746374,6.4607807271916755,47.55820785897907,0.21,6.186688601383021,6.564681017176054,46.14738646101114,0.21,6.2206457729199345,6.6001962971225066,47.53813196229649,0,0,0,0,0,2
8234,7.0,2004,1.0,4.0,422.0,1342.0,11,0.94,6.5,6.95,78.0,1.06,7.37,7.55,7.5,0.25,7.37,7.55,7.5,0,0,0,0,1,2
8235,6.0,2008,10.0,8.0,45.0,2638.0,9,0.34,7.93,7.82,18.5,0.34,7.93,7.82,18.5,0.34,7.93,7.82,18.5,0,0,1,0,0,2
8236,4.0,2009,5.0,293.0,1670.0,2657.0,10,0.19,5.9,7.8,39.8933506044905,0.19,5.9,7.8,32.29706390328152,0.19,5.9,7.8,34.81476683937824,0,0,0,0,0,2
8237,1.0,2008,1.0,8.0,45.0,378.0,7,0.48,5.76,8.3,14.0,0.09,5.76,5.95,14.0,0.48,5.76,8.3,14.0,1,0,1,0,0,2
8238,11.0,2015,9.0,9.0,34.0,707.0,1,0.25,8.5,8.57,23.5,0.4,8.3,8.53,21.5,0.15,8.3,7.8,4.0,1,0,1,1,0,2
8239,19.0,2003,2.0,24.0,866.0,169.0,11,0.26,6.6,7.6,48.97781824201291,0.11,6.6,7.2,47.036252276113224,0.54,5.9,8.1,48.732577387849695,0,0,0,0,0,2
8240,15.0,2012,4.0,303.0,817.0,2774.0,7,0.03,8.3,6.3,3.0,0.04,6.65,7.9,24.0,0.04,6.65,7.9,24.0,0,0,0,0,0,2
8241,5.0,2008,1.0,3.0,102.0,1568.0,9,1.45,9.3,8.78,650.0,0.18,8.1,7.1,650.0,0.13,7.03,8.03,3.5,1,0,1,0,0,2
8242,5.0,2006,9.0,5.0,401.0,1609.0,5,0.28,7.1,7.0,7.0,0.15,5.47,4.9,7.0,0.15,5.47,4.9,7.0,1,0,0,0,0,2
8243,19.0,2005,9.0,5.0,238.0,170.0,11,0.18,4.5,3.0,5.5,0.4,6.2,6.9,18.0,0.76,5.5,7.07,65.0,0,0,0,0,0,2
8244,14.0,2003,7.0,24.0,1671.0,1803.0,11,0.19,6.7,8.3,48.97781824201291,0.19,6.7,8.3,47.036252276113224,0.19,6.7,8.3,48.732577387849695,0,0,0,0,0,2
8245,6.0,2011,2.0,4.0,1122.0,2614.0,3,0.33,5.35,4.8,7.0,0.34,5.69,6.85,20.0,0.2,5.69,6.85,20.0,0,0,0,0,0,2
8246,17.0,2012,9.0,26.0,1672.0,2775.0,1,0.22,8.5,7.0,1.0,0.22,8.5,7.0,1.0,0.05,8.5,8.5,3.0,0,0,0,0,0,2
8247,7.0,2009,9.0,5.0,321.0,1692.0,6,0.22,5.95,6.5,16.0,0.28,7.5,8.4,1.0,0.28,7.5,8.4,1.0,0,0,0,0,0,2
8248,9.0,2001,1.0,15.0,1673.0,2776.0,8,0.89,8.37,8.23,95.5,0.89,8.37,8.23,95.5,0.89,8.37,8.23,95.5,0,0,1,0,0,2
8249,7.0,2001,7.0,19.0,154.0,2777.0,3,0.22,8.0,8.0,8.0,0.22,8.0,8.0,8.0,0.22,8.0,8.0,8.0,0,0,0,0,0,2
8250,14.0,2003,6.0,2.0,1674.0,2778.0,1,1.67,9.0,8.4,39.0,1.67,9.0,8.4,39.0,1.67,9.0,8.4,39.0,0,0,0,0,0,2
8251,6.0,2009,9.0,20.0,1675.0,2779.0,1,0.52,6.0,8.3,13.0,0.02,6.05,6.8,13.0,0.02,6.05,6.8,13.0,0,0,0,0,0,2
8252,19.0,2005,10.0,8.0,27.0,437.0,2,0.32,7.45,7.45,7.0,0.6,7.9,7.85,4.0,1.48,7.83,8.5,14.0,1,0,1,0,0,2
8253,4.0,2006,5.0,1.0,943.0,2780.0,6,30.01,8.45,8.1,229.0,0.02,7.3,8.1,229.0,0.02,7.3,8.1,229.0,0,0,0,0,0,2
8254,13.0,2001,2.0,4.0,131.0,2781.0,6,0.33,7.4,5.6,0.0,0.13,7.4,6.0,1.0,0.13,7.4,6.0,1.0,0,0,0,0,0,2
8255,3.0,1999,1.0,15.0,791.0,1539.0,1,0.24,5.0,5.0,44.05604395604396,0.37,5.0,5.0,34.17912087912088,0.19,5.0,5.0,38.04120879120879,0,0,0,0,0,2
8256,24.0,1998,10.0,255.0,380.0,1850.0,1,0.08,7.7,7.7,25.0,0.08,7.7,7.7,25.0,0.17,7.7,7.7,25.0,0,0,0,0,0,2
8257,4.0,2010,9.0,26.0,386.0,526.0,1,0.2,6.036517973148549,6.446041576440007,42.41893830703013,0.2,6.13182763100909,6.5621524469467225,36.190578670492584,0.02,6.158211346903418,6.59756604590732,41.083213773314206,0,0,0,0,0,2
8258,1.0,2008,11.0,119.0,1154.0,1872.0,10,0.83,5.3,5.3,47.32791802049488,0.83,5.3,5.3,45.973319170207446,0.83,5.3,5.3,47.42195701074731,0,0,0,0,0,2
8259,23.0,2014,9.0,26.0,672.0,1207.0,6,0.3,7.55,7.13,44.5,0.12,7.55,7.13,44.5,0.12,7.55,7.13,44.5,0,0,0,0,0,2
8260,13.0,1999,12.0,26.0,1676.0,2782.0,1,0.28,5.9864729458917845,6.425400801603205,44.05604395604396,0.28,6.120961923847696,6.589959919839676,34.17912087912088,0.28,6.162114228456913,6.618947895791575,38.04120879120879,0,0,0,0,0,2
8261,13.0,1999,11.0,122.0,206.0,2783.0,1,0.27,6.0,8.5,4.0,0.4,6.0,8.5,4.0,0.4,6.0,8.5,4.0,0,0,0,0,0,2
8262,4.0,2007,7.0,85.0,1677.0,2784.0,10,0.11,5.5,5.33,9.0,0.11,5.5,5.33,9.0,0.11,5.5,5.33,9.0,0,0,0,0,0,2
8263,14.0,2004,7.0,40.0,210.0,2077.0,6,0.42,6.9,8.27,14.5,0.02,7.1,8.27,14.5,0.02,7.1,8.27,14.5,0,0,0,0,0,2
8264,14.0,2003,7.0,24.0,109.0,1893.0,10,0.03,8.15,8.05,20.0,0.4,7.1,8.1,12.5,0.4,7.1,8.1,12.5,1,0,0,0,0,2
8265,17.0,2010,2.0,59.0,562.0,1310.0,7,0.54,4.7,4.7,47.32059820072438,0.1,4.0,4.0,45.544572964131326,0.54,4.7,4.7,46.67864236476224,0,0,0,0,0,2
8266,7.0,2005,3.0,99.0,1110.0,2785.0,4,0.02,6.7,7.35,7.0,0.02,6.7,7.35,7.0,0.02,6.7,7.35,7.0,0,0,0,0,0,2
8267,7.0,2003,12.0,168.0,1678.0,2786.0,3,0.02,2.4,2.2,46.11504800747727,0.05,4.6,5.6,45.224657999830065,0.05,4.6,5.6,46.5193304443878,0,0,0,0,0,2
8268,9.0,2005,6.0,29.0,1679.0,2787.0,1,0.31,5.941533923303834,6.313171091445431,50.56199677938808,0.31,6.055781710914458,6.470575221238942,37.569243156199676,0.31,6.052935103244841,6.466165191740415,43.750402576489535,0,0,0,0,0,2
8269,4.0,2009,9.0,3.0,96.0,2788.0,1,0.43,4.9,3.3,47.58155002891845,2.05,4.9,3.3,45.36119144013881,2.05,4.9,3.3,49.094852515905146,0,0,0,0,0,2
8270,7.0,2008,1.0,11.0,805.0,1226.0,1,0.22,6.0,6.0,33.0,0.02,6.0,6.0,33.0,0.07,6.0,6.0,33.0,0,0,0,0,0,2
8271,7.0,2000,9.0,78.0,997.0,2789.0,11,0.17,3.5,1.4,47.93749171417208,0.17,3.5,1.4,46.73472093331566,0.17,3.5,1.4,47.96314463741217,0,0,0,0,0,2
8272,10.0,2016,4.0,42.0,400.0,1243.0,1,0.1,7.75,7.3,19.0,0.12,7.75,7.3,13.0,0.57,8.3,7.25,40.0,0,0,0,1,0,2
8273,15.0,2009,12.0,2.0,522.0,1678.0,9,0.33,6.27,6.87,44.5,0.43,8.5,7.75,9.0,0.03,8.5,7.3,4.0,1,0,0,1,0,2
8274,4.0,2006,9.0,29.0,286.0,2790.0,2,0.69,6.4,7.05,3.0,1.0,4.4,4.65,3.0,1.0,4.4,4.65,3.0,0,0,0,0,0,2
8275,7.0,2009,1.0,11.0,317.0,1226.0,4,0.03,5.85,5.8,45.814278346084414,0.05,5.85,5.8,44.8149230636981,0.12,5.85,5.8,46.29712885756039,0,0,0,0,0,2
8276,13.0,1997,9.0,13.0,51.0,67.0,1,0.42,8.3,8.3,17.0,0.23,7.6,7.6,16.0,3.77,8.3,8.3,50.0,1,1,1,0,0,2
8277,6.0,2010,9.0,20.0,77.0,169.0,9,0.27,6.6,8.7,34.0,2.35,6.6,7.1,34.0,0.02,8.5,7.6,5.0,0,0,0,0,0,2
8278,5.0,2006,1.0,3.0,807.0,1036.0,4,0.04,6.49,7.5,1.0,0.46,8.12,8.0,43.0,0.46,8.12,8.0,43.0,0,0,0,1,0,2
8279,5.0,2010,9.0,2.0,1185.0,2017.0,6,0.18,6.45,6.5,2.0,0.15,7.4,7.25,5.0,0.3,5.0,5.3,24.0,0,0,0,0,0,2
8280,13.0,1996,10.0,4.0,680.0,1850.0,1,0.2,7.0,7.0,3.0,0.27,7.0,7.0,3.0,0.28,7.7,7.7,25.0,0,0,0,0,0,2
8281,7.0,2003,9.0,40.0,204.0,2791.0,10,0.02,7.0,6.75,5.0,0.21,6.3,6.75,5.0,0.21,6.3,6.75,5.0,0,0,0,0,0,2
8282,7.0,2003,4.0,17.0,215.0,2792.0,1,0.56,5.6,6.05,4.0,0.25,5.6,6.05,4.0,0.25,5.6,6.05,4.0,0,0,0,0,0,2
8283,7.0,2007,4.0,26.0,385.0,604.0,9,0.05,6.1,6.95,19.5,0.66,5.0,7.4,8.0,0.23,6.1,8.15,3.0,1,0,0,0,0,2
8284,1.0,2010,6.0,298.0,1652.0,2739.0,8,0.02,6.113035219305398,6.478658079243485,45.62894431036024,0.02,6.1999690200554625,6.577827327572197,44.9646017699115,0.02,6.233516223707835,6.62109571172349,46.39469920443372,0,0,0,0,0,2
8285,26.0,2000,12.0,26.0,643.0,939.0,1,0.44,7.0,7.0,1.0,0.23,8.0,8.0,1.0,0.2,8.0,8.0,1.0,1,0,0,0,0,2
8286,19.0,2003,2.0,20.0,312.0,1383.0,11,0.5,5.1,7.8,48.97781824201291,0.5,5.1,7.8,47.036252276113224,0.5,5.1,7.8,48.732577387849695,0,0,0,0,0,2
8287,9.0,2005,2.0,29.0,377.0,689.0,2,0.1,6.8,6.1,3.0,1.46,4.0,7.2,1.0,0.33,6.25,5.8,2.0,0,0,0,0,0,2
8288,17.0,2009,9.0,26.0,1014.0,1183.0,1,0.21,4.45,6.0,1.0,0.16,4.45,7.0,3.0,0.05,4.45,7.0,1.0,0,0,0,0,0,2
8289,17.0,2008,1.0,5.0,783.0,422.0,9,0.18,7.8,7.8,45.66070409134158,0.18,7.8,7.8,44.78520456707897,0.18,7.8,7.8,45.78801141769743,0,0,0,0,0,2
8290,1.0,2010,1.0,59.0,824.0,603.0,11,0.15,6.039757952973729,6.421583679114796,44.246983408748115,0.07,6.120172890733055,6.541791147994463,32.7447209653092,0.57,6.1493775933609935,6.577461964038736,36.71266968325792,0,0,0,0,0,2
8291,17.0,2007,9.0,4.0,528.0,2793.0,1,0.41,6.25,7.0,3.0,0.17,6.25,7.1,9.0,0.17,6.25,7.1,9.0,0,0,0,0,0,2
8292,6.0,2009,1.0,54.0,1644.0,2724.0,9,0.01,5.97,7.83,8.0,0.18,5.97,7.83,8.0,0.18,5.97,7.83,8.0,0,0,0,0,0,2
8293,14.0,2003,9.0,120.0,448.0,1560.0,10,0.01,8.3,7.9,18.0,0.09,4.0,7.0,1.0,0.1,7.0,7.3,1.0,0,0,0,0,0,2
8294,5.0,2008,4.0,36.0,1570.0,2618.0,1,0.01,6.27,7.05,61.5,0.19,4.0,6.0,11.0,0.19,4.0,6.0,11.0,0,0,0,0,0,2
8295,17.0,2006,1.0,8.0,27.0,651.0,9,0.27,7.41,6.63,10.5,0.51,7.31,6.48,13.0,0.51,7.31,6.48,13.0,1,0,1,0,0,2
8296,17.0,2013,9.0,15.0,87.0,102.0,9,0.25,7.17,5.82,84.0,0.25,7.17,5.82,84.0,0.98,7.1,5.83,148.0,0,1,1,1,0,2
8297,22.0,1999,3.0,108.0,1680.0,501.0,1,0.0,0.0,0.0,0.0,0.0,0.0,0.0,0.0,0.33,0.0,6.3,6.0,0,0,0,0,1,2
8298,13.0,1998,10.0,96.0,485.0,2794.0,1,0.03,6.0160609318996405,6.403268817204285,46.05333068992863,0.03,6.099759856630821,6.523605734767007,42.11122125297383,0.03,6.1246594982078815,6.541229390680994,45.49722442505948,0,0,0,0,0,2
8299,5.0,2007,9.0,5.0,229.0,1508.0,10,0.24,4.2,6.2,33.5,0.02,5.57,6.08,33.5,0.45,5.4,7.05,2.0,0,0,0,0,0,2
8300,1.0,2009,1.0,11.0,805.0,1226.0,1,0.13,6.9,6.95,33.0,0.02,6.9,6.95,33.0,0.04,3.7,7.8,33.0,0,0,0,0,0,2
8301,1.0,2008,5.0,42.0,1472.0,2795.0,11,0.03,7.4,8.05,76.0,0.03,7.4,8.05,76.0,0.03,7.4,8.05,76.0,0,0,0,0,0,2
8302,14.0,2004,9.0,22.0,1515.0,899.0,5,0.34,7.0,7.4,31.0,0.01,8.67,9.1,225.0,0.01,8.67,9.1,225.0,0,0,0,1,1,2
8303,6.0,2009,6.0,4.0,1681.0,465.0,1,0.19,7.0,6.95,21.0,0.19,7.0,6.95,21.0,0.9,7.0,6.95,21.0,1,0,0,0,0,2
8304,17.0,2008,1.0,4.0,571.0,1163.0,10,0.82,7.6,8.35,2.0,0.7,8.5,8.35,2.0,0.13,4.97,5.65,3.0,0,0,0,0,1,2
8305,10.0,2012,9.0,5.0,243.0,624.0,1,0.2,3.85,5.1,1.0,0.1,3.85,5.1,1.0,0.37,3.85,5.75,1.0,0,0,0,0,0,2
8306,9.0,2005,9.0,8.0,82.0,71.0,6,0.25,6.05,7.4,8.0,1.34,8.4,7.7,107.0,0.56,6.3,7.5,34.0,0,0,1,0,0,2
8307,5.0,2014,9.0,5.0,186.0,624.0,1,0.21,5.0,4.9,11.0,0.23,5.0,6.15,3.0,0.01,6.9,7.25,8.0,0,0,0,0,0,2
8308,13.0,1999,2.0,11.0,589.0,859.0,1,0.72,5.7,5.7,3.0,0.13,5.0,5.0,1.0,0.13,5.0,5.0,1.0,0,0,0,0,0,2
8309,9.0,2004,6.0,304.0,327.0,188.0,1,1.09,6.75,7.95,9.0,1.09,6.75,7.95,9.0,2.41,6.2,7.48,126.0,0,0,0,0,0,2
8310,1.0,2008,5.0,243.0,1178.0,2796.0,11,0.02,5.5,7.8,3.0,0.03,5.5,7.8,3.0,0.01,5.5,6.83,3.0,1,0,0,0,0,2
8311,1.0,2008,6.0,105.0,1682.0,508.0,11,0.12,5.9,4.0,2.0,0.17,5.5,6.45,5.0,0.23,5.5,8.4,5.0,0,0,0,0,0,2
8312,5.0,2009,9.0,300.0,1665.0,2763.0,10,0.09,5.3,7.05,16.0,0.17,5.27,4.7,12.0,0.17,5.27,4.7,12.0,0,0,0,0,0,2
8313,7.0,2002,9.0,21.0,79.0,2797.0,11,1.97,5.03,4.63,27.5,0.22,4.7,4.4,27.5,0.22,4.7,4.4,27.5,0,0,0,0,0,2
8314,5.0,2010,3.0,13.0,1467.0,1686.0,3,0.48,7.6,7.7,39.0,0.22,6.5,5.05,25.0,0.22,6.5,7.15,7.5,0,0,0,1,1,2
8315,17.0,2004,6.0,15.0,1249.0,2798.0,1,0.31,6.020450067174204,6.385588893864737,47.43754583231484,0.25,6.115846394984316,6.510541871921158,46.20019555120997,0.25,6.16217196596506,6.54954545454544,48.87949156685407,0,0,1,0,1,2
8316,12.0,1999,3.0,40.0,1026.0,2799.0,5,0.16,8.0,6.8,7.0,0.4,8.0,6.8,7.0,0.4,8.0,6.8,7.0,0,0,0,0,0,2
8317,12.0,1999,11.0,69.0,24.0,778.0,1,0.05,7.3,7.3,4.0,0.02,7.3,7.3,4.0,0.33,7.3,7.3,4.0,1,0,0,0,0,2
8318,12.0,2000,7.0,31.0,302.0,372.0,8,0.71,4.3,5.0,2.0,0.27,9.5,7.3,30.0,1.86,7.8,7.73,44.0,1,0,0,0,0,2
8319,14.0,2003,9.0,8.0,40.0,1528.0,1,0.3,8.47,8.47,157.5,0.49,8.47,8.0,1.0,0.24,8.47,8.0,1.0,0,0,1,0,0,2
8321,1.0,2008,8.0,35.0,548.0,2801.0,7,0.03,3.05,5.0,46.12766046942038,0.13,4.7,6.7,45.3263228737276,0.13,4.7,6.7,46.65588457979305,0,0,0,0,0,2
8322,9.0,2004,6.0,1.0,1684.0,2802.0,1,0.19,7.0,7.5,4.0,0.19,7.0,7.5,4.0,0.19,7.0,7.5,4.0,0,0,0,0,0,2
8323,6.0,2012,4.0,134.0,1218.0,2803.0,7,0.03,5.8,7.25,8.0,0.31,5.8,7.25,8.0,0.31,5.8,7.25,8.0,0,0,0,1,0,2
8324,7.0,2009,1.0,132.0,787.0,1028.0,3,0.61,6.4,5.3,47.69869728713403,0.27,6.1,4.5,46.337630942788074,0.27,6.1,4.5,47.46736502820306,0,0,0,0,0,2
8325,17.0,2010,9.0,26.0,1014.0,701.0,1,0.17,7.0,7.0,1.0,0.04,7.0,7.0,1.0,0.18,7.0,7.0,1.0,0,0,0,0,1,2
8326,7.0,2008,6.0,33.0,788.0,1192.0,1,0.4,4.0,5.5,2.0,0.41,6.0,8.0,2.0,0.41,6.0,8.0,2.0,0,0,0,0,0,2
8327,7.0,2007,11.0,157.0,1685.0,1973.0,1,0.04,6.099566138746374,6.4607807271916755,47.55820785897907,0.04,6.186688601383021,6.564681017176054,46.14738646101114,0.04,6.2206457729199345,6.6001962971225066,47.53813196229649,0,0,0,0,0,2
8328,9.0,2004,9.0,33.0,284.0,2804.0,3,0.33,6.2,8.0,45.87070454152996,0.45,5.25,7.8,44.89656363322397,0.45,5.25,7.8,46.36703505439475,0,0,0,0,0,2
8329,15.0,2005,12.0,3.0,328.0,429.0,10,0.53,7.3,7.85,57.0,0.14,7.5,7.1,12.0,0.14,7.5,7.1,12.0,0,0,0,0,0,2
8330,17.0,2013,1.0,15.0,87.0,2208.0,1,0.2,9.0,9.0,1.0,0.26,9.0,9.0,1.0,0.26,9.0,9.0,1.0,0,0,1,0,0,2
8331,13.0,1995,4.0,306.0,1686.0,2805.0,1,0.0,0.0,0.0,0.0,0.0,0.0,0.0,0.0,0.0,0.0,0.0,0.0,0,0,0,0,0,2
8332,1.0,2010,6.0,6.0,1071.0,1145.0,11,0.26,6.3,6.55,11.5,0.33,6.3,6.55,11.5,0.64,6.3,6.55,11.5,0,0,0,0,0,2
8333,11.0,2015,1.0,8.0,1687.0,247.0,9,0.47,8.0,7.55,2.5,0.47,8.0,7.55,2.5,0.23,5.97,5.17,5.0,1,0,0,1,1,2
8334,5.0,2010,11.0,6.0,590.0,870.0,1,0.19,3.0,4.0,3.0,0.22,3.0,4.0,3.0,0.22,3.0,4.0,3.0,0,0,0,0,0,2
8335,4.0,2010,6.0,189.0,995.0,1582.0,10,0.42,8.0,8.0,49.885309852875615,0.42,8.0,8.0,48.07779759251003,0.42,8.0,8.0,49.565425769059296,0,0,0,0,0,2
8336,7.0,2006,4.0,26.0,385.0,604.0,10,0.02,5.9,7.1,3.0,0.23,6.1,8.15,3.0,0.16,6.1,8.0,3.0,1,0,0,0,0,2
8337,9.0,2004,11.0,13.0,51.0,763.0,1,0.03,5.6,8.5,47.43754583231484,0.03,5.6,8.5,46.20019555120997,0.14,5.6,8.5,48.87949156685407,0,0,1,0,0,2
8338,4.0,2008,9.0,29.0,120.0,689.0,10,0.21,6.25,6.25,0.0,0.55,6.25,6.25,0.0,0.07,6.25,6.25,0.0,0,0,0,0,0,2
8339,7.0,2001,1.0,49.0,538.0,2188.0,8,1.0,8.0,7.3,103.0,1.0,8.0,7.3,103.0,0.27,8.0,7.3,103.0,1,0,0,0,0,2
8340,13.0,2000,9.0,15.0,759.0,1147.0,1,0.21,6.4,8.1,6.0,0.63,6.4,6.3,6.0,0.26,6.4,6.3,6.0,0,0,0,0,0,2
8341,1.0,2009,5.0,15.0,1688.0,2806.0,3,0.45,6.22,6.75,95.5,0.09,6.22,6.75,95.5,0.09,6.22,6.75,95.5,0,0,0,0,0,2
8342,5.0,2007,6.0,2.0,24.0,643.0,1,1.63,7.7,7.5,32.0,0.01,7.7,7.5,32.0,1.21,5.0,6.25,2.0,0,0,0,0,1,2
8343,7.0,2004,9.0,8.0,109.0,2758.0,7,0.68,8.9,7.8,1.0,0.01,3.9,5.0,1.0,0.01,3.9,5.0,1.0,0,0,0,0,0,2
8344,5.0,2009,9.0,5.0,229.0,1373.0,3,0.26,4.95,6.0,1.0,0.26,4.95,6.0,1.0,0.26,4.95,6.0,1.0,0,0,0,0,0,2
8345,5.0,2012,9.0,176.0,448.0,1082.0,3,0.46,6.107345193294558,6.472551317139987,45.49549380398047,0.46,6.193362983236427,6.570975025658612,44.67118850920015,0.68,6.222634279849501,6.6114531303455575,45.70146451370635,0,0,0,0,0,2
8346,7.0,2007,9.0,307.0,1682.0,2807.0,9,0.0,0.0,0.0,0.0,0.05,6.7,6.5,0.0,0.05,6.7,6.5,0.0,0,0,0,0,0,2
8347,9.0,2004,6.0,308.0,1689.0,110.0,1,0.93,5.37,8.1,5.0,0.93,5.37,8.1,5.0,0.93,5.37,8.1,5.0,0,0,0,0,0,2
8348,1.0,2013,8.0,33.0,1391.0,2294.0,1,0.25,6.016843832020995,6.3843011811023525,43.64141414141414,0.25,6.091391076115479,6.49972440944881,40.217532467532465,0.25,6.117578740157478,6.52308070866142,43.198232323232325,0,0,0,0,0,2
8349,1.0,2007,6.0,71.0,106.0,778.0,3,0.01,5.3,5.1,1.0,0.16,7.25,7.78,69.0,0.16,7.4,6.1,1.0,1,0,0,0,0,2
8350,8.0,1996,7.0,69.0,24.0,778.0,1,0.44,5.0,5.0,1.0,0.02,8.0,8.0,2.0,0.7,7.1,7.1,8.0,1,0,0,0,0,2
8351,7.0,2004,7.0,11.0,337.0,1233.0,9,0.2,6.37,6.8,17.0,0.13,5.85,6.1,4.0,0.14,2.25,2.0,4.0,0,0,0,0,0,2
8352,13.0,2000,9.0,78.0,997.0,2789.0,9,0.3,3.5,3.5,47.22648344066237,0.3,3.5,3.5,45.44520469181233,0.3,3.5,3.5,46.36321297148114,0,0,0,0,0,2
8353,7.0,2005,9.0,13.0,360.0,2808.0,10,0.11,7.85,8.52,9.5,0.35,6.25,6.65,8.0,0.35,6.25,6.65,8.0,0,0,0,0,0,2
8354,13.0,1996,9.0,277.0,1690.0,2809.0,1,0.0,0.0,0.0,0.0,0.0,0.0,0.0,0.0,0.0,0.0,0.0,0.0,0,0,0,0,0,2
8355,7.0,2003,10.0,6.0,716.0,1683.0,1,0.05,5.3,6.65,2.0,0.68,5.3,7.0,6.0,0.39,6.9,7.75,29.0,0,0,0,0,0,2
8356,11.0,2015,3.0,270.0,1328.0,2810.0,6,0.03,5.75,6.75,6.0,0.02,5.75,6.0,1.0,0.02,5.75,6.0,1.0,0,0,0,0,1,2
8357,19.0,2005,1.0,8.0,45.0,408.0,10,0.2,4.03,5.88,8.0,0.29,6.9,5.55,12.5,0.52,7.83,7.45,68.5,1,0,1,1,1,2
8358,5.0,2007,3.0,5.0,619.0,747.0,11,0.23,6.52,6.43,13.0,0.02,4.9,6.5,13.0,0.4,3.25,7.1,1.0,0,0,0,0,0,2
8359,5.0,2009,9.0,33.0,131.0,1283.0,7,0.27,2.75,4.3,1.5,0.27,2.75,4.3,1.5,0.27,2.75,4.3,1.5,0,0,0,0,0,2
8360,9.0,2003,7.0,8.0,187.0,285.0,11,0.24,8.1,6.9,40.0,1.69,5.7,6.9,40.0,1.69,5.7,6.9,40.0,0,0,0,0,0,2
8361,7.0,2007,10.0,26.0,385.0,637.0,1,0.19,6.7,7.25,1.0,0.17,6.9,8.05,3.0,0.23,6.2,7.1,3.0,0,0,0,0,0,2
8362,19.0,2002,2.0,73.0,653.0,370.0,10,0.66,7.1,7.4,158.5,0.03,8.63,8.52,158.5,0.3,2.35,6.05,1.0,0,0,0,0,1,2
8363,13.0,1998,4.0,10.0,215.0,25.0,1,0.68,6.5,7.0,6.0,0.14,6.5,7.0,6.0,0.31,6.5,7.7,158.0,1,1,0,0,0,2
8364,7.0,2004,1.0,4.0,299.0,745.0,3,1.41,6.9,7.8,33.0,0.14,5.4,8.0,33.0,0.14,5.35,7.4,33.0,0,0,0,0,1,2
8365,14.0,2002,7.0,53.0,1074.0,2811.0,3,0.06,8.5,7.6,16.0,0.26,8.5,8.2,59.0,0.26,8.5,8.2,59.0,0,0,0,0,1,2
8366,13.0,2001,3.0,28.0,350.0,2151.0,1,0.24,7.2,7.2,47.903901046622266,0.53,7.2,7.2,46.559535136604595,0.53,7.2,7.2,47.730256898192195,0,0,0,0,0,2
8367,13.0,1996,1.0,277.0,171.0,2812.0,1,0.17,6.074598214285714,6.518080357142857,51.629901960784316,0.17,6.105133928571427,6.627678571428572,32.81127450980392,0.17,6.240669642857141,6.645223214285716,43.85294117647059,0,0,0,0,0,2
8368,10.0,2011,6.0,6.0,1691.0,101.0,1,0.3,6.3,6.55,11.5,0.3,6.3,6.55,11.5,0.26,6.3,6.55,11.5,0,0,0,0,0,2
8369,14.0,2003,9.0,3.0,305.0,398.0,3,0.1,4.0,7.0,1.0,0.45,4.6,6.8,1.0,1.76,6.37,6.32,29.5,0,0,0,0,0,2
8370,23.0,2015,4.0,26.0,768.0,588.0,2,0.31,7.07,6.97,32.5,0.15,5.9,5.5,1.0,0.1,5.9,4.0,1.0,1,0,0,0,0,2
8371,13.0,1995,3.0,113.0,425.0,2813.0,1,0.87,5.0,5.0,46.30825496342738,0.87,5.0,5.0,45.062225705329155,0.87,5.0,5.0,46.031556948798325,0,0,0,0,0,2
8372,1.0,2010,9.0,5.0,911.0,543.0,1,0.24,5.9,6.25,4.0,0.24,5.9,6.25,4.0,0.24,5.9,6.25,4.0,0,0,0,0,0,2
8373,7.0,2002,1.0,8.0,884.0,1922.0,10,0.23,9.0,6.7,5.0,0.11,9.0,4.2,5.0,0.07,4.4,0.5,2.0,0,0,0,0,0,2
8374,7.0,2008,6.0,29.0,1523.0,2526.0,1,0.21,6.076557377049176,6.4289414021625335,50.52577025484975,0.21,6.1574189047785115,6.543221137077076,48.40728413845569,0.21,6.202197418904775,6.585209277990916,49.56694560669456,0,0,0,0,0,2
8375,4.0,2006,10.0,1.0,1080.0,1679.0,3,2.13,7.7,7.8,73.0,0.37,5.75,8.1,73.0,0.39,5.75,8.1,73.0,1,0,0,0,0,2
8376,13.0,1998,11.0,197.0,867.0,1325.0,10,0.38,5.4,5.4,5.0,0.25,5.4,5.4,5.0,0.53,7.3,7.3,3.0,1,0,0,0,0,2
8377,13.0,2000,9.0,6.0,1692.0,2814.0,11,0.3,4.1,4.6,1.0,0.05,4.1,5.0,1.0,0.05,4.1,5.0,1.0,0,0,0,0,0,2
8378,1.0,2007,1.0,6.0,62.0,2075.0,5,0.28,5.3,6.0,2.0,0.29,7.0,7.5,91.0,0.29,7.0,7.5,91.0,0,0,1,0,0,2
8379,11.0,2016,1.0,15.0,1664.0,2761.0,1,0.04,7.53,5.63,24.0,0.04,7.53,5.63,24.0,0.04,7.53,5.63,24.0,0,0,0,0,0,2
8380,19.0,2003,2.0,13.0,500.0,2815.0,6,0.33,6.3,8.15,14.0,0.03,5.95,8.0,14.0,0.03,5.95,8.0,14.0,1,0,0,0,0,2
8381,1.0,2009,6.0,52.0,1693.0,2816.0,1,0.36,4.0,4.0,0.0,0.36,4.0,4.0,0.0,0.36,4.0,4.0,0.0,0,0,0,0,0,2
8382,17.0,2005,3.0,4.0,528.0,2793.0,3,0.4,8.1,8.6,46.60222359481161,0.4,8.1,8.6,44.080914144533665,0.4,8.1,8.6,47.680667078443484,0,0,0,0,0,2
8383,4.0,2006,2.0,1.0,1694.0,893.0,1,0.19,5.0,6.5,2.0,0.19,5.0,6.5,2.0,0.44,5.0,6.5,2.0,0,0,0,0,0,2
8384,7.0,2008,4.0,72.0,400.0,1243.0,1,0.05,7.0,7.6,85.0,0.35,7.0,7.6,85.0,0.08,7.57,6.83,14.5,0,0,0,0,0,2
8385,5.0,2010,8.0,12.0,1343.0,2817.0,6,0.44,4.43,6.07,35.0,0.06,5.0,5.15,3.0,0.06,5.0,5.15,3.0,0,0,0,0,0,2
8386,13.0,1996,6.0,15.0,87.0,1228.0,1,0.19,8.0,8.0,1.0,0.32,8.0,8.0,1.0,0.58,8.0,8.0,1.0,0,0,1,0,0,2
8387,7.0,2000,3.0,31.0,421.0,2633.0,1,0.26,4.3,6.4,20.0,0.11,4.3,6.4,20.0,0.19,7.0,7.2,20.0,0,0,0,0,0,2
8388,11.0,2016,4.0,9.0,34.0,592.0,1,0.31,8.03,7.08,20.5,0.31,8.03,7.08,20.5,1.29,8.2,8.48,151.5,1,0,1,0,0,2
8389,6.0,2008,9.0,15.0,280.0,2818.0,9,1.75,5.5,6.8,107.0,1.25,5.9,7.1,107.0,1.25,5.9,7.1,107.0,0,0,0,0,0,2
8390,14.0,2003,10.0,22.0,686.0,1199.0,10,0.03,5.6,6.98,13.0,0.47,5.55,6.98,13.0,0.6,4.05,6.6,2.0,0,0,0,0,0,2
8391,4.0,2004,5.0,155.0,1695.0,2277.0,1,0.03,6.020450067174204,6.385588893864737,47.43754583231484,0.03,6.115846394984316,6.510541871921158,46.20019555120997,0.03,6.16217196596506,6.54954545454544,48.87949156685407,0,0,0,0,1,2
8392,14.0,2002,9.0,40.0,210.0,682.0,4,0.09,7.7,8.3,14.0,0.28,7.6,8.3,14.0,1.15,5.93,7.0,14.0,1,0,0,0,0,2
8393,11.0,2015,9.0,49.0,1696.0,1720.0,3,0.05,4.0,6.65,6.0,0.04,8.25,7.8,3.0,0.05,7.0,6.9,18.0,0,0,0,0,0,2
8394,7.0,2003,4.0,69.0,1237.0,2027.0,1,0.08,7.0,7.9,47.685338686698614,0.11,7.0,7.9,46.47707550835384,0.03,7.0,7.9,47.855459137417434,0,0,0,0,0,2
8395,19.0,2002,4.0,5.0,227.0,2819.0,5,1.19,7.3,7.0,27.0,0.11,4.8,7.5,27.0,0.11,4.8,7.5,27.0,0,0,0,0,0,2
8396,6.0,2011,3.0,6.0,1328.0,2509.0,1,0.2,5.0,8.0,0.0,0.1,5.6,8.0,0.0,0.21,5.9,5.25,5.0,0,0,0,0,0,2
8397,5.0,2009,1.0,81.0,1359.0,2820.0,6,0.08,6.25,6.8,7.0,0.08,6.25,6.8,7.0,0.08,6.25,6.8,7.0,0,0,0,0,0,2
8398,9.0,2002,3.0,29.0,1697.0,2821.0,1,0.28,6.050969223702346,6.468989435002288,43.711032388663966,0.28,6.146789159393657,6.595062011943035,37.134362348178136,0.28,6.180679834634819,6.631194304088199,42.425607287449395,0,0,0,0,0,2
8399,9.0,2002,7.0,181.0,1698.0,473.0,3,0.1,8.0,4.0,1.0,0.1,8.0,4.0,1.0,0.1,8.0,4.0,1.0,1,0,0,0,1,2
8400,8.0,1996,12.0,49.0,524.0,1160.0,1,0.11,6.074598214285714,6.518080357142857,51.629901960784316,0.13,6.105133928571427,6.627678571428572,32.81127450980392,0.62,6.240669642857141,6.645223214285716,43.85294117647059,0,0,0,0,0,2
8401,4.0,2010,6.0,12.0,958.0,2822.0,10,0.67,6.057083503054985,6.415594704684301,49.885309852875615,0.09,6.142910386965374,6.540040733197534,48.07779759251003,0.09,6.1904786150712745,6.577492871690405,49.565425769059296,0,0,0,0,0,2
8402,4.0,2007,11.0,3.0,513.0,1220.0,11,0.35,6.6,4.0,46.33063646170442,1.06,4.4,4.0,44.32092772384035,1.06,4.4,4.0,47.683791801510246,0,0,0,0,0,2
8403,8.0,1993,1.0,69.0,24.0,2823.0,1,0.53,6.6,6.6,5.0,0.22,6.6,6.6,5.0,0.22,6.6,6.6,5.0,0,0,0,0,0,2
8404,4.0,2009,6.0,309.0,1699.0,2824.0,4,0.13,5.9,5.9,0.0,0.13,5.9,5.9,0.0,0.13,5.9,5.9,0.0,0,0,0,0,0,2
8405,8.0,1996,10.0,1.0,51.0,57.0,1,0.35,6.0,6.0,1.0,0.35,7.2,7.2,24.0,0.85,7.9,7.9,43.0,1,0,1,0,0,2
8406,10.0,2014,4.0,17.0,556.0,65.0,1,0.3,5.0,5.5,50.0,0.3,5.0,5.5,50.0,1.42,7.0,7.4,55.0,1,1,0,0,0,2
8407,18.0,2015,7.0,12.0,801.0,1222.0,1,0.04,7.8,7.5,31.5,0.05,7.3,5.45,230.0,0.05,7.3,5.45,230.0,0,0,0,0,0,2
8408,14.0,2006,7.0,22.0,988.0,1567.0,1,0.19,5.6,7.8,2.0,0.42,3.9,5.1,2.0,0.42,3.9,5.1,2.0,0,0,0,0,0,2
8409,10.0,2014,9.0,237.0,1700.0,2825.0,1,0.15,6.0370023640661925,6.4082836879432445,47.3185817805383,0.15,6.127933806146561,6.533567375886503,45.40683229813665,0.15,6.178366430260039,6.570146572104003,49.021868530020704,0,0,0,0,0,2
8410,5.0,2015,1.0,42.0,1701.0,2826.0,5,0.06,5.0,6.4,7.0,0.06,5.0,6.4,7.0,0.06,5.0,6.4,7.0,0,0,0,0,0,2
8411,4.0,2008,9.0,5.0,284.0,624.0,10,0.19,4.3,6.8,4.0,0.09,4.3,6.8,4.0,0.4,3.0,5.3,4.0,0,0,0,0,0,2
8412,6.0,2008,7.0,18.0,483.0,1847.0,10,0.9,5.55,6.1,107.0,0.55,7.4,7.4,111.5,0.55,7.4,7.4,111.5,0,0,0,0,0,2
8413,7.0,2004,6.0,9.0,55.0,2827.0,11,0.38,8.6,7.8,34.0,0.91,6.75,7.45,34.0,0.91,6.75,7.45,34.0,0,0,1,0,0,2
8414,19.0,2003,6.0,40.0,210.0,519.0,12,0.05,7.1,6.6,1.0,0.13,5.7,6.6,1.0,1.46,7.6,5.1,1.0,1,0,0,0,0,2
8415,14.0,2004,11.0,24.0,448.0,1831.0,10,0.34,4.5,5.7,8.0,0.17,6.05,8.2,0.0,0.34,4.5,5.7,8.0,1,0,0,0,0,2
8416,9.0,2005,6.0,310.0,1020.0,2828.0,1,0.0,0.0,0.0,0.0,0.4,0.0,6.0,1.0,0.4,0.0,6.0,1.0,0,0,0,0,0,2
8417,1.0,2008,2.0,26.0,757.0,1860.0,5,0.08,7.3,8.0,7.0,0.64,4.3,6.0,5.0,0.04,4.3,6.0,5.0,1,0,0,0,0,2
8418,6.0,2010,9.0,26.0,419.0,2734.0,11,0.19,7.3,7.5,47.5,0.32,7.9,7.68,134.5,0.18,5.1,7.3,20.0,0,0,1,1,0,2
8419,7.0,2008,1.0,4.0,571.0,1163.0,10,0.28,7.5,7.9,2.0,0.33,8.3,7.9,2.0,0.03,5.25,7.5,0.0,0,0,0,0,1,2
8420,4.0,2005,9.0,24.0,245.0,88.0,10,0.15,8.4,8.2,1.0,0.26,3.0,5.0,1.0,0.29,6.2,6.35,2.0,0,0,0,0,0,2
8421,24.0,1997,9.0,13.0,1658.0,67.0,1,0.26,8.3,8.3,17.0,0.26,8.3,8.3,17.0,0.26,8.3,8.3,17.0,1,1,0,0,0,2
8422,15.0,2014,4.0,44.0,1702.0,2829.0,6,0.03,8.4,8.05,37.0,0.03,8.4,8.05,37.0,0.03,8.4,8.05,37.0,0,0,0,0,0,2
8423,10.0,2016,4.0,26.0,672.0,188.0,11,0.02,7.2,8.17,1.0,0.17,7.35,7.58,26.5,0.27,7.25,6.88,24.5,0,0,0,0,0,2
8424,5.0,2010,8.0,5.0,703.0,2468.0,11,0.24,4.0,6.25,3.5,0.03,7.5,7.0,3.0,0.03,7.5,7.0,3.0,0,0,0,0,0,2
8425,4.0,2007,6.0,143.0,1703.0,2830.0,1,0.66,6.099566138746374,6.4607807271916755,47.55820785897907,0.66,6.186688601383021,6.564681017176054,46.14738646101114,0.66,6.2206457729199345,6.6001962971225066,47.53813196229649,0,0,0,0,0,2
8426,6.0,2014,1.0,15.0,87.0,2831.0,1,0.17,6.75,6.0,8.5,0.17,6.75,6.0,8.5,0.17,6.75,6.0,8.5,0,0,1,0,0,2
8427,11.0,2015,9.0,228.0,437.0,1765.0,3,0.04,7.0,6.55,5.0,0.21,5.8,6.35,6.0,0.03,6.0,6.85,6.0,1,0,0,1,0,2
8428,8.0,1997,1.0,1.0,1704.0,2832.0,1,0.36,8.0,8.0,1.0,0.36,8.0,8.0,1.0,0.36,8.0,8.0,1.0,0,0,0,0,0,2
8429,19.0,2002,11.0,1.0,1.0,2833.0,11,2.82,9.7,8.9,45.226486486486486,0.61,7.1,8.1,38.287837837837834,0.61,7.1,8.1,43.71081081081081,0,0,1,0,0,2
8430,15.0,2012,8.0,8.0,32.0,202.0,11,0.41,5.5,8.4,39.0,0.63,5.5,4.1,5.0,0.15,4.0,5.0,1.0,0,0,0,0,0,2
8431,5.0,2012,9.0,9.0,163.0,2529.0,1,0.2,8.13,8.35,243.5,0.42,8.13,8.35,243.5,0.42,8.13,8.35,243.5,0,0,0,1,0,2
8432,14.0,2004,3.0,91.0,1059.0,1708.0,7,1.0,5.09,7.92,5.5,1.0,5.09,7.92,5.5,1.0,5.09,7.92,5.5,0,0,0,0,0,2
8433,10.0,2015,4.0,26.0,814.0,1675.0,1,0.22,6.0,6.6,53.0,0.08,6.0,6.6,53.0,0.39,6.5,6.85,26.0,0,0,0,1,0,2
8434,6.0,2008,1.0,8.0,45.0,378.0,11,0.22,7.0,6.3,1.0,0.22,5.05,4.55,5.0,0.28,5.5,7.0,1.0,0,0,1,0,0,2
8435,6.0,2010,9.0,5.0,911.0,543.0,1,0.19,6.036517973148549,6.446041576440007,42.41893830703013,0.19,6.13182763100909,6.5621524469467225,36.190578670492584,0.49,6.158211346903418,6.59756604590732,41.083213773314206,0,0,0,0,0,2
8436,16.0,1983,9.0,46.0,1311.0,2133.0,1,0.54,6.6,6.6,18.0,0.54,6.6,6.6,18.0,0.27,7.0,7.0,1.0,1,0,0,0,0,2
8437,16.0,1982,9.0,311.0,1705.0,2834.0,1,0.0,0.0,0.0,0.0,0.0,0.0,0.0,0.0,0.0,0.0,0.0,0.0,0,0,0,0,0,2
8438,16.0,1981,9.0,142.0,1706.0,2835.0,1,0.24,6.112886276873627,6.478469961824459,47.1133296460177,0.24,6.1980540486236935,6.574292746634577,45.50840707964602,0.24,6.23059272654211,6.615235081374369,46.38069690265487,0,0,0,0,0,2
8439,24.0,1995,7.0,15.0,1156.0,1875.0,1,0.28,6.105477410782085,6.471694191344031,46.30825496342738,0.28,6.192767653758562,6.565149962034973,45.062225705329155,0.28,6.223125474563416,6.604986712224803,46.031556948798325,1,0,0,0,0,2
8440,5.0,2007,12.0,18.0,226.0,1106.0,10,0.45,6.5,5.1,2.0,0.45,6.5,5.1,2.0,0.45,6.5,5.1,2.0,0,0,0,0,0,2
8441,6.0,2012,4.0,279.0,950.0,1482.0,3,0.04,6.2,6.2,5.0,0.09,6.2,6.2,5.0,0.09,6.2,6.2,5.0,1,0,0,0,0,2
8442,7.0,2002,2.0,11.0,390.0,2836.0,11,0.42,4.8,6.4,5.0,0.07,6.2,6.4,1.0,0.07,6.2,6.4,1.0,0,0,0,0,0,2
8443,23.0,2015,9.0,26.0,1121.0,701.0,7,0.08,7.0,7.0,6.0,0.08,6.8,7.2,6.0,0.12,6.8,6.0,1.0,0,0,0,0,0,2
8444,1.0,2010,12.0,3.0,415.0,2594.0,9,0.61,5.0,4.5,2.0,0.36,5.0,4.4,2.0,0.14,7.5,7.1,12.0,0,0,0,0,0,2
8445,6.0,2016,9.0,4.0,614.0,901.0,1,0.84,8.0,8.0,2.0,0.42,8.0,8.0,2.0,0.42,8.0,8.0,2.0,0,0,0,0,0,2
8446,23.0,2013,4.0,9.0,34.0,834.0,1,0.59,7.15,8.3,23.0,0.27,6.8,7.25,18.0,0.88,6.9,8.0,18.0,1,0,1,0,0,2
8447,7.0,2001,3.0,11.0,929.0,2837.0,1,4.73,4.6,7.1,30.0,4.73,4.6,7.1,30.0,4.73,4.6,7.1,30.0,0,0,0,0,0,2
8448,7.0,2002,4.0,4.0,1707.0,1399.0,1,0.41,6.050969223702346,6.468989435002288,43.711032388663966,0.41,6.146789159393657,6.595062011943035,37.134362348178136,0.5,6.180679834634819,6.631194304088199,42.425607287449395,0,0,0,0,0,2
8449,7.0,2001,3.0,18.0,1708.0,184.0,4,1.21,3.0,4.6,5.0,1.21,3.0,4.6,5.0,0.26,6.2,6.85,3.0,0,0,0,0,0,2
8450,1.0,2008,5.0,312.0,1709.0,2838.0,1,0.02,7.0,7.0,1.0,0.1,7.0,7.0,1.0,0.1,7.0,7.0,1.0,0,0,0,0,0,2
8451,9.0,2002,3.0,29.0,929.0,747.0,1,0.26,6.5,7.5,3.0,0.16,6.5,7.5,3.0,0.31,6.5,7.5,3.0,0,0,0,0,0,2
8452,6.0,2014,4.0,49.0,901.0,2839.0,9,0.08,6.3,6.75,1.0,0.04,6.3,5.5,6.0,0.1,6.3,8.0,1.0,0,0,0,0,0,2
8453,6.0,2009,9.0,5.0,783.0,2641.0,11,0.19,3.0,3.0,32.76409185803758,0.19,3.0,3.0,23.798538622129435,0.19,3.0,3.0,28.856993736951985,0,0,0,0,0,2
8454,5.0,2009,11.0,36.0,511.0,1831.0,3,0.2,7.7,7.6,58.5,0.36,7.7,7.6,58.5,0.34,4.5,5.7,8.0,1,0,0,0,0,2
8455,13.0,2000,7.0,30.0,109.0,706.0,10,0.73,6.0,6.2,5.0,0.73,6.0,6.2,5.0,0.79,6.0,7.5,147.0,0,0,0,0,0,2
8456,7.0,2004,1.0,4.0,299.0,745.0,4,0.9,7.8,7.6,4.0,1.78,4.35,6.4,4.0,0.14,5.4,8.0,4.0,0,0,0,0,1,2
8457,17.0,2006,4.0,3.0,748.0,1662.0,10,0.38,8.17,8.12,16.5,0.38,8.17,8.12,16.5,0.03,7.0,7.15,14.0,0,0,0,0,0,2
8458,17.0,2008,9.0,5.0,336.0,158.0,1,0.21,5.0,6.1,15.0,0.29,4.35,5.15,2.0,0.02,5.57,6.08,33.5,0,0,0,1,0,2
8459,10.0,2011,3.0,36.0,130.0,159.0,9,0.73,8.3,7.65,87.0,0.73,8.3,7.65,87.0,0.73,8.3,7.65,87.0,0,0,0,0,1,2
8460,4.0,2011,6.0,29.0,120.0,2629.0,4,0.19,3.25,5.05,1.5,0.2,6.27,6.53,13.0,0.19,3.25,5.05,1.5,0,0,0,0,0,2
8461,1.0,2010,7.0,313.0,573.0,2840.0,6,0.02,6.0,4.0,1.0,0.04,6.0,4.0,1.0,0.04,6.0,4.0,1.0,0,0,0,0,1,2
8462,6.0,2010,9.0,8.0,387.0,2192.0,11,0.38,8.03,7.17,308.5,0.42,3.4,4.9,3.0,0.42,3.4,4.9,3.0,0,0,1,0,0,2
8463,4.0,2010,4.0,17.0,841.0,2841.0,10,0.29,4.93,5.42,13.5,0.05,4.93,5.95,1.0,0.05,7.6,7.55,1.0,1,0,0,0,0,2
8464,5.0,2011,9.0,155.0,1281.0,2083.0,9,0.11,5.77,4.95,44.5,0.18,6.85,6.95,4.0,0.18,6.85,6.95,4.0,0,0,0,0,0,2
8465,7.0,2003,1.0,9.0,102.0,2842.0,11,0.54,8.3,8.4,6.5,0.56,8.2,8.83,3.0,0.56,8.2,8.83,3.0,0,0,1,0,0,2
8466,1.0,2011,9.0,9.0,602.0,257.0,5,0.13,5.7,6.55,5.0,0.18,5.4,5.35,6.0,0.33,3.53,4.37,7.5,0,0,0,0,0,2
8467,7.0,2000,3.0,8.0,27.0,2843.0,12,0.64,7.8,7.15,0.5,0.32,7.75,6.8,7.0,0.32,7.75,6.8,7.0,0,0,1,0,0,2
8468,17.0,2006,10.0,35.0,676.0,1799.0,9,0.03,5.1,6.8,15.0,0.5,6.3,6.8,15.0,0.15,7.8,7.65,24.0,1,0,0,0,0,2
8469,4.0,2009,10.0,15.0,1710.0,2844.0,1,0.19,6.06531266560678,6.414785373608896,47.58155002891845,0.19,6.151277159512439,6.537713301536816,45.36119144013881,0.19,6.18789083200847,6.572859035506092,49.094852515905146,0,0,0,0,0,2
8470,5.0,2010,9.0,26.0,668.0,1883.0,7,0.16,7.0,7.5,10.0,0.16,7.0,7.5,10.0,0.16,7.0,7.5,10.0,0,0,0,0,0,2
8471,4.0,2010,9.0,297.0,1711.0,2845.0,2,0.02,6.10970075440067,6.4764073763621655,45.58566176470588,0.02,6.196900251466912,6.575593461860899,44.6546875,0.02,6.225879295892737,6.6160628667225705,45.84627757352941,0,0,0,0,0,2
8472,19.0,2002,7.0,73.0,779.0,1183.0,10,0.21,6.1,6.55,3.0,0.61,6.23,7.63,5.5,0.61,6.23,7.63,5.5,0,0,0,0,0,2
8473,4.0,2005,1.0,1.0,884.0,2846.0,1,0.39,7.0,7.6,15.0,0.52,7.8,7.6,15.0,0.52,7.8,7.6,15.0,0,0,0,0,0,2
8474,7.0,2002,2.0,53.0,1712.0,2847.0,1,0.51,3.7,7.58,3.0,0.51,3.7,7.58,3.0,0.51,3.7,7.58,3.0,0,0,0,0,0,2
8475,13.0,2000,6.0,69.0,24.0,778.0,1,0.03,6.080184531886015,6.4249240162822545,49.17336199229173,0.17,6.164715061058349,6.539900949796512,47.802772013044766,0.02,6.208497964721839,6.582871099050231,49.20360213459828,1,0,0,0,0,2
8476,9.0,2006,8.0,29.0,896.0,1131.0,1,0.01,5.45,2.4,0.0,0.01,5.45,2.4,0.0,0.01,5.45,2.4,0.0,0,0,0,0,0,2
8477,7.0,2003,11.0,11.0,662.0,2848.0,11,0.73,7.98,6.25,3.0,0.06,7.98,7.45,33.0,0.06,7.98,7.45,33.0,0,0,0,0,0,2
8478,6.0,2013,9.0,49.0,253.0,320.0,4,0.02,4.5,5.75,5.0,0.38,7.37,7.88,31.5,0.14,6.4,8.25,14.5,1,0,0,1,1,2
8479,9.0,2006,9.0,26.0,548.0,2849.0,2,0.01,4.75,6.3,12.0,0.02,4.75,6.3,12.0,0.02,4.75,6.3,12.0,0,0,0,0,0,2
8480,1.0,2007,3.0,5.0,321.0,1121.0,5,0.2,3.9,5.78,7.0,0.05,4.4,5.78,7.0,0.24,3.5,6.4,5.0,0,0,0,0,0,2
8481,1.0,2009,9.0,314.0,1713.0,2850.0,10,0.07,4.05,4.05,0.0,0.13,4.05,4.05,0.0,0.13,4.05,4.05,0.0,0,0,0,0,0,2
8482,15.0,2011,12.0,315.0,1714.0,2851.0,10,0.02,4.5,5.9,1.0,0.02,4.5,5.9,1.0,0.13,4.5,5.9,1.0,0,0,0,0,0,2
8483,1.0,2012,9.0,5.0,155.0,915.0,1,0.19,5.0,6.7,19.0,0.21,5.0,6.7,19.0,0.21,5.0,6.7,19.0,0,0,0,1,0,2
8484,1.0,2010,9.0,54.0,548.0,2852.0,5,0.07,5.0,8.3,49.88838251197281,0.87,5.0,8.3,48.341572686544104,0.87,5.0,8.3,49.79777537463309,0,0,0,0,0,2
8485,7.0,2003,8.0,102.0,1715.0,2853.0,9,0.07,4.5,6.05,3.0,0.07,4.5,6.05,3.0,0.07,4.5,6.05,3.0,0,0,0,0,0,2
8486,10.0,2011,11.0,15.0,965.0,2854.0,12,0.08,4.2,8.3,0.0,0.13,4.2,8.3,0.0,0.13,4.2,8.3,0.0,0,0,0,0,0,2
8487,4.0,2006,9.0,33.0,377.0,2855.0,10,2.65,4.25,4.95,1.0,0.07,4.25,6.15,1.0,0.07,4.25,6.15,1.0,0,0,0,0,0,2
8488,1.0,2007,10.0,11.0,694.0,1039.0,12,1.04,7.4,8.1,258.0,0.12,7.2,7.75,91.0,0.47,4.57,7.38,4.5,0,0,0,0,0,2
8489,7.0,2006,11.0,9.0,206.0,925.0,1,0.24,6.0,2.0,1.0,2.06,6.0,7.0,13.0,0.81,6.0,7.0,13.0,0,0,0,0,0,2
8490,9.0,2003,9.0,6.0,1716.0,2037.0,1,0.01,8.3,6.0,1.0,0.01,8.3,6.0,1.0,0.26,8.3,6.0,1.0,0,0,0,0,0,2
8491,17.0,2010,4.0,266.0,1217.0,1972.0,1,0.09,6.3,7.95,16.0,0.09,6.3,7.95,16.0,0.03,5.8,6.65,2.0,0,0,0,0,0,2
8492,5.0,2011,9.0,118.0,253.0,320.0,4,0.16,4.8,6.78,64.0,0.24,5.9,7.45,12.0,0.24,5.9,7.45,12.0,0,0,0,0,0,2
8493,13.0,1995,4.0,4.0,804.0,2196.0,1,0.3,2.0,7.0,3.0,0.08,2.0,7.0,1.0,0.08,2.0,7.0,1.0,1,0,0,0,0,2
8494,17.0,2009,6.0,33.0,354.0,241.0,1,0.25,5.7,6.7,1.0,0.25,5.7,6.7,1.0,1.39,5.7,6.0,1.0,0,0,0,0,0,2
8495,9.0,2005,1.0,241.0,1717.0,2856.0,1,0.0,0.0,0.0,0.0,0.0,0.0,0.0,0.0,0.0,0.0,0.0,0.0,0,0,0,0,0,2
8496,13.0,2000,1.0,26.0,1718.0,2857.0,1,0.38,7.0,7.0,1.0,0.38,7.0,7.0,1.0,0.38,7.0,7.0,1.0,0,0,0,0,0,2
8497,19.0,2004,6.0,40.0,237.0,519.0,10,0.31,7.4,7.35,1.0,0.68,7.4,7.9,1.0,0.68,7.4,7.9,1.0,1,0,0,0,0,2
8498,19.0,2003,3.0,29.0,460.0,747.0,10,0.55,6.45,7.25,4.0,0.09,5.37,6.97,7.0,0.42,4.75,6.45,2.0,0,0,0,0,0,2
8499,4.0,2007,12.0,9.0,1719.0,2858.0,1,0.34,7.7,7.7,3.0,0.34,7.7,7.7,3.0,0.34,7.7,7.7,3.0,0,0,0,0,0,2
8500,13.0,1998,1.0,261.0,465.0,2859.0,1,0.02,6.0160609318996405,6.403268817204285,46.05333068992863,1.1,6.099759856630821,6.523605734767007,42.11122125297383,1.1,6.1246594982078815,6.541229390680994,45.49722442505948,0,0,0,0,0,2
8501,13.0,1998,3.0,277.0,1720.0,2860.0,1,0.13,2.0,2.0,1.0,0.13,2.0,2.0,1.0,0.13,2.0,2.0,1.0,0,0,0,0,0,2
8502,14.0,2003,12.0,11.0,713.0,2861.0,11,0.58,2.4,6.1,14.0,0.42,7.3,6.95,14.0,0.12,7.3,6.0,1.0,0,0,0,0,0,2
8503,6.0,2009,8.0,6.0,560.0,2067.0,9,0.21,6.0,7.53,3.0,0.95,6.0,7.53,3.0,0.13,7.3,8.6,0.0,0,0,0,0,0,2
8504,7.0,2007,6.0,5.0,369.0,1670.0,10,0.18,4.4,4.7,3.0,0.08,7.15,7.5,13.0,0.24,4.2,6.2,13.0,0,0,0,0,0,2
8505,1.0,2012,1.0,3.0,102.0,1028.0,3,0.5,7.15,8.2,1.0,0.5,7.15,8.2,1.0,0.5,7.15,8.2,1.0,0,0,1,0,0,2
8506,5.0,2014,1.0,15.0,87.0,102.0,11,0.76,7.4,7.18,147.0,0.76,7.4,7.18,147.0,0.76,7.4,7.18,147.0,0,1,1,0,0,2
8507,11.0,2015,9.0,49.0,253.0,2062.0,3,0.02,6.75,7.57,2.0,0.05,4.0,6.65,6.0,0.29,4.9,7.45,2.0,0,0,0,0,0,2
8508,8.0,1992,11.0,122.0,206.0,2862.0,1,0.0,0.0,0.0,0.0,2.56,0.0,4.0,1.0,2.56,0.0,4.0,1.0,0,0,0,0,0,2
8509,10.0,2011,4.0,26.0,1058.0,701.0,1,0.28,7.0,7.0,1.0,0.38,7.0,7.0,1.0,0.54,7.0,7.0,1.0,0,0,0,0,0,2
8510,19.0,2005,3.0,24.0,79.0,40.0,10,0.09,7.2,7.0,6.0,0.23,7.2,7.0,6.0,0.64,6.2,7.78,75.5,0,0,0,0,0,2
8511,5.0,2011,6.0,12.0,369.0,2863.0,10,0.13,4.6,5.25,12.0,1.49,4.0,5.25,12.0,1.49,4.0,5.25,12.0,0,0,0,0,0,2
8512,1.0,2009,1.0,11.0,1721.0,739.0,3,0.24,6.33,6.52,52.0,0.07,6.67,7.52,16.5,0.52,7.4,7.1,15.0,0,0,0,0,0,2
8513,4.0,2010,8.0,35.0,1155.0,973.0,10,0.21,3.0,7.6,1.0,0.03,3.0,7.6,1.0,0.33,3.0,7.0,1.0,0,0,0,0,0,2
8514,5.0,2014,3.0,42.0,619.0,2864.0,5,0.68,1.5,1.5,2.0,0.06,1.5,1.5,2.0,0.06,1.5,1.5,2.0,0,0,0,0,0,2
8515,14.0,2005,7.0,8.0,541.0,1061.0,3,0.24,7.63,8.4,96.0,0.05,7.7,8.3,96.0,0.44,8.8,8.5,96.0,1,0,0,0,1,2
8516,7.0,2005,6.0,40.0,98.0,519.0,9,0.31,7.4,7.25,6.0,0.02,4.0,5.0,1.0,0.31,7.4,7.35,1.0,1,0,0,0,0,2
8517,7.0,2002,2.0,40.0,183.0,2865.0,3,0.2,7.1,8.0,18.0,0.59,8.0,6.8,18.0,0.59,8.0,6.8,18.0,0,0,0,0,0,2
8518,6.0,2007,9.0,6.0,19.0,1635.0,11,0.26,3.0,3.0,46.33063646170442,0.26,3.0,3.0,44.32092772384035,0.26,3.0,3.0,47.683791801510246,0,0,1,0,0,2
8519,4.0,2009,5.0,59.0,1273.0,2866.0,3,0.01,7.0,4.0,2.0,0.29,7.0,4.0,2.0,0.29,7.0,4.0,2.0,1,0,0,0,0,2
8520,4.0,2005,6.0,1.0,1722.0,2867.0,1,0.22,7.0,6.5,35.0,0.22,7.0,6.5,35.0,0.22,7.0,6.5,35.0,0,0,0,0,0,2
8521,7.0,2005,11.0,5.0,1723.0,2868.0,1,1.45,6.0,6.4,17.0,1.45,6.0,6.4,17.0,1.45,6.0,6.4,17.0,0,0,0,0,0,2
8522,7.0,2003,9.0,6.0,538.0,2869.0,12,0.06,5.65,5.0,2.0,0.01,7.9,8.6,2.0,0.01,7.9,8.6,2.0,0,0,0,0,0,2
8523,6.0,2012,9.0,5.0,1338.0,1149.0,9,0.63,6.2,5.0,5.0,0.09,6.2,6.65,5.0,0.63,6.2,5.0,5.0,1,0,0,0,0,2
8524,1.0,2007,2.0,15.0,87.0,2870.0,9,0.42,6.0,8.15,2.0,0.79,7.0,8.15,2.0,0.79,7.0,8.15,2.0,0,0,1,0,0,2
8525,7.0,2002,11.0,31.0,421.0,2159.0,3,0.11,4.6,6.2,16.0,0.15,8.3,8.0,16.0,0.25,8.3,7.0,21.0,0,0,0,0,0,2
8526,17.0,2011,12.0,15.0,87.0,277.0,1,0.2,7.7,7.7,1.0,0.26,7.7,7.7,1.0,0.35,7.7,7.7,1.0,0,0,1,1,0,2
8527,6.0,2008,7.0,57.0,783.0,2199.0,11,0.13,3.9,1.8,2.0,0.05,4.1,7.1,2.0,0.05,4.1,7.1,2.0,0,0,0,0,0,2
8528,14.0,2003,9.0,49.0,253.0,320.0,9,0.11,6.7,8.65,1.0,0.08,6.75,8.2,14.0,0.08,6.75,8.2,14.0,1,0,0,1,1,2
8529,7.0,2003,1.0,5.0,336.0,2871.0,6,0.06,6.4,7.45,5.0,0.54,6.88,8.3,0.0,0.54,6.88,8.3,0.0,0,0,0,0,0,2
8530,19.0,2005,9.0,29.0,228.0,1640.0,11,0.36,5.5,5.75,3.0,0.02,5.75,5.15,3.0,0.02,5.75,5.15,3.0,0,0,0,0,0,2
8531,8.0,1997,1.0,15.0,1724.0,2872.0,1,0.27,8.0,8.0,1.0,0.27,8.0,8.0,1.0,0.27,8.0,8.0,1.0,0,0,0,0,0,2
8532,13.0,2001,11.0,53.0,1725.0,1409.0,6,0.14,8.0,8.15,8.5,0.14,8.0,8.15,8.5,0.31,3.0,4.8,55.0,1,0,0,0,0,2
8533,6.0,2007,1.0,3.0,368.0,1376.0,6,0.39,3.8,4.4,2.0,0.51,7.1,4.0,2.0,0.51,7.1,4.0,2.0,0,0,0,0,0,2
8534,19.0,2006,2.0,59.0,562.0,2873.0,10,0.05,7.4,7.8,48.40748280219009,0.12,5.3,7.7,47.08746314755019,0.1,5.3,7.7,48.39758528709813,0,0,0,0,0,2
8535,4.0,2006,9.0,24.0,245.0,2874.0,11,0.09,3.7,4.3,9.0,0.38,6.65,6.22,9.0,0.38,6.65,6.22,9.0,0,0,0,0,0,2
8536,17.0,2006,12.0,24.0,79.0,2875.0,10,0.34,7.83,7.35,112.5,1.19,6.5,8.0,92.0,1.19,6.5,8.0,92.0,0,0,0,0,0,2
8537,7.0,2005,4.0,58.0,1405.0,2313.0,1,0.26,9.0,9.0,1.0,0.24,9.0,9.0,1.0,0.24,9.0,9.0,1.0,1,0,0,0,0,2
8538,7.0,2006,1.0,15.0,1271.0,2069.0,1,0.22,9.0,9.0,1.0,0.22,9.0,9.0,1.0,0.29,9.0,9.0,1.0,0,0,0,0,0,2
8539,7.0,2002,7.0,15.0,103.0,1712.0,10,0.01,4.0,8.0,1.0,0.26,8.4,7.98,58.0,0.38,5.77,6.57,10.5,1,0,0,0,1,2
8540,5.0,2006,6.0,5.0,266.0,1454.0,2,0.04,3.9,7.7,1.0,0.26,7.07,8.77,13.0,0.25,5.1,8.77,0.0,0,0,0,0,0,2
8541,9.0,2002,3.0,53.0,1179.0,1205.0,5,0.46,6.2,6.4,2.5,0.03,6.4,4.75,2.5,0.6,7.05,8.4,2.5,0,0,0,0,1,2
8542,7.0,2008,10.0,26.0,419.0,2876.0,9,0.17,7.7,7.7,19.0,0.02,4.0,7.6,19.0,0.02,4.0,7.6,19.0,0,0,1,0,0,2
8543,8.0,1995,1.0,15.0,87.0,978.0,1,0.27,8.0,8.0,1.0,0.58,8.0,8.0,1.0,0.28,7.6,7.6,14.0,1,0,1,0,1,2
8544,1.0,2008,10.0,40.0,347.0,1499.0,9,0.41,6.3,6.02,20.0,0.41,6.3,6.02,20.0,0.41,6.3,6.02,20.0,0,0,0,0,0,2
8545,7.0,2003,6.0,99.0,656.0,2877.0,8,0.09,8.0,8.9,46.19905533063428,0.03,8.0,8.9,45.39591767881242,0.03,8.0,8.9,46.679740215924426,0,0,0,0,0,2
8546,17.0,2006,12.0,77.0,498.0,2878.0,5,1.28,7.75,7.5,13.0,1.1,5.4,6.85,9.0,1.1,5.4,6.85,9.0,0,0,0,0,0,2
8547,19.0,2005,9.0,24.0,131.0,1757.0,2,0.12,6.2,7.5,4.0,0.29,6.2,6.35,2.0,0.29,6.2,6.35,2.0,0,0,0,0,1,2
8548,1.0,2009,1.0,5.0,396.0,2879.0,6,0.19,6.7,7.65,1.0,0.05,6.6,6.15,1.0,0.05,6.6,6.15,1.0,0,0,0,0,0,2
8549,6.0,2009,10.0,155.0,1139.0,1850.0,9,0.12,6.5,7.3,13.0,0.09,6.5,7.4,17.0,0.12,6.5,7.3,13.0,0,0,0,0,0,2
8550,4.0,2010,11.0,294.0,1142.0,2679.0,1,0.19,6.036517973148549,6.446041576440007,42.41893830703013,0.19,6.13182763100909,6.5621524469467225,36.190578670492584,0.19,6.158211346903418,6.59756604590732,41.083213773314206,0,0,0,0,0,2
8551,18.0,2014,9.0,17.0,1099.0,1904.0,6,0.06,5.07,5.58,15.0,0.02,5.07,5.58,15.0,0.02,5.07,5.58,15.0,0,0,0,1,1,2
8552,4.0,2008,1.0,6.0,505.0,2880.0,10,0.28,5.9,6.7,47.32791802049488,0.38,5.9,6.7,45.973319170207446,0.38,5.9,6.7,47.42195701074731,0,0,0,0,0,2
8553,4.0,2009,12.0,35.0,296.0,2881.0,9,0.02,7.0,7.1,47.5,1.8,7.0,7.1,47.5,1.8,7.0,7.1,47.5,0,0,0,0,0,2
8554,8.0,1991,8.0,161.0,108.0,137.0,1,0.0,0.0,0.0,0.0,0.03,6.97,5.05,23.0,0.03,6.13,3.85,371.5,0,0,0,0,0,2
8555,1.0,2011,1.0,3.0,102.0,1028.0,3,0.42,7.91,8.15,204.5,0.41,8.5,8.55,22.5,0.15,8.5,8.55,22.5,0,0,1,0,0,2
8556,17.0,2011,9.0,13.0,1321.0,1130.0,1,0.22,6.67,8.22,27.0,0.22,6.67,8.22,27.0,0.3,6.67,8.22,27.0,1,0,0,0,0,2
8557,15.0,2011,1.0,3.0,102.0,126.0,10,0.36,8.5,7.1,29.5,0.36,8.5,7.1,29.5,0.36,8.5,7.1,29.5,1,0,1,0,1,2
8558,9.0,2001,9.0,29.0,262.0,1811.0,10,1.94,5.2,5.2,1.0,1.94,5.2,5.2,1.0,1.94,5.2,5.2,1.0,0,0,0,0,0,2
8559,13.0,1997,1.0,316.0,1726.0,2882.0,1,0.0,0.0,0.0,0.0,0.0,0.0,0.0,0.0,0.0,0.0,0.0,0.0,0,0,0,0,0,2
8560,12.0,1998,10.0,87.0,1727.0,2883.0,1,0.32,7.5,7.5,62.0,0.32,7.5,7.5,62.0,0.32,7.5,7.5,62.0,0,0,0,0,0,2
8561,12.0,1999,7.0,68.0,1728.0,105.0,1,0.21,8.0,8.5,1.0,0.21,8.0,8.5,1.0,4.31,8.0,8.5,1.0,1,0,0,0,0,2
8562,12.0,2001,9.0,181.0,1047.0,1491.0,1,0.11,7.0,4.8,9.0,0.12,7.0,4.8,9.0,0.12,7.0,4.8,9.0,0,0,0,0,0,2
8563,12.0,2001,1.0,15.0,1729.0,2884.0,1,0.28,6.097708281522011,6.447693359860781,47.903901046622266,0.28,6.1815792091519635,6.559855757274357,46.559535136604595,0.28,6.221097985575736,6.597542899776213,47.730256898192195,0,0,0,0,0,2
8564,12.0,2000,10.0,6.0,305.0,2885.0,11,0.25,5.3,6.6,4.0,0.25,5.3,6.6,4.0,0.25,5.3,6.6,4.0,0,0,0,0,0,2
8565,12.0,2000,3.0,40.0,944.0,1470.0,10,0.2,4.37,7.53,2.0,0.46,4.37,7.3,12.0,0.46,4.37,7.3,12.0,0,0,0,0,1,2
8566,12.0,1999,7.0,5.0,548.0,1481.0,1,0.3,9.5,7.6,28.5,0.46,9.5,7.6,28.5,0.46,9.5,7.6,28.5,1,0,0,0,1,2
8567,12.0,2000,12.0,1.0,91.0,92.0,6,1.91,6.7,7.5,21.0,0.36,6.7,6.0,1.0,0.36,6.7,6.0,1.0,0,0,0,0,0,2
8568,12.0,1999,3.0,29.0,1730.0,671.0,1,0.51,6.9,6.9,38.0,0.51,6.9,6.9,38.0,0.9,6.9,6.9,38.0,0,0,0,0,1,2
8569,12.0,1998,9.0,6.0,109.0,2886.0,1,0.16,6.8,6.8,22.0,0.35,6.0,6.0,15.0,0.35,6.0,6.0,15.0,0,0,0,0,0,2
8570,12.0,1999,6.0,40.0,560.0,2887.0,1,0.25,6.5,6.5,4.0,0.03,6.5,6.5,4.0,0.03,6.5,6.5,4.0,0,0,0,0,0,2
8571,12.0,1996,8.0,25.0,1731.0,2888.0,1,1.36,8.0,8.0,6.0,1.36,8.0,8.0,6.0,1.36,8.0,8.0,6.0,0,0,0,0,0,2
8572,5.0,2006,4.0,26.0,1418.0,2889.0,2,0.19,4.55,4.25,4.0,0.24,4.55,4.25,4.0,0.03,6.4,8.2,4.0,1,0,0,0,0,2
8573,4.0,2009,5.0,6.0,1732.0,2890.0,1,0.17,6.06531266560678,6.414785373608896,47.58155002891845,0.17,6.151277159512439,6.537713301536816,45.36119144013881,0.17,6.18789083200847,6.572859035506092,49.094852515905146,0,0,0,0,0,2
8574,4.0,2010,9.0,26.0,668.0,188.0,6,0.21,6.03,7.03,31.5,0.13,6.9,6.95,33.0,0.51,6.03,7.02,100.5,0,0,0,1,0,2
8575,4.0,2006,6.0,286.0,1733.0,2891.0,1,0.18,6.057909446618223,6.454225824482941,48.764652014652015,0.18,6.140609278926769,6.574768026830625,40.60225885225885,0.18,6.179580771380661,6.604046953605371,45.93101343101343,0,0,0,0,0,2
8576,17.0,2006,8.0,71.0,152.0,857.0,5,0.01,7.0,7.4,116.0,1.21,7.0,7.4,116.0,0.24,7.15,7.55,4.0,0,0,0,0,0,2
8577,15.0,2014,3.0,6.0,322.0,423.0,12,0.63,5.8,6.02,105.5,1.7,5.7,6.05,117.0,1.7,5.7,6.05,117.0,0,0,1,1,0,2
8578,17.0,2008,8.0,26.0,1014.0,1183.0,1,0.19,5.07,7.0,1.0,0.22,5.07,7.0,1.0,0.11,5.07,7.02,2.5,0,0,0,0,0,2
8579,7.0,2003,10.0,24.0,1503.0,2892.0,6,0.03,6.62,8.37,37.5,0.08,7.8,8.37,0.0,0.08,7.8,8.37,0.0,0,0,0,1,0,2
8580,5.0,2009,11.0,81.0,1027.0,1649.0,4,0.03,5.0,5.0,2.5,0.03,5.0,5.0,2.5,0.03,5.0,5.0,2.5,0,0,0,0,0,2
8581,7.0,2006,4.0,26.0,385.0,604.0,1,0.21,6.0,7.0,40.0,0.36,6.0,7.0,40.0,0.46,7.0,7.1,12.0,1,0,0,0,0,2
8582,14.0,2004,1.0,88.0,783.0,1242.0,8,0.36,5.45,8.22,2.0,0.21,6.5,7.9,2.0,0.36,5.45,8.22,2.0,0,0,0,0,0,2
8583,6.0,2007,7.0,24.0,1001.0,1599.0,11,0.22,5.0,6.18,15.5,0.41,5.67,7.1,55.5,0.41,5.67,7.1,55.5,0,0,0,0,0,2
8584,5.0,2006,1.0,40.0,210.0,502.0,11,0.31,5.0,1.05,4.5,0.17,6.9,7.9,4.5,0.53,7.8,7.3,1.0,0,0,0,1,0,2
8585,4.0,2010,8.0,29.0,120.0,2893.0,9,0.21,7.2,6.65,12.0,0.18,4.95,5.9,4.0,0.18,4.95,5.9,4.0,0,0,0,0,0,2
8586,6.0,2011,1.0,6.0,1318.0,1062.0,10,0.25,2.9,5.7,1.0,0.18,2.9,5.7,1.0,0.7,3.0,2.75,2.0,0,0,1,0,0,2
8587,4.0,2008,1.0,6.0,180.0,2894.0,10,0.23,7.4,7.4,47.32791802049488,1.05,7.4,7.4,45.973319170207446,1.05,7.4,7.4,47.42195701074731,0,0,0,0,0,2
8588,4.0,2008,11.0,15.0,1734.0,2895.0,9,1.6,6.9,6.8,45.66070409134158,1.6,6.9,6.8,44.78520456707897,1.6,6.9,6.8,45.78801141769743,0,0,0,0,0,2
8589,6.0,2013,8.0,81.0,450.0,809.0,1,0.99,5.0,7.53,62.0,0.99,5.0,7.53,62.0,0.99,5.0,7.53,62.0,1,0,0,0,0,2
8590,1.0,2010,9.0,68.0,448.0,2896.0,11,0.08,8.2,8.2,44.246983408748115,0.06,8.2,8.2,32.7447209653092,0.06,8.2,8.2,36.71266968325792,0,0,0,0,0,2
8591,23.0,2011,9.0,4.0,1735.0,2897.0,1,0.21,3.0,6.0,1.0,0.21,3.0,6.0,1.0,0.21,3.0,6.0,1.0,1,0,0,1,1,2
8592,4.0,2009,9.0,29.0,120.0,392.0,10,0.24,6.017120127287195,6.416451869530627,39.8933506044905,0.24,6.130859188544151,6.552171837708827,32.29706390328152,0.39,6.161694510739854,6.5963723150357945,34.81476683937824,0,0,0,0,0,2
8593,7.0,2004,11.0,26.0,1736.0,2898.0,4,0.08,4.0,6.5,4.0,0.05,4.0,6.5,4.0,0.1,4.0,6.5,4.0,0,0,0,0,0,2
8594,4.0,2007,4.0,92.0,1737.0,2899.0,1,0.03,6.2,6.55,1.0,0.03,6.2,6.55,1.0,0.03,6.2,6.55,1.0,0,0,0,0,0,2
8595,15.0,2011,7.0,8.0,49.0,785.0,2,0.53,7.43,7.48,177.5,1.02,7.47,7.47,215.5,1.02,7.47,7.47,215.5,0,0,0,1,0,2
8596,8.0,1992,1.0,58.0,643.0,2900.0,1,0.33,6.03269493844049,6.3998449612402935,47.56792123629113,0.33,6.126103511171898,6.525690834473301,46.22083748753739,0.33,6.171917464660274,6.563750569995426,48.952018943170486,0,0,0,0,0,2
8597,5.0,2010,1.0,6.0,62.0,435.0,10,0.19,5.53,5.85,4.5,0.19,5.53,5.85,4.5,0.19,5.53,5.85,4.5,0,0,1,1,0,2
8598,17.0,2011,1.0,4.0,571.0,836.0,3,0.58,9.0,8.5,2.0,0.54,6.93,7.18,76.5,0.2,7.9,8.15,2.0,0,0,0,0,0,2
8599,1.0,2009,6.0,54.0,1738.0,2901.0,10,0.17,6.1,7.73,5.0,0.17,6.1,7.73,5.0,0.17,6.1,7.73,5.0,0,0,0,0,0,2
8600,5.0,2005,1.0,3.0,787.0,2254.0,11,0.04,5.8,6.9,0.0,0.06,5.98,6.2,0.0,0.25,7.0,7.5,9.0,1,0,0,0,1,2
8601,1.0,2009,6.0,59.0,437.0,2395.0,9,0.29,3.5,7.22,3.0,0.12,4.75,6.85,6.0,0.12,4.75,6.85,6.0,0,0,0,0,1,2
8602,7.0,2006,3.0,91.0,1059.0,1708.0,7,0.04,6.65,7.9,24.0,0.17,6.38,7.4,13.0,0.17,6.38,7.4,13.0,0,0,0,0,0,2
8603,17.0,2006,10.0,11.0,385.0,637.0,6,0.1,4.5,6.08,21.5,0.16,4.5,8.0,3.0,0.19,4.55,4.25,4.0,0,0,0,0,0,2
8604,13.0,1995,1.0,8.0,1609.0,31.0,1,0.32,6.8,6.8,25.0,0.19,6.8,6.8,25.0,0.19,6.8,6.8,25.0,1,1,0,0,1,2
8605,4.0,2008,9.0,158.0,1739.0,2902.0,5,0.01,6.113935677738978,6.479279623162557,46.09182401140007,0.01,6.201873629497303,6.579344595143392,45.30495190594941,0.01,6.234555348006196,6.622133517420643,46.50917349483434,0,0,0,0,0,2
8606,5.0,2013,9.0,49.0,253.0,320.0,7,0.23,5.8,7.3,6.0,0.23,5.8,7.3,6.0,0.13,5.5,6.4,4.5,1,0,0,1,1,2
8607,13.0,2000,1.0,4.0,395.0,378.0,11,0.32,6.95,7.6,2.0,1.0,7.3,7.6,2.0,0.38,3.0,7.6,2.0,0,0,0,0,0,2
8608,1.0,2008,9.0,29.0,120.0,689.0,10,0.19,5.3,6.8,47.32791802049488,0.39,5.3,6.8,45.973319170207446,0.28,5.3,6.8,47.42195701074731,0,0,0,0,0,2
8609,5.0,2012,6.0,6.0,609.0,23.0,10,0.39,6.87,7.2,16.5,0.12,6.0,10.0,1.0,0.44,7.23,7.0,12.0,1,1,0,0,0,2
8610,4.0,2012,9.0,20.0,234.0,615.0,10,0.37,8.0,6.65,44.5,0.74,7.6,6.33,31.5,0.74,7.6,6.33,31.5,0,0,0,0,0,2
8611,6.0,2014,10.0,9.0,34.0,2722.0,10,0.3,7.0,7.9,96.0,0.15,7.0,7.8,4.0,0.18,7.17,8.02,4.0,0,0,1,0,0,2
8612,13.0,2000,1.0,15.0,103.0,102.0,1,0.2,6.0,7.8,5.0,0.03,6.0,7.8,5.0,0.03,6.0,7.8,5.0,0,0,0,0,0,2
8613,24.0,1998,11.0,161.0,1740.0,2903.0,1,0.4,6.0160609318996405,6.403268817204285,46.05333068992863,0.4,6.099759856630821,6.523605734767007,42.11122125297383,0.4,6.1246594982078815,6.541229390680994,45.49722442505948,0,0,0,0,0,2
8614,4.0,2007,6.0,6.0,19.0,1688.0,10,1.05,8.2,7.4,3.0,2.88,8.2,7.7,3.0,0.39,8.2,8.18,3.0,1,0,1,0,0,2
8615,1.0,2010,12.0,15.0,87.0,277.0,12,0.19,6.3,6.4,1.0,0.2,4.5,4.0,1.0,0.31,7.2,7.65,1.0,0,0,1,1,0,2
8616,23.0,2013,11.0,20.0,234.0,488.0,6,0.2,7.6,7.7,46.0,1.08,7.5,8.03,86.0,1.08,7.5,8.03,86.0,0,0,0,0,0,2
8617,9.0,2001,3.0,15.0,453.0,2904.0,6,0.05,4.5,8.0,1.0,0.64,7.8,7.2,1.0,0.64,7.8,7.2,1.0,0,0,0,0,1,2
8618,8.0,1994,10.0,13.0,51.0,2905.0,1,0.07,7.5,8.3,28.0,0.56,7.5,7.9,14.0,0.56,7.5,7.9,14.0,0,0,1,0,0,2
8619,6.0,2008,1.0,40.0,1741.0,502.0,10,1.91,2.9,5.8,1.0,1.91,2.9,5.8,1.0,0.89,7.3,8.0,1.0,0,0,0,1,0,2
8620,9.0,2003,3.0,1.0,739.0,217.0,6,0.65,8.45,8.6,45.0,0.65,8.45,8.6,45.0,1.1,8.25,8.5,98.0,1,0,0,0,1,2
8621,13.0,1999,3.0,55.0,215.0,2906.0,1,0.63,9.5,9.5,4.0,0.44,5.0,5.0,2.0,0.44,5.0,5.0,2.0,0,0,0,0,0,2
8622,4.0,2011,6.0,59.0,243.0,2907.0,11,0.1,5.0,4.4,1.0,0.13,5.0,6.0,1.0,0.13,5.0,6.0,1.0,0,0,0,0,0,2
8623,9.0,2001,5.0,26.0,40.0,2908.0,4,0.03,6.9,6.85,13.0,1.24,6.9,6.85,13.0,0.04,3.0,7.3,9.0,1,0,1,0,1,2
8624,4.0,2009,6.0,241.0,687.0,2909.0,7,0.01,6.3,4.8,61.18867924528302,0.02,6.3,4.8,37.9685534591195,0.02,6.3,4.8,51.5188679245283,0,0,0,0,0,2
8625,20.0,2012,9.0,29.0,509.0,751.0,8,0.86,8.3,7.25,256.0,0.86,8.3,7.25,256.0,0.86,8.3,7.25,256.0,0,0,0,1,1,2
8626,1.0,2010,11.0,158.0,1742.0,2910.0,1,0.14,5.0,7.0,2.0,0.14,5.0,7.0,2.0,0.05,5.0,7.0,2.0,1,0,0,0,0,2
8627,1.0,2011,6.0,8.0,31.0,2911.0,11,0.19,6.17,6.43,42.5,0.59,8.2,7.6,24.5,0.59,8.2,7.6,24.5,0,0,0,0,0,2
8628,4.0,2007,1.0,132.0,816.0,2912.0,2,0.6,7.1,8.0,47.86400791034937,0.47,7.1,8.0,46.669215557020436,0.47,7.1,8.0,47.940870138431116,0,0,0,0,0,2
8629,17.0,2009,1.0,9.0,1743.0,2913.0,1,0.3,5.0,5.0,1.0,0.3,5.0,5.0,1.0,0.3,5.0,5.0,1.0,0,0,0,0,0,2
8630,1.0,2011,1.0,3.0,448.0,2914.0,9,0.2,6.85,7.45,9.0,0.13,5.7,6.55,5.0,0.1,5.7,7.0,1.0,0,0,0,0,0,2
8631,15.0,2010,7.0,90.0,473.0,679.0,6,0.34,4.67,5.73,85.0,0.34,4.67,5.73,85.0,1.16,4.67,5.73,85.0,1,0,0,0,0,2
8632,4.0,2007,6.0,12.0,1744.0,2915.0,1,0.14,3.8,3.8,47.55820785897907,0.14,3.8,3.8,46.14738646101114,0.14,3.8,3.8,47.53813196229649,0,0,0,0,0,2
8633,6.0,2011,6.0,29.0,131.0,2629.0,4,0.19,6.33,5.95,14.0,0.23,5.7,5.2,3.0,0.19,3.25,5.05,1.5,0,0,0,0,0,2
8634,9.0,2005,9.0,29.0,1288.0,277.0,1,0.29,5.0,6.4,5.0,0.29,5.0,6.4,5.0,0.44,6.2,8.1,5.0,0,0,0,0,0,2
8635,6.0,2012,4.0,134.0,1430.0,2916.0,10,0.17,3.6,5.1,8.0,0.01,4.0,4.6,7.0,0.01,4.0,4.6,7.0,0,0,0,0,0,2
8636,11.0,2016,11.0,9.0,487.0,707.0,8,0.03,5.7,7.0,4.0,0.61,5.7,6.8,19.0,0.17,7.75,7.7,68.0,1,0,0,1,0,2
8637,13.0,1998,6.0,317.0,1745.0,2917.0,1,0.0,0.0,0.0,0.0,0.0,0.0,0.0,0.0,0.0,0.0,0.0,0.0,0,0,0,0,0,2
8638,5.0,2009,1.0,276.0,1746.0,2918.0,1,0.08,6.06531266560678,6.414785373608896,47.58155002891845,0.08,6.151277159512439,6.537713301536816,45.36119144013881,0.08,6.18789083200847,6.572859035506092,49.094852515905146,0,0,0,0,0,2
8639,13.0,1996,1.0,8.0,1747.0,31.0,1,0.32,7.3,7.3,4.0,0.32,7.3,7.3,4.0,0.19,6.8,6.8,25.0,1,1,0,0,1,2
8640,5.0,2010,9.0,15.0,1066.0,1727.0,10,0.35,4.33,7.7,1.0,0.02,4.33,5.7,20.5,0.02,4.33,5.7,20.5,0,0,0,0,0,2
8641,13.0,1996,10.0,31.0,1748.0,2919.0,1,0.22,6.074598214285714,6.518080357142857,51.629901960784316,0.22,6.105133928571427,6.627678571428572,32.81127450980392,0.22,6.240669642857141,6.645223214285716,43.85294117647059,0,0,0,0,0,2
8642,7.0,2004,7.0,99.0,330.0,1240.0,10,0.62,4.8,6.8,50.91388518024032,0.3,7.7,7.7,41.10447263017357,0.3,7.7,7.7,47.05941255006675,0,0,0,0,0,2
8643,4.0,2007,5.0,71.0,24.0,778.0,1,0.09,7.4,7.3,2.0,0.02,5.1,7.8,2.0,0.04,3.4,2.1,2.0,1,0,0,0,0,2
8644,17.0,2010,6.0,6.0,19.0,101.0,11,0.2,3.0,5.3,3.0,0.61,2.6,5.8,1.0,4.42,6.03,6.5,52.0,0,0,1,0,0,2
8645,1.0,2007,11.0,8.0,122.0,731.0,3,0.43,6.27,4.95,56.0,0.48,7.33,6.9,0.5,0.11,4.95,7.1,10.0,0,0,1,0,0,2
8646,13.0,1995,7.0,4.0,40.0,2920.0,1,0.24,8.0,8.0,1.0,0.42,8.0,8.0,1.0,0.42,8.0,8.0,1.0,0,0,1,0,0,2
8647,17.0,2008,12.0,26.0,1749.0,2921.0,1,0.18,8.0,8.0,2.0,0.18,8.0,8.0,2.0,0.18,8.0,8.0,2.0,0,0,0,0,0,2
8648,19.0,2003,1.0,8.0,27.0,2922.0,9,0.18,7.75,7.5,1.0,0.97,8.17,8.02,9.0,0.97,8.17,8.02,9.0,0,0,1,0,1,2
8649,4.0,2006,11.0,29.0,284.0,2923.0,8,0.06,7.73,8.0,196.0,0.1,5.2,4.2,196.0,0.1,5.2,4.2,196.0,0,0,0,0,0,2
8650,18.0,2013,12.0,5.0,394.0,184.0,11,0.29,6.8,6.12,7.5,0.29,6.8,6.12,7.5,0.29,6.8,6.12,7.5,1,0,0,0,1,2
8651,1.0,2010,1.0,11.0,332.0,1226.0,5,0.02,7.3,7.27,51.5,0.05,6.75,7.7,0.0,0.13,6.75,7.7,0.0,1,0,0,0,0,2
8652,11.0,2014,10.0,232.0,676.0,1799.0,12,0.11,7.5,8.3,4.0,0.11,7.5,8.3,4.0,0.03,7.53,7.98,20.5,1,0,0,1,0,2
8653,1.0,2009,6.0,5.0,321.0,2924.0,9,0.25,6.0,5.82,10.5,0.11,6.0,5.82,10.5,0.11,6.0,5.82,10.5,0,0,0,0,0,2
8654,4.0,2010,6.0,29.0,1029.0,392.0,3,0.35,5.5,7.9,12.0,0.39,5.5,5.87,12.0,0.07,5.5,5.4,12.0,0,0,0,0,0,2
8655,10.0,2015,4.0,9.0,34.0,2565.0,7,0.02,7.0,7.0,1.0,0.25,7.0,7.7,86.0,0.2,7.0,8.0,4.0,0,0,1,1,0,2
8656,15.0,2011,3.0,36.0,130.0,738.0,5,1.08,8.07,7.3,129.0,1.08,8.07,7.3,129.0,1.08,8.07,7.3,129.0,0,0,0,0,0,2
8657,10.0,2012,6.0,1.0,1750.0,2889.0,1,0.27,7.5,8.8,1.0,0.27,7.5,8.8,1.0,0.16,7.5,8.8,1.0,1,0,0,0,0,2
8658,5.0,2012,8.0,15.0,703.0,2257.0,3,0.25,7.1,8.25,16.0,0.03,7.5,5.9,4.0,0.03,7.5,5.9,4.0,0,0,0,0,0,2
8659,4.0,2010,9.0,68.0,938.0,2896.0,11,0.02,3.0,3.0,44.246983408748115,0.06,3.0,3.0,32.7447209653092,0.06,3.0,3.0,36.71266968325792,0,0,0,0,0,2
8660,1.0,2012,9.0,29.0,120.0,161.0,11,1.39,7.7,7.68,114.0,1.39,7.7,7.68,114.0,1.39,7.7,7.68,114.0,0,0,0,0,0,2
8661,9.0,2001,3.0,29.0,462.0,1238.0,9,0.46,7.55,7.8,14.0,0.24,1.0,5.3,3.0,0.14,7.0,8.8,3.0,0,0,0,0,0,2
8662,14.0,2005,7.0,2.0,20.0,20.0,1,0.71,7.0,8.1,47.0,0.71,7.0,8.1,47.0,0.04,8.16,8.13,273.0,1,1,0,1,0,2
8663,13.0,1996,3.0,6.0,1751.0,2925.0,1,3.03,8.0,7.9,153.0,3.03,8.0,7.9,153.0,3.03,8.0,7.9,153.0,0,0,0,0,1,2
8664,4.0,2005,5.0,6.0,106.0,778.0,7,0.24,6.0,5.97,8.0,0.56,5.6,6.05,4.0,0.07,5.75,6.05,4.0,1,0,0,0,0,2
8665,19.0,2002,1.0,9.0,102.0,126.0,10,0.39,5.1,7.05,22.0,0.22,9.2,7.55,1.0,0.12,9.0,7.3,1.0,1,0,1,1,1,2
8666,7.0,2007,10.0,267.0,1537.0,2552.0,4,0.0,0.0,0.0,0.0,0.0,0.0,0.0,0.0,0.0,0.0,0.0,0.0,1,0,0,0,0,2
8667,14.0,2004,1.0,8.0,27.0,651.0,9,0.3,7.5,7.9,62.0,0.85,7.9,7.2,1.0,0.1,8.5,7.4,1.0,1,0,1,0,0,2
8668,17.0,2010,1.0,15.0,87.0,102.0,1,0.2,7.17,7.0,1.0,0.23,7.17,7.0,1.0,0.01,7.17,6.67,137.5,0,0,1,0,0,2
8669,17.0,2005,7.0,29.0,383.0,2926.0,11,0.35,6.7,6.9,7.0,0.13,6.45,7.05,7.0,0.13,6.45,7.05,7.0,0,0,0,1,0,2
8670,7.0,2003,7.0,24.0,312.0,2927.0,12,0.35,7.37,8.38,18.0,0.08,6.3,6.95,2.0,0.08,6.3,6.95,2.0,0,0,0,0,0,2
8671,18.0,2014,11.0,179.0,590.0,942.0,1,0.24,7.2,7.2,142.0,0.24,7.2,7.2,142.0,0.24,7.2,7.2,142.0,0,0,0,0,0,2
8672,17.0,2011,4.0,17.0,1752.0,2928.0,1,0.47,6.107652813930537,6.467882595817321,45.77475613360922,0.47,6.194403554438579,6.56657391616556,44.85269484678293,0.47,6.2266573916165795,6.606709451575302,45.76973100798108,1,0,0,1,0,2
8673,1.0,2007,5.0,12.0,1753.0,2929.0,4,2.91,5.55,5.05,8.0,0.11,6.75,6.3,7.0,0.11,6.75,6.3,7.0,0,0,0,0,0,2
8674,1.0,2008,6.0,5.0,321.0,1123.0,11,0.21,3.45,3.45,0.0,0.2,3.45,3.45,0.0,0.65,3.45,3.45,0.0,0,0,0,0,0,2
8675,10.0,2012,4.0,26.0,1105.0,1775.0,1,0.2,6.072961653015631,6.425969843633651,50.50295255548768,0.2,6.152457185405805,6.543201787043918,48.179596823457544,0.36,6.196662323157107,6.5816586001488995,49.25208715129302,0,0,0,0,0,2
8676,13.0,1996,9.0,22.0,1316.0,2930.0,1,0.0,0.0,0.0,0.0,0.0,0.0,0.0,0.0,0.0,0.0,0.0,0.0,0,0,0,0,0,2
8677,15.0,2012,9.0,127.0,509.0,751.0,8,0.3,6.5,7.95,0.0,0.8,8.27,7.95,267.0,0.8,8.27,7.95,267.0,0,0,0,1,1,2
8678,6.0,2010,9.0,29.0,967.0,2931.0,11,0.19,7.0,2.0,1.0,0.25,7.0,6.7,1.0,0.25,7.0,6.7,1.0,0,0,0,0,0,2
8679,6.0,2011,6.0,26.0,1672.0,2775.0,1,0.22,5.0,5.0,1.0,0.22,5.0,5.0,1.0,0.07,5.0,5.0,1.0,0,0,0,0,0,2
8680,4.0,2009,9.0,5.0,518.0,2740.0,5,0.63,7.2,8.12,58.5,0.03,4.5,7.3,58.5,0.18,4.5,6.8,58.5,0,0,0,0,0,2
8681,4.0,2009,8.0,6.0,19.0,214.0,5,0.04,7.0,7.7,12.0,0.13,7.0,7.7,12.0,0.27,7.0,6.5,12.0,0,0,1,0,0,2
8682,7.0,2008,6.0,32.0,71.0,260.0,11,0.23,5.15,5.75,15.0,0.23,5.15,5.75,15.0,0.23,5.15,5.75,15.0,0,0,0,0,0,2
8683,10.0,2011,9.0,228.0,1754.0,1765.0,1,0.02,6.107652813930537,6.467882595817321,45.77475613360922,0.02,6.194403554438579,6.56657391616556,44.85269484678293,0.02,6.2266573916165795,6.606709451575302,45.76973100798108,1,0,0,0,0,2
8684,4.0,2005,9.0,5.0,82.0,158.0,10,0.22,7.0,4.5,1.0,0.3,6.4,7.23,11.5,0.72,6.8,7.53,54.0,1,0,1,1,0,2
8685,5.0,2010,9.0,118.0,524.0,320.0,11,0.17,3.9,5.1,12.0,0.02,3.9,5.1,12.0,0.18,6.5,7.85,17.5,0,0,0,0,0,2
8686,5.0,2011,9.0,54.0,590.0,787.0,11,0.18,3.9,3.45,1.0,0.05,6.7,8.0,2.0,0.07,6.28,8.3,4.0,0,0,0,0,0,2
8687,9.0,2002,9.0,73.0,1755.0,2932.0,10,0.17,2.8,7.3,47.153113889207475,0.17,2.8,7.3,45.36168138547998,0.17,2.8,7.3,46.27904576212868,0,0,0,0,0,2
8688,4.0,2007,5.0,318.0,1655.0,2743.0,11,0.0,0.0,0.0,0.0,0.01,6.1,7.5,0.0,0.01,6.1,7.5,0.0,0,0,0,0,0,2
8689,11.0,2013,2.0,319.0,1756.0,2933.0,3,0.01,6.1,6.05,3.0,0.13,6.1,6.05,3.0,0.13,6.1,6.05,3.0,0,0,0,0,1,2
8690,13.0,2000,3.0,320.0,82.0,2934.0,8,0.0,0.0,0.0,0.0,2.11,8.0,7.7,3.0,2.11,8.0,7.7,3.0,0,0,1,0,0,2
8691,13.0,1996,9.0,8.0,1757.0,2935.0,1,0.29,5.0,5.0,1.0,0.29,5.0,5.0,1.0,0.29,5.0,5.0,1.0,1,0,0,0,0,2
8692,1.0,2011,1.0,3.0,1559.0,1036.0,3,0.26,5.5,5.25,2.0,0.08,5.5,5.25,2.0,0.71,7.84,8.05,279.5,0,0,0,0,0,2
8693,4.0,2010,9.0,6.0,749.0,298.0,5,0.37,5.75,6.8,91.0,0.13,4.4,4.9,55.0,0.37,5.75,6.8,91.0,1,0,1,0,1,2
8694,9.0,2002,1.0,5.0,1325.0,1320.0,9,0.35,6.8,8.12,6.5,0.27,6.95,8.12,6.5,0.2,6.25,6.0,1.0,0,0,0,0,0,2
8695,13.0,1999,3.0,4.0,123.0,2936.0,1,0.29,3.0,3.0,44.05604395604396,0.28,3.0,3.0,34.17912087912088,0.28,3.0,3.0,38.04120879120879,0,0,0,0,0,2
8696,13.0,1996,6.0,4.0,40.0,107.0,1,0.18,6.074598214285714,6.518080357142857,51.629901960784316,0.44,6.105133928571427,6.627678571428572,32.81127450980392,0.29,6.240669642857141,6.645223214285716,43.85294117647059,1,0,1,0,1,2
8697,13.0,1997,3.0,151.0,1758.0,2937.0,1,0.03,6.042070079121586,6.394020668496688,49.29562687356727,0.03,6.127673179396085,6.510931697077347,47.72615059072474,0.03,6.172315517519764,6.551114161149683,49.20948686298713,0,0,0,0,0,2
8698,4.0,2007,10.0,9.0,947.0,1394.0,10,0.28,8.45,8.0,35.0,0.46,7.65,7.3,24.0,0.08,7.65,6.6,5.0,0,0,0,0,0,2
8699,1.0,2011,8.0,68.0,1759.0,2938.0,1,0.09,3.6,3.6,45.77475613360922,0.09,3.6,3.6,44.85269484678293,0.09,3.6,3.6,45.76973100798108,0,1,0,0,0,2
8700,9.0,2003,10.0,26.0,148.0,588.0,9,1.5,9.3,8.9,47.787334469647305,0.11,6.9,8.4,46.592762554084175,0.58,4.2,7.9,47.85302215812246,1,0,0,0,0,2
8701,13.0,1998,3.0,49.0,524.0,1336.0,1,0.18,5.0,5.0,46.05333068992863,0.17,5.0,5.0,42.11122125297383,0.53,5.0,5.0,45.49722442505948,0,0,0,0,0,2
8702,5.0,2005,1.0,8.0,45.0,31.0,11,0.2,6.05,7.15,12.0,0.27,6.0,6.93,78.0,0.11,5.35,6.9,22.0,1,1,1,0,0,2
8703,7.0,2001,3.0,181.0,851.0,2939.0,1,0.41,5.75,6.65,3.0,0.55,7.0,7.1,21.0,0.55,7.0,7.1,21.0,0,0,0,0,0,2
8704,15.0,2011,7.0,20.0,483.0,1299.0,6,0.45,6.25,6.4,44.0,0.46,6.2,6.55,44.0,0.46,6.2,6.55,44.0,0,0,0,1,0,2
8705,5.0,2011,2.0,29.0,552.0,814.0,2,0.18,7.13,7.47,25.0,0.21,6.97,6.93,20.5,0.21,6.97,6.93,20.5,0,0,0,1,0,2
8706,7.0,2003,7.0,29.0,971.0,1249.0,9,0.33,7.6,7.85,1.0,0.03,5.0,7.85,1.0,0.03,5.0,7.85,1.0,0,0,0,0,0,2
8707,4.0,2009,3.0,5.0,415.0,747.0,11,0.18,7.4,7.2,23.0,0.34,7.4,7.2,23.0,0.15,3.25,4.43,1.0,0,0,0,0,0,2
8708,10.0,2011,11.0,6.0,19.0,2940.0,11,0.54,6.37,7.25,16.0,1.17,7.7,7.5,2.0,1.17,7.7,7.5,2.0,0,0,1,0,0,2
8709,6.0,2010,9.0,71.0,1202.0,2177.0,10,0.27,5.9,7.85,52.0,0.31,5.15,5.75,2.0,0.31,5.15,5.75,2.0,0,0,0,0,0,2
8710,17.0,2006,5.0,15.0,29.0,778.0,7,0.06,6.8,7.65,12.0,0.14,6.9,8.4,12.0,0.16,7.25,7.78,69.0,1,0,0,0,0,2
8711,7.0,2001,6.0,36.0,693.0,1450.0,5,0.11,3.0,3.0,45.75492383443607,0.47,3.0,3.0,45.895599322972764,0.47,3.0,3.0,47.25780889367595,0,0,0,0,0,2
8712,4.0,2008,5.0,198.0,1760.0,2941.0,1,0.22,6.8,6.0,1.0,0.22,6.8,6.0,1.0,0.22,6.8,6.0,1.0,0,0,0,0,0,2
8713,5.0,2009,9.0,5.0,783.0,2641.0,11,0.16,5.0,5.0,32.76409185803758,0.18,5.0,5.0,23.798538622129435,0.18,5.0,5.0,28.856993736951985,0,0,0,0,0,2
8714,4.0,2008,7.0,17.0,61.0,1481.0,7,0.06,6.0,6.0,0.0,0.01,6.0,6.0,0.0,0.11,5.0,5.0,0.0,1,0,0,0,1,2
8715,19.0,2003,3.0,31.0,170.0,238.0,4,0.42,7.15,7.5,2.0,0.13,7.0,6.55,30.0,0.13,7.0,6.55,30.0,1,0,0,0,1,2
8716,7.0,2001,3.0,31.0,1761.0,2942.0,9,0.27,7.03,7.28,17.0,0.27,7.03,7.28,17.0,0.27,7.03,7.28,17.0,0,0,0,0,0,2
8717,6.0,2007,1.0,3.0,102.0,575.0,7,0.05,3.75,3.65,2.0,0.12,4.25,3.95,2.0,0.56,8.2,8.83,3.0,0,0,1,0,0,2
8718,4.0,2007,4.0,26.0,818.0,188.0,1,0.17,7.43,8.25,260.0,0.17,7.43,8.25,260.0,0.79,7.43,8.25,260.0,0,0,0,0,0,2
8719,7.0,2004,4.0,49.0,901.0,1385.0,6,0.05,6.5,6.5,45.77177033492823,0.01,6.5,6.5,44.85444976076555,0.09,6.5,6.5,45.8955980861244,1,0,0,0,0,2
8720,14.0,2004,2.0,2.0,181.0,1278.0,11,2.66,8.25,8.05,100.0,0.56,5.55,6.35,4.0,0.56,5.55,6.35,4.0,0,0,0,0,0,2
8721,5.0,2009,12.0,9.0,270.0,2757.0,3,0.22,7.25,7.85,20.0,1.09,8.67,7.67,299.0,1.09,8.67,7.67,299.0,0,0,0,0,0,2
8722,6.0,2009,1.0,3.0,1094.0,1568.0,9,0.36,7.95,6.55,7.0,0.36,7.95,6.55,7.0,0.36,7.95,6.55,7.0,1,0,0,0,0,2
8723,17.0,2006,1.0,8.0,45.0,31.0,3,0.52,7.58,8.18,22.5,0.05,6.67,7.48,10.5,0.08,5.65,6.7,11.0,1,1,1,0,0,2
8724,19.0,2005,2.0,29.0,249.0,689.0,9,0.21,4.93,7.55,8.5,0.24,4.05,5.4,3.0,0.17,5.57,5.4,0.0,0,0,0,0,0,2
8725,15.0,2012,11.0,321.0,1762.0,2943.0,6,0.11,8.0,8.1,160.0,0.06,8.0,6.53,17.5,0.06,8.0,6.53,17.5,0,0,0,0,0,2
8726,10.0,2014,8.0,80.0,646.0,857.0,1,0.07,7.15,7.55,4.0,0.24,7.15,7.55,4.0,0.55,7.8,7.9,7.0,1,0,0,1,0,2
8727,19.0,2002,1.0,8.0,27.0,496.0,10,0.21,7.5,7.4,0.0,0.23,9.0,6.7,0.0,0.27,6.9,7.0,0.0,1,0,1,0,0,2
8728,19.0,2003,1.0,8.0,27.0,378.0,7,1.67,9.4,8.3,45.79083511777302,1.67,9.4,8.3,44.859186295503214,1.67,9.4,8.3,46.22372591006424,1,0,1,0,0,2
8729,19.0,2001,3.0,31.0,421.0,1221.0,11,0.22,6.6,6.3,2.0,0.23,4.75,3.95,2.0,0.39,4.75,6.5,16.0,1,0,0,0,0,2
8730,18.0,2016,1.0,8.0,45.0,651.0,9,0.2,7.65,6.57,3.0,0.47,6.2,5.5,4.0,0.04,8.0,8.0,0.5,1,0,1,1,0,2
8731,4.0,2009,5.0,97.0,1763.0,2064.0,1,0.68,6.06531266560678,6.414785373608896,47.58155002891845,0.68,6.151277159512439,6.537713301536816,45.36119144013881,0.01,6.18789083200847,6.572859035506092,49.094852515905146,0,0,0,0,0,2
8732,5.0,2014,9.0,15.0,56.0,61.0,3,0.62,6.2,6.3,149.5,0.62,6.2,6.3,149.5,0.62,6.2,6.3,149.5,1,1,0,0,1,2
8733,7.0,2005,4.0,11.0,424.0,588.0,6,0.02,5.7,7.3,3.0,0.07,5.7,7.3,3.0,0.04,7.1,6.7,3.0,1,0,0,0,0,2
8734,5.0,2009,3.0,29.0,547.0,806.0,11,0.41,6.0,6.07,4.0,0.47,6.0,6.82,5.5,0.47,6.0,6.82,5.5,0,0,0,0,1,2
8735,13.0,1999,6.0,4.0,1224.0,2944.0,1,0.22,6.7,6.7,3.0,0.22,6.7,6.7,3.0,0.22,6.7,6.7,3.0,0,0,0,0,0,2
8736,16.0,1989,5.0,11.0,1764.0,2945.0,1,0.08,2.0,2.0,1.0,0.08,2.0,2.0,1.0,0.08,2.0,2.0,1.0,0,0,0,0,0,2
8737,16.0,1982,9.0,5.0,321.0,2946.0,1,0.55,6.5,6.5,2.0,0.55,6.5,6.5,2.0,0.55,6.5,6.5,2.0,0,0,0,0,0,2
8738,24.0,1996,5.0,9.0,24.0,778.0,1,0.29,5.0,5.0,1.0,0.44,5.0,5.0,1.0,0.44,5.0,5.0,1.0,0,0,0,0,0,2
8739,17.0,2006,1.0,15.0,87.0,2947.0,1,0.21,6.057909446618223,6.454225824482941,48.764652014652015,0.22,6.140609278926769,6.574768026830625,40.60225885225885,0.22,6.179580771380661,6.604046953605371,45.93101343101343,0,0,1,0,0,2
8740,10.0,2011,9.0,6.0,265.0,1825.0,12,0.27,4.95,6.6,14.0,0.27,4.95,6.6,14.0,0.27,4.95,6.6,14.0,0,0,1,0,0,2
8741,14.0,2004,3.0,88.0,993.0,1580.0,12,0.03,4.0,10.0,1.0,0.11,6.6,7.62,2.0,0.42,4.7,7.3,2.0,0,0,0,0,0,2
8742,4.0,2010,9.0,33.0,286.0,2948.0,3,0.53,6.9,7.1,1.0,0.65,6.9,7.0,1.0,0.65,6.9,7.0,1.0,0,0,0,0,0,2
8743,6.0,2014,9.0,17.0,1099.0,1904.0,6,0.32,5.8,6.78,62.0,0.32,5.8,6.78,62.0,0.32,5.8,6.78,62.0,0,0,0,1,1,2
8744,4.0,2009,8.0,90.0,473.0,2949.0,9,0.04,3.6,2.0,1.0,0.49,3.6,2.0,1.0,0.02,3.6,7.8,1.0,0,0,0,0,0,2
8745,14.0,2005,12.0,42.0,1185.0,1731.0,9,0.02,6.15,5.75,2.0,0.32,7.55,8.05,13.0,0.32,7.55,8.05,13.0,1,0,0,0,0,2
8746,18.0,2015,9.0,7.0,351.0,473.0,5,0.14,6.5,7.3,84.0,0.41,6.5,7.3,84.0,0.41,6.5,7.3,84.0,1,0,0,0,0,2
8747,14.0,2002,9.0,11.0,337.0,1233.0,9,0.21,3.3,6.7,0.0,0.34,6.95,7.6,0.0,0.41,4.4,5.9,1.0,0,0,0,0,0,2
8749,17.0,2009,10.0,26.0,106.0,637.0,10,0.32,7.9,7.68,134.5,0.02,6.3,6.8,1.0,0.04,3.0,3.5,2.0,0,0,0,0,0,2
8750,19.0,2005,2.0,29.0,284.0,322.0,9,0.18,4.4,8.4,46.832143282161134,0.25,5.05,8.4,45.37718671902892,0.25,5.05,8.4,46.75086278709985,0,0,0,0,0,2
8751,13.0,1998,3.0,14.0,216.0,2951.0,1,0.25,6.6,6.6,8.0,0.23,6.6,6.6,8.0,0.23,6.6,6.6,8.0,0,0,0,0,0,2
8752,1.0,2007,9.0,49.0,524.0,559.0,1,0.33,4.3,6.25,1.0,0.11,4.3,6.25,1.0,0.08,5.9,7.98,9.0,0,0,0,0,0,2
8753,5.0,2006,7.0,2.0,13.0,2952.0,7,0.03,7.7,8.15,7.0,0.49,7.7,7.35,15.0,0.07,6.6,6.5,5.0,0,0,0,0,0,2
8754,7.0,2005,3.0,15.0,87.0,2953.0,5,0.02,3.65,5.65,1.0,0.42,6.6,8.7,1.0,0.42,6.6,8.7,1.0,0,0,1,1,0,2
8755,7.0,2000,1.0,4.0,395.0,1878.0,12,0.16,5.5,5.5,45.98973224863755,0.16,5.5,5.5,45.805110180870386,0.16,5.5,5.5,47.015441118395074,0,0,0,0,0,2
8756,7.0,2004,6.0,22.0,284.0,2954.0,10,0.22,5.4,7.0,50.91388518024032,0.02,4.85,7.8,41.10447263017357,0.02,4.85,7.8,47.05941255006675,0,0,0,0,0,2
8757,4.0,2007,12.0,17.0,677.0,383.0,8,0.06,5.55,7.3,19.0,0.19,6.0,6.3,28.0,0.43,5.7,5.55,6.0,0,0,0,0,0,2
8758,1.0,2009,7.0,5.0,321.0,2695.0,11,0.15,3.0,3.0,32.76409185803758,0.23,3.0,3.0,23.798538622129435,0.23,3.0,3.0,28.856993736951985,0,0,0,0,0,2
8759,19.0,2004,7.0,64.0,997.0,894.0,8,0.04,3.85,7.6,0.0,0.08,6.65,7.6,0.0,0.11,5.77,7.43,12.0,1,0,0,0,0,2
8760,1.0,2008,8.0,42.0,573.0,2165.0,9,0.55,6.7,6.8,1.0,0.03,4.0,6.0,1.0,0.1,4.0,6.0,1.0,1,0,0,0,0,2
8761,17.0,2011,11.0,157.0,1766.0,2955.0,1,0.01,6.107652813930537,6.467882595817321,45.77475613360922,0.01,6.194403554438579,6.56657391616556,44.85269484678293,0.01,6.2266573916165795,6.606709451575302,45.76973100798108,0,0,0,0,0,2
8762,4.0,2006,2.0,24.0,245.0,1692.0,3,0.25,5.25,6.3,3.0,0.18,5.25,6.5,4.0,0.25,5.25,6.3,3.0,0,0,0,0,0,2
8763,7.0,2009,1.0,15.0,87.0,2956.0,1,0.19,6.06531266560678,6.414785373608896,47.58155002891845,0.26,6.151277159512439,6.537713301536816,45.36119144013881,0.26,6.18789083200847,6.572859035506092,49.094852515905146,0,0,1,0,0,2
8764,6.0,2007,8.0,6.0,811.0,895.0,8,1.04,7.7,7.2,41.0,0.02,5.89,5.37,9.5,0.02,5.89,5.37,9.5,0,0,1,0,0,2
8765,4.0,2009,3.0,88.0,1102.0,1900.0,1,0.04,6.06531266560678,6.414785373608896,47.58155002891845,0.06,6.151277159512439,6.537713301536816,45.36119144013881,0.06,6.18789083200847,6.572859035506092,49.094852515905146,0,0,0,0,0,2
8766,5.0,2010,9.0,29.0,120.0,2126.0,11,0.18,5.4,7.0,1.0,0.19,5.4,7.0,1.0,0.19,5.4,7.0,1.0,0,0,0,0,0,2
8767,24.0,1997,12.0,9.0,1767.0,2957.0,1,0.42,7.0,7.0,1.0,0.42,7.0,7.0,1.0,0.42,7.0,7.0,1.0,0,0,0,0,0,2
8768,6.0,2013,4.0,134.0,1768.0,2958.0,1,0.31,6.23,8.17,16.0,0.31,6.23,8.17,16.0,0.04,6.23,8.17,16.0,0,0,0,0,0,2
8769,19.0,2003,2.0,15.0,87.0,112.0,10,0.32,5.9,8.5,47.44406405941743,0.34,5.7,7.8,45.58605082975514,0.32,5.9,8.5,46.54206800510619,1,0,1,0,0,2
8770,4.0,2005,9.0,29.0,262.0,1640.0,11,0.16,5.85,5.4,3.0,2.06,5.25,5.3,4.0,2.06,5.25,5.3,4.0,0,0,0,0,0,2
8771,15.0,2010,9.0,29.0,509.0,751.0,1,1.06,8.43,8.13,502.0,1.06,8.43,8.13,502.0,1.06,8.43,8.13,502.0,0,0,0,0,0,2
8772,7.0,2009,9.0,59.0,448.0,2959.0,10,0.22,4.37,8.7,10.0,0.32,4.37,8.7,10.0,0.32,4.37,8.7,10.0,0,0,0,0,0,2
8773,4.0,2009,5.0,52.0,1769.0,2960.0,1,0.2,6.06531266560678,6.414785373608896,47.58155002891845,0.2,6.151277159512439,6.537713301536816,45.36119144013881,0.2,6.18789083200847,6.572859035506092,49.094852515905146,0,0,0,0,0,2
8774,1.0,2010,1.0,26.0,264.0,2961.0,10,0.27,5.65,7.6,8.0,0.07,6.2,7.42,12.0,0.07,6.2,7.42,12.0,0,0,0,0,0,2
8775,7.0,2008,1.0,15.0,87.0,2962.0,7,0.54,6.9,7.8,46.12766046942038,0.01,6.9,7.8,45.3263228737276,0.01,6.9,7.8,46.65588457979305,0,0,1,0,0,2
8776,9.0,2005,11.0,29.0,1770.0,2963.0,10,0.26,5.7,7.3,46.396146867328426,0.11,6.2,7.3,45.01510299925285,0.11,6.2,7.3,45.991941509232575,0,0,0,0,0,2
8777,10.0,2015,6.0,17.0,1771.0,65.0,1,0.71,8.0,7.2,83.0,0.1,8.0,7.2,6.0,0.71,8.0,7.2,83.0,0,0,0,0,0,2
8778,4.0,2010,1.0,3.0,534.0,1028.0,3,0.23,6.08441887842466,6.453391481164448,46.59712738403579,0.11,6.169430650684952,6.553359375000063,45.16023075111843,0.23,6.204124571917825,6.5905062071918294,46.507829055804095,0,0,0,0,0,2
8779,10.0,2012,2.0,26.0,1113.0,637.0,3,0.22,6.9,6.97,16.0,0.34,3.0,5.7,5.0,0.74,7.13,7.33,368.5,0,0,0,0,0,2
8780,13.0,2000,9.0,5.0,686.0,2964.0,12,0.31,5.4,7.3,45.98973224863755,0.31,5.4,7.3,45.805110180870386,0.31,5.4,7.3,47.015441118395074,0,0,0,0,0,2
8781,1.0,2010,1.0,59.0,437.0,2395.0,9,0.17,4.0,8.5,49.51921757035004,0.16,4.0,8.5,47.858499199267904,0.16,4.0,8.5,49.493479752916954,0,0,0,0,0,2
8782,6.0,2011,9.0,9.0,1570.0,257.0,5,0.04,6.12,6.4,48.5,0.17,4.0,6.0,11.0,0.27,3.53,3.9,15.5,0,0,0,0,0,2
8783,6.0,2007,9.0,3.0,102.0,1660.0,6,0.27,7.9,8.4,16.5,0.38,8.17,8.12,16.5,0.38,8.17,8.12,16.5,0,0,1,0,0,2
8784,1.0,2006,7.0,155.0,204.0,2965.0,12,0.2,6.35,7.65,13.0,0.02,4.55,6.62,2.0,0.11,7.1,7.45,1.0,1,0,0,0,0,2
8785,4.0,2010,9.0,5.0,287.0,375.0,1,0.17,6.0,5.4,12.0,0.59,6.0,5.4,12.0,0.59,6.0,5.4,12.0,0,0,0,0,0,2
8786,17.0,2012,9.0,15.0,87.0,2532.0,1,0.19,8.0,8.0,1.0,0.21,8.0,8.0,1.0,0.21,8.0,8.0,1.0,0,0,1,0,0,2
8787,24.0,1997,10.0,9.0,34.0,2966.0,1,0.21,5.0,5.0,49.29562687356727,4.16,5.0,5.0,47.72615059072474,4.16,5.0,5.0,49.20948686298713,0,0,1,0,0,2
8788,8.0,1996,4.0,10.0,215.0,2967.0,1,0.24,9.25,9.25,216.5,2.31,9.25,9.25,216.5,2.31,9.25,9.25,216.5,0,0,0,0,0,2
8789,23.0,2014,9.0,26.0,683.0,701.0,1,0.19,7.5,7.5,4.0,0.19,7.5,7.5,4.0,0.09,3.5,3.5,4.0,0,0,0,0,1,2
8790,9.0,2003,9.0,6.0,62.0,298.0,10,1.72,7.83,8.05,86.5,3.02,9.15,8.3,190.0,3.02,9.15,8.3,190.0,1,0,1,0,1,2
8791,1.0,2008,5.0,35.0,635.0,2175.0,11,0.03,6.5,5.65,2.0,0.26,3.3,3.1,0.0,0.03,3.3,3.1,0.0,0,0,0,0,0,2
8792,19.0,2003,9.0,101.0,714.0,2968.0,9,0.68,7.1,7.8,19.0,0.68,7.1,7.8,19.0,0.68,7.1,7.8,19.0,1,0,0,0,0,2
8793,14.0,2003,1.0,9.0,1347.0,2269.0,3,0.12,6.4,7.25,5.0,0.02,4.9,7.25,5.0,0.25,8.7,8.6,5.0,0,0,0,0,0,2
8794,14.0,2002,7.0,3.0,1772.0,2969.0,11,0.01,8.43,8.35,276.5,0.01,8.43,8.35,276.5,0.01,8.43,8.35,276.5,1,0,0,0,0,2
8795,13.0,1997,11.0,4.0,1014.0,2970.0,1,0.19,6.042070079121586,6.394020668496688,49.29562687356727,0.02,6.127673179396085,6.510931697077347,47.72615059072474,0.02,6.172315517519764,6.551114161149683,49.20948686298713,0,0,0,0,0,2
8796,19.0,2005,9.0,13.0,720.0,2971.0,7,1.35,6.55,7.9,34.0,0.08,7.4,8.1,6.0,0.08,7.4,8.1,6.0,0,0,0,0,0,2
8797,17.0,2005,4.0,4.0,1458.0,2972.0,11,0.3,6.1,8.5,44.6111833550065,0.3,6.1,8.5,34.02925877763329,0.3,6.1,8.5,39.31014304291288,1,0,0,0,0,2
8798,4.0,2010,5.0,289.0,898.0,1380.0,11,0.19,6.039757952973729,6.421583679114796,44.246983408748115,0.51,6.120172890733055,6.541791147994463,32.7447209653092,0.51,6.1493775933609935,6.577461964038736,36.71266968325792,0,0,0,0,0,2
8799,6.0,2007,1.0,8.0,45.0,230.0,3,0.35,6.3,5.98,48.0,0.21,6.7,7.1,48.0,0.23,6.25,7.85,2.0,1,0,1,0,1,2
8800,15.0,2011,8.0,8.0,108.0,202.0,1,0.19,7.0,6.7,42.0,1.17,7.8,6.55,344.0,0.49,6.25,6.3,24.0,0,0,0,0,0,2
8801,5.0,2011,9.0,241.0,1667.0,2769.0,10,0.02,4.75,5.5,14.5,0.17,4.75,5.5,14.5,0.17,4.75,5.5,14.5,0,0,0,0,0,2
8802,19.0,2006,2.0,9.0,234.0,294.0,8,0.03,4.43,5.25,5.0,0.08,4.53,5.93,5.5,0.08,4.53,5.93,5.5,1,0,0,0,1,2
8803,4.0,2011,6.0,54.0,1773.0,2973.0,10,0.03,5.5,1.75,2.0,0.03,5.5,1.75,2.0,0.03,5.5,1.75,2.0,0,0,0,0,0,2
8804,13.0,2001,1.0,8.0,27.0,31.0,11,0.32,8.0,6.0,0.0,0.61,8.9,6.0,0.0,0.63,7.6,6.05,11.0,1,1,1,0,1,2
8805,4.0,2010,6.0,105.0,1363.0,841.0,3,0.15,6.4,6.0,1.0,0.1,4.9,6.9,1.0,0.93,4.55,4.7,0.0,0,0,0,0,0,2
8806,14.0,2004,10.0,13.0,51.0,57.0,2,0.08,7.0,8.1,73.0,0.17,7.0,8.1,73.0,1.03,8.15,8.5,70.0,1,0,1,1,0,2
8807,5.0,2007,4.0,17.0,57.0,25.0,11,0.81,8.3,8.3,4.0,0.81,8.3,8.3,4.0,0.81,8.3,8.3,4.0,1,1,1,1,0,2
8808,17.0,2007,11.0,26.0,1774.0,2974.0,1,0.17,5.0,7.6,15.0,0.17,5.0,7.6,15.0,0.17,5.0,7.6,15.0,0,0,0,0,0,2
8809,14.0,2004,7.0,11.0,1775.0,2975.0,6,0.76,4.3,5.25,23.0,0.76,4.3,5.25,23.0,0.76,4.3,5.25,23.0,0,0,0,0,0,2
8810,7.0,2005,11.0,11.0,153.0,2976.0,9,0.28,6.9,6.95,3.0,0.28,6.9,6.95,3.0,0.28,6.9,6.95,3.0,0,0,0,0,0,2
8811,23.0,2013,4.0,67.0,1776.0,2977.0,5,0.01,6.0,6.9,10.0,0.02,6.0,4.0,2.0,0.02,6.0,4.0,2.0,0,0,0,0,0,2
8812,8.0,1991,1.0,161.0,1777.0,2978.0,1,0.16,6.106693207510081,6.4691025262951625,46.589164053206446,0.16,6.193868082178333,6.5654811756611196,45.098410295230885,0.16,6.226080802123285,6.606436646023833,45.99854006704877,0,0,0,0,0,2
8813,7.0,2001,1.0,4.0,395.0,1163.0,2,2.41,7.6,8.4,0.0,0.15,5.7,8.4,0.0,0.4,5.7,8.4,0.0,0,0,0,0,1,2
8814,5.0,2013,7.0,59.0,1090.0,1760.0,2,0.02,6.4,7.35,28.0,0.06,6.4,7.35,28.0,0.06,6.4,7.35,28.0,1,0,0,0,0,2
8815,1.0,2007,9.0,5.0,83.0,1451.0,10,0.17,6.05,6.75,2.0,0.37,4.6,6.55,3.0,0.37,4.6,6.55,3.0,0,0,0,1,0,2
8816,1.0,2007,6.0,174.0,1617.0,2979.0,8,0.05,4.6,7.65,1.0,0.01,3.7,5.3,3.0,0.01,3.7,5.3,3.0,1,0,0,0,0,2
8817,6.0,2012,7.0,323.0,721.0,2702.0,2,0.0,0.0,0.0,0.0,0.01,7.33,7.52,38.0,0.04,7.33,7.5,8.0,1,0,0,0,0,2
8818,7.0,2008,10.0,155.0,1139.0,2980.0,3,0.01,7.0,7.4,17.0,0.07,7.0,8.5,4.0,0.07,7.0,8.5,4.0,1,0,0,0,0,2
8819,6.0,2008,1.0,4.0,571.0,1163.0,10,0.17,7.9,7.4,47.32791802049488,0.17,7.9,7.4,45.973319170207446,0.17,7.9,7.4,47.42195701074731,0,0,0,0,1,2
8820,7.0,2005,4.0,11.0,57.0,694.0,3,0.24,4.05,5.4,3.0,0.21,4.05,8.5,4.0,1.14,8.1,7.7,13.0,0,0,1,0,0,2
8821,11.0,2015,10.0,26.0,148.0,2359.0,9,0.22,7.05,7.2,13.0,0.31,7.07,6.97,32.5,0.01,7.07,4.5,2.0,0,0,0,0,0,2
8822,15.0,2011,9.0,54.0,1778.0,1029.0,5,0.15,6.6,7.1,7.0,0.15,6.6,7.1,7.0,0.15,6.6,7.1,7.0,0,0,0,0,0,2
8823,10.0,2013,9.0,15.0,491.0,597.0,3,1.47,7.67,7.43,305.5,0.04,6.4,5.38,217.5,1.12,8.5,7.68,357.5,1,0,0,1,0,2
8824,6.0,2015,9.0,26.0,744.0,939.0,1,0.19,7.5,7.5,4.0,0.19,7.5,7.5,4.0,0.19,7.5,7.5,4.0,0,0,0,0,0,2
8825,18.0,2014,6.0,33.0,71.0,2981.0,10,0.6,8.3,7.7,4.0,0.83,8.3,7.7,4.0,0.83,8.3,7.7,4.0,0,0,0,1,0,2
8827,7.0,2001,3.0,8.0,27.0,2281.0,9,1.39,8.4,7.3,0.0,1.57,9.0,8.4,0.0,0.18,9.0,6.2,5.0,0,0,1,0,0,2
8828,23.0,2014,4.0,134.0,1217.0,1972.0,11,0.05,6.5,6.28,3.0,0.01,6.5,7.7,3.0,0.22,6.53,8.03,17.0,0,0,0,1,0,2
8829,19.0,2002,8.0,106.0,577.0,846.0,10,0.02,7.25,6.5,4.0,0.01,6.35,8.2,7.0,0.92,6.15,3.65,15.5,0,0,0,0,0,2
8830,24.0,1995,1.0,9.0,34.0,2048.0,1,0.22,8.0,8.0,38.0,1.93,8.0,8.0,38.0,1.93,8.0,8.0,38.0,0,0,1,0,0,2
8831,17.0,2010,9.0,5.0,911.0,543.0,1,0.17,6.036517973148549,6.446041576440007,42.41893830703013,0.17,6.13182763100909,6.5621524469467225,36.190578670492584,0.17,6.158211346903418,6.59756604590732,41.083213773314206,0,0,0,0,0,2
8832,23.0,2014,4.0,4.0,1780.0,2603.0,1,3.64,8.05,7.85,52.0,3.64,8.05,7.85,52.0,0.2,8.05,7.85,52.0,0,0,0,0,0,2
8833,17.0,2011,4.0,4.0,504.0,840.0,1,0.2,5.7,5.0,2.0,0.02,5.7,5.0,2.0,0.93,5.7,6.9,13.0,0,0,0,0,0,2
8834,10.0,2015,8.0,107.0,1781.0,2983.0,3,0.03,6.0,6.85,6.0,0.06,6.8,6.5,2.0,0.06,6.8,6.5,2.0,0,0,0,0,0,2
8835,9.0,2005,9.0,29.0,1782.0,2984.0,1,0.17,5.941533923303834,6.313171091445431,50.56199677938808,0.17,6.055781710914458,6.470575221238942,37.569243156199676,0.17,6.052935103244841,6.466165191740415,43.750402576489535,0,0,0,0,0,2
8836,7.0,2008,7.0,5.0,1783.0,2985.0,1,0.21,2.0,3.75,5.0,0.21,2.0,3.75,5.0,0.11,2.0,3.75,5.0,0,0,0,0,0,2
8837,7.0,2008,1.0,8.0,45.0,651.0,9,0.19,4.97,5.08,6.5,0.19,4.97,5.08,6.5,0.5,7.93,7.87,16.0,1,0,1,0,0,2
8838,18.0,2016,2.0,8.0,41.0,672.0,6,0.4,7.37,5.72,4.5,1.4,8.03,6.65,539.0,0.06,7.53,7.9,446.5,0,0,1,1,0,2
8839,12.0,2001,1.0,325.0,254.0,324.0,1,0.14,6.097708281522011,6.447693359860781,47.903901046622266,0.14,6.1815792091519635,6.559855757274357,46.559535136604595,1.13,6.221097985575736,6.597542899776213,47.730256898192195,1,0,0,0,0,2
8840,12.0,2000,2.0,180.0,1784.0,2986.0,1,0.06,6.080184531886015,6.4249240162822545,49.17336199229173,0.06,6.164715061058349,6.539900949796512,47.802772013044766,0.06,6.208497964721839,6.582871099050231,49.20360213459828,0,0,0,0,0,2
8841,12.0,1997,11.0,3.0,12.0,2987.0,10,2.32,5.0,5.0,45.812670000877425,2.32,5.0,5.0,44.961832061068705,2.32,5.0,5.0,46.275862068965516,0,0,0,0,0,2
8842,12.0,1997,10.0,326.0,1785.0,2988.0,1,0.12,6.042070079121586,6.394020668496688,49.29562687356727,0.12,6.127673179396085,6.510931697077347,47.72615059072474,0.12,6.172315517519764,6.551114161149683,49.20948686298713,0,0,0,0,0,2
8843,23.0,2015,4.0,229.0,1217.0,2989.0,6,0.29,8.1,8.07,43.0,0.12,7.67,8.15,8.5,0.12,7.67,8.15,8.5,0,0,0,0,0,2
8844,19.0,2002,1.0,31.0,421.0,875.0,2,0.33,4.7,6.5,8.0,0.33,4.7,6.5,8.0,0.22,6.6,6.3,8.0,1,0,0,0,0,2
8845,1.0,2009,9.0,158.0,1739.0,2902.0,5,0.55,8.0,8.0,1.0,0.16,8.0,8.0,1.0,0.16,8.0,8.0,1.0,0,0,0,0,0,2
8846,4.0,2009,8.0,6.0,1786.0,571.0,11,0.28,7.13,7.4,309.5,0.01,7.13,7.4,309.5,0.07,7.13,7.4,309.5,1,0,1,0,0,2
8847,13.0,1998,9.0,5.0,785.0,2990.0,1,0.31,5.0,6.3,14.0,0.61,5.0,5.0,2.0,0.61,5.0,5.0,2.0,0,0,0,0,0,2
8848,14.0,2002,10.0,117.0,612.0,892.0,11,0.07,5.5,7.68,11.5,0.07,5.5,7.68,11.5,0.86,7.3,7.68,11.5,0,0,0,0,0,2
8849,14.0,2003,3.0,91.0,539.0,792.0,11,0.23,4.9,6.0,3.0,0.02,6.17,6.0,2.0,0.86,5.3,5.8,2.0,0,0,0,0,0,2
8850,23.0,2016,4.0,134.0,777.0,2725.0,6,0.01,7.2,6.05,4.0,0.38,7.85,8.1,181.0,0.38,7.85,8.1,181.0,0,0,0,0,0,2
8851,1.0,2008,11.0,272.0,590.0,2991.0,10,0.04,8.6,8.6,1.0,0.1,8.6,8.6,1.0,0.1,8.6,8.6,1.0,0,0,0,0,0,2
8852,1.0,2011,1.0,9.0,34.0,760.0,4,0.46,6.22,6.6,66.0,0.46,6.22,6.6,66.0,0.46,6.22,6.6,66.0,1,0,1,0,1,2
8853,8.0,1995,5.0,1.0,3.0,2401.0,1,0.32,8.0,7.58,3.5,0.7,7.0,7.5,4.0,0.7,7.0,7.5,4.0,1,1,1,0,1,2
8854,1.0,2008,9.0,158.0,853.0,2992.0,11,0.19,4.6,4.6,48.44426425401161,0.55,4.6,4.6,46.782946398088086,0.55,4.6,4.6,48.1357972004097,0,0,0,0,0,2
8855,14.0,2004,7.0,29.0,204.0,1589.0,10,0.32,5.5,6.8,50.91388518024032,0.05,5.5,6.8,41.10447263017357,0.11,7.3,8.2,47.05941255006675,1,0,0,0,0,2
8856,1.0,2007,3.0,5.0,619.0,747.0,11,0.23,5.5,7.1,0.0,0.4,3.25,7.1,1.0,0.23,3.25,5.65,2.0,0,0,0,0,0,2
8857,6.0,2007,7.0,5.0,1560.0,1284.0,2,0.11,5.3,6.7,12.0,0.14,5.3,6.7,12.0,0.23,5.55,6.65,12.0,0,0,0,0,0,2
8858,14.0,2006,9.0,29.0,535.0,1204.0,5,0.6,4.6,7.1,3.0,0.14,7.2,8.17,28.0,0.6,4.6,7.1,3.0,0,0,0,0,0,2
8859,6.0,2009,1.0,15.0,1271.0,2069.0,1,0.16,6.06531266560678,6.414785373608896,47.58155002891845,0.16,6.151277159512439,6.537713301536816,45.36119144013881,0.18,6.18789083200847,6.572859035506092,49.094852515905146,0,0,0,0,0,2
8860,7.0,2001,7.0,36.0,840.0,2993.0,9,0.91,9.0,8.1,36.0,0.32,6.4,7.8,36.0,0.32,6.4,7.8,36.0,0,0,0,0,0,2
8861,19.0,2006,9.0,5.0,1787.0,1609.0,5,0.27,4.9,4.9,34.38205128205128,0.27,4.9,4.9,24.756410256410255,0.27,4.9,4.9,30.93717948717949,1,0,0,0,0,2
8862,4.0,2005,5.0,12.0,1788.0,2994.0,11,0.18,5.9,7.1,2.0,0.18,5.9,7.1,2.0,0.18,5.9,7.1,2.0,0,0,0,0,0,2
8863,1.0,2007,9.0,24.0,79.0,655.0,10,0.41,6.72,6.8,51.5,0.41,6.72,6.8,51.5,0.41,6.72,6.8,51.5,0,0,0,0,0,2
8864,5.0,2009,6.0,32.0,71.0,260.0,9,1.31,7.97,8.23,45.5,1.31,7.97,8.23,45.5,1.31,7.97,8.23,45.5,1,0,0,0,0,2
8865,13.0,1998,12.0,52.0,1789.0,1688.0,1,0.06,6.0160609318996405,6.403268817204285,46.05333068992863,0.06,6.099759856630821,6.523605734767007,42.11122125297383,0.06,6.1246594982078815,6.541229390680994,45.49722442505948,1,0,0,0,0,2
8866,9.0,2002,1.0,31.0,350.0,875.0,5,0.13,7.0,6.55,30.0,0.17,7.0,6.55,30.0,0.15,8.3,8.0,30.0,1,0,0,0,0,2
8867,14.0,2004,9.0,29.0,284.0,322.0,3,0.45,5.25,7.8,45.87070454152996,0.22,5.2,7.0,44.89656363322397,0.45,5.25,7.8,46.36703505439475,0,0,0,0,0,2
8868,13.0,1999,1.0,49.0,524.0,1336.0,1,0.2,5.0,5.0,1.0,0.07,5.0,5.0,1.0,0.3,5.0,5.0,1.0,0,0,0,0,0,2
8869,6.0,2013,1.0,3.0,102.0,1028.0,1,0.03,8.0,7.55,43.0,0.03,8.0,7.55,43.0,0.04,7.5,6.88,3.0,0,0,1,0,0,2
8870,1.0,2011,3.0,5.0,321.0,2995.0,11,0.18,4.0,2.5,1.0,0.19,6.0,7.0,5.0,0.19,6.0,7.0,5.0,0,0,0,0,0,2
8871,6.0,2015,9.0,15.0,1271.0,2069.0,1,0.14,7.3,6.77,31.5,0.14,7.3,6.77,31.5,0.09,7.3,6.77,31.5,0,0,0,0,0,2
8872,7.0,2005,3.0,6.0,19.0,2996.0,8,0.32,6.2,7.3,4.0,0.72,6.15,7.05,30.0,0.72,6.15,7.05,30.0,0,0,1,0,0,2
8873,19.0,2006,9.0,26.0,562.0,2849.0,1,0.18,6.7,6.7,3.0,0.18,6.7,6.7,3.0,0.18,6.7,6.7,3.0,0,0,0,0,0,2
8875,5.0,2008,8.0,6.0,227.0,946.0,11,0.22,3.0,7.2,21.5,0.2,6.47,7.2,21.5,0.25,6.33,6.72,17.0,1,0,0,0,0,2
8876,19.0,2005,11.0,1.0,399.0,2998.0,8,1.46,7.6,8.4,41.584122203098104,0.22,7.6,8.4,35.80141996557659,0.22,7.6,8.4,40.565834767641995,0,0,0,0,0,2
8877,7.0,2003,6.0,91.0,575.0,2999.0,7,0.92,5.17,6.73,10.0,0.36,5.4,7.4,10.0,0.36,5.4,7.4,10.0,0,0,0,0,0,2
8878,13.0,1998,10.0,4.0,1785.0,3000.0,1,0.21,6.0160609318996405,6.403268817204285,46.05333068992863,0.12,6.099759856630821,6.523605734767007,42.11122125297383,0.12,6.1246594982078815,6.541229390680994,45.49722442505948,0,0,0,0,0,2
8879,1.0,2009,6.0,8.0,31.0,1503.0,10,0.22,5.7,6.8,39.8933506044905,0.25,3.0,6.8,32.29706390328152,0.45,3.0,6.8,34.81476683937824,0,0,0,0,0,2
8880,9.0,2002,10.0,13.0,1179.0,3001.0,12,0.07,8.4,7.73,37.0,0.27,6.65,6.93,4.0,0.27,6.65,6.93,4.0,1,0,0,0,0,2
8881,4.0,2008,4.0,59.0,768.0,3002.0,9,0.14,7.0,7.0,61.0,0.28,7.05,7.6,34.0,0.28,7.05,7.6,34.0,0,0,0,0,0,2
8882,24.0,1997,7.0,26.0,1791.0,3003.0,1,0.22,6.042070079121586,6.394020668496688,49.29562687356727,0.22,6.127673179396085,6.510931697077347,47.72615059072474,0.22,6.172315517519764,6.551114161149683,49.20948686298713,0,0,0,0,0,2
8883,4.0,2004,3.0,26.0,40.0,335.0,12,0.02,7.7,5.0,1.0,0.2,7.7,8.05,1.0,0.08,5.35,6.1,17.0,1,0,1,0,1,2
8884,11.0,2014,9.0,49.0,253.0,3004.0,4,0.05,5.0,4.08,7.5,0.3,7.6,7.8,18.0,0.3,7.6,7.8,18.0,0,0,0,0,0,2
8885,1.0,2008,11.0,9.0,1792.0,3005.0,12,0.76,6.03,6.85,58.5,0.76,6.03,6.85,58.5,0.76,6.03,6.85,58.5,0,0,0,0,0,2
8886,21.0,1993,10.0,13.0,51.0,57.0,1,0.52,6.3,6.3,6.0,0.8,7.0,7.0,3.0,1.66,8.3,8.3,28.0,0,0,1,0,0,2
8887,6.0,2011,9.0,15.0,365.0,61.0,8,0.02,6.0,6.03,168.5,0.1,5.5,6.03,0.0,0.1,8.0,8.3,181.0,1,1,0,1,0,2
8888,7.0,2006,10.0,26.0,880.0,188.0,1,0.16,7.1,8.0,3.0,0.44,7.1,7.7,3.0,1.66,7.1,7.8,59.0,0,0,0,0,0,2
8889,13.0,2000,1.0,15.0,1793.0,3006.0,1,0.17,6.3,6.3,3.0,0.17,6.3,6.3,3.0,0.17,6.3,6.3,3.0,0,0,0,0,0,2
8890,4.0,2005,5.0,12.0,1788.0,3007.0,11,0.07,4.0,4.0,44.6111833550065,0.15,4.0,4.0,34.02925877763329,0.15,4.0,4.0,39.31014304291288,0,0,0,0,0,2
8891,4.0,2006,1.0,15.0,87.0,1539.0,1,0.16,6.057909446618223,6.454225824482941,48.764652014652015,0.21,6.140609278926769,6.574768026830625,40.60225885225885,0.1,6.179580771380661,6.604046953605371,45.93101343101343,0,0,1,0,0,2
8892,1.0,2008,5.0,105.0,1794.0,3008.0,11,0.12,6.6,6.0,1.0,0.12,6.6,6.0,1.0,0.12,6.6,6.0,1.0,0,0,0,0,0,2
8893,1.0,2008,1.0,29.0,1795.0,3009.0,11,0.22,7.4,6.35,5.0,0.06,7.0,9.0,1.0,0.06,7.0,9.0,1.0,0,0,0,0,0,2
8894,22.0,2001,11.0,9.0,295.0,663.0,11,0.19,7.0,8.35,17.0,0.19,7.0,8.35,17.0,1.18,8.0,9.0,176.0,1,0,1,0,0,2
8895,7.0,2008,1.0,7.0,787.0,1028.0,3,0.61,7.0,5.9,46.75586556753329,0.21,8.2,8.2,44.35351934051997,0.61,7.0,5.9,47.66138237159163,0,0,0,0,0,2
8896,14.0,2005,6.0,13.0,98.0,1379.0,9,0.15,7.4,8.7,1.0,3.98,5.05,5.4,1.0,3.98,5.05,5.4,1.0,0,0,0,0,0,2
8897,7.0,2003,7.0,99.0,579.0,3010.0,11,1.06,4.9,7.75,5.0,0.12,5.6,8.0,5.0,0.12,5.6,8.0,5.0,0,0,0,0,0,2
8898,19.0,2005,9.0,24.0,79.0,3011.0,8,0.54,6.93,7.53,17.5,0.54,6.93,7.53,17.5,0.54,6.93,7.53,17.5,0,0,0,0,0,2
8899,19.0,2005,9.0,6.0,19.0,298.0,12,0.21,7.25,7.55,109.0,0.47,5.9,8.2,109.0,0.58,7.75,7.65,91.0,1,0,1,0,1,2
8900,17.0,2011,11.0,58.0,1796.0,3012.0,1,0.3,6.95,7.0,31.0,0.3,6.95,7.0,31.0,0.3,6.95,7.0,31.0,0,0,0,0,0,2
8901,1.0,2009,1.0,3.0,377.0,3013.0,9,0.36,8.0,7.4,2.0,0.3,6.6,8.0,2.0,0.3,6.6,8.0,2.0,0,0,0,0,1,2
8902,14.0,2005,2.0,26.0,390.0,37.0,11,0.57,7.77,8.28,45.5,0.38,5.25,5.82,3.0,0.11,6.6,7.2,1.0,1,0,0,0,0,2
8903,23.0,2014,11.0,179.0,590.0,942.0,1,0.22,7.2,7.2,142.0,0.22,7.2,7.2,142.0,0.22,7.2,7.2,142.0,0,0,0,0,0,2
8904,17.0,2009,8.0,71.0,617.0,857.0,4,0.08,4.6,5.1,5.0,0.42,4.6,9.0,1.0,0.76,6.8,6.9,3.0,1,0,0,0,0,2
8905,14.0,2003,4.0,9.0,55.0,834.0,4,0.06,4.35,6.6,0.0,2.96,6.13,6.6,97.5,0.11,7.6,7.85,8.0,1,0,1,0,0,2
8906,15.0,2012,3.0,36.0,130.0,159.0,9,1.07,8.03,7.72,106.5,1.07,8.03,7.72,106.5,1.07,8.03,7.72,106.5,0,0,0,1,0,2
8907,14.0,2004,1.0,54.0,421.0,875.0,3,0.93,5.37,8.1,5.0,0.04,5.3,8.1,5.0,0.08,8.0,8.2,5.0,1,0,0,0,0,2
8908,4.0,2007,6.0,6.0,1797.0,534.0,3,0.4,6.0,5.9,45.66953053083768,0.01,5.8,6.9,44.51851283624834,0.01,5.8,6.9,45.52531451365449,1,0,1,0,1,2
8909,5.0,2011,9.0,201.0,1798.0,3014.0,11,0.03,4.75,4.75,0.0,0.03,4.75,4.75,0.0,0.03,4.75,4.75,0.0,0,0,0,0,0,2
8910,17.0,2008,6.0,155.0,204.0,2645.0,5,0.04,6.7,8.2,71.0,0.05,6.9,7.45,71.0,0.19,6.45,7.5,14.0,0,0,0,0,0,2
8911,17.0,2004,10.0,13.0,51.0,1826.0,3,0.02,7.0,8.0,2.0,0.15,6.95,6.95,15.0,0.19,7.0,7.0,4.0,1,0,1,0,1,2
8912,5.0,2009,1.0,3.0,1094.0,1568.0,9,0.15,7.3,6.98,5.5,0.36,8.0,7.4,2.0,0.36,8.0,7.4,2.0,1,0,0,0,0,2
8913,19.0,2005,9.0,8.0,131.0,3015.0,6,0.21,6.25,7.0,9.0,0.56,6.3,7.5,34.0,0.56,6.3,7.5,34.0,0,0,0,0,0,2
8914,13.0,2001,3.0,5.0,60.0,3016.0,3,1.76,7.63,7.03,20.0,0.93,5.8,6.8,16.0,0.93,5.8,6.8,16.0,0,0,1,0,0,2
8915,11.0,2014,9.0,9.0,34.0,707.0,1,0.26,8.15,7.8,4.0,0.27,8.15,8.53,35.0,0.59,7.15,8.3,23.0,1,0,1,1,0,2
8916,23.0,2011,3.0,36.0,130.0,159.0,9,0.19,8.27,7.5,62.0,0.19,8.27,7.5,62.0,0.19,8.27,7.5,62.0,0,0,0,0,1,2
8917,13.0,2000,2.0,6.0,196.0,3017.0,11,0.17,2.0,4.05,3.0,0.17,2.0,4.05,3.0,0.17,2.0,4.05,3.0,0,0,1,0,0,2
8918,13.0,1997,12.0,26.0,40.0,701.0,1,0.19,8.0,8.0,1.0,1.04,8.0,8.0,1.0,0.36,8.0,8.0,1.0,0,0,1,0,0,2
8919,13.0,1999,11.0,68.0,1799.0,3018.0,1,0.18,5.0,5.0,2.0,0.18,5.0,5.0,2.0,0.18,5.0,5.0,2.0,0,0,0,0,0,2
8920,14.0,2004,2.0,24.0,60.0,40.0,9,0.45,7.95,8.3,48.0,0.89,5.1,5.45,4.0,0.31,5.75,6.45,13.0,0,0,1,0,0,2
8921,7.0,2000,8.0,15.0,1800.0,3019.0,1,0.16,6.080184531886015,6.4249240162822545,49.17336199229173,0.16,6.164715061058349,6.539900949796512,47.802772013044766,0.16,6.208497964721839,6.582871099050231,49.20360213459828,1,0,0,0,1,2
8922,4.0,2005,9.0,15.0,1288.0,277.0,1,0.23,6.7,8.0,50.56199677938808,0.23,6.7,8.0,37.569243156199676,0.23,6.7,8.0,43.750402576489535,0,0,0,1,0,2
8923,23.0,2014,11.0,292.0,1801.0,3020.0,1,0.01,6.0370023640661925,6.4082836879432445,47.3185817805383,0.01,6.127933806146561,6.533567375886503,45.40683229813665,0.01,6.178366430260039,6.570146572104003,49.021868530020704,0,0,0,0,0,2
8924,10.0,2013,9.0,237.0,1802.0,3021.0,1,0.28,6.016843832020995,6.3843011811023525,43.64141414141414,0.28,6.091391076115479,6.49972440944881,40.217532467532465,0.28,6.117578740157478,6.52308070866142,43.198232323232325,0,0,0,0,0,2
8925,18.0,2016,4.0,17.0,397.0,544.0,8,0.01,8.0,7.7,50.0,1.39,8.63,8.27,449.0,0.12,8.63,8.27,449.0,1,0,0,1,0,2
8926,14.0,2006,1.0,8.0,68.0,1265.0,2,0.42,6.85,7.6,26.0,0.59,7.44,6.4,10.0,0.56,6.6,8.1,10.0,0,0,1,0,0,2
8927,4.0,2009,4.0,26.0,386.0,526.0,1,0.18,6.06531266560678,6.414785373608896,47.58155002891845,0.18,6.151277159512439,6.537713301536816,45.36119144013881,0.22,6.18789083200847,6.572859035506092,49.094852515905146,0,0,0,0,0,2
8928,9.0,2004,1.0,15.0,1249.0,1539.0,1,0.21,8.0,8.0,1.0,0.3,8.0,8.0,1.0,0.3,8.0,8.0,1.0,0,0,1,0,0,2
8929,10.0,2012,2.0,6.0,531.0,194.0,11,0.59,8.77,7.83,327.5,0.58,8.9,8.5,351.0,0.58,8.9,8.5,351.0,1,0,0,1,1,2
8930,5.0,2011,9.0,9.0,1570.0,257.0,5,0.16,3.8,5.95,5.0,0.01,4.0,6.0,11.0,0.16,3.8,5.95,5.0,0,0,0,0,0,2
8931,9.0,2003,7.0,8.0,1803.0,49.0,11,0.18,4.7,5.5,22.0,0.18,4.7,5.5,22.0,1.17,5.75,5.85,22.0,1,0,0,1,0,2
8932,5.0,2012,4.0,42.0,1423.0,2341.0,4,0.24,6.4,6.18,35.0,0.24,6.4,6.18,35.0,0.24,6.4,6.18,35.0,1,0,0,1,0,2
8933,13.0,1996,11.0,113.0,1804.0,3022.0,1,0.08,6.074598214285714,6.518080357142857,51.629901960784316,0.08,6.105133928571427,6.627678571428572,32.81127450980392,0.08,6.240669642857141,6.645223214285716,43.85294117647059,0,0,0,0,0,2
8934,4.0,2007,7.0,24.0,252.0,3023.0,1,0.11,4.97,4.95,11.0,0.6,7.0,7.1,42.0,0.6,7.0,7.1,42.0,1,0,0,0,0,2
8935,14.0,2005,6.0,9.0,34.0,294.0,3,0.43,4.6,5.9,1.0,0.76,6.15,6.95,5.0,0.72,8.1,7.55,48.0,1,0,1,0,1,2
8936,13.0,1999,4.0,72.0,400.0,1243.0,1,0.12,7.0,7.4,8.0,0.45,7.0,7.8,12.0,0.31,6.0,7.5,10.0,0,0,0,0,0,2
8937,4.0,2008,2.0,12.0,1113.0,3024.0,1,0.1,6.05,6.0,2.0,0.3,7.3,7.85,14.0,0.07,7.3,7.85,14.0,0,0,0,0,0,2
8938,15.0,2014,7.0,9.0,270.0,706.0,10,0.18,7.17,8.02,4.0,0.5,7.27,8.07,117.0,0.37,7.0,7.5,98.5,0,0,0,1,0,2
8939,6.0,2010,1.0,4.0,101.0,3025.0,12,0.07,8.0,7.7,25.0,0.2,7.9,8.15,2.0,0.2,7.9,8.15,2.0,0,0,0,0,0,2
8940,4.0,2011,6.0,26.0,1805.0,3026.0,1,0.16,7.0,7.0,1.0,0.16,7.0,7.0,1.0,0.16,7.0,7.0,1.0,0,0,0,0,0,2
8941,10.0,2011,6.0,26.0,185.0,37.0,11,0.34,3.0,5.7,5.0,0.19,5.0,7.1,0.0,0.35,5.0,7.1,0.0,1,0,1,1,0,2
8942,1.0,2010,1.0,201.0,1806.0,3027.0,12,0.08,5.5,5.0,0.5,0.08,5.5,5.0,0.5,0.08,5.5,5.0,0.5,0,0,0,0,0,2
8943,4.0,2010,1.0,11.0,534.0,1226.0,5,0.05,6.7,8.0,2.0,0.1,6.7,8.0,2.0,0.12,6.7,8.0,2.0,1,0,0,0,0,2
8944,13.0,1997,3.0,4.0,121.0,3028.0,1,0.18,7.2,7.2,19.0,0.18,7.2,7.2,19.0,0.18,7.2,7.2,19.0,0,0,0,0,1,2
8945,9.0,2005,6.0,24.0,1807.0,1277.0,1,0.11,2.85,2.95,1.0,0.11,2.85,2.95,1.0,0.06,2.85,2.95,1.0,0,0,0,0,0,2
8946,19.0,2003,7.0,6.0,304.0,356.0,2,0.16,7.45,4.0,1.0,1.76,7.45,6.6,17.0,1.76,7.45,6.6,17.0,1,0,0,1,0,2
8947,13.0,2001,8.0,15.0,103.0,297.0,1,0.24,6.097708281522011,6.447693359860781,47.903901046622266,0.45,6.1815792091519635,6.559855757274357,46.559535136604595,0.36,6.221097985575736,6.597542899776213,47.730256898192195,1,0,0,0,0,2
8948,5.0,2010,9.0,5.0,911.0,543.0,1,0.15,7.0,6.6,75.0,0.15,7.0,6.6,75.0,0.17,7.0,6.6,75.0,0,0,0,0,0,2
8949,14.0,2001,3.0,22.0,425.0,3029.0,11,0.55,7.83,8.07,55.0,0.45,4.0,5.5,2.0,0.45,4.0,5.5,2.0,0,0,0,0,1,2
8950,4.0,2010,6.0,5.0,321.0,3030.0,9,0.2,6.0408158995815855,6.398263598326344,49.51921757035004,0.08,6.133399581589951,6.528050209204999,47.858499199267904,0.08,6.181351464435135,6.563376569037639,49.493479752916954,0,0,0,0,0,2
8951,17.0,2013,4.0,26.0,1808.0,2313.0,12,0.01,4.5,4.5,45.81527804502598,0.01,4.5,4.5,44.89315951510487,0.12,4.5,4.5,45.86646142005003,1,0,0,0,0,2
8952,7.0,2001,3.0,4.0,214.0,1686.0,1,0.25,5.0,5.5,2.0,0.25,5.0,5.5,2.0,0.25,5.0,5.5,2.0,0,0,0,0,1,2
8953,17.0,2011,4.0,54.0,1218.0,3031.0,4,0.22,3.75,6.5,2.0,0.19,6.4,7.2,3.0,0.19,6.4,7.2,3.0,0,0,0,1,0,2
8954,4.0,2008,6.0,8.0,31.0,3032.0,10,0.24,4.0,8.6,0.0,0.43,4.0,6.75,3.0,0.43,4.0,6.75,3.0,0,0,0,0,0,2
8955,7.0,2002,1.0,31.0,401.0,3033.0,12,0.06,6.0,4.4,3.0,0.11,4.9,6.1,3.0,0.11,4.9,6.1,3.0,0,0,0,0,0,2
8956,4.0,2009,5.0,328.0,1809.0,3034.0,1,0.09,4.3,5.5,1.0,0.08,5.6,6.4,5.0,0.08,5.6,6.4,5.0,0,0,0,0,0,2
8957,4.0,2004,1.0,8.0,1255.0,454.0,3,0.59,9.0,7.8,2.0,0.59,9.0,7.8,2.0,0.62,8.07,7.35,2.0,0,0,0,0,1,2
8958,24.0,1995,10.0,26.0,424.0,188.0,1,0.21,7.0,7.0,33.0,0.27,7.0,7.0,33.0,0.73,6.2,6.2,37.0,0,0,0,0,0,2
8959,9.0,2005,6.0,9.0,55.0,62.0,11,0.42,7.55,7.8,73.0,0.99,4.55,5.95,14.0,0.6,4.5,6.18,38.5,0,1,1,0,0,2
8960,9.0,2003,4.0,15.0,54.0,2352.0,9,0.56,6.1,6.35,2.0,0.41,7.6,8.45,90.0,0.41,7.6,8.45,90.0,0,0,0,1,0,2
8961,5.0,2007,3.0,29.0,217.0,1078.0,10,0.26,4.4,5.0,2.0,0.41,6.3,7.4,2.0,0.41,6.3,7.4,2.0,0,0,0,0,1,2
8962,1.0,2010,12.0,26.0,1810.0,3035.0,1,0.17,6.036517973148549,6.446041576440007,42.41893830703013,0.17,6.13182763100909,6.5621524469467225,36.190578670492584,0.17,6.158211346903418,6.59756604590732,41.083213773314206,0,0,0,0,0,2
8963,4.0,2010,6.0,29.0,240.0,3036.0,11,0.16,4.3,4.55,1.0,0.65,7.2,7.7,1.0,0.65,7.2,7.7,1.0,0,0,0,0,0,2
8964,14.0,2004,10.0,88.0,676.0,1799.0,9,0.03,4.3,6.7,5.5,0.51,6.65,6.7,19.0,0.06,7.35,6.7,28.0,1,0,0,0,0,2
8965,13.0,1995,4.0,4.0,1811.0,3037.0,1,0.16,2.0,7.0,1.0,0.16,2.0,7.0,1.0,0.16,2.0,7.0,1.0,1,0,0,0,0,2
8966,23.0,2013,9.0,49.0,253.0,320.0,4,0.22,7.95,8.08,14.0,0.18,7.5,7.95,12.5,0.06,5.17,6.9,32.0,1,0,0,1,1,2
8967,4.0,2013,9.0,5.0,513.0,3038.0,11,0.2,6.4,4.37,8.0,0.45,6.4,4.37,8.0,0.45,6.4,4.37,8.0,0,0,0,0,0,2
8968,9.0,2004,9.0,68.0,679.0,3039.0,11,0.51,6.6,5.5,50.551418439716315,0.26,5.5,5.5,48.66979557780559,0.26,5.5,5.5,49.56727158948686,0,0,0,0,0,2
8969,4.0,2008,7.0,155.0,1139.0,2965.0,11,0.07,6.05,7.2,13.0,0.07,6.65,7.75,14.0,0.05,6.9,7.45,71.0,1,0,0,0,0,2
8970,19.0,2002,1.0,40.0,1454.0,913.0,9,0.14,7.2,8.4,1.0,0.21,4.3,7.6,1.0,0.83,7.7,7.8,1.0,0,0,0,0,0,2
8971,4.0,2007,4.0,26.0,1812.0,3040.0,1,0.15,5.0,5.3,4.0,0.15,5.0,5.3,4.0,0.15,5.0,5.3,4.0,0,0,0,0,0,2
8972,14.0,2003,9.0,2.0,99.0,3041.0,1,0.59,6.65,7.15,39.0,3.51,7.25,8.2,65.0,3.51,7.25,8.2,65.0,0,0,0,0,0,2
8973,17.0,2010,4.0,266.0,1217.0,2055.0,1,0.22,7.95,8.3,24.5,0.22,7.95,8.3,24.5,0.03,6.7,6.75,5.0,1,0,0,1,0,2
8974,7.0,2005,4.0,149.0,1422.0,2094.0,3,0.38,7.6,6.9,16.0,0.24,8.25,8.65,49.0,0.28,7.3,8.6,49.0,1,0,0,0,0,2
8975,17.0,2006,2.0,13.0,51.0,500.0,3,0.58,7.2,8.25,143.5,0.64,7.55,8.2,27.0,0.24,7.15,6.9,3.0,1,0,1,0,0,2
8976,7.0,2007,11.0,6.0,1813.0,3042.0,1,0.47,6.099566138746374,6.4607807271916755,47.55820785897907,0.47,6.186688601383021,6.564681017176054,46.14738646101114,0.47,6.2206457729199345,6.6001962971225066,47.53813196229649,0,0,0,0,0,2
8977,7.0,2002,10.0,106.0,970.0,3043.0,9,0.09,3.0,6.8,49.587620336943445,0.06,3.0,6.8,48.169524669073404,0.06,3.0,6.8,49.57746690734055,0,0,0,0,0,2
8978,4.0,2006,6.0,26.0,40.0,3044.0,3,0.12,5.3,7.7,1.0,0.07,6.0,7.0,1.0,0.07,6.0,7.0,1.0,0,0,1,0,0,2
8979,23.0,2014,9.0,49.0,1696.0,2046.0,3,0.3,7.6,7.8,18.0,0.09,6.5,5.7,1.5,0.04,6.5,4.0,1.0,1,0,0,0,0,2
8980,9.0,2002,1.0,15.0,87.0,3045.0,1,0.27,5.0,5.0,2.0,0.44,5.0,5.0,2.0,0.44,5.0,5.0,2.0,0,0,1,0,1,2
8981,14.0,2005,3.0,40.0,210.0,994.0,10,0.08,6.8,6.0,1.0,0.11,6.85,7.75,5.0,0.42,6.85,7.5,2.0,0,0,0,0,0,2
8982,21.0,1994,4.0,329.0,1814.0,3046.0,1,0.0,0.0,0.0,0.0,0.0,0.0,0.0,0.0,0.0,0.0,0.0,0.0,1,0,0,0,0,2
8983,4.0,2009,2.0,20.0,377.0,3047.0,10,1.71,3.7,4.2,10.0,0.31,8.3,7.85,10.0,0.31,8.3,7.85,10.0,0,0,0,0,0,2
8984,13.0,2001,5.0,91.0,1815.0,3048.0,10,0.47,7.5,7.5,1.0,0.47,7.5,7.5,1.0,0.47,7.5,7.5,1.0,0,0,0,0,0,2
8985,10.0,2014,1.0,157.0,1182.0,3049.0,1,0.05,6.0370023640661925,6.4082836879432445,47.3185817805383,0.1,6.127933806146561,6.533567375886503,45.40683229813665,0.1,6.178366430260039,6.570146572104003,49.021868530020704,1,0,0,0,0,2
8986,10.0,2013,9.0,59.0,377.0,3050.0,11,0.02,7.5,5.0,58.5,0.04,7.5,7.55,58.5,0.04,7.5,7.55,58.5,0,0,0,0,0,2
8987,23.0,2014,4.0,134.0,1121.0,3051.0,8,0.13,6.55,6.9,2.5,0.09,6.55,6.9,2.5,0.09,6.55,6.9,2.5,0,0,0,0,0,2
8988,13.0,1997,1.0,277.0,1816.0,3052.0,1,0.17,6.0,6.0,1.0,0.17,6.0,6.0,1.0,0.17,6.0,6.0,1.0,0,0,0,0,0,2
8989,7.0,2009,7.0,5.0,321.0,2695.0,11,0.15,6.0,5.0,7.5,0.19,6.5,7.63,7.5,0.19,6.5,7.63,7.5,0,0,0,0,0,2
8990,7.0,2007,9.0,33.0,243.0,1041.0,11,0.23,6.0,6.0,46.33063646170442,0.07,6.0,6.0,44.32092772384035,0.44,8.8,8.8,47.683791801510246,0,0,0,0,0,2
8991,3.0,2000,11.0,325.0,1817.0,1293.0,1,0.0,0.0,0.0,0.0,0.0,0.0,0.0,0.0,0.11,0.0,0.0,0.0,1,0,0,0,0,2
8992,25.0,1994,12.0,9.0,799.0,3053.0,1,0.2,7.0,7.0,2.0,0.2,7.0,7.0,2.0,0.2,7.0,7.0,2.0,1,0,0,0,0,2
8993,9.0,2003,2.0,6.0,19.0,194.0,2,0.03,3.6,3.6,2.0,0.05,5.3,6.65,2.0,0.14,5.5,6.7,13.0,1,0,1,0,1,2
8994,7.0,2001,9.0,177.0,538.0,3054.0,3,0.0,0.0,0.0,0.0,0.04,6.8,0.0,0.0,0.04,6.8,0.0,0.0,0,0,0,0,0,2
8995,13.0,1998,9.0,4.0,759.0,3055.0,1,0.2,6.5,6.5,4.0,0.26,6.3,6.3,6.0,0.26,6.3,6.3,6.0,0,0,0,0,0,2
8996,1.0,2011,9.0,29.0,1380.0,191.0,6,0.2,6.75,5.28,5.5,0.2,6.75,5.28,5.5,0.25,3.75,5.47,9.5,0,0,0,0,0,2
8997,4.0,2010,8.0,129.0,1119.0,3056.0,1,0.02,5.2,7.0,1.0,0.35,5.2,7.0,1.0,0.35,5.2,7.0,1.0,0,0,0,0,0,2
8998,4.0,2009,5.0,75.0,1013.0,3057.0,11,0.04,5.945329457364344,6.3206201550387675,32.76409185803758,0.21,6.042635658914737,6.440271317829467,23.798538622129435,0.21,6.047189922480624,6.441937984496127,28.856993736951985,0,0,0,0,0,2
8999,5.0,2010,3.0,15.0,87.0,3058.0,11,0.2,4.5,4.0,1.0,0.36,3.0,4.0,1.0,0.36,3.0,4.0,1.0,0,0,1,0,0,2
9000,4.0,2009,11.0,1.0,1038.0,2336.0,1,0.24,7.0,7.6,15.0,0.39,7.0,7.6,15.0,0.39,7.0,7.6,15.0,0,0,0,0,0,2
9001,7.0,2005,4.0,12.0,768.0,1090.0,1,0.05,6.6,6.25,1.0,0.1,2.8,3.4,1.0,0.62,7.4,7.85,36.0,0,0,0,0,0,2
9002,1.0,2010,9.0,11.0,560.0,3059.0,10,0.09,5.7,3.8,49.885309852875615,0.02,5.7,7.3,48.07779759251003,0.02,5.7,7.3,49.565425769059296,0,0,0,0,0,2
9003,19.0,2007,9.0,29.0,70.0,613.0,6,0.11,5.2,6.5,2.0,0.05,5.2,6.5,2.0,0.05,5.2,6.5,2.0,0,0,0,0,0,2
9004,7.0,2009,9.0,8.0,135.0,1311.0,8,0.22,4.05,6.0,1.0,0.22,4.05,6.0,1.0,0.22,4.05,6.0,1.0,0,0,0,0,0,2
9005,7.0,2001,2.0,73.0,1150.0,917.0,2,0.1,6.113659429129058,6.478671220622964,46.09300044583148,0.33,6.201870374888207,6.579175408636298,45.315292019616585,0.83,6.234712531511773,6.6217109864194805,46.52278198840838,0,0,0,0,0,2
9006,4.0,2008,4.0,26.0,814.0,939.0,1,0.16,5.0,7.0,3.0,0.58,5.0,6.7,30.0,0.5,7.0,8.4,5.0,1,0,0,0,0,2
9007,6.0,2011,9.0,49.0,253.0,559.0,1,0.19,3.43,4.47,10.5,0.18,6.5,7.85,17.5,0.45,4.75,7.0,4.0,0,0,0,0,0,2
9008,1.0,2008,6.0,85.0,1818.0,3060.0,7,0.17,7.2,7.05,10.0,0.17,7.2,7.05,10.0,0.17,7.2,7.05,10.0,0,0,0,0,0,2
9009,13.0,1997,3.0,89.0,322.0,3061.0,1,0.36,4.0,4.0,2.0,0.9,6.9,6.9,38.0,0.9,6.9,6.9,38.0,0,0,1,0,0,2
9010,18.0,2015,9.0,7.0,313.0,412.0,1,1.27,6.0,6.7,31.0,0.51,8.87,8.2,699.5,0.51,8.87,8.2,699.5,0,0,0,1,0,2
9011,9.0,2001,2.0,53.0,40.0,1860.0,3,0.45,7.6,7.1,4.0,4.05,6.75,7.5,35.0,0.18,6.75,7.2,19.0,1,0,1,0,0,2
9012,17.0,2009,9.0,8.0,135.0,1311.0,8,0.21,3.65,5.4,1.0,0.21,3.65,5.4,1.0,0.21,3.65,5.4,1.0,0,0,0,0,0,2
9013,15.0,2010,4.0,8.0,154.0,251.0,10,0.25,7.0,7.58,154.0,0.26,7.0,7.58,154.0,0.26,7.0,7.58,154.0,1,0,0,0,0,2
9014,4.0,2009,5.0,298.0,1819.0,3062.0,10,0.01,6.017120127287195,6.416451869530627,39.8933506044905,0.06,6.130859188544151,6.552171837708827,32.29706390328152,0.06,6.161694510739854,6.5963723150357945,34.81476683937824,0,0,0,0,0,2
9015,23.0,2015,9.0,33.0,492.0,711.0,1,0.06,6.023708006279429,6.380546310832016,44.238808539944905,0.06,6.098238618524324,6.497463108320238,40.88240358126722,0.06,6.122084772370479,6.520916797488228,43.51325757575758,1,0,0,1,0,2
9016,13.0,1996,10.0,31.0,132.0,3063.0,1,0.22,5.0,5.0,5.0,0.06,5.0,5.0,5.0,0.06,5.0,5.0,5.0,0,0,0,0,0,2
9017,4.0,2006,3.0,6.0,415.0,1211.0,11,0.42,7.0,7.8,2.0,0.42,7.0,7.8,2.0,0.6,7.0,6.9,22.5,1,0,0,0,1,2
9018,1.0,2006,6.0,162.0,317.0,1891.0,12,0.04,6.2,7.7,3.0,0.05,6.2,7.7,3.0,0.05,6.2,7.7,3.0,0,0,0,0,1,2
9019,7.0,2004,11.0,36.0,541.0,3064.0,9,0.08,5.6,7.75,99.0,0.64,8.4,7.75,99.0,0.64,8.4,7.75,99.0,0,0,0,0,0,2
9020,4.0,2011,9.0,5.0,229.0,2261.0,10,0.23,4.9,6.55,3.0,0.25,4.85,6.6,3.0,0.25,4.85,6.6,3.0,0,0,0,1,0,2
9021,7.0,2006,11.0,29.0,284.0,2923.0,8,0.14,6.0,6.0,46.19023352860926,0.04,6.0,6.0,45.736899125270845,0.04,6.0,6.0,46.94057459272931,0,0,0,0,0,2
9022,7.0,2004,4.0,49.0,819.0,3065.0,2,0.05,7.45,8.0,16.0,0.19,7.45,8.0,16.0,0.19,7.45,8.0,16.0,0,0,0,0,0,2
9023,5.0,2006,9.0,22.0,291.0,382.0,9,0.02,6.1,7.45,5.0,0.02,6.1,7.45,5.0,0.02,6.1,7.45,5.0,1,0,0,0,0,2
9024,15.0,2009,7.0,12.0,1820.0,3066.0,6,0.1,2.0,8.5,14.0,0.04,7.2,8.5,14.0,0.04,7.2,8.5,14.0,0,0,0,0,0,2
9025,13.0,2001,3.0,29.0,817.0,1238.0,1,0.4,6.5,6.5,4.0,0.2,6.5,6.5,4.0,0.58,6.5,6.5,4.0,0,0,0,0,0,2
9026,17.0,2011,9.0,132.0,1602.0,2130.0,1,0.05,6.107652813930537,6.467882595817321,45.77475613360922,0.09,6.194403554438579,6.56657391616556,44.85269484678293,0.01,6.2266573916165795,6.606709451575302,45.76973100798108,0,0,0,0,0,2
9027,4.0,2010,9.0,20.0,1115.0,3067.0,9,0.24,5.9,7.15,11.0,0.35,6.7,6.9,11.0,0.35,6.7,6.9,11.0,0,0,0,0,0,2
9028,19.0,2002,8.0,1.0,1821.0,3068.0,1,0.25,7.1,7.3,43.711032388663966,0.25,7.1,7.3,37.134362348178136,0.25,7.1,7.3,42.425607287449395,0,0,0,0,0,2
9029,9.0,2005,6.0,5.0,1822.0,3069.0,1,0.28,5.0,5.0,50.56199677938808,0.28,5.0,5.0,37.569243156199676,0.28,5.0,5.0,43.750402576489535,0,0,0,0,1,2
9030,3.0,2001,4.0,25.0,1247.0,416.0,1,1.56,7.0,8.05,71.0,1.56,7.0,8.05,71.0,1.1,7.0,8.05,71.0,1,0,0,0,0,2
9031,7.0,2003,5.0,52.0,938.0,3070.0,2,0.04,6.7,6.7,45.71270364268717,0.08,6.7,6.7,44.72560863994143,0.08,6.7,6.7,45.997345780706574,0,0,0,0,0,2
9032,1.0,2008,9.0,29.0,456.0,831.0,2,0.29,4.25,6.47,0.0,1.22,5.67,6.47,8.5,0.46,6.8,7.55,7.0,1,0,0,1,0,2
9033,15.0,2000,12.0,6.0,200.0,1678.0,11,0.16,8.12,5.7,323.0,0.1,8.12,8.67,323.0,0.1,8.12,8.67,323.0,1,0,0,0,0,2
9034,17.0,2008,3.0,174.0,920.0,1430.0,9,0.48,3.7,6.3,1.0,0.05,4.6,7.65,1.0,0.05,4.6,7.65,1.0,0,0,0,0,0,2
9035,13.0,2002,9.0,26.0,1591.0,2642.0,1,0.2,7.0,7.0,1.0,0.2,7.0,7.0,1.0,0.2,7.0,7.0,1.0,0,0,0,0,0,2
9036,13.0,1997,12.0,10.0,215.0,1209.0,1,0.31,7.5,7.5,8.0,0.53,5.5,5.5,2.0,0.24,5.5,5.5,2.0,1,0,0,0,0,2
9037,17.0,2006,6.0,12.0,366.0,430.0,1,0.14,6.5,2.7,48.764652014652015,0.18,6.5,2.7,40.60225885225885,0.09,7.1,2.7,45.93101343101343,0,0,0,0,0,2
9038,19.0,2004,1.0,8.0,45.0,31.0,10,0.53,5.55,8.4,2.0,2.59,7.58,7.75,19.0,3.7,7.55,7.3,23.0,1,1,1,1,1,2
9039,10.0,2011,2.0,134.0,1823.0,3071.0,11,0.58,8.0,8.35,40.0,0.58,8.0,8.35,40.0,0.58,8.0,8.35,40.0,0,0,0,0,0,2
9040,15.0,2007,7.0,8.0,95.0,114.0,10,0.31,6.66,5.7,4.5,0.61,8.5,8.4,256.0,0.61,8.5,8.4,256.0,0,0,0,0,0,2
9041,4.0,2008,1.0,232.0,1824.0,509.0,5,0.03,7.25,8.3,0.0,0.05,7.25,8.3,0.0,1.48,7.25,7.4,40.0,0,0,0,0,0,2
9042,1.0,2007,10.0,6.0,360.0,1440.0,10,0.33,6.9,7.65,38.0,0.01,4.8,6.5,2.0,0.47,7.5,7.5,1.0,0,0,0,0,0,2
9043,6.0,2010,4.0,279.0,950.0,2593.0,6,0.01,4.0,4.6,7.0,0.46,3.25,6.35,28.0,0.07,6.7,5.8,7.0,0,0,0,0,0,2
9044,6.0,2011,3.0,201.0,1825.0,3072.0,1,0.04,6.107652813930537,6.467882595817321,45.77475613360922,0.04,6.194403554438579,6.56657391616556,44.85269484678293,0.04,6.2266573916165795,6.606709451575302,45.76973100798108,0,0,0,0,0,2
9045,22.0,1998,10.0,22.0,51.0,3073.0,1,0.38,6.0,6.0,4.0,0.26,8.3,8.3,11.0,0.26,8.3,8.3,11.0,0,0,1,0,1,2
9046,7.0,2001,1.0,78.0,997.0,3074.0,6,0.13,3.9,5.0,48.04879385964912,0.13,3.9,5.0,46.66125274122807,0.13,3.9,5.0,47.83114035087719,0,0,0,0,0,2
9047,4.0,2008,4.0,22.0,237.0,1925.0,11,0.32,6.6,6.98,12.5,0.11,6.55,6.85,3.0,0.11,6.55,6.85,3.0,0,0,0,0,0,2
9048,17.0,2011,11.0,330.0,1826.0,3075.0,1,0.01,6.107652813930537,6.467882595817321,45.77475613360922,0.01,6.194403554438579,6.56657391616556,44.85269484678293,0.02,6.2266573916165795,6.606709451575302,45.76973100798108,0,0,0,0,0,2
9049,10.0,2012,9.0,107.0,437.0,1765.0,1,0.0,0.0,0.0,0.0,0.15,0.0,0.0,0.0,0.16,0.0,7.5,2.0,1,0,0,0,0,2
9050,7.0,2004,6.0,36.0,1827.0,1450.0,6,0.06,8.0,6.9,19.0,0.06,8.0,6.9,19.0,0.47,3.0,6.9,19.0,0,0,0,0,0,2
9051,4.0,2009,8.0,35.0,1828.0,2175.0,10,0.09,6.017120127287195,6.416451869530627,39.8933506044905,0.03,6.130859188544151,6.552171837708827,32.29706390328152,0.03,6.161694510739854,6.5963723150357945,34.81476683937824,0,0,0,0,0,2
9052,17.0,2010,4.0,26.0,385.0,604.0,1,0.17,7.33,7.0,1.0,1.08,7.33,7.6,328.5,0.17,6.9,8.05,3.0,1,0,0,0,0,2
9053,14.0,2003,9.0,11.0,579.0,1233.0,11,0.16,6.95,7.75,12.0,0.58,2.4,6.1,12.0,0.15,4.15,5.85,1.0,0,0,0,0,0,2
9054,15.0,2003,4.0,18.0,154.0,184.0,9,0.18,6.15,7.2,8.0,0.03,8.53,7.95,77.5,0.13,5.0,6.1,12.0,0,0,0,1,0,2
9055,14.0,2005,1.0,8.0,45.0,408.0,10,0.2,7.5,7.53,3.5,0.2,7.6,7.2,3.5,0.23,7.8,7.55,50.0,1,0,1,1,1,2
9056,14.0,2002,1.0,9.0,373.0,378.0,12,0.12,8.9,6.5,46.100670307845085,0.07,4.4,6.5,45.57816120489904,0.19,5.7,6.5,46.971367096987755,0,0,0,0,0,2
9057,17.0,2008,4.0,331.0,1776.0,3076.0,6,0.05,6.086907766358775,6.433157278522222,48.31761945392491,0.05,6.17208403798622,6.546401717184907,47.04635949943117,0.05,6.213763496812796,6.587383894887506,48.42512798634812,0,0,0,0,0,2
9058,4.0,2010,9.0,59.0,1222.0,3077.0,1,0.1,3.95,6.6,1.0,0.25,4.9,7.5,1.0,0.25,4.9,7.5,1.0,0,0,0,1,0,2
9059,1.0,2009,8.0,54.0,296.0,3078.0,9,0.18,5.97,7.83,8.0,1.12,7.7,5.75,30.5,1.12,7.7,5.75,30.5,0,0,0,0,0,2
9060,17.0,2004,4.0,26.0,1829.0,3079.0,6,0.57,6.65,7.55,14.0,0.57,6.65,7.55,14.0,0.57,6.65,7.55,14.0,0,0,0,0,0,2
9061,1.0,2007,6.0,6.0,138.0,3080.0,12,0.16,4.55,4.05,6.0,0.05,4.2,3.6,6.0,0.05,4.2,3.6,6.0,0,0,1,0,0,2
9062,4.0,2008,4.0,67.0,1465.0,3081.0,10,0.02,5.3,6.3,9.0,0.22,5.3,6.3,9.0,0.22,5.3,6.3,9.0,0,0,0,0,0,2
9063,9.0,2001,7.0,5.0,663.0,144.0,12,0.03,5.4,7.8,12.0,0.03,5.4,7.8,12.0,0.27,5.4,7.8,12.0,1,0,0,1,1,2
9064,6.0,2014,9.0,26.0,683.0,701.0,1,0.18,6.0,6.0,3.0,0.18,6.0,6.0,3.0,0.38,7.5,7.5,2.0,0,0,0,0,1,2
9065,6.0,2010,4.0,118.0,253.0,3082.0,2,0.86,7.4,7.55,49.0,0.45,4.75,7.0,4.0,0.06,4.75,7.0,4.0,0,0,0,0,0,2
9066,13.0,2001,9.0,31.0,1830.0,3083.0,1,0.21,2.6,4.0,47.903901046622266,0.21,2.6,4.0,46.559535136604595,0.21,2.6,4.0,47.730256898192195,0,0,0,0,0,2
9067,7.0,2001,6.0,4.0,278.0,363.0,4,0.14,5.35,7.4,18.0,1.92,6.6,7.3,18.0,1.92,6.6,7.3,18.0,0,0,0,0,0,2
9068,17.0,2009,4.0,72.0,1558.0,3084.0,5,0.04,7.87,10.0,1.0,0.09,7.87,8.07,5.5,0.09,7.87,8.07,5.5,0,0,0,0,0,2
9069,14.0,2004,3.0,9.0,169.0,3085.0,10,0.04,5.9,6.85,6.5,0.04,5.9,6.85,6.5,0.04,5.9,6.85,6.5,1,0,0,0,0,2
9070,6.0,2012,9.0,13.0,765.0,1143.0,1,0.07,7.8,7.43,57.0,0.09,5.6,6.23,7.0,0.64,8.88,8.8,419.0,0,0,0,0,0,2
9071,22.0,2000,10.0,19.0,51.0,986.0,1,0.01,7.38,5.0,1.0,3.72,7.38,8.05,172.0,3.72,7.38,8.05,172.0,1,0,1,0,0,2
9072,14.0,2006,9.0,22.0,165.0,204.0,5,0.5,8.1,8.57,126.5,0.5,8.1,8.57,126.5,0.5,8.1,8.57,126.5,1,0,0,1,0,2
9073,13.0,1998,4.0,10.0,1831.0,3086.0,1,0.3,5.4,5.4,11.0,0.3,5.4,5.4,11.0,0.3,5.4,5.4,11.0,0,0,0,0,0,2
9074,4.0,2006,10.0,59.0,585.0,637.0,1,0.06,7.1,5.6,16.0,0.2,7.0,5.6,16.0,0.44,6.75,8.0,16.0,0,0,0,0,0,2
9075,13.0,1997,7.0,4.0,40.0,3087.0,1,0.15,7.0,7.0,1.0,0.18,7.2,7.2,19.0,0.18,7.2,7.2,19.0,1,0,1,0,0,2
9076,7.0,2008,5.0,91.0,539.0,3048.0,9,0.29,6.7,8.3,1.0,0.09,4.9,4.0,1.0,0.14,4.9,4.0,1.0,0,0,0,0,0,2
9077,17.0,2005,1.0,4.0,422.0,1342.0,10,0.22,7.2,5.4,46.396146867328426,0.1,6.1,7.4,45.01510299925285,0.1,6.1,7.4,45.991941509232575,0,0,0,0,1,2
9078,9.0,2004,4.0,15.0,1832.0,2604.0,1,0.17,7.0,7.0,1.0,0.17,7.0,7.0,1.0,0.2,7.0,7.0,1.0,0,0,0,0,0,2
9079,17.0,2009,1.0,204.0,1833.0,3088.0,6,0.03,6.072216863165409,6.424708824580193,50.939571150097464,0.03,6.151868524473027,6.540253662022141,48.451559454191035,0.03,6.1993461950696656,6.582299035369757,49.943567251461985,0,0,0,0,0,2
9080,14.0,2002,1.0,40.0,330.0,502.0,8,0.44,7.3,8.9,1.0,0.02,6.55,7.4,1.0,0.09,7.7,8.0,1.0,1,0,0,0,0,2
9081,10.0,2015,9.0,237.0,1700.0,2825.0,1,0.17,6.023708006279429,6.380546310832016,44.238808539944905,0.17,6.098238618524324,6.497463108320238,40.88240358126722,0.17,6.122084772370479,6.520916797488228,43.51325757575758,0,0,0,0,0,2
9082,7.0,2002,11.0,8.0,177.0,3089.0,2,1.36,6.77,7.23,15.0,1.55,6.77,7.75,19.0,1.55,6.77,7.75,19.0,0,0,0,0,0,2
9083,7.0,2001,9.0,31.0,252.0,3090.0,6,0.56,6.73,7.08,4.5,0.76,6.73,7.9,18.0,0.76,6.73,7.9,18.0,0,0,0,0,0,2
9084,16.0,1982,9.0,11.0,489.0,3091.0,1,0.5,3.0,3.0,1.0,0.5,3.0,3.0,1.0,0.5,3.0,3.0,1.0,0,0,0,0,0,2
9085,3.0,2000,4.0,15.0,87.0,277.0,1,0.15,6.4,8.1,9.0,0.21,6.4,8.1,9.0,1.88,5.7,7.4,9.0,0,0,1,1,0,2
9086,15.0,2009,4.0,42.0,1423.0,2341.0,10,0.54,7.53,7.15,100.0,0.06,6.65,7.4,27.0,0.19,7.17,6.7,80.0,1,0,0,0,0,2
9087,4.0,2008,9.0,59.0,807.0,1036.0,6,0.48,6.9,7.0,53.0,0.57,7.33,7.6,124.0,0.57,7.33,7.6,124.0,0,0,0,0,0,2
9088,9.0,2002,2.0,53.0,586.0,2847.0,11,0.18,3.5,7.0,0.0,0.05,4.85,7.0,0.0,0.05,4.85,7.0,0.0,0,0,0,0,0,2
9089,7.0,2006,9.0,3.0,135.0,3092.0,5,0.05,6.37,6.88,22.5,1.24,5.55,7.05,30.0,1.24,5.55,7.05,30.0,0,0,0,0,0,2
9090,20.0,2014,9.0,6.0,811.0,113.0,5,1.28,8.0,6.47,237.0,0.04,6.67,6.95,59.0,0.04,6.67,6.95,59.0,1,0,1,1,0,2
9091,4.0,2004,5.0,1.0,40.0,2908.0,11,1.17,7.53,7.92,35.0,0.22,5.8,6.5,4.0,0.04,3.0,7.3,9.0,1,0,1,0,1,2
9092,4.0,2007,11.0,88.0,586.0,3093.0,10,0.36,2.6,4.45,5.0,0.01,2.6,2.17,3.5,0.01,2.6,2.17,3.5,0,0,0,0,0,2
9093,14.0,2003,2.0,29.0,120.0,322.0,8,0.03,5.65,3.0,1.0,0.3,6.8,6.7,1.0,2.1,6.9,7.15,1.0,0,0,0,0,0,2
9094,4.0,2009,3.0,29.0,217.0,860.0,2,0.21,6.37,6.52,52.5,0.73,6.0,7.23,48.5,0.73,6.0,7.23,48.5,1,0,0,0,0,2
9095,4.0,2007,8.0,131.0,1834.0,524.0,3,0.0,0.0,0.0,0.0,0.0,0.0,0.0,0.0,0.3,7.45,7.7,26.0,1,0,0,0,0,2
9096,4.0,2007,9.0,88.0,1433.0,1771.0,10,0.23,4.6,4.6,47.35864844149208,0.11,4.6,4.6,46.229496678589676,0.03,4.6,4.6,47.57901124169648,0,0,0,0,0,2
9097,19.0,2002,7.0,8.0,40.0,555.0,11,0.36,7.35,7.0,34.0,3.44,7.95,7.7,48.0,1.36,6.77,7.23,15.0,1,0,1,1,0,2
9098,19.0,2003,9.0,29.0,131.0,1505.0,11,0.39,7.5,7.7,2.0,0.03,7.5,7.7,2.0,0.03,7.5,7.7,2.0,0,0,0,0,0,2
9099,7.0,2009,1.0,57.0,391.0,422.0,9,0.24,7.8,7.8,48.85785172212493,0.27,7.8,7.8,47.55465557501459,0.24,7.8,7.8,48.898423817863396,0,0,0,0,0,2
9100,13.0,1998,11.0,252.0,1835.0,3094.0,1,0.07,4.0,4.0,1.0,0.07,4.0,4.0,1.0,0.07,4.0,4.0,1.0,0,0,0,0,0,2
9101,4.0,2005,4.0,101.0,1836.0,3095.0,1,0.33,7.4,7.4,18.0,0.33,7.4,7.4,18.0,0.33,7.4,7.4,18.0,0,0,0,0,0,2
9102,13.0,2000,3.0,4.0,1837.0,671.0,9,1.54,7.0,7.72,67.5,1.54,7.0,7.72,67.5,1.17,7.0,7.5,31.0,0,0,0,0,1,2
9103,13.0,1998,12.0,332.0,1838.0,3096.0,1,0.0,0.0,0.0,0.0,0.0,0.0,0.0,0.0,0.0,0.0,0.0,0.0,0,0,0,0,0,2
9104,10.0,2012,9.0,333.0,1839.0,809.0,1,0.06,4.0,4.0,1.0,0.06,4.0,4.0,1.0,0.07,4.0,4.0,1.0,1,0,0,0,0,2
9105,6.0,2008,1.0,8.0,68.0,1494.0,9,0.17,4.93,4.17,16.5,0.37,6.5,5.65,0.5,0.45,6.6,6.9,0.5,0,0,1,0,0,2
9106,7.0,2002,1.0,4.0,299.0,745.0,2,0.03,5.35,7.4,45.95096739994699,0.14,5.35,7.4,45.15509320611361,0.14,5.35,7.4,46.44641752805018,0,0,0,0,1,2
9107,17.0,2011,11.0,331.0,1840.0,3097.0,1,0.07,6.107652813930537,6.467882595817321,45.77475613360922,0.07,6.194403554438579,6.56657391616556,44.85269484678293,0.07,6.2266573916165795,6.606709451575302,45.76973100798108,0,0,0,0,0,2
9108,13.0,1997,3.0,29.0,1841.0,3098.0,1,0.14,8.4,8.4,9.0,0.14,8.4,8.4,9.0,0.14,8.4,8.4,9.0,0,0,0,0,0,2
9109,7.0,2008,9.0,13.0,51.0,3099.0,11,0.35,6.6,6.85,9.0,5.5,7.05,7.95,34.0,5.5,7.05,7.95,34.0,1,0,1,0,0,2
9110,5.0,2007,8.0,6.0,811.0,895.0,8,0.53,6.55,6.0,41.0,0.05,7.45,6.55,3.0,0.85,5.62,6.45,20.5,0,0,1,0,0,2
9111,13.0,1997,10.0,26.0,424.0,701.0,1,0.15,6.5,6.5,12.0,0.19,6.5,6.5,12.0,0.29,8.0,8.0,1.0,0,0,0,0,1,2
9112,14.0,2004,2.0,24.0,131.0,88.0,11,0.29,6.2,6.35,2.0,0.64,5.75,7.1,22.0,0.64,5.75,7.1,22.0,0,0,0,0,0,2
9113,4.0,2007,2.0,12.0,1842.0,3024.0,1,0.01,5.5,5.5,47.55820785897907,0.01,5.5,5.5,46.14738646101114,0.07,5.5,5.5,47.53813196229649,0,0,0,0,0,2
9114,15.0,2015,9.0,17.0,291.0,382.0,12,1.83,7.1,6.62,110.0,1.83,7.1,6.62,110.0,1.83,7.1,6.62,110.0,1,0,0,1,0,2
9115,7.0,2008,4.0,58.0,1405.0,3100.0,11,0.13,7.5,7.5,2.0,0.13,7.5,7.5,2.0,0.13,7.5,7.5,2.0,0,0,0,0,0,2
9116,17.0,2005,12.0,8.0,1415.0,169.0,1,0.94,5.85,7.55,32.0,0.94,5.85,7.55,32.0,0.22,5.85,7.55,32.0,0,0,0,0,0,2
9117,5.0,2009,9.0,85.0,703.0,3101.0,5,0.05,6.100858058608059,6.465022893772954,45.416876320821174,0.03,6.1914130036630235,6.564434981685036,44.29963771762101,0.03,6.221868131868156,6.605723443223496,45.280718526718324,1,0,0,0,0,2
9118,7.0,2005,1.0,4.0,422.0,1342.0,9,0.82,5.8,8.0,70.0,0.17,6.6,8.7,70.0,0.17,6.6,8.7,70.0,0,0,0,0,1,2
9119,7.0,2004,7.0,99.0,1607.0,2666.0,9,0.2,5.5,8.7,15.0,0.19,5.5,6.82,15.0,0.19,5.5,6.82,15.0,0,0,0,0,1,2
9120,17.0,2011,12.0,26.0,1843.0,3102.0,1,0.16,8.0,7.0,3.0,0.16,8.0,7.0,3.0,0.16,8.0,7.0,3.0,0,0,0,0,0,2
9121,5.0,2010,9.0,5.0,810.0,1317.0,3,0.43,5.45,7.0,46.59712738403579,0.43,5.45,7.0,45.16023075111843,0.43,5.45,7.0,46.507829055804095,0,0,0,0,0,2
9122,20.0,2012,9.0,6.0,382.0,568.0,11,0.37,2.55,2.65,1.0,0.12,2.55,2.65,1.0,1.33,7.3,7.05,5.0,0,0,0,1,1,2
9123,6.0,2011,1.0,6.0,1844.0,530.0,1,0.17,6.0,5.6,13.0,0.17,6.0,5.6,13.0,0.09,6.0,7.5,13.0,0,0,0,0,0,2
9124,13.0,2001,1.0,4.0,395.0,1163.0,9,0.51,4.7,6.0,1.0,0.43,6.8,7.15,1.0,0.27,7.1,7.15,1.0,0,0,0,0,1,2
9125,6.0,2008,6.0,4.0,121.0,373.0,1,0.2,6.076557377049176,6.4289414021625335,50.52577025484975,0.54,6.1574189047785115,6.543221137077076,48.40728413845569,0.54,6.202197418904775,6.585209277990916,49.56694560669456,1,0,0,0,0,2
9126,13.0,1997,4.0,4.0,520.0,3103.0,1,0.15,7.0,7.0,3.0,1.05,7.2,7.2,5.0,1.05,7.2,7.2,5.0,0,0,0,0,0,2
9127,1.0,2009,6.0,20.0,284.0,1116.0,11,0.46,6.67,7.32,18.0,0.5,5.8,6.43,81.5,0.66,6.8,7.05,22.0,0,0,0,0,0,2
9128,17.0,2007,4.0,134.0,269.0,2311.0,1,0.04,6.3,5.8,6.0,0.33,6.3,8.15,14.0,0.33,6.3,8.15,14.0,0,0,0,0,0,2
9129,12.0,2000,9.0,54.0,1845.0,275.0,12,0.83,6.138392947103263,6.5070212306585455,45.98973224863755,0.83,6.227056495142138,6.610206549118421,45.805110180870386,0.21,6.255704210147533,6.64688952860742,47.015441118395074,0,0,0,0,0,2
9130,12.0,1999,3.0,36.0,130.0,3104.0,1,0.13,7.0,7.0,1.0,1.32,7.6,7.6,12.0,0.1,7.6,7.6,27.0,1,0,0,0,0,2
9131,12.0,1999,1.0,29.0,91.0,3105.0,1,0.24,1.0,5.3,3.0,0.24,1.0,5.3,3.0,0.24,1.0,5.3,3.0,0,0,0,0,0,2
9132,19.0,2002,4.0,19.0,448.0,3106.0,11,0.1,5.8,7.1,45.226486486486486,0.31,5.9,7.7,38.287837837837834,0.31,5.9,7.7,43.71081081081081,1,0,0,0,0,2
9133,12.0,1998,9.0,14.0,1846.0,3107.0,1,0.23,6.0160609318996405,6.403268817204285,46.05333068992863,0.23,6.099759856630821,6.523605734767007,42.11122125297383,0.23,6.1246594982078815,6.541229390680994,45.49722442505948,0,0,0,0,0,2
9134,13.0,1999,4.0,252.0,1379.0,3108.0,1,0.11,4.3,4.3,3.0,0.02,4.3,4.3,3.0,0.02,4.3,4.3,3.0,0,0,0,0,0,2
9135,23.0,2013,10.0,20.0,175.0,541.0,1,0.14,2.4,3.2,117.0,0.76,7.75,7.7,117.0,0.76,7.75,7.7,117.0,0,0,0,0,0,2
9136,7.0,2008,10.0,13.0,1279.0,1973.0,1,0.64,6.9,7.2,73.5,0.12,6.9,7.2,73.5,0.17,6.9,8.6,7.0,0,0,0,0,0,2
9137,4.0,2010,6.0,11.0,1847.0,3109.0,1,0.18,5.4,5.35,6.0,0.18,5.4,5.35,6.0,0.18,5.4,5.35,6.0,0,0,0,0,0,2
9138,7.0,2002,7.0,8.0,162.0,3110.0,4,0.59,7.15,5.55,5.0,0.59,7.15,5.55,5.0,0.59,7.15,5.55,5.0,0,0,0,0,0,2
9139,5.0,2010,1.0,36.0,1541.0,612.0,1,0.05,8.45,7.95,76.0,0.2,8.45,7.95,76.0,0.17,8.45,7.95,76.0,0,0,0,0,0,2
9140,13.0,1995,7.0,4.0,365.0,3111.0,1,0.16,6.105477410782085,6.471694191344031,46.30825496342738,0.16,6.192767653758562,6.565149962034973,45.062225705329155,0.16,6.223125474563416,6.604986712224803,46.031556948798325,0,0,0,0,0,2
9141,19.0,2006,11.0,29.0,284.0,2923.0,7,0.07,6.76,7.8,2.0,0.02,5.6,7.7,2.0,0.02,5.6,7.7,2.0,0,0,0,0,0,2
9142,22.0,2000,10.0,31.0,538.0,395.0,1,0.23,6.080184531886015,6.4249240162822545,49.17336199229173,0.19,6.164715061058349,6.539900949796512,47.802772013044766,0.19,6.208497964721839,6.582871099050231,49.20360213459828,1,0,0,0,0,2
9143,1.0,2009,1.0,158.0,853.0,3112.0,11,0.09,5.945329457364344,6.3206201550387675,32.76409185803758,0.09,6.042635658914737,6.440271317829467,23.798538622129435,0.09,6.047189922480624,6.441937984496127,28.856993736951985,0,0,0,0,0,2
9144,13.0,1997,1.0,52.0,448.0,378.0,1,0.19,7.8,7.8,5.0,0.07,7.8,7.8,5.0,0.7,7.8,7.8,5.0,0,0,0,0,0,2
9145,7.0,2002,11.0,4.0,535.0,3113.0,6,0.31,5.9,7.7,9.0,1.02,5.9,4.9,9.0,0.12,5.9,6.9,38.0,1,0,0,0,0,2
9146,5.0,2009,8.0,6.0,1848.0,2067.0,9,0.19,7.2,7.7,8.5,0.19,7.2,7.7,8.5,0.02,7.2,7.7,8.5,0,0,0,0,0,2
9147,13.0,1997,2.0,196.0,1849.0,3114.0,1,0.05,5.0,5.0,1.0,0.05,5.0,5.0,1.0,0.05,5.0,5.0,1.0,0,0,0,0,0,2
9148,17.0,2011,9.0,59.0,1850.0,3115.0,1,0.22,6.0,8.28,6.0,0.22,6.0,8.28,6.0,0.22,6.0,8.28,6.0,1,0,0,1,0,2
9149,6.0,2011,5.0,54.0,474.0,1754.0,11,0.18,4.8,6.95,1.0,0.14,7.8,8.0,3.0,0.14,7.8,8.0,3.0,0,1,0,0,0,2
9150,4.0,2007,3.0,5.0,548.0,1121.0,5,0.18,4.98,6.55,2.0,0.24,3.5,6.4,5.0,0.2,3.9,5.78,7.0,0,0,0,0,0,2
9151,4.0,2005,9.0,24.0,187.0,1757.0,4,0.02,4.6,4.75,7.0,0.42,5.1,6.5,1.0,0.42,5.1,6.5,1.0,0,0,0,0,1,2
9152,9.0,2002,9.0,13.0,51.0,763.0,1,1.29,6.050969223702346,6.468989435002288,43.711032388663966,1.29,6.146789159393657,6.595062011943035,37.134362348178136,1.29,6.180679834634819,6.631194304088199,42.425607287449395,0,0,1,0,0,2
9153,14.0,2004,10.0,11.0,694.0,1039.0,11,0.22,6.6,6.4,5.0,0.71,6.15,6.4,5.0,0.28,5.3,6.4,5.0,0,0,0,0,0,2
9154,10.0,2012,9.0,5.0,399.0,88.0,10,0.39,6.83,6.5,7.5,0.3,6.35,3.85,186.0,1.09,6.73,6.5,21.5,1,0,0,0,1,2
9155,5.0,2006,9.0,24.0,80.0,2874.0,11,0.04,6.43,7.37,25.0,0.2,6.37,6.8,17.0,0.2,6.37,6.8,17.0,0,0,0,0,0,2
9156,7.0,2002,3.0,11.0,560.0,3104.0,3,0.19,7.03,7.65,3.0,0.16,7.03,7.65,3.0,0.1,7.03,7.6,27.0,1,0,0,0,0,2
9157,13.0,1999,11.0,142.0,1851.0,3116.0,1,0.39,5.5,5.5,4.0,0.39,5.5,5.5,4.0,0.39,5.5,5.5,4.0,0,0,0,0,0,2
9158,9.0,2003,9.0,73.0,1852.0,3117.0,1,0.01,6.1,7.0,47.685338686698614,0.01,6.1,7.0,46.47707550835384,0.01,6.1,7.0,47.855459137417434,0,0,0,0,0,2
9159,24.0,1997,11.0,334.0,1853.0,3118.0,1,0.0,0.0,0.0,0.0,0.0,0.0,0.0,0.0,0.0,0.0,0.0,0.0,0,0,0,0,0,2
9160,1.0,2009,4.0,71.0,1456.0,2325.0,9,0.1,7.2,6.3,48.85785172212493,0.04,7.2,6.3,47.55465557501459,0.23,5.0,5.8,48.898423817863396,0,0,0,0,0,2
9161,5.0,2010,6.0,2.0,652.0,954.0,1,5.51,8.6,8.1,104.0,0.05,8.6,8.1,104.0,0.05,8.6,8.1,104.0,0,0,0,0,0,2
9162,10.0,2015,9.0,13.0,1854.0,73.0,1,0.3,7.0,7.3,151.0,0.3,7.0,7.3,151.0,3.89,7.8,8.2,47.0,1,1,0,0,0,2
9163,13.0,1996,1.0,31.0,656.0,3119.0,1,0.16,6.074598214285714,6.518080357142857,51.629901960784316,0.16,6.105133928571427,6.627678571428572,32.81127450980392,0.16,6.240669642857141,6.645223214285716,43.85294117647059,0,0,0,0,0,2
9164,9.0,2005,2.0,33.0,111.0,3120.0,10,0.65,6.0,8.5,33.0,1.07,6.75,7.2,33.0,1.07,6.75,7.2,33.0,0,0,0,0,0,2
9165,4.0,2005,1.0,15.0,87.0,1539.0,1,0.18,6.0,7.1,15.0,0.45,6.0,7.1,15.0,0.26,6.0,7.1,15.0,0,0,1,0,0,2
9166,14.0,2005,12.0,3.0,328.0,2594.0,7,3.66,6.37,7.75,8.0,3.66,6.37,7.75,8.0,3.66,6.37,7.75,8.0,0,0,0,0,0,2
9167,14.0,2002,11.0,335.0,721.0,3121.0,7,0.03,5.0,6.17,38.5,0.06,5.25,6.17,38.5,0.06,5.25,6.17,38.5,0,0,0,0,0,2
9168,13.0,1996,1.0,15.0,791.0,1747.0,1,0.19,6.074598214285714,6.518080357142857,51.629901960784316,0.28,6.105133928571427,6.627678571428572,32.81127450980392,0.28,6.240669642857141,6.645223214285716,43.85294117647059,0,0,0,0,0,2
9169,6.0,2014,1.0,15.0,1271.0,2069.0,1,0.11,6.97,5.85,72.5,0.11,6.97,5.85,72.5,0.2,6.97,9.0,1.0,0,0,0,0,0,2
9170,14.0,2003,9.0,13.0,51.0,269.0,9,0.03,4.9,7.1,56.0,0.03,4.9,7.1,56.0,2.41,5.5,7.1,56.0,1,0,1,0,0,2
9171,4.0,2008,9.0,52.0,1855.0,3122.0,5,0.53,6.55,7.35,35.0,0.03,6.55,7.35,35.0,0.02,7.5,7.85,68.5,1,0,0,0,0,2
9172,4.0,2011,6.0,5.0,396.0,3123.0,11,0.17,5.5,5.0,41.036795626576954,0.1,5.5,5.0,35.344407064760304,0.1,5.5,5.0,39.97560975609756,0,0,0,0,0,2
9173,19.0,2002,1.0,40.0,330.0,502.0,8,0.2,7.9,6.2,1.0,0.44,7.3,8.9,1.0,0.44,7.3,8.9,1.0,1,0,0,0,0,2
9174,27.0,1993,10.0,255.0,380.0,1850.0,1,0.0,0.0,0.0,0.0,0.39,5.0,0.0,0.0,0.39,5.0,0.0,0.0,0,0,0,0,0,2
9175,18.0,2014,11.0,179.0,590.0,942.0,1,0.16,9.0,8.2,428.0,0.16,9.0,8.2,428.0,0.16,9.0,8.2,428.0,0,0,0,0,0,2
9176,4.0,2006,6.0,12.0,1856.0,3124.0,10,5.72,5.85,5.85,8.0,5.72,5.85,5.85,8.0,5.72,5.85,5.85,8.0,0,0,0,0,0,2
9177,15.0,2012,7.0,3.0,381.0,1085.0,2,0.39,7.17,7.4,97.5,0.39,7.17,7.4,97.5,0.39,7.17,7.4,97.5,0,0,0,1,0,2
9178,5.0,2010,9.0,8.0,387.0,2192.0,11,0.26,6.2,7.8,44.246983408748115,0.26,6.2,7.8,32.7447209653092,0.26,6.2,7.8,36.71266968325792,0,0,1,0,0,2
9179,5.0,2011,6.0,15.0,968.0,1990.0,11,0.24,6.8,6.8,41.036795626576954,0.44,6.8,6.8,35.344407064760304,0.44,6.8,6.8,39.97560975609756,1,0,0,1,0,2
9180,13.0,2001,2.0,54.0,1857.0,3125.0,1,1.84,7.0,7.5,2.0,1.84,7.0,7.5,2.0,1.84,7.0,7.5,2.0,0,0,0,0,0,2
9181,1.0,2011,9.0,8.0,243.0,2651.0,1,0.19,5.0,6.0,1.0,0.1,5.62,5.65,7.0,0.1,5.62,5.65,7.0,0,0,0,0,0,2
9182,14.0,2005,2.0,33.0,249.0,1064.0,10,0.27,6.7,8.5,46.396146867328426,0.65,6.0,8.5,45.01510299925285,0.65,6.0,8.5,45.991941509232575,0,0,0,0,0,2
9183,6.0,2010,6.0,54.0,1858.0,3126.0,10,0.04,6.057083503054985,6.415594704684301,49.885309852875615,0.04,6.142910386965374,6.540040733197534,48.07779759251003,0.04,6.1904786150712745,6.577492871690405,49.565425769059296,0,0,0,1,0,2
9184,20.0,2012,9.0,5.0,243.0,624.0,1,0.17,3.95,6.1,1.0,0.1,3.95,6.1,1.0,0.29,3.95,6.1,1.0,0,0,0,0,0,2
9185,13.0,1995,8.0,19.0,579.0,3127.0,1,0.34,8.2,8.2,11.0,0.34,8.2,8.2,11.0,0.34,8.2,8.2,11.0,0,0,0,0,0,2
9186,5.0,2011,11.0,6.0,19.0,3128.0,10,0.2,6.3,6.3,46.89055793991416,0.25,6.3,6.3,45.688006676204104,0.25,6.3,6.3,48.2448736289938,0,0,1,0,0,2
9187,1.0,2007,1.0,15.0,87.0,3129.0,1,0.3,6.099566138746374,6.4607807271916755,47.55820785897907,0.31,6.186688601383021,6.564681017176054,46.14738646101114,0.31,6.2206457729199345,6.6001962971225066,47.53813196229649,0,0,1,0,0,2
9188,23.0,2012,10.0,4.0,648.0,3130.0,3,0.55,6.05,6.35,22.0,0.3,6.05,5.75,1.0,0.3,6.05,5.75,1.0,0,0,0,0,1,2
9189,6.0,2012,9.0,118.0,253.0,320.0,2,0.11,6.0,7.0,9.0,0.11,6.0,7.0,9.0,0.06,6.0,7.0,9.0,1,0,0,1,1,2
9191,4.0,2011,3.0,59.0,1115.0,427.0,10,0.19,6.43,6.92,13.5,0.14,3.65,5.3,3.0,0.18,5.55,6.4,1.0,0,0,0,0,0,2
9192,6.0,2007,1.0,3.0,102.0,1798.0,11,0.18,8.1,7.1,46.33063646170442,0.35,6.6,7.1,44.32092772384035,0.35,6.6,7.1,47.683791801510246,0,0,1,0,0,2
9193,13.0,1996,5.0,19.0,51.0,3131.0,11,5.05,9.1,9.1,28.0,0.17,8.5,8.28,28.0,0.17,8.5,8.28,28.0,0,0,1,0,0,2
9194,4.0,2008,12.0,85.0,1859.0,3132.0,10,0.03,6.5,5.5,2.0,0.03,6.5,5.5,2.0,0.03,6.5,5.5,2.0,0,0,0,0,0,2
9195,9.0,2002,9.0,29.0,1325.0,3133.0,11,0.2,5.4,6.0,1.0,0.01,5.4,6.0,1.0,0.01,5.4,6.0,1.0,0,0,0,0,0,2
9196,19.0,2002,10.0,26.0,202.0,3134.0,1,0.19,6.050969223702346,6.468989435002288,43.711032388663966,1.46,6.146789159393657,6.595062011943035,37.134362348178136,1.46,6.180679834634819,6.631194304088199,42.425607287449395,1,0,0,0,0,2
9197,17.0,2007,6.0,60.0,317.0,3135.0,2,1.68,5.65,7.85,3.0,0.23,6.65,7.85,3.0,0.23,6.65,7.85,3.0,0,0,0,0,0,2
9198,7.0,2001,6.0,336.0,504.0,3136.0,1,0.0,0.0,0.0,0.0,1.07,0.0,0.0,0.0,1.07,0.0,0.0,0.0,0,0,0,0,0,2
9199,13.0,1999,11.0,337.0,1860.0,3137.0,1,0.0,0.0,0.0,0.0,0.0,0.0,0.0,0.0,0.0,0.0,0.0,0.0,0,0,0,0,0,2
9200,17.0,2007,4.0,12.0,768.0,1090.0,3,0.04,5.0,4.5,2.0,0.14,6.45,6.95,13.0,0.12,7.0,7.4,34.0,0,0,0,0,0,2
9201,28.0,1995,11.0,249.0,1369.0,2239.0,1,0.0,0.0,0.0,0.0,0.0,0.0,0.0,0.0,0.0,0.0,0.0,0.0,0,0,0,0,0,2
9202,8.0,1998,2.0,13.0,51.0,500.0,1,0.19,7.0,7.0,4.0,0.18,7.0,8.0,1.0,0.07,7.0,8.0,1.0,0,0,1,0,0,2
9203,6.0,2014,10.0,72.0,676.0,3138.0,1,0.57,8.3,7.25,40.0,0.03,8.3,6.05,1.0,0.03,8.3,6.05,1.0,1,0,0,1,0,2
9204,20.0,2012,1.0,3.0,102.0,126.0,10,0.6,8.47,8.18,115.5,3.0,7.93,7.87,77.5,2.48,8.0,8.08,109.0,1,0,1,1,1,2
9205,1.0,2009,6.0,5.0,321.0,2740.0,7,0.09,6.8,7.7,1.0,0.13,6.8,7.7,1.0,0.16,6.8,7.7,1.0,0,0,0,0,0,2
9206,4.0,2005,9.0,15.0,1288.0,277.0,1,0.15,7.4,7.4,5.0,0.15,7.4,7.4,5.0,0.16,9.0,9.0,1.0,0,0,0,1,0,2
9207,1.0,2010,6.0,8.0,256.0,3139.0,11,0.16,6.1,5.1,1.0,0.09,5.6,7.1,1.0,0.09,5.6,7.1,1.0,0,0,0,0,0,2
9208,15.0,2015,8.0,338.0,1861.0,3140.0,3,0.02,7.17,7.9,20.0,0.05,7.17,7.12,20.0,0.05,7.17,7.12,20.0,0,0,0,0,0,2
9209,17.0,2011,1.0,9.0,363.0,498.0,1,0.21,8.75,8.35,91.0,1.26,8.75,8.35,91.0,1.26,8.75,8.35,91.0,1,0,0,0,0,2
9210,17.0,2004,6.0,4.0,438.0,459.0,1,0.53,5.6,7.2,0.0,0.05,5.6,7.2,0.0,0.63,7.57,7.77,10.5,1,0,0,0,0,2
9211,19.0,2005,1.0,8.0,1862.0,31.0,1,0.26,8.4,8.3,72.0,0.26,8.4,8.3,72.0,0.14,7.4,7.75,23.0,1,1,0,0,0,2
9212,19.0,2002,3.0,6.0,19.0,194.0,9,0.08,6.7,5.95,1.0,0.41,5.45,5.95,1.0,0.5,8.2,8.0,323.0,1,0,1,0,1,2
9213,17.0,2006,6.0,4.0,1863.0,363.0,7,0.08,5.1,9.3,3.0,0.08,5.1,9.3,3.0,0.66,5.1,9.3,3.0,0,0,0,0,0,2
9214,19.0,2002,3.0,24.0,204.0,1930.0,9,0.44,7.27,7.62,23.0,0.24,5.45,5.7,23.0,0.32,6.13,7.07,10.5,0,0,0,0,1,2
9215,6.0,2009,9.0,85.0,703.0,3101.0,5,0.57,6.85,7.5,39.0,0.03,6.85,7.5,39.0,0.14,4.75,5.15,9.0,1,0,0,0,0,2
9216,7.0,2006,1.0,26.0,1289.0,2096.0,1,0.15,6.057909446618223,6.454225824482941,48.764652014652015,0.15,6.140609278926769,6.574768026830625,40.60225885225885,0.25,6.179580771380661,6.604046953605371,45.93101343101343,0,0,0,0,0,2
9217,5.0,2006,7.0,5.0,1560.0,2985.0,11,0.24,6.13,5.4,22.0,0.24,6.13,5.4,22.0,0.24,6.13,5.4,22.0,0,0,0,0,0,2
9218,17.0,2010,4.0,134.0,819.0,3141.0,1,0.25,7.65,7.85,39.0,0.25,7.65,7.85,39.0,0.25,7.65,7.85,39.0,0,0,0,0,0,2
9219,13.0,1995,9.0,4.0,40.0,3142.0,1,0.15,8.0,8.0,1.0,0.24,8.0,8.0,1.0,0.24,8.0,8.0,1.0,0,0,1,0,0,2
9220,4.0,2011,5.0,9.0,478.0,690.0,1,0.2,8.0,8.0,4.0,0.2,8.0,8.0,4.0,0.05,5.0,5.0,1.0,1,0,0,0,0,2
9221,10.0,2015,1.0,26.0,242.0,301.0,1,0.17,6.0,6.8,13.0,0.17,6.0,6.8,13.0,0.5,6.0,6.8,13.0,1,0,0,0,0,2
9222,17.0,2006,5.0,12.0,61.0,3143.0,4,0.01,6.0,7.45,16.5,0.08,7.07,7.45,16.5,0.08,7.07,7.45,16.5,0,0,0,0,0,2
9223,4.0,2010,5.0,119.0,626.0,914.0,6,0.07,5.3,8.0,49.04950405770965,0.13,5.3,2.5,47.05843101893598,0.83,5.3,2.5,48.10054102795311,1,0,0,0,0,2
9224,9.0,2002,4.0,11.0,1864.0,3144.0,9,0.18,8.27,8.07,41.5,0.18,8.27,8.07,41.5,0.18,8.27,8.07,41.5,1,0,0,0,0,2
9225,4.0,2009,8.0,8.0,31.0,804.0,3,0.27,5.5,6.0,6.5,0.32,4.77,4.33,9.5,0.41,4.0,5.62,3.5,0,0,0,0,0,2
9226,1.0,2010,6.0,6.0,625.0,3145.0,11,0.17,6.039757952973729,6.421583679114796,44.246983408748115,0.09,6.120172890733055,6.541791147994463,32.7447209653092,0.09,6.1493775933609935,6.577461964038736,36.71266968325792,0,0,0,0,0,2
9227,4.0,2007,6.0,213.0,1255.0,2028.0,12,0.0,0.0,0.0,0.0,0.29,4.5,6.0,7.0,0.29,4.5,6.0,7.0,0,0,0,0,0,2
9228,15.0,2016,9.0,6.0,62.0,118.0,2,2.13,7.53,6.7,118.5,2.13,7.53,6.7,118.5,2.13,7.53,6.7,118.5,1,1,1,0,0,2
9229,5.0,2011,5.0,54.0,474.0,1754.0,10,0.02,5.5,7.5,1.0,0.19,7.25,7.5,25.0,0.02,4.0,5.5,2.0,0,1,0,0,0,2
9230,4.0,2005,3.0,8.0,45.0,43.0,11,0.2,6.5,5.65,19.0,0.26,6.75,7.73,54.0,0.27,6.0,6.93,78.0,1,1,1,1,0,2
9231,15.0,2010,9.0,13.0,368.0,325.0,8,1.5,7.63,7.12,238.5,1.5,7.63,7.12,238.5,1.5,7.63,7.12,238.5,1,0,0,1,0,2
9232,5.0,2011,6.0,3.0,96.0,3146.0,11,0.48,5.0,8.0,41.036795626576954,0.61,5.0,4.5,35.344407064760304,0.61,5.0,4.5,39.97560975609756,0,0,0,0,0,2
9233,1.0,2006,9.0,40.0,284.0,1946.0,11,0.25,5.55,7.8,2.5,0.25,5.55,5.8,2.5,0.25,5.55,5.8,2.5,0,0,0,0,1,2
9234,13.0,1995,7.0,29.0,743.0,3147.0,1,0.49,8.5,7.65,14.0,0.65,8.5,7.0,32.0,0.65,8.5,7.0,32.0,0,0,0,0,0,2
9235,24.0,1995,3.0,9.0,766.0,1288.0,1,0.19,7.0,7.3,3.0,0.4,7.0,7.7,9.0,0.55,7.0,7.8,72.0,1,0,1,0,1,2
9236,1.0,2008,1.0,3.0,373.0,1028.0,3,1.07,7.83,8.23,197.5,0.61,7.0,5.9,197.5,0.31,6.7,5.6,197.5,0,0,0,0,0,2
9237,14.0,2002,10.0,13.0,51.0,986.0,1,0.24,8.15,8.1,87.0,0.24,8.15,8.1,87.0,0.24,8.15,8.1,87.0,1,0,1,0,0,2
9238,7.0,2006,10.0,9.0,380.0,523.0,1,0.23,5.0,6.0,1.0,0.03,7.6,7.0,1.0,0.1,4.0,6.5,20.0,0,0,0,0,0,2
9239,11.0,2015,9.0,152.0,676.0,1240.0,6,0.08,8.9,8.28,17.5,0.08,7.75,5.6,13.0,0.29,7.9,7.9,4.0,1,0,0,0,0,2
9240,6.0,2008,11.0,11.0,662.0,1409.0,11,0.31,6.3,6.6,1.0,0.01,4.17,6.55,38.5,0.01,4.17,6.55,38.5,1,0,0,0,0,2
9241,6.0,2009,7.0,7.0,315.0,3148.0,11,0.63,5.83,6.15,71.5,0.08,3.33,3.53,9.0,0.08,3.33,3.53,9.0,0,0,0,0,0,2
9242,6.0,2014,6.0,16.0,121.0,373.0,10,0.75,8.7,8.45,128.0,0.46,6.0,6.0,1.0,0.21,3.0,6.0,1.0,0,0,0,0,0,2
9243,6.0,2010,6.0,42.0,1140.0,1852.0,1,0.02,6.6,7.05,16.0,0.09,5.3,7.05,16.0,0.09,5.3,7.05,16.0,0,0,0,0,0,2
9244,9.0,2004,9.0,339.0,195.0,3149.0,11,0.05,4.0,6.7,5.0,0.11,4.9,6.7,5.0,0.11,4.9,6.7,5.0,0,0,0,1,0,2
9245,5.0,2007,9.0,29.0,120.0,1386.0,11,0.33,6.07,7.42,23.0,0.62,2.0,4.9,23.0,0.34,4.7,5.75,2.0,0,0,0,0,0,2
9246,4.0,2010,11.0,90.0,473.0,3150.0,10,0.16,5.0,5.35,76.0,0.07,5.3,5.35,76.0,0.07,5.3,5.35,76.0,0,0,0,0,0,2
9247,4.0,2007,8.0,29.0,875.0,1131.0,8,0.25,7.1,7.45,8.5,0.25,7.1,7.45,8.5,0.64,7.1,8.0,8.5,0,0,0,0,0,2
9248,4.0,2009,9.0,8.0,237.0,1311.0,8,0.14,4.0,4.0,1.0,2.27,7.5,7.9,75.0,0.14,4.0,4.0,1.0,0,0,0,0,0,2
9249,23.0,2013,1.0,9.0,363.0,498.0,1,0.22,8.13,7.5,4.0,1.51,8.13,7.78,86.0,1.51,8.13,7.78,86.0,1,0,0,0,0,2
9250,10.0,2011,6.0,71.0,1865.0,3151.0,9,0.06,6.067762359063304,6.406916738941901,49.94059640265068,0.06,6.146775079502746,6.521676785198052,48.186573051435786,0.06,6.193820468343437,6.562677074298944,49.52627011675607,0,0,0,0,0,2
9251,23.0,2011,5.0,26.0,323.0,1019.0,2,0.3,4.3,5.75,11.0,0.01,4.3,5.75,11.0,0.32,6.43,6.92,24.0,0,0,0,0,1,2
9252,5.0,2006,3.0,29.0,460.0,1686.0,6,0.25,5.5,6.62,8.5,0.3,5.9,6.62,8.5,0.1,8.35,6.75,3.0,0,0,0,0,1,2
9253,13.0,1998,12.0,49.0,1866.0,3152.0,1,1.01,8.6,8.6,46.05333068992863,1.01,8.6,8.6,42.11122125297383,1.01,8.6,8.6,45.49722442505948,0,0,0,0,0,2
9254,4.0,2009,4.0,9.0,1545.0,2565.0,1,0.26,7.0,7.0,5.0,0.26,7.0,7.0,5.0,0.26,7.0,7.0,5.0,0,0,0,0,0,2
9255,1.0,2008,8.0,272.0,1867.0,3153.0,11,0.04,4.15,2.5,0.0,0.03,6.97,6.03,10.0,0.03,6.97,6.03,10.0,0,0,0,0,0,2
9256,9.0,2002,3.0,135.0,1661.0,488.0,1,0.18,7.0,7.0,1.0,0.01,7.0,7.0,1.0,0.18,7.0,7.0,1.0,0,0,0,0,0,2
9257,1.0,2009,5.0,198.0,321.0,3154.0,9,0.02,8.0,8.0,2.0,0.58,8.0,8.0,2.0,0.58,8.0,8.0,2.0,0,0,0,0,0,2
9258,17.0,2006,12.0,15.0,87.0,277.0,11,0.02,5.1,7.8,3.0,0.07,6.7,7.8,3.0,0.05,6.7,6.0,3.0,0,0,1,1,0,2
9259,4.0,2008,6.0,6.0,19.0,3155.0,6,0.84,6.086907766358775,6.433157278522222,48.31761945392491,0.07,6.17208403798622,6.546401717184907,47.04635949943117,0.07,6.213763496812796,6.587383894887506,48.42512798634812,0,0,1,0,0,2
9260,4.0,2009,5.0,340.0,1868.0,3156.0,12,0.02,6.108570816186554,6.4735210905350415,45.496519612454144,0.09,6.194410150891657,6.572713477366295,44.671996989935096,0.09,6.223702846364916,6.612706618655714,45.642884018436646,0,0,0,0,0,2
9261,1.0,2008,3.0,6.0,266.0,3157.0,1,0.33,6.45,6.1,5.0,0.08,6.45,6.1,5.0,0.08,6.45,6.1,5.0,0,0,0,0,0,2
9262,4.0,2006,5.0,1.0,1362.0,3158.0,6,1.61,4.65,5.55,15.0,0.07,4.65,7.8,5.0,0.07,4.65,7.8,5.0,0,0,0,0,0,2
9263,7.0,2006,1.0,15.0,87.0,102.0,1,0.15,6.0,6.0,1.0,0.15,6.0,6.0,1.0,1.0,6.0,6.0,1.0,0,0,1,0,0,2
9264,7.0,2004,1.0,8.0,45.0,31.0,5,1.48,7.83,8.5,14.0,0.07,7.65,6.35,20.0,0.07,7.65,6.35,20.0,0,0,1,0,0,2
9265,9.0,2003,3.0,29.0,120.0,747.0,2,0.42,4.75,6.45,2.0,0.41,4.0,5.4,2.0,0.11,5.5,7.0,2.0,0,0,0,0,0,2
9266,23.0,2014,1.0,145.0,571.0,836.0,4,0.39,8.1,6.85,1.0,0.13,7.75,8.0,3.5,0.2,7.6,8.85,2.0,0,0,0,0,0,2
9267,15.0,2010,4.0,8.0,154.0,251.0,3,0.71,8.4,8.02,563.0,0.47,7.0,7.68,178.0,0.47,7.0,7.68,178.0,1,0,0,0,0,2
9268,5.0,2009,6.0,20.0,284.0,1116.0,11,0.42,6.5,7.08,15.0,0.27,3.95,7.08,15.0,0.27,3.95,7.08,15.0,0,0,0,0,0,2
9269,14.0,2003,1.0,31.0,421.0,339.0,9,0.28,5.75,6.6,2.0,0.06,7.1,7.3,2.0,0.11,4.9,7.3,2.0,1,0,0,1,1,2
9270,6.0,2014,4.0,9.0,1534.0,246.0,1,0.19,5.0,7.5,2.0,0.2,5.0,7.5,2.0,2.6,5.0,7.5,2.0,1,0,0,0,0,2
9271,7.0,2001,1.0,4.0,299.0,745.0,2,0.2,5.7,4.0,46.09300044583148,0.2,5.7,4.0,45.315292019616585,0.2,5.7,4.0,46.52278198840838,0,0,0,0,1,2
9272,13.0,1997,6.0,4.0,1869.0,3159.0,1,0.14,6.042070079121586,6.394020668496688,49.29562687356727,0.14,6.127673179396085,6.510931697077347,47.72615059072474,0.14,6.172315517519764,6.551114161149683,49.20948686298713,0,0,0,0,0,2
9273,4.0,2010,1.0,42.0,1870.0,3160.0,6,0.02,8.0,6.7,25.0,0.02,8.0,6.7,25.0,0.02,8.0,6.7,25.0,0,0,0,0,0,2
9274,1.0,2008,8.0,35.0,1518.0,3161.0,4,0.06,7.0,7.0,1.0,0.06,7.0,7.0,1.0,0.06,7.0,7.0,1.0,0,0,0,0,0,2
9275,14.0,2003,3.0,11.0,1040.0,3162.0,2,0.03,6.77,7.58,4.5,0.03,6.77,7.58,4.5,0.03,6.77,7.58,4.5,0,0,0,0,0,2
9276,4.0,2010,12.0,26.0,1871.0,3163.0,1,0.15,6.036517973148549,6.446041576440007,42.41893830703013,0.15,6.13182763100909,6.5621524469467225,36.190578670492584,0.15,6.158211346903418,6.59756604590732,41.083213773314206,0,0,0,0,0,2
9277,9.0,2002,9.0,6.0,705.0,76.0,11,3.02,9.15,8.3,190.0,0.11,5.8,7.25,16.0,0.41,5.8,7.7,55.0,1,1,1,1,1,2
9278,7.0,2001,7.0,4.0,1034.0,3164.0,11,0.31,5.2,6.5,49.86247139588101,0.31,5.2,6.5,48.43188405797101,0.31,5.2,6.5,49.87780320366133,0,0,0,0,0,2
9279,1.0,2006,5.0,1.0,29.0,3165.0,3,0.78,7.75,7.35,83.0,0.47,5.95,6.95,14.0,0.47,5.95,6.95,14.0,0,0,0,0,1,2
9280,4.0,2006,2.0,6.0,138.0,422.0,9,0.19,6.63,7.12,38.5,0.06,5.4,3.6,38.5,0.06,5.4,4.0,38.5,0,0,1,0,0,2
9281,13.0,1998,10.0,19.0,676.0,1799.0,1,0.26,8.3,8.3,11.0,0.26,8.3,8.3,11.0,0.26,8.3,8.3,11.0,1,0,0,0,0,2
9282,15.0,2015,7.0,8.0,257.0,42.0,3,0.49,6.75,6.07,34.5,0.49,6.75,6.07,34.5,0.49,6.75,6.07,34.5,1,1,0,0,0,2
9283,20.0,2012,9.0,20.0,1872.0,3166.0,11,0.97,7.0,6.95,64.0,0.97,7.0,6.95,64.0,0.97,7.0,6.95,64.0,0,0,0,0,0,2
9284,5.0,2010,4.0,81.0,1416.0,2140.0,11,0.02,7.0,6.15,14.0,0.24,7.07,7.17,69.5,0.24,7.07,7.17,69.5,1,0,0,0,0,2
9285,17.0,2005,6.0,12.0,330.0,430.0,12,0.15,3.9,2.5,0.0,0.18,3.55,3.0,0.0,0.34,6.7,6.3,0.0,0,0,0,0,0,2
9286,13.0,2001,9.0,31.0,1179.0,1128.0,1,0.2,3.75,6.35,5.0,0.04,8.0,4.0,1.0,0.65,8.0,4.0,1.0,0,0,0,0,0,2
9287,13.0,1996,1.0,31.0,263.0,1896.0,1,0.14,6.074598214285714,6.518080357142857,51.629901960784316,0.19,6.105133928571427,6.627678571428572,32.81127450980392,0.19,6.240669642857141,6.645223214285716,43.85294117647059,1,0,0,0,0,2
9288,9.0,2005,2.0,33.0,1561.0,3167.0,9,0.46,7.6,8.0,1.0,0.2,7.6,2.0,1.0,0.2,7.6,2.0,1.0,0,0,0,0,0,2
9289,1.0,2011,7.0,5.0,321.0,3168.0,3,0.27,6.2,5.8,1.0,0.2,6.2,5.8,1.0,0.2,6.2,5.8,1.0,0,0,0,0,0,2
9290,4.0,2010,8.0,6.0,94.0,214.0,11,0.16,6.25,6.73,18.0,0.1,6.25,6.73,18.0,0.06,6.25,6.73,18.0,0,0,0,0,0,2
9291,18.0,2014,1.0,15.0,87.0,102.0,11,0.62,7.0,7.28,32.0,0.62,7.0,7.28,32.0,0.62,7.0,7.28,32.0,0,1,1,0,0,2
9292,15.0,2011,7.0,341.0,1873.0,3169.0,9,0.0,0.0,0.0,0.0,0.0,0.0,0.0,0.0,0.0,0.0,0.0,0.0,0,0,0,0,0,2
9293,19.0,2004,1.0,8.0,27.0,3170.0,9,0.26,7.77,7.85,3.0,0.45,7.22,8.2,9.0,0.45,7.22,8.2,9.0,0,0,1,1,1,2
9294,1.0,2011,6.0,29.0,1874.0,3171.0,11,0.19,5.25,5.25,6.0,0.19,5.25,5.25,6.0,0.19,5.25,5.25,6.0,0,0,0,0,0,2
9295,1.0,2010,7.0,6.0,83.0,356.0,11,0.14,4.45,6.65,3.0,0.15,4.45,6.65,3.0,1.04,7.7,7.2,41.0,1,0,0,1,0,2
9296,4.0,2008,9.0,5.0,82.0,151.0,10,0.18,6.05,6.8,11.0,3.48,6.05,6.85,11.0,0.67,5.47,6.4,67.0,0,0,1,0,0,2
9297,7.0,2002,1.0,22.0,1316.0,3172.0,1,0.27,6.2,4.5,4.0,0.09,8.5,8.45,4.0,0.09,8.5,8.45,4.0,0,0,0,0,0,2
9298,14.0,2004,1.0,9.0,1542.0,243.0,1,0.36,5.0,8.0,4.0,0.2,5.0,8.0,4.0,0.88,7.87,8.0,4.0,0,0,0,0,0,2
9299,1.0,2011,11.0,6.0,19.0,3128.0,10,0.16,5.5,2.7,5.0,0.2,5.5,6.3,5.0,0.2,5.5,6.3,5.0,0,0,1,0,0,2
9300,4.0,2009,1.0,5.0,513.0,2879.0,6,0.17,7.9,7.9,1.0,0.19,7.9,7.9,1.0,0.19,7.9,7.9,1.0,0,0,0,0,0,2
9301,14.0,2003,12.0,5.0,164.0,2592.0,10,1.27,7.75,7.8,17.0,0.26,6.7,7.8,17.0,0.26,6.7,7.8,17.0,0,0,0,0,0,2
9302,14.0,2002,10.0,31.0,421.0,987.0,5,0.77,7.2,8.2,2.5,0.12,4.8,5.5,2.0,0.76,4.67,6.55,3.5,0,0,0,0,0,2
9303,17.0,2011,4.0,26.0,1875.0,3173.0,1,0.15,7.3,7.3,9.0,0.15,7.3,7.3,9.0,0.11,7.3,7.3,9.0,0,0,0,0,0,2
9304,17.0,2012,9.0,229.0,1217.0,1972.0,1,0.0,0.0,0.0,0.0,0.06,0.0,5.0,1.0,0.16,0.0,5.0,1.0,0,0,0,0,0,2
9305,4.0,2008,1.0,29.0,120.0,3174.0,10,0.17,6.102638001824813,6.459495894160645,47.32791802049488,0.17,6.191270529197094,6.566937728102246,45.973319170207446,0.17,6.229014598540156,6.60431341240881,47.42195701074731,0,0,0,0,0,2
9306,4.0,2008,6.0,6.0,19.0,3175.0,8,1.72,7.5,7.5,46.06567270145545,0.84,7.5,7.5,45.24915690450834,0.84,7.5,7.5,46.436324103656375,0,0,1,0,0,2
9307,4.0,2009,6.0,6.0,19.0,3176.0,3,0.25,6.091280098280098,6.442550368550418,47.69869728713403,0.08,6.175740786240802,6.554272727272775,46.337630942788074,0.08,6.215514742014753,6.591929975430013,47.46736502820306,0,0,1,0,0,2
9308,6.0,2008,7.0,11.0,172.0,2226.0,11,0.26,3.9,5.67,38.5,0.25,3.4,4.93,20.0,0.25,3.4,4.93,20.0,0,0,0,0,0,2
9309,14.0,2003,3.0,40.0,210.0,441.0,11,0.43,7.4,4.6,1.0,1.46,7.6,5.1,1.0,0.2,7.1,8.0,1.0,0,0,0,0,0,2
9310,1.0,2010,6.0,6.0,730.0,1095.0,1,0.18,6.036517973148549,6.446041576440007,42.41893830703013,0.18,6.13182763100909,6.5621524469467225,36.190578670492584,0.18,6.158211346903418,6.59756604590732,41.083213773314206,0,0,0,0,0,2
9311,13.0,2001,1.0,53.0,805.0,1226.0,9,0.16,7.52,7.55,47.0,0.04,7.52,7.0,2.0,0.04,7.52,7.0,2.0,0,0,0,0,0,2
9312,7.0,2003,4.0,17.0,215.0,25.0,1,0.37,6.1012652384897565,6.454888152444128,47.685338686698614,0.05,6.1868883891584945,6.56346904959172,46.47707550835384,0.25,6.225610131376502,6.600911350455717,47.855459137417434,1,1,0,1,0,2
9313,9.0,2003,7.0,8.0,1876.0,151.0,3,0.25,8.1,8.2,30.0,0.25,8.1,8.2,30.0,0.82,6.4,7.4,30.0,0,0,0,0,0,2
9314,6.0,2010,12.0,49.0,524.0,1160.0,1,0.24,6.13,7.05,22.5,0.02,6.13,9.0,1.0,0.13,6.13,9.0,1.0,0,0,0,0,0,2
9315,10.0,2012,9.0,140.0,1322.0,2156.0,1,0.03,5.0,5.0,50.50295255548768,0.03,5.0,5.0,48.179596823457544,0.27,5.0,5.0,49.25208715129302,0,0,0,0,0,2
9316,13.0,1998,9.0,14.0,1846.0,3107.0,1,0.15,6.0160609318996405,6.403268817204285,46.05333068992863,0.15,6.099759856630821,6.523605734767007,42.11122125297383,0.15,6.1246594982078815,6.541229390680994,45.49722442505948,0,0,0,0,0,2
9317,13.0,2001,2.0,15.0,87.0,597.0,10,0.06,6.5,6.7,1.0,0.05,4.5,8.0,1.0,0.64,7.8,7.2,1.0,1,0,1,0,0,2
9318,7.0,2008,11.0,58.0,1774.0,2974.0,1,0.01,5.0,5.0,2.0,0.01,5.0,5.0,2.0,0.15,5.0,5.0,2.0,0,0,0,0,0,2
9319,1.0,2008,1.0,15.0,87.0,2962.0,7,6.03,8.7,8.35,373.0,0.54,6.9,7.8,373.0,0.54,6.9,7.8,373.0,0,0,1,0,0,2
9320,5.0,2007,1.0,3.0,373.0,1568.0,10,0.32,5.13,7.18,21.5,0.6,7.1,7.18,21.5,0.12,7.8,7.15,5.5,1,0,0,0,0,2
9321,1.0,2008,4.0,342.0,1558.0,3177.0,3,0.11,5.55,6.45,1.0,0.11,5.55,6.45,1.0,0.11,5.55,6.45,1.0,1,0,0,0,0,2
9322,9.0,2002,2.0,6.0,195.0,508.0,3,0.1,6.0,4.05,4.5,0.06,4.83,4.05,4.5,0.06,4.83,4.05,4.5,0,0,0,0,0,2
9323,1.0,2009,9.0,35.0,1713.0,2599.0,6,0.08,6.072216863165409,6.424708824580193,50.939571150097464,0.08,6.151868524473027,6.540253662022141,48.451559454191035,0.2,6.1993461950696656,6.582299035369757,49.943567251461985,0,0,0,0,0,2
9324,7.0,2004,9.0,15.0,280.0,3178.0,2,0.56,6.8,7.0,3.0,0.27,5.95,7.9,3.0,0.27,5.95,7.9,3.0,0,0,0,0,0,2
9325,1.0,2011,1.0,42.0,441.0,3179.0,11,2.29,6.7,7.05,359.0,0.02,6.7,5.0,1.0,0.02,6.7,5.0,1.0,0,0,0,0,0,2
9326,7.0,2005,6.0,59.0,1877.0,3180.0,1,0.55,5.941533923303834,6.313171091445431,50.56199677938808,0.55,6.055781710914458,6.470575221238942,37.569243156199676,0.55,6.052935103244841,6.466165191740415,43.750402576489535,0,0,0,0,0,2
9327,7.0,2004,6.0,222.0,1878.0,3181.0,8,0.02,7.0,7.7,3.0,0.02,7.0,7.7,3.0,0.02,7.0,7.7,3.0,0,0,0,0,0,2
9328,7.0,2006,9.0,58.0,1879.0,3182.0,1,0.18,6.057909446618223,6.454225824482941,48.764652014652015,0.18,6.140609278926769,6.574768026830625,40.60225885225885,0.18,6.179580771380661,6.604046953605371,45.93101343101343,0,0,0,0,0,2
9329,14.0,2002,9.0,5.0,1216.0,1970.0,9,0.31,4.7,5.47,8.0,0.31,4.7,5.47,8.0,0.31,4.7,5.47,8.0,0,0,0,0,0,2
9330,17.0,2012,4.0,15.0,1880.0,811.0,1,0.18,7.0,6.1,13.0,0.18,7.0,6.1,13.0,0.35,7.3,8.25,58.0,1,0,0,0,0,2
9331,9.0,2002,1.0,9.0,1074.0,3183.0,3,1.05,8.47,8.05,14.5,0.21,8.4,8.2,54.0,0.21,8.4,8.2,54.0,0,0,0,0,1,2
9332,7.0,2005,10.0,11.0,672.0,1207.0,1,0.35,8.0,8.0,2.0,0.2,8.0,8.0,2.0,0.32,8.0,8.0,2.0,0,0,0,0,0,2
9333,4.0,2005,6.0,11.0,1755.0,3184.0,3,0.21,4.8,6.8,1.0,0.16,5.0,3.0,1.0,0.16,5.0,3.0,1.0,0,0,0,0,1,2
9334,6.0,2008,1.0,3.0,102.0,1568.0,9,0.06,7.0,5.9,3.5,0.14,8.2,5.9,3.5,0.09,7.13,7.57,3.5,1,0,1,0,0,2
9335,7.0,2009,1.0,15.0,1271.0,2069.0,1,0.15,6.06531266560678,6.414785373608896,47.58155002891845,0.15,6.151277159512439,6.537713301536816,45.36119144013881,0.11,6.18789083200847,6.572859035506092,49.094852515905146,0,0,0,0,0,2
9336,4.0,2008,6.0,11.0,1881.0,3185.0,1,0.21,6.076557377049176,6.4289414021625335,50.52577025484975,0.21,6.1574189047785115,6.543221137077076,48.40728413845569,0.21,6.202197418904775,6.585209277990916,49.56694560669456,0,0,0,0,0,2
9337,4.0,2009,5.0,88.0,1273.0,3186.0,5,0.02,6.1,6.1,0.0,0.23,6.1,6.1,0.0,0.23,6.1,6.1,0.0,0,0,0,0,0,2
9338,10.0,2015,2.0,343.0,1882.0,3187.0,6,0.0,0.0,0.0,0.0,0.06,8.0,7.9,147.0,0.06,8.0,7.9,147.0,0,0,0,0,0,2
9339,23.0,2013,6.0,26.0,950.0,3188.0,1,0.19,5.3,6.75,5.0,0.01,5.3,6.75,5.0,0.01,5.3,6.75,5.0,0,0,0,0,0,2
9340,9.0,2005,6.0,88.0,1883.0,3189.0,8,0.11,5.2,5.2,41.584122203098104,0.11,5.2,5.2,35.80141996557659,0.11,5.2,5.2,40.565834767641995,0,0,0,0,0,2
9341,4.0,2010,4.0,132.0,206.0,3190.0,1,0.08,8.0,7.6,11.0,0.02,8.0,7.6,11.0,0.02,8.0,7.6,11.0,0,0,0,0,0,2
9342,10.0,2011,3.0,59.0,562.0,427.0,10,0.03,4.75,5.7,46.89055793991416,0.33,4.75,5.7,45.688006676204104,0.27,4.75,5.7,48.2448736289938,0,0,0,0,0,2
9343,13.0,1995,12.0,4.0,894.0,3191.0,1,0.14,6.105477410782085,6.471694191344031,46.30825496342738,0.14,6.192767653758562,6.565149962034973,45.062225705329155,0.14,6.223125474563416,6.604986712224803,46.031556948798325,0,0,0,0,0,2
9344,7.0,2005,8.0,7.0,1884.0,3192.0,1,0.19,5.941533923303834,6.313171091445431,50.56199677938808,0.19,6.055781710914458,6.470575221238942,37.569243156199676,0.19,6.052935103244841,6.466165191740415,43.750402576489535,0,0,0,0,0,2
9345,14.0,2004,2.0,29.0,249.0,689.0,10,0.18,4.9,7.8,2.0,0.46,4.75,3.0,2.0,0.46,4.75,3.0,2.0,0,0,0,0,0,2
9346,5.0,2011,10.0,12.0,1562.0,3193.0,10,0.08,4.7,6.1,11.0,0.04,3.8,1.7,11.0,0.04,3.8,1.7,11.0,0,0,0,0,0,2
9347,18.0,2015,9.0,5.0,163.0,2449.0,10,0.2,2.9,3.08,19.5,1.01,9.2,8.65,140.5,1.01,9.2,8.65,140.5,0,0,0,1,0,2
9348,15.0,2012,9.0,344.0,895.0,3194.0,10,0.0,0.0,0.0,0.0,0.51,6.5,7.05,59.0,0.51,6.5,7.05,59.0,0,0,0,0,0,2
9349,18.0,2015,9.0,13.0,338.0,201.0,1,0.19,7.87,6.85,172.5,0.44,7.87,6.85,172.5,0.44,7.87,6.85,172.5,0,0,0,1,0,2
9350,20.0,2012,9.0,5.0,1022.0,326.0,1,0.16,5.0,6.7,19.0,0.16,5.0,6.7,19.0,0.21,5.0,6.7,19.0,0,0,0,0,0,2
9351,7.0,2005,4.0,15.0,1217.0,2055.0,9,0.19,6.05,6.4,3.0,0.19,6.05,6.4,3.0,0.19,6.05,6.4,3.0,1,0,0,1,0,2
9352,4.0,2005,9.0,6.0,749.0,341.0,11,0.25,7.0,7.4,120.0,0.32,7.33,7.6,120.0,0.26,7.0,7.15,55.0,0,0,1,1,1,2
9353,4.0,2007,6.0,9.0,34.0,3195.0,2,0.01,5.5,5.0,0.5,1.05,4.03,5.37,100.0,1.05,4.03,5.37,100.0,0,0,1,0,0,2
9354,13.0,1997,4.0,15.0,1258.0,3196.0,1,0.19,6.042070079121586,6.394020668496688,49.29562687356727,0.19,6.127673179396085,6.510931697077347,47.72615059072474,0.19,6.172315517519764,6.551114161149683,49.20948686298713,0,0,0,0,0,2
9355,5.0,2006,10.0,15.0,87.0,1659.0,3,0.35,7.3,8.25,58.0,0.35,7.3,8.25,58.0,0.39,5.3,7.4,6.0,0,0,1,1,0,2
9356,1.0,2009,9.0,5.0,518.0,2740.0,5,0.35,6.5,8.05,22.5,0.41,4.3,7.1,22.5,0.18,4.3,6.8,22.5,0,0,0,0,0,2
9357,7.0,2007,6.0,4.0,299.0,373.0,11,0.03,5.25,7.5,0.0,1.44,6.15,6.7,3.0,1.44,6.15,6.7,3.0,1,0,0,0,0,2
9358,4.0,2010,9.0,5.0,94.0,543.0,1,0.15,6.03,7.0,23.0,0.35,6.03,7.0,23.0,0.15,6.03,7.0,23.0,0,0,0,0,0,2
9359,1.0,2009,4.0,134.0,819.0,3065.0,8,0.01,6.35,7.25,7.0,0.06,6.35,7.25,7.0,0.14,8.37,7.95,32.0,0,0,0,0,0,2
9360,4.0,2008,4.0,49.0,832.0,770.0,8,0.22,7.65,7.55,35.0,0.3,7.0,8.2,35.0,0.34,7.7,8.5,35.0,1,0,0,0,0,2
9361,13.0,2000,1.0,40.0,183.0,3197.0,1,0.59,8.0,6.8,18.0,0.42,8.0,7.5,2.0,0.42,8.0,7.5,2.0,0,0,0,0,0,2
9362,4.0,2011,6.0,26.0,1885.0,3198.0,1,0.14,6.107652813930537,6.467882595817321,45.77475613360922,0.14,6.194403554438579,6.56657391616556,44.85269484678293,0.04,6.2266573916165795,6.606709451575302,45.76973100798108,0,0,0,0,0,2
9363,7.0,2008,4.0,72.0,634.0,1243.0,5,0.05,7.1,6.0,1.0,0.09,7.2,5.95,7.0,0.09,7.2,5.95,7.0,0,0,0,0,0,2
9364,7.0,2008,1.0,3.0,102.0,1568.0,9,0.17,6.8,6.88,4.0,0.17,6.8,6.88,4.0,0.17,6.8,6.88,4.0,1,0,1,0,0,2
9365,5.0,2010,4.0,241.0,1886.0,3199.0,1,0.08,7.4,7.72,78.5,0.05,6.05,6.38,15.5,0.05,6.05,6.38,15.5,0,0,0,0,0,2
9366,4.0,2005,2.0,33.0,284.0,1115.0,11,0.2,5.6,5.7,4.0,0.09,5.0,7.6,4.0,0.66,7.7,8.0,4.0,0,0,0,0,0,2
9367,20.0,2012,7.0,5.0,287.0,151.0,1,0.14,3.0,5.8,5.0,0.36,3.0,5.8,5.0,0.36,3.0,5.8,5.0,0,0,0,0,0,2
9368,14.0,2003,9.0,196.0,1460.0,2405.0,10,0.11,1.75,5.15,1.0,0.23,6.3,7.75,5.5,0.23,6.3,7.75,5.5,0,0,0,0,0,2
9369,13.0,2001,1.0,40.0,131.0,2750.0,2,0.24,5.45,7.8,29.0,3.39,6.4,7.35,29.0,3.39,6.4,7.35,29.0,0,0,0,0,1,2
9370,14.0,2002,1.0,11.0,50.0,2667.0,11,0.28,5.3,7.65,3.0,0.19,7.03,7.65,3.0,0.19,7.03,7.65,3.0,0,0,0,0,1,2
9371,6.0,2015,1.0,345.0,332.0,3200.0,11,0.02,5.3,5.3,3.0,0.02,3.3,3.3,3.0,0.02,3.3,3.3,3.0,0,0,0,0,0,2
9372,7.0,2011,1.0,4.0,571.0,836.0,3,0.17,4.65,5.3,1.0,0.58,9.0,8.5,2.0,0.58,9.0,8.5,2.0,0,0,0,0,0,2
9373,13.0,1998,3.0,29.0,589.0,3201.0,1,0.21,6.0160609318996405,6.403268817204285,46.05333068992863,0.21,6.099759856630821,6.523605734767007,42.11122125297383,0.21,6.1246594982078815,6.541229390680994,45.49722442505948,0,0,0,0,0,2
9374,5.0,2008,7.0,5.0,1783.0,2985.0,1,0.16,5.0,6.1,15.0,0.15,5.0,6.1,15.0,0.06,2.75,4.05,5.0,0,0,0,0,0,2
9375,7.0,2001,9.0,78.0,997.0,894.0,3,0.07,5.0,5.0,4.0,0.17,5.0,5.0,4.0,0.1,5.0,5.0,4.0,1,0,0,0,0,2
9376,17.0,2008,6.0,6.0,19.0,530.0,10,0.16,7.3,7.3,47.32791802049488,0.2,7.3,7.3,45.973319170207446,0.12,7.3,7.3,47.42195701074731,0,0,1,0,0,2
9377,14.0,2004,6.0,6.0,19.0,1688.0,10,0.01,7.75,8.18,41.5,0.08,7.9,7.65,102.0,0.04,7.7,8.0,4.5,1,0,1,0,0,2
9378,4.0,2006,2.0,5.0,245.0,1319.0,10,0.39,6.93,7.17,17.0,0.09,5.75,6.95,28.0,0.27,4.9,6.95,28.0,0,0,0,0,0,2
9379,5.0,2007,3.0,49.0,524.0,3202.0,9,0.28,7.3,7.35,6.0,0.09,5.0,8.2,6.0,0.09,5.0,8.2,6.0,0,0,0,0,0,2
9380,14.0,2002,9.0,11.0,1274.0,1579.0,11,0.16,6.0,7.62,11.5,0.29,6.55,7.6,0.0,0.42,4.8,6.4,5.0,0,0,0,0,0,2
9381,17.0,2010,4.0,331.0,1887.0,3203.0,1,0.14,6.1,7.1,42.41893830703013,0.14,6.1,7.1,36.190578670492584,0.14,6.1,7.1,41.083213773314206,0,0,0,0,0,2
9382,1.0,2010,7.0,12.0,1518.0,1318.0,9,0.45,3.97,6.8,0.0,0.04,4.6,6.8,0.0,0.04,4.6,6.8,0.0,0,0,0,0,0,2
9383,13.0,2000,1.0,6.0,1888.0,3204.0,1,0.2,6.080184531886015,6.4249240162822545,49.17336199229173,0.2,6.164715061058349,6.539900949796512,47.802772013044766,0.2,6.208497964721839,6.582871099050231,49.20360213459828,0,0,0,0,0,2
9384,10.0,2014,11.0,5.0,377.0,110.0,11,4.31,7.5,6.25,96.5,0.27,7.5,5.0,1.0,0.27,7.5,5.0,1.0,0,0,0,0,0,2
9385,19.0,2002,1.0,8.0,27.0,651.0,9,0.27,8.4,7.0,15.0,0.31,8.5,7.0,15.0,1.2,8.57,8.3,15.0,1,0,1,0,0,2
9386,13.0,2000,11.0,22.0,390.0,3205.0,11,0.43,7.05,6.75,10.0,1.43,6.35,8.2,10.0,1.43,6.35,8.2,10.0,0,0,0,0,0,2
9387,6.0,2009,6.0,20.0,284.0,1116.0,11,0.14,5.4,6.2,10.0,0.14,5.4,6.2,10.0,0.14,5.4,6.2,10.0,0,0,0,0,0,2
9388,1.0,2009,8.0,85.0,664.0,973.0,11,0.03,5.9,6.85,12.5,0.77,5.9,6.85,12.5,0.34,5.9,6.85,12.5,0,0,0,0,0,2
9389,23.0,2015,9.0,15.0,1271.0,2069.0,1,0.07,7.4,6.4,49.5,0.07,7.4,6.4,49.5,0.07,7.4,6.4,49.5,0,0,0,0,0,2
9390,24.0,1997,12.0,9.0,375.0,3206.0,1,0.15,8.8,8.8,23.0,0.19,8.8,8.8,23.0,0.19,8.8,8.8,23.0,1,0,0,0,0,2
9391,17.0,2011,1.0,15.0,87.0,3207.0,1,0.18,6.107652813930537,6.467882595817321,45.77475613360922,0.2,6.194403554438579,6.56657391616556,44.85269484678293,0.2,6.2266573916165795,6.606709451575302,45.76973100798108,0,0,1,0,0,2
9392,17.0,2012,4.0,26.0,570.0,625.0,1,0.17,7.4,7.0,1.0,0.28,7.4,7.0,1.0,1.24,7.4,7.85,82.0,1,0,0,0,0,2
9393,9.0,2004,10.0,29.0,669.0,3208.0,10,0.15,5.88,7.2,5.0,0.33,5.5,7.7,5.0,0.33,5.5,7.7,5.0,0,0,0,0,0,2
9394,4.0,2006,9.0,9.0,1889.0,3209.0,1,0.16,6.057909446618223,6.454225824482941,48.764652014652015,0.16,6.140609278926769,6.574768026830625,40.60225885225885,0.16,6.179580771380661,6.604046953605371,45.93101343101343,0,0,0,0,0,2
9395,10.0,2015,9.0,26.0,744.0,939.0,1,0.15,7.5,7.5,4.0,0.15,7.5,7.5,4.0,0.19,7.5,7.5,4.0,0,0,0,0,0,2
9396,5.0,2012,10.0,72.0,676.0,1012.0,5,0.3,6.7,6.2,10.0,0.01,8.0,7.88,18.0,0.01,8.0,7.88,18.0,1,0,0,1,0,2
9397,14.0,2006,9.0,22.0,425.0,76.0,4,0.46,7.23,7.2,99.5,0.52,7.73,7.57,165.5,0.46,7.23,7.2,99.5,1,1,0,1,1,2
9398,13.0,1997,1.0,15.0,791.0,1911.0,1,0.16,8.0,8.0,28.0,0.49,8.0,8.0,28.0,0.32,4.0,4.0,3.0,0,0,0,0,0,2
9399,5.0,2008,9.0,29.0,1890.0,831.0,12,0.13,6.5,7.3,28.0,0.13,6.5,7.3,28.0,0.48,7.2,8.5,28.0,1,0,0,1,0,2
9400,7.0,2001,1.0,49.0,524.0,1336.0,1,0.32,7.2,8.3,47.903901046622266,0.32,7.2,8.3,46.559535136604595,0.15,7.2,8.3,47.730256898192195,0,0,0,0,0,2
9401,17.0,2006,9.0,6.0,62.0,184.0,12,0.19,6.3,4.77,5.0,0.06,6.2,6.85,127.0,0.09,6.63,7.4,85.5,0,0,1,0,0,2
9402,4.0,2010,11.0,288.0,1178.0,3210.0,9,0.09,6.0,6.35,1.0,0.32,6.0,6.35,1.0,0.03,6.0,6.35,1.0,0,0,0,0,0,2
9403,1.0,2009,1.0,29.0,642.0,938.0,10,0.21,4.53,7.75,2.0,0.8,4.53,5.2,2.0,0.8,4.53,5.2,2.0,0,0,0,0,0,2
9404,19.0,2002,2.0,15.0,87.0,112.0,12,0.03,6.4,7.8,46.100670307845085,0.03,6.4,7.8,45.57816120489904,0.07,4.25,7.8,46.971367096987755,1,0,1,0,0,2
9405,7.0,2002,4.0,159.0,905.0,1397.0,10,0.04,6.6,5.0,1.0,0.5,6.6,7.7,1.0,0.5,6.6,7.7,1.0,0,0,0,0,0,2
9406,23.0,2015,9.0,13.0,1891.0,67.0,2,0.54,6.0,7.17,50.0,0.11,6.0,6.0,1.0,0.54,6.0,7.17,50.0,1,1,0,1,0,2
9407,4.0,2011,9.0,29.0,120.0,392.0,11,0.19,5.2,3.8,6.0,0.19,5.2,5.25,6.0,0.19,5.2,6.5,6.0,0,0,0,0,0,2
9408,7.0,2004,3.0,4.0,1837.0,671.0,4,0.17,4.3,6.0,3.0,0.14,6.9,6.85,3.0,0.16,6.9,4.0,2.0,0,0,0,0,1,2
9409,5.0,2008,1.0,5.0,783.0,422.0,9,0.17,3.1,5.7,2.0,0.17,3.1,5.7,2.0,0.18,3.1,7.8,2.0,0,0,0,0,0,2
9410,13.0,1998,12.0,22.0,425.0,3211.0,1,0.33,6.0,6.0,1.0,0.58,6.6,6.6,8.0,0.58,6.6,6.6,8.0,0,0,0,0,0,2
9411,4.0,2010,6.0,298.0,1652.0,3212.0,11,0.18,6.039757952973729,6.421583679114796,44.246983408748115,0.18,6.120172890733055,6.541791147994463,32.7447209653092,0.18,6.1493775933609935,6.577461964038736,36.71266968325792,0,0,0,0,0,2
9412,4.0,2007,6.0,13.0,1892.0,3213.0,1,0.58,6.0,6.0,1.0,0.58,6.0,6.0,1.0,0.58,6.0,6.0,1.0,0,0,0,0,0,2
9413,9.0,2005,2.0,6.0,1893.0,2093.0,1,0.1,5.941533923303834,6.313171091445431,50.56199677938808,0.1,6.055781710914458,6.470575221238942,37.569243156199676,0.1,6.052935103244841,6.466165191740415,43.750402576489535,0,0,0,0,0,2
9414,7.0,2004,11.0,15.0,965.0,2604.0,11,0.32,5.5,6.78,2.0,0.06,5.55,7.3,5.0,0.2,5.55,7.0,1.0,0,0,0,0,0,2
9415,6.0,2009,7.0,59.0,779.0,3214.0,3,0.01,7.42,6.87,28.5,0.29,7.42,6.87,28.5,0.29,7.42,6.87,28.5,0,0,0,0,0,2
9416,23.0,2016,9.0,49.0,253.0,1600.0,1,0.05,6.5,6.0,1.0,0.23,6.0,6.5,13.0,0.41,4.6,4.7,1.0,0,0,0,1,0,2
9417,4.0,2010,1.0,9.0,34.0,1302.0,1,0.23,5.7,5.2,3.0,0.41,5.7,8.2,11.0,0.23,5.0,6.0,1.0,0,0,1,0,1,2
9418,1.0,2009,6.0,52.0,1894.0,3215.0,1,0.17,6.06531266560678,6.414785373608896,47.58155002891845,0.17,6.151277159512439,6.537713301536816,45.36119144013881,0.17,6.18789083200847,6.572859035506092,49.094852515905146,0,0,0,0,0,2
9419,17.0,2010,11.0,29.0,568.0,2178.0,11,0.15,5.5,6.5,1.0,0.48,6.0,5.85,4.5,0.48,6.0,5.85,4.5,0,0,0,0,0,2
9420,8.0,1992,7.0,15.0,1895.0,3216.0,1,0.06,7.3,7.3,4.0,0.06,7.3,7.3,4.0,0.06,7.3,7.3,4.0,1,0,0,0,0,2
9421,17.0,2005,7.0,8.0,315.0,555.0,6,0.17,6.2,6.58,10.5,0.03,4.73,5.87,5.0,0.02,4.75,6.3,12.0,1,0,0,1,0,2
9422,6.0,2009,1.0,3.0,368.0,1376.0,7,0.21,7.6,7.2,1.0,0.21,7.6,7.2,1.0,0.21,7.6,7.2,1.0,0,0,0,0,0,2
9423,10.0,2011,4.0,17.0,556.0,65.0,1,0.18,3.63,4.15,11.0,0.18,3.63,4.15,11.0,0.32,4.0,4.15,0.0,0,0,0,0,0,2
9424,7.0,2009,11.0,159.0,1766.0,2955.0,1,0.32,6.06531266560678,6.414785373608896,47.58155002891845,0.32,6.151277159512439,6.537713301536816,45.36119144013881,0.32,6.18789083200847,6.572859035506092,49.094852515905146,0,0,0,0,0,2
9425,15.0,2000,4.0,346.0,514.0,78.0,6,0.0,0.0,0.0,0.0,0.0,0.0,0.0,0.0,0.0,0.0,0.0,0.0,1,0,0,0,0,2
9426,6.0,2014,11.0,239.0,548.0,1317.0,6,0.25,6.110177243557098,6.4738046246308105,47.344282511210764,0.25,6.19441173474587,6.570955485382561,45.720571748878925,0.25,6.226847305694223,6.6094020576551396,46.56698430493274,0,0,0,0,0,2
9427,6.0,2007,1.0,4.0,571.0,1163.0,2,0.81,7.8,7.85,35.0,0.35,8.3,8.2,35.0,0.02,6.3,6.8,35.0,0,0,0,0,1,2
9428,5.0,2013,2.0,6.0,377.0,1218.0,7,0.12,3.0,5.0,6.0,0.24,3.0,5.0,6.0,0.29,2.0,5.0,6.0,0,0,0,0,0,2
9429,6.0,2012,7.0,15.0,315.0,3217.0,2,0.04,5.93,6.87,163.5,0.19,5.93,6.87,163.5,0.19,5.93,6.87,163.5,0,0,0,0,0,2
9430,13.0,1998,1.0,36.0,130.0,3218.0,1,1.32,7.6,7.6,12.0,2.87,7.3,7.3,33.0,2.87,7.3,7.3,33.0,0,0,0,0,0,2
9431,9.0,2001,10.0,132.0,161.0,1684.0,3,0.0,0.0,0.0,0.0,0.0,0.0,0.0,0.0,0.28,0.0,0.0,0.0,0,0,0,0,0,2
9432,7.0,2008,4.0,58.0,1405.0,3219.0,1,0.13,7.3,7.1,1.0,0.08,7.3,7.0,1.0,0.08,7.3,7.0,1.0,0,0,0,0,0,2
9433,14.0,2003,2.0,11.0,337.0,670.0,12,0.28,5.47,6.93,16.5,0.05,5.6,8.8,16.5,0.52,5.6,6.0,1.0,0,0,0,0,0,2
9434,17.0,2010,9.0,26.0,1896.0,637.0,3,1.02,7.35,7.95,98.0,1.02,7.35,7.95,98.0,0.06,7.35,7.0,1.0,0,0,0,0,0,2
9435,6.0,2014,6.0,26.0,1672.0,2775.0,1,0.15,7.7,7.7,3.0,0.15,7.7,7.7,3.0,0.02,7.7,7.7,3.0,0,0,0,0,0,2
9436,14.0,2001,3.0,29.0,696.0,1238.0,12,0.1,6.05,5.0,2.0,0.56,6.87,8.6,14.0,0.56,6.87,8.6,14.0,0,0,0,0,0,2
9437,1.0,2007,3.0,158.0,548.0,3220.0,12,0.05,5.05,8.3,2.0,0.01,3.5,6.38,2.0,0.01,3.5,6.38,2.0,0,0,0,0,0,2
9438,13.0,1995,12.0,49.0,524.0,1335.0,1,0.53,6.105477410782085,6.471694191344031,46.30825496342738,0.53,6.192767653758562,6.565149962034973,45.062225705329155,0.29,6.223125474563416,6.604986712224803,46.031556948798325,1,0,0,0,0,2
9439,8.0,1993,4.0,1.0,1897.0,3221.0,1,0.49,7.0,7.0,1.0,0.49,7.0,7.0,1.0,0.49,7.0,7.0,1.0,1,0,0,0,0,2
9440,5.0,2012,6.0,13.0,227.0,3222.0,6,1.78,6.93,8.05,197.5,0.4,6.75,7.37,12.5,0.1,7.15,8.2,14.0,0,0,0,1,0,2
9441,1.0,2009,1.0,6.0,1318.0,3223.0,11,0.2,5.945329457364344,6.3206201550387675,32.76409185803758,0.2,6.042635658914737,6.440271317829467,23.798538622129435,0.2,6.047189922480624,6.441937984496127,28.856993736951985,0,0,1,0,0,2
9442,14.0,2005,2.0,13.0,586.0,500.0,3,2.09,8.4,9.1,7.0,0.59,7.55,8.4,7.0,0.59,7.55,8.4,7.0,1,0,0,0,0,2
9443,4.0,2011,6.0,29.0,422.0,514.0,11,0.14,6.2,6.0,41.036795626576954,0.24,6.2,6.0,35.344407064760304,0.23,6.2,6.0,39.97560975609756,0,0,0,0,0,2
9444,4.0,2008,8.0,13.0,51.0,3224.0,11,0.22,6.5,7.15,7.5,0.32,7.3,8.15,29.0,0.32,7.3,8.15,29.0,0,0,1,0,0,2
9445,10.0,2011,8.0,68.0,1759.0,2938.0,1,0.08,4.8,4.8,45.77475613360922,0.08,4.8,4.8,44.85269484678293,0.15,4.8,4.8,45.76973100798108,0,1,0,0,0,2
9446,13.0,1995,7.0,120.0,75.0,3225.0,1,0.01,7.5,7.8,23.0,0.93,7.5,7.8,23.0,0.93,7.5,7.8,23.0,0,0,0,0,0,2
9447,6.0,2008,1.0,40.0,210.0,444.0,4,0.09,4.8,5.55,13.0,2.52,2.75,3.9,0.0,0.1,6.95,7.7,0.0,0,0,0,0,1,2
9448,4.0,2010,8.0,101.0,550.0,3226.0,2,0.39,6.6,7.35,5.0,0.12,6.6,7.35,5.0,0.12,6.6,7.35,5.0,0,0,0,0,0,2
9449,18.0,2015,6.0,6.0,19.0,528.0,10,0.22,6.5,3.5,1.0,0.32,6.55,6.1,0.0,0.08,6.55,6.1,0.0,0,0,1,0,0,2
9450,19.0,2006,3.0,5.0,321.0,370.0,11,0.22,6.37,6.6,12.5,0.21,5.07,5.58,1.0,0.18,4.5,3.0,5.5,0,0,0,0,1,2
9451,6.0,2014,10.0,134.0,1898.0,3227.0,1,0.07,6.7,7.3,9.0,0.07,6.7,7.3,9.0,0.07,6.7,7.3,9.0,0,0,0,0,0,2
9452,7.0,2005,4.0,6.0,360.0,1125.0,2,0.02,5.65,7.35,38.0,0.65,5.65,7.35,38.0,0.65,5.65,7.35,38.0,1,0,0,0,0,2
9453,15.0,2009,10.0,13.0,51.0,57.0,2,0.76,7.4,7.8,31.0,2.95,9.1,7.77,245.5,4.19,9.13,7.83,278.0,1,0,1,0,0,2
9454,17.0,2011,4.0,228.0,1358.0,3228.0,1,0.31,5.8,7.25,8.0,0.31,5.8,7.25,8.0,0.31,5.8,7.25,8.0,0,0,0,0,0,2
9455,4.0,2005,8.0,71.0,669.0,857.0,1,0.48,5.0,5.0,2.0,0.03,4.8,7.9,2.0,0.48,5.0,5.0,2.0,1,0,0,0,0,2
9456,4.0,2007,4.0,58.0,1405.0,2313.0,6,0.03,8.0,8.0,1.0,0.11,8.0,8.0,1.0,0.04,8.0,8.0,1.0,1,0,0,0,0,2
9457,12.0,2000,7.0,1.0,947.0,1533.0,9,2.32,8.55,8.3,43.0,0.05,6.9,7.8,6.0,0.05,6.9,7.8,6.0,0,0,0,0,0,2
9458,12.0,1999,1.0,31.0,917.0,339.0,1,0.29,5.0,5.0,2.0,0.48,5.0,5.0,2.0,0.22,5.0,5.0,5.0,1,0,0,1,1,2
9459,12.0,1999,2.0,15.0,453.0,597.0,1,0.18,7.0,7.6,14.0,1.23,7.0,7.6,14.0,0.09,7.0,8.1,68.0,1,0,0,0,0,2
9460,1.0,2012,6.0,6.0,609.0,23.0,10,0.36,8.5,7.1,257.0,0.23,8.5,7.1,257.0,0.39,6.87,7.2,16.5,1,1,0,0,0,2
9461,5.0,2006,1.0,5.0,761.0,422.0,1,0.04,7.97,8.02,45.0,0.04,7.97,8.02,45.0,0.11,6.3,8.02,45.0,0,0,0,0,0,2
9462,5.0,2011,9.0,8.0,243.0,2651.0,1,0.15,4.0,5.0,1.0,0.19,5.0,6.0,1.0,0.19,5.0,6.0,1.0,0,0,0,0,0,2
9463,14.0,2002,6.0,73.0,91.0,370.0,11,0.02,6.2,8.1,45.226486486486486,0.63,6.2,8.1,38.287837837837834,0.17,2.8,7.3,43.71081081081081,0,0,0,0,1,2
9464,14.0,2006,3.0,9.0,55.0,62.0,2,0.92,5.9,8.0,1.0,0.28,5.9,7.0,1.0,0.18,4.45,5.65,14.0,0,1,1,0,0,2
9465,1.0,2009,1.0,183.0,1899.0,3229.0,10,0.02,7.4,7.5,39.8933506044905,0.02,7.4,7.5,32.29706390328152,0.02,7.4,7.5,34.81476683937824,0,0,0,0,0,2
9466,5.0,2010,12.0,347.0,984.0,2985.0,5,0.01,9.0,7.7,238.0,0.12,9.0,7.7,238.0,0.1,4.5,6.4,238.0,0,0,0,0,0,2
9467,17.0,2010,9.0,33.0,748.0,1096.0,2,0.31,4.93,6.07,22.0,0.64,6.58,7.03,20.5,0.31,4.93,6.07,22.0,0,0,0,0,0,2
9468,7.0,2002,3.0,5.0,460.0,3230.0,2,0.04,4.2,8.5,53.0,1.04,4.2,4.25,1.0,1.04,4.2,4.25,1.0,0,0,0,0,0,2
9469,4.0,2009,11.0,5.0,377.0,1277.0,11,0.15,6.5,8.17,1.5,0.14,6.5,4.5,2.0,0.19,6.5,6.8,2.0,0,0,0,0,0,2
9470,17.0,2008,2.0,4.0,107.0,165.0,7,0.09,7.13,7.37,20.0,0.55,6.0,5.6,7.0,3.33,8.43,8.45,191.0,0,0,0,0,0,2
9471,24.0,1997,7.0,9.0,1900.0,3231.0,1,0.15,6.042070079121586,6.394020668496688,49.29562687356727,0.15,6.127673179396085,6.510931697077347,47.72615059072474,0.15,6.172315517519764,6.551114161149683,49.20948686298713,0,0,0,0,0,2
9472,4.0,2011,3.0,5.0,415.0,2995.0,11,0.15,4.0,6.82,7.0,0.1,4.2,6.3,1.0,0.1,4.2,6.3,1.0,0,0,0,0,0,2
9473,16.0,1981,1.0,11.0,489.0,1402.0,1,0.22,4.0,4.0,2.0,0.26,4.0,4.0,2.0,0.26,4.0,4.0,2.0,0,0,0,0,0,2
9474,14.0,2005,8.0,36.0,1901.0,2067.0,9,0.26,8.0,7.7,21.5,0.26,8.0,7.7,21.5,0.29,7.2,8.4,16.0,0,0,0,0,0,2
9475,4.0,2007,6.0,12.0,1354.0,3232.0,9,0.26,6.064948030634569,6.415265317286644,47.74484613086346,0.26,6.151427789934339,6.535451312910269,44.120854496564085,0.26,6.183933260393863,6.568099015317286,48.0920227069017,0,0,0,0,0,2
9476,14.0,2002,9.0,2.0,1678.0,3233.0,1,0.37,7.6,7.8,43.711032388663966,0.37,7.6,7.8,37.134362348178136,0.37,7.6,7.8,42.425607287449395,0,0,0,0,0,2
9477,14.0,2003,12.0,11.0,560.0,622.0,3,0.02,6.8,6.5,2.0,0.42,4.8,6.4,5.0,0.42,4.8,6.4,5.0,1,0,0,0,0,2
9478,19.0,2006,1.0,8.0,45.0,31.0,4,0.48,5.6,5.3,3.0,0.48,5.6,5.3,3.0,0.48,5.6,5.3,3.0,1,1,1,0,0,2
9479,19.0,2003,9.0,22.0,165.0,204.0,6,1.25,5.1,5.55,34.0,1.19,8.2,7.5,67.0,1.19,8.2,7.5,67.0,1,0,0,1,0,2
9480,23.0,2013,1.0,4.0,571.0,1035.0,3,2.29,7.5,7.25,108.0,0.2,7.6,8.85,2.0,0.2,7.6,8.85,2.0,0,0,0,0,0,2
9481,5.0,2011,1.0,3.0,448.0,2914.0,9,0.08,6.95,7.4,7.0,0.06,5.85,6.55,8.0,0.1,5.85,7.0,1.0,0,0,0,0,0,2
9482,9.0,2004,3.0,26.0,187.0,588.0,9,0.04,6.75,7.9,32.0,0.17,7.3,8.3,32.0,0.15,6.3,6.0,32.0,1,0,0,0,0,2
9483,7.0,2005,2.0,4.0,334.0,459.0,1,0.19,7.57,7.77,10.5,0.63,7.57,7.77,10.5,0.14,4.0,4.0,1.0,1,0,0,0,0,2
9484,5.0,2011,9.0,20.0,135.0,2758.0,6,0.17,5.05,5.65,6.0,0.05,5.1,5.42,11.5,0.04,4.0,4.53,3.0,0,0,0,0,0,2
9485,7.0,2003,9.0,6.0,471.0,3234.0,10,0.39,8.2,8.18,3.0,0.39,6.9,7.75,29.0,0.39,6.9,7.75,29.0,0,0,0,0,0,2
9486,24.0,1996,10.0,9.0,1902.0,2203.0,1,0.26,7.6,7.6,44.0,0.26,7.6,7.6,44.0,0.26,7.6,7.6,44.0,0,0,1,0,0,2
9487,9.0,2003,7.0,24.0,940.0,1461.0,5,0.02,4.35,6.05,2.0,0.46,5.15,6.5,2.0,0.46,5.15,6.5,2.0,0,0,0,0,0,2
9488,24.0,1997,6.0,69.0,1903.0,3235.0,1,0.3,7.5,7.5,4.0,0.3,7.5,7.5,4.0,0.3,7.5,7.5,4.0,0,0,0,0,0,2
9489,11.0,2015,11.0,12.0,721.0,3236.0,8,0.27,5.97,6.9,37.5,0.18,5.97,6.9,37.5,0.18,5.97,6.9,37.5,0,0,0,1,0,2
9490,1.0,2006,9.0,6.0,196.0,952.0,11,0.37,4.0,5.65,41.0,0.06,5.2,5.65,41.0,0.06,5.2,5.65,41.0,1,0,1,0,1,2
9491,7.0,2003,3.0,22.0,425.0,3237.0,2,0.33,6.0,6.1,44.0,0.05,7.1,8.3,44.0,0.05,7.1,8.3,44.0,0,0,0,0,0,2
9492,17.0,2011,10.0,152.0,676.0,1240.0,10,0.2,6.77,6.95,8.0,0.12,8.1,7.72,39.0,0.12,8.1,7.72,39.0,1,0,0,0,0,2
9493,1.0,2010,1.0,11.0,1666.0,1226.0,1,0.17,6.036517973148549,6.446041576440007,42.41893830703013,0.17,6.13182763100909,6.5621524469467225,36.190578670492584,0.17,6.158211346903418,6.59756604590732,41.083213773314206,1,0,0,0,0,2
9494,15.0,2002,12.0,24.0,52.0,58.0,7,0.07,5.75,7.8,4.0,0.07,5.75,7.8,4.0,4.21,9.0,8.78,44.5,1,0,0,1,0,2
9496,1.0,2008,5.0,88.0,1904.0,3238.0,9,0.13,3.7,3.0,2.0,0.13,3.7,3.0,2.0,0.13,3.7,3.0,2.0,0,0,0,0,0,2
9498,10.0,2011,8.0,6.0,374.0,214.0,11,0.33,6.53,6.18,6.5,0.33,6.53,6.18,6.5,0.03,6.53,6.18,6.5,0,0,1,0,0,2
9499,17.0,2010,6.0,15.0,87.0,3240.0,1,0.19,6.036517973148549,6.446041576440007,42.41893830703013,0.2,6.13182763100909,6.5621524469467225,36.190578670492584,0.03,6.158211346903418,6.59756604590732,41.083213773314206,1,0,1,0,0,2
9500,5.0,2010,7.0,3.0,127.0,157.0,4,0.15,8.27,7.7,448.0,2.11,8.27,7.7,448.0,2.11,8.27,7.7,448.0,1,0,0,0,0,2
9501,14.0,2002,9.0,9.0,227.0,3241.0,8,0.2,5.2,6.75,6.0,0.67,5.97,8.17,4.5,0.67,5.97,8.17,4.5,0,0,0,0,0,2
9502,4.0,2009,6.0,6.0,625.0,2324.0,9,0.16,6.4,6.45,7.0,0.27,6.4,6.45,7.0,0.27,6.4,6.45,7.0,0,0,0,0,0,2
9503,1.0,2008,7.0,75.0,626.0,894.0,10,0.07,5.3,6.8,47.32791802049488,0.83,5.3,6.8,45.973319170207446,0.07,4.0,6.8,47.42195701074731,1,0,0,0,0,2
9504,7.0,2003,7.0,29.0,1905.0,3242.0,9,0.33,5.5,7.7,9.0,0.12,6.7,5.45,9.0,0.12,6.7,5.45,9.0,0,0,0,0,0,2
9505,9.0,2006,2.0,33.0,1906.0,3243.0,1,0.13,6.1,8.0,48.764652014652015,0.13,6.1,8.0,40.60225885225885,0.13,6.1,8.0,45.93101343101343,0,0,0,0,0,2
9506,4.0,2007,5.0,80.0,1907.0,857.0,11,0.02,4.6,8.0,11.0,0.02,4.6,8.0,11.0,0.56,7.4,7.6,11.0,0,0,0,0,0,2
9507,1.0,2010,6.0,349.0,1908.0,2157.0,5,0.05,5.8,7.5,49.88838251197281,0.05,5.8,7.5,48.341572686544104,0.27,5.8,7.5,49.79777537463309,0,0,0,0,0,2
9508,5.0,2006,9.0,59.0,437.0,2343.0,2,0.02,5.0,7.1,22.0,0.08,5.0,7.1,22.0,0.02,5.0,5.0,2.0,0,0,0,0,0,2
9509,4.0,2010,4.0,159.0,1100.0,3244.0,1,0.06,5.9,4.4,1.0,0.06,5.9,4.4,1.0,0.03,6.2,6.55,1.0,1,0,0,0,0,2
9510,7.0,2008,6.0,32.0,71.0,260.0,7,2.11,8.0,7.55,38.0,1.11,8.07,7.5,31.0,1.11,8.07,7.5,31.0,1,0,0,0,0,2
9511,10.0,2011,5.0,9.0,478.0,690.0,1,0.14,8.0,7.9,27.0,0.14,8.0,7.9,27.0,0.03,8.0,5.0,1.0,1,0,0,0,0,2
9512,5.0,2007,7.0,40.0,1909.0,3245.0,6,0.1,6.1,5.6,27.0,0.1,6.1,5.6,27.0,0.1,6.1,5.6,27.0,0,0,0,0,0,2
9513,13.0,1995,1.0,4.0,40.0,1067.0,1,0.14,6.105477410782085,6.471694191344031,46.30825496342738,0.16,6.192767653758562,6.565149962034973,45.062225705329155,0.69,6.223125474563416,6.604986712224803,46.031556948798325,0,0,1,0,0,2
9514,7.0,2007,1.0,4.0,571.0,1163.0,2,0.28,8.2,8.0,47.86400791034937,0.28,8.2,8.0,46.669215557020436,0.26,6.3,6.3,47.940870138431116,0,0,0,0,1,2
9515,6.0,2016,9.0,17.0,253.0,65.0,1,0.23,6.0,6.5,13.0,0.2,7.0,5.4,8.0,0.23,6.0,6.5,13.0,1,1,0,0,0,2
9516,5.0,2010,4.0,13.0,51.0,73.0,1,0.36,5.13,5.52,40.0,4.87,6.0,7.4,34.0,2.25,7.2,8.15,53.0,1,1,1,0,0,2
9517,10.0,2011,9.0,20.0,187.0,2758.0,6,0.15,6.2,5.9,44.0,0.27,6.2,5.9,44.0,0.17,5.05,5.65,6.0,0,0,0,0,0,2
9518,7.0,2004,4.0,149.0,634.0,1243.0,7,0.38,7.6,6.9,16.0,0.2,5.95,7.4,3.0,0.05,5.95,7.4,3.0,0,0,0,0,0,2
9519,4.0,2007,5.0,350.0,1910.0,3246.0,2,0.02,5.7,5.9,3.0,0.02,5.7,5.9,3.0,0.02,5.7,5.9,3.0,1,0,0,0,0,2
9520,4.0,2008,1.0,11.0,805.0,1226.0,3,0.03,7.7,8.0,1.0,0.1,7.7,7.0,1.0,0.17,7.7,7.0,1.0,0,0,0,0,0,2
9521,10.0,2011,6.0,6.0,495.0,3247.0,11,0.15,6.5,6.55,11.0,0.52,3.55,2.75,1.0,0.52,3.55,2.75,1.0,0,0,0,0,0,2
9522,7.0,2005,6.0,9.0,1911.0,3248.0,1,0.3,6.0,6.3,68.0,0.3,6.0,6.3,68.0,0.3,6.0,6.3,68.0,0,0,0,0,0,2
9523,8.0,1995,4.0,25.0,85.0,3249.0,1,0.29,6.105477410782085,6.471694191344031,46.30825496342738,0.43,6.192767653758562,6.565149962034973,45.062225705329155,0.43,6.223125474563416,6.604986712224803,46.031556948798325,1,0,0,0,1,2
9524,15.0,2010,9.0,17.0,291.0,382.0,3,0.35,7.5,6.37,22.5,1.78,7.6,7.45,470.0,1.78,7.6,7.45,470.0,1,0,0,0,0,2
9525,9.0,2004,2.0,8.0,280.0,669.0,10,0.2,5.5,8.6,2.0,0.53,5.55,8.4,2.0,0.53,5.55,8.4,2.0,0,0,0,0,0,2
9526,6.0,2010,4.0,241.0,1886.0,3199.0,1,0.08,6.05,6.38,15.5,0.05,6.05,6.38,15.5,0.05,6.05,6.38,15.5,0,0,0,0,0,2
9527,14.0,2004,9.0,15.0,87.0,110.0,10,0.44,6.2,8.1,50.91388518024032,0.33,7.4,8.6,41.10447263017357,0.17,3.0,8.6,47.05941255006675,0,0,1,0,0,2
9528,7.0,2001,3.0,8.0,1912.0,488.0,9,0.43,7.9,8.2,0.0,0.43,7.9,8.2,0.0,0.71,7.0,7.05,6.5,0,0,0,0,0,2
9529,19.0,2003,1.0,53.0,805.0,1226.0,3,0.09,8.5,7.7,46.11504800747727,0.26,8.5,7.7,45.224657999830065,0.26,8.5,7.7,46.5193304443878,0,0,0,0,0,2
9530,4.0,2010,9.0,5.0,82.0,624.0,6,0.62,7.3,6.78,16.5,0.99,7.3,6.78,16.5,0.01,6.0,6.4,8.0,0,0,1,0,0,2
9531,6.0,2008,9.0,36.0,151.0,1637.0,6,1.11,8.7,8.0,1.5,0.11,4.3,5.62,1.5,0.4,7.2,7.8,51.5,1,0,0,0,0,2
9532,22.0,2000,3.0,9.0,111.0,2694.0,8,0.05,7.15,7.8,7.0,0.05,7.15,7.8,7.0,0.05,7.15,7.8,7.0,0,0,0,0,0,2
9533,5.0,2013,7.0,8.0,75.0,3250.0,1,1.44,6.0,5.5,34.0,1.15,7.0,6.35,22.0,1.15,7.0,6.35,22.0,0,0,0,1,0,2
9534,6.0,2008,1.0,57.0,783.0,422.0,9,0.38,7.0,6.5,1.0,0.17,6.0,7.5,1.0,0.17,6.0,7.5,1.0,0,0,0,0,0,2
9535,19.0,2002,10.0,31.0,421.0,987.0,5,0.15,7.35,6.4,0.0,0.16,5.9,6.4,2.0,0.33,4.7,6.5,8.0,0,0,0,0,0,2
9536,4.0,2008,5.0,17.0,61.0,3251.0,7,0.19,8.4,8.4,79.0,0.06,6.0,8.4,79.0,0.06,6.0,8.4,79.0,0,0,0,0,0,2
9537,1.0,2010,9.0,20.0,1115.0,3067.0,9,0.17,5.9,6.1,11.0,0.35,6.7,6.9,11.0,0.35,6.7,6.9,11.0,0,0,0,0,0,2
9538,21.0,1992,7.0,9.0,947.0,3252.0,1,6.03,8.2,8.2,217.0,6.03,8.2,8.2,217.0,6.03,8.2,8.2,217.0,0,0,0,0,1,2
9539,14.0,2003,1.0,31.0,421.0,875.0,2,0.02,3.0,6.0,1.0,0.13,6.2,6.0,1.0,0.15,7.35,6.0,0.0,1,0,0,0,0,2
9540,4.0,2010,9.0,26.0,386.0,526.0,1,0.14,6.036517973148549,6.446041576440007,42.41893830703013,0.14,6.13182763100909,6.5621524469467225,36.190578670492584,0.15,6.158211346903418,6.59756604590732,41.083213773314206,0,0,0,0,0,2
9541,7.0,2007,4.0,9.0,1552.0,2548.0,1,0.19,6.1,6.45,4.0,0.19,6.1,6.45,4.0,0.09,6.1,6.45,4.0,1,0,0,0,0,2
9542,1.0,2008,7.0,6.0,127.0,844.0,9,0.5,7.03,7.17,53.5,0.93,7.03,7.17,53.5,0.93,7.03,7.17,53.5,1,0,0,0,0,2
9543,7.0,2001,2.0,78.0,997.0,3253.0,9,0.14,4.2,5.85,2.0,0.14,4.2,5.85,2.0,0.14,4.2,5.85,2.0,0,0,0,0,0,2
9544,9.0,2004,6.0,1.0,1913.0,3254.0,1,0.18,6.020450067174204,6.385588893864737,47.43754583231484,0.18,6.115846394984316,6.510541871921158,46.20019555120997,0.18,6.16217196596506,6.54954545454544,48.87949156685407,0,0,0,0,0,2
9545,5.0,2015,1.0,15.0,87.0,102.0,9,0.45,7.5,6.83,17.0,0.78,7.9,6.8,89.5,0.78,7.9,6.8,89.5,0,1,1,1,0,2
9546,15.0,2015,9.0,20.0,63.0,71.0,6,0.53,7.3,7.42,9.5,3.79,8.4,7.7,285.5,3.79,8.4,7.7,285.5,1,0,0,1,0,2
9547,7.0,2008,9.0,49.0,253.0,320.0,9,0.29,5.53,7.73,10.5,0.29,5.53,7.73,10.5,0.29,5.53,7.73,10.5,0,0,0,0,0,2
9548,7.0,2005,2.0,6.0,987.0,2093.0,2,0.27,8.5,8.0,77.0,0.27,8.5,8.0,77.0,0.13,8.5,7.0,1.0,0,0,0,0,0,2
9549,4.0,2007,3.0,8.0,394.0,43.0,11,0.42,6.27,6.82,97.0,0.27,7.2,7.6,2.0,2.05,6.27,5.95,99.5,1,1,0,1,0,2
9550,13.0,1998,9.0,351.0,1914.0,3255.0,1,0.06,7.0,5.6,14.0,0.06,7.0,5.6,14.0,0.06,7.0,5.6,14.0,0,0,0,0,0,2
9551,1.0,2011,9.0,13.0,1321.0,1130.0,1,0.18,6.107652813930537,6.467882595817321,45.77475613360922,0.18,6.194403554438579,6.56657391616556,44.85269484678293,0.22,6.2266573916165795,6.606709451575302,45.76973100798108,1,0,0,0,0,2
9552,14.0,2005,9.0,9.0,270.0,730.0,10,0.8,7.25,8.15,64.0,0.1,8.4,8.63,210.5,0.1,8.4,8.63,210.5,0,0,0,0,0,2
9553,11.0,2015,9.0,4.0,86.0,1139.0,2,0.75,6.75,6.83,14.5,0.48,8.0,8.3,181.0,0.64,8.5,7.9,388.0,0,0,0,0,0,2
9554,6.0,2008,6.0,32.0,71.0,260.0,11,0.18,4.8,4.8,4.0,0.18,4.8,4.8,4.0,0.18,4.8,4.8,4.0,1,0,0,0,0,2
9555,7.0,2001,8.0,3.0,1915.0,3256.0,7,0.79,2.7,5.3,0.0,0.79,2.7,5.3,0.0,0.79,2.7,5.3,0.0,0,0,0,0,0,2
9556,19.0,2002,2.0,53.0,1712.0,2847.0,1,0.26,6.050969223702346,6.468989435002288,43.711032388663966,0.26,6.146789159393657,6.595062011943035,37.134362348178136,0.26,6.180679834634819,6.631194304088199,42.425607287449395,0,0,0,0,0,2
9557,14.0,2003,7.0,18.0,116.0,184.0,1,1.09,6.33,7.75,35.0,0.25,6.4,7.75,35.0,1.09,6.33,7.75,35.0,0,0,0,0,0,2
9558,10.0,2015,9.0,26.0,1916.0,3257.0,1,0.14,6.023708006279429,6.380546310832016,44.238808539944905,0.14,6.098238618524324,6.497463108320238,40.88240358126722,0.14,6.122084772370479,6.520916797488228,43.51325757575758,0,0,0,0,0,2
9559,5.0,2006,9.0,49.0,253.0,320.0,6,0.01,4.8,6.5,2.0,0.19,5.75,7.3,7.5,0.04,5.75,7.3,7.5,1,0,0,1,1,2
9560,14.0,2004,6.0,191.0,180.0,1596.0,11,0.3,4.8,4.4,50.551418439716315,0.42,4.8,4.4,48.66979557780559,0.42,4.8,4.4,49.56727158948686,0,0,0,0,0,2
9561,14.0,2005,9.0,29.0,1917.0,3258.0,5,0.12,7.9,8.4,92.0,0.12,7.9,8.4,92.0,0.12,7.9,8.4,92.0,0,0,0,0,0,2
9562,13.0,1999,1.0,6.0,1918.0,3259.0,8,0.04,6.1028189605939405,6.459909765848148,47.38578044811616,0.04,6.191583095374085,6.566711593375271,46.017336337464016,0.04,6.228600799543129,6.603343232438656,47.412191763675054,0,0,0,0,0,2
9563,7.0,2006,1.0,3.0,1919.0,3260.0,1,7.72,7.93,7.5,288.5,7.72,7.93,7.5,288.5,7.72,7.93,7.5,288.5,0,0,0,0,0,2
9564,7.0,2002,12.0,49.0,1556.0,1160.0,1,0.05,5.8,5.7,43.711032388663966,0.05,5.8,5.7,37.134362348178136,0.17,5.8,5.7,42.425607287449395,0,0,0,0,0,2
9565,9.0,2002,1.0,159.0,1182.0,324.0,1,0.39,6.050969223702346,6.468989435002288,43.711032388663966,0.39,6.146789159393657,6.595062011943035,37.134362348178136,0.09,6.180679834634819,6.631194304088199,42.425607287449395,1,0,0,0,0,2
9566,1.0,2008,1.0,68.0,1535.0,2550.0,1,0.03,4.5,7.3,50.52577025484975,0.03,4.5,7.3,48.40728413845569,0.2,4.5,7.3,49.56694560669456,0,0,0,0,0,2
9567,19.0,2002,6.0,53.0,605.0,272.0,11,2.05,6.75,7.7,34.0,0.25,6.3,7.7,34.0,0.51,3.7,7.58,3.0,0,0,0,0,0,2
9568,20.0,2013,9.0,20.0,234.0,431.0,6,0.31,6.5,6.5,1.0,0.31,6.5,6.5,1.0,0.31,6.5,6.5,1.0,0,0,0,0,0,2
9569,4.0,2011,9.0,9.0,377.0,257.0,5,0.15,2.95,4.35,5.0,0.41,5.9,7.7,5.0,0.15,2.95,4.35,5.0,0,0,0,0,0,2
9570,14.0,2004,3.0,36.0,130.0,292.0,1,0.55,4.55,4.8,5.5,0.12,5.91,7.0,5.5,0.27,8.55,8.0,13.0,1,0,0,1,0,2
9571,1.0,2011,6.0,6.0,625.0,912.0,10,0.14,4.75,4.47,12.0,0.04,4.75,4.47,12.0,0.83,4.75,4.4,12.0,0,0,0,0,0,2
9572,9.0,2001,5.0,211.0,315.0,3261.0,9,0.0,0.0,0.0,0.0,0.05,3.0,5.0,2.0,0.05,3.0,5.0,2.0,0,0,0,0,0,2
9573,1.0,2008,8.0,26.0,1202.0,3262.0,1,0.16,5.05,6.35,1.0,0.04,5.05,6.35,1.0,0.04,5.05,6.35,1.0,0,0,0,0,0,2
9574,4.0,2008,11.0,29.0,1920.0,1386.0,11,0.19,6.93,7.78,28.0,0.05,5.6,7.78,28.0,0.25,5.6,6.7,28.0,0,0,0,0,0,2
9575,6.0,2011,1.0,6.0,382.0,3263.0,3,0.39,3.7,5.3,3.0,0.39,7.6,8.2,42.0,0.39,7.6,8.2,42.0,0,0,0,0,0,2
9576,7.0,2008,3.0,5.0,548.0,1588.0,10,0.17,6.9,7.8,47.32791802049488,0.42,6.9,7.8,45.973319170207446,0.42,6.9,7.8,47.42195701074731,0,0,0,0,0,2
9577,5.0,2009,9.0,5.0,321.0,1692.0,6,0.16,6.7,7.65,1.0,0.19,6.7,7.65,1.0,0.19,6.7,7.65,1.0,0,0,0,0,0,2
9578,7.0,2005,3.0,170.0,1921.0,3264.0,9,0.01,2.3,2.8,46.832143282161134,0.01,2.3,2.8,45.37718671902892,0.01,2.3,2.8,46.75086278709985,0,0,0,0,0,2
9579,1.0,2009,8.0,8.0,31.0,137.0,10,0.2,4.95,4.6,1.0,0.22,5.7,4.6,1.0,1.08,6.0,6.6,22.5,0,0,0,0,0,2
9580,5.0,2011,6.0,29.0,1874.0,3171.0,11,0.13,6.006015209125474,6.41599619771862,41.036795626576954,0.14,6.090570342205316,6.534011406844094,35.344407064760304,0.14,6.119920152091249,6.565832699619768,39.97560975609756,0,0,0,0,0,2
9581,5.0,2011,6.0,12.0,173.0,3265.0,11,0.61,5.6,6.5,6.0,2.88,5.5,6.47,6.0,2.88,5.5,6.47,6.0,0,0,0,0,0,2
9582,13.0,1995,1.0,352.0,1922.0,3266.0,1,0.0,0.0,0.0,0.0,0.0,0.0,0.0,0.0,0.0,0.0,0.0,0.0,0,0,0,0,0,2
9583,13.0,1996,8.0,19.0,579.0,3267.0,1,0.4,6.0,6.4,5.0,0.14,6.0,6.4,5.0,0.14,6.0,6.4,5.0,0,0,0,1,0,2
9584,6.0,2013,1.0,9.0,1923.0,3268.0,1,0.16,6.4,6.4,11.0,0.16,6.4,6.4,11.0,0.16,6.4,6.4,11.0,0,0,0,0,1,2
9585,1.0,2008,11.0,9.0,206.0,3269.0,1,0.23,6.076557377049176,6.4289414021625335,50.52577025484975,0.01,6.1574189047785115,6.543221137077076,48.40728413845569,0.01,6.202197418904775,6.585209277990916,49.56694560669456,0,0,0,0,0,2
9586,9.0,2002,1.0,5.0,1325.0,1865.0,10,0.46,6.45,7.5,1.0,0.16,7.07,6.27,2.0,0.16,7.07,6.27,2.0,0,0,0,0,0,2
9587,13.0,2001,11.0,78.0,431.0,2243.0,1,0.55,7.0,7.1,21.0,0.25,7.0,7.1,21.0,0.25,7.0,7.1,21.0,0,0,0,0,0,2
9588,7.0,2002,3.0,8.0,1316.0,488.0,12,0.71,7.9,8.2,1.0,0.03,6.8,6.0,1.0,0.08,4.05,8.6,1.0,0,0,0,0,0,2
9589,19.0,2002,10.0,5.0,238.0,1435.0,10,0.33,7.23,7.57,7.0,1.12,4.07,6.95,2.5,1.12,4.07,6.95,2.5,1,0,0,0,0,2
9590,4.0,2007,2.0,162.0,1756.0,3270.0,11,0.02,4.0,6.62,1.5,0.04,4.0,6.62,1.5,0.06,4.0,7.3,3.0,0,0,0,0,0,2
9591,6.0,2011,11.0,6.0,19.0,3128.0,10,0.14,6.0,4.3,6.5,0.14,4.75,4.47,12.0,0.14,4.75,4.47,12.0,0,0,1,0,0,2
9592,4.0,2010,1.0,5.0,321.0,1229.0,10,0.28,5.8,4.05,5.0,0.55,5.8,4.05,5.0,0.33,6.17,6.5,4.5,0,0,0,0,0,2
9593,4.0,2008,2.0,88.0,513.0,3271.0,8,0.01,3.7,3.55,3.0,0.02,2.2,3.55,3.0,0.03,2.2,3.55,3.0,0,0,0,0,0,2
9594,17.0,2013,4.0,9.0,1545.0,2565.0,1,0.14,7.0,7.9,19.0,0.2,7.0,8.0,4.0,0.14,5.0,8.0,4.0,0,0,0,0,0,2
9595,24.0,1997,4.0,256.0,1924.0,3272.0,1,0.06,6.042070079121586,6.394020668496688,49.29562687356727,0.06,6.127673179396085,6.510931697077347,47.72615059072474,0.06,6.172315517519764,6.551114161149683,49.20948686298713,0,0,0,0,0,2
9596,13.0,1998,2.0,353.0,1925.0,3273.0,1,0.0,0.0,0.0,0.0,0.0,0.0,0.0,0.0,0.0,0.0,0.0,0.0,0,0,0,0,0,2
9597,1.0,2009,2.0,6.0,196.0,2419.0,9,0.14,6.4,6.9,9.0,0.91,6.96,7.43,42.5,0.91,6.96,7.43,42.5,0,0,1,0,0,2
9598,14.0,2002,3.0,31.0,170.0,238.0,4,0.16,5.9,6.4,2.0,0.01,7.87,7.27,18.5,0.74,7.3,7.1,45.0,1,0,0,0,1,2
9599,4.0,2008,5.0,105.0,940.0,3274.0,10,0.06,2.0,8.4,47.32791802049488,0.02,7.0,8.4,45.973319170207446,0.02,7.0,8.4,47.42195701074731,0,0,0,0,0,2
9600,1.0,2011,3.0,59.0,562.0,427.0,10,0.14,4.0,8.5,46.89055793991416,0.17,4.0,8.5,45.688006676204104,0.14,4.0,8.5,48.2448736289938,0,0,0,0,0,2
9601,4.0,2009,9.0,6.0,19.0,110.0,11,0.15,6.6,7.35,1.0,0.31,6.6,7.35,1.0,0.36,6.23,7.03,6.5,0,0,1,0,0,2
9602,7.0,2007,4.0,71.0,1558.0,3275.0,4,0.04,5.0,4.4,3.5,0.03,8.0,7.5,3.5,0.03,8.0,7.5,3.5,0,0,0,0,0,2
9603,4.0,2008,6.0,35.0,1926.0,3276.0,12,0.15,6.124742716909429,6.488321722609298,45.88682931064421,0.15,6.207188885370502,6.5853126979101235,44.88565723215836,0.15,6.239872545915154,6.62649699176696,46.308734155235285,0,0,0,0,0,2
9604,23.0,2013,9.0,26.0,1927.0,320.0,6,0.58,7.05,7.7,23.0,0.58,7.05,7.7,23.0,0.15,5.5,6.3,12.5,1,0,0,1,1,2
9605,1.0,2008,1.0,354.0,1389.0,3277.0,9,0.09,2.0,2.0,45.66070409134158,0.03,2.0,2.0,44.78520456707897,0.03,2.0,2.0,45.78801141769743,0,0,0,0,0,2
9606,10.0,2013,12.0,38.0,190.0,1663.0,1,0.81,6.95,8.0,33.0,0.04,6.95,8.5,2.0,0.19,6.0,7.0,3.0,0,0,0,0,0,2
9607,5.0,2011,9.0,59.0,448.0,2907.0,11,0.09,5.55,6.3,8.0,0.08,5.55,6.3,8.0,0.16,5.55,6.3,8.0,0,0,0,0,0,2
9608,14.0,2006,1.0,40.0,210.0,444.0,3,0.24,6.3,6.75,3.0,0.47,5.27,7.47,7.5,0.51,7.6,7.3,0.0,0,0,0,0,1,2
9609,10.0,2014,11.0,26.0,1344.0,2197.0,1,0.14,7.7,7.7,3.0,0.14,7.7,7.7,3.0,0.2,7.7,7.7,3.0,0,0,0,0,0,2
9610,4.0,2011,6.0,6.0,19.0,3278.0,10,0.13,6.0,4.3,6.5,0.14,6.0,4.3,6.5,0.14,6.0,4.3,6.5,1,0,1,0,0,2
9611,14.0,2005,3.0,24.0,79.0,40.0,10,0.17,4.5,5.2,4.0,0.15,8.4,8.2,4.0,0.12,8.4,7.5,4.0,0,0,0,0,0,2
9612,19.0,2003,7.0,8.0,165.0,1354.0,10,0.23,7.6,7.75,27.0,0.52,7.7,8.15,37.5,0.52,7.7,8.15,37.5,0,0,0,0,0,2
9613,15.0,2009,12.0,3.0,1094.0,2851.0,10,0.19,4.85,8.0,0.0,0.26,4.85,8.0,0.0,0.02,4.85,7.5,0.0,0,0,0,0,0,2
9614,23.0,2014,4.0,134.0,1568.0,3279.0,6,0.01,7.0,7.2,6.0,0.2,7.0,7.85,16.0,0.2,7.0,7.85,16.0,0,0,0,0,0,2
9615,6.0,2014,9.0,5.0,186.0,624.0,1,0.21,6.0370023640661925,6.4082836879432445,47.3185817805383,0.21,6.127933806146561,6.533567375886503,45.40683229813665,0.21,6.178366430260039,6.570146572104003,49.021868530020704,0,0,0,0,0,2
9616,19.0,2006,6.0,13.0,51.0,500.0,1,0.26,7.5,8.0,4.0,0.26,7.5,8.0,4.0,0.13,7.5,8.35,7.0,1,0,1,0,0,2
9617,24.0,1995,7.0,15.0,87.0,648.0,1,0.17,5.0,7.6,9.0,0.27,5.0,7.6,9.0,1.2,5.0,7.6,9.0,0,0,1,0,0,2
9618,4.0,2008,9.0,11.0,668.0,188.0,11,0.14,4.95,5.2,55.0,0.33,6.75,7.3,24.0,0.86,5.87,6.45,160.5,0,0,0,0,0,2
9619,17.0,2010,4.0,13.0,1545.0,3280.0,1,0.31,5.13,5.8,20.0,0.14,5.0,5.8,20.0,0.14,5.0,5.8,20.0,0,0,0,0,0,2
9620,14.0,2002,3.0,2.0,1928.0,3281.0,9,0.57,8.35,7.7,16.0,0.57,8.35,7.7,16.0,0.57,8.35,7.7,16.0,0,0,0,0,0,2
9621,7.0,2004,1.0,4.0,40.0,2304.0,6,0.05,5.9,7.5,9.0,0.12,6.55,7.5,9.0,0.24,6.55,8.0,1.0,0,0,1,0,0,2
9622,5.0,2009,7.0,59.0,779.0,3214.0,3,0.16,6.67,6.07,6.0,0.02,7.86,7.98,29.5,0.13,4.7,5.7,20.0,0,0,0,0,0,2
9623,18.0,2016,7.0,3.0,127.0,2425.0,5,0.02,8.9,7.8,37.0,0.41,8.0,7.85,27.0,0.41,8.0,7.85,27.0,0,0,0,1,0,2
9624,14.0,2002,10.0,31.0,421.0,987.0,12,0.03,7.8,6.43,40.0,1.31,5.7,6.43,40.0,0.12,5.9,6.43,40.0,0,0,0,0,0,2
9625,4.0,2010,1.0,15.0,87.0,1539.0,1,0.16,7.0,7.0,1.0,0.16,7.0,7.0,1.0,0.29,7.0,7.0,1.0,0,0,1,0,0,2
9626,14.0,2003,7.0,18.0,383.0,3282.0,12,0.48,7.53,8.05,7.0,0.48,7.53,8.05,7.0,0.48,7.53,8.05,7.0,0,0,0,0,0,2
9627,5.0,2009,7.0,5.0,321.0,2695.0,11,0.14,6.5,9.25,1.5,0.15,6.5,8.17,1.5,0.15,6.5,8.17,1.5,0,0,0,0,0,2
9628,17.0,2008,4.0,209.0,1929.0,3283.0,10,0.05,6.7,8.2,11.0,0.11,5.6,6.65,11.0,0.11,5.6,6.65,11.0,0,0,0,0,0,2
9629,1.0,2011,7.0,9.0,448.0,1227.0,4,0.23,6.25,6.72,41.5,0.26,5.5,5.25,2.0,0.58,6.8,6.92,83.0,0,0,0,1,0,2
9630,6.0,2011,10.0,12.0,1930.0,3284.0,9,0.28,5.33,5.17,38.0,0.28,5.33,5.17,38.0,0.28,5.33,5.17,38.0,0,0,0,0,0,2
9631,13.0,2002,1.0,15.0,103.0,102.0,1,0.25,8.63,9.03,199.0,1.28,8.63,9.03,199.0,0.45,8.63,9.03,199.0,0,0,0,0,0,2
9632,1.0,2007,7.0,24.0,252.0,3023.0,1,0.08,6.6,7.15,3.0,2.05,8.0,7.9,69.0,0.15,7.47,7.55,30.0,1,0,0,0,0,2
9633,13.0,1997,1.0,277.0,560.0,3285.0,1,0.05,5.9,5.9,12.0,0.11,4.6,4.6,9.0,0.11,4.6,4.6,9.0,0,0,0,0,0,2
9634,4.0,2007,8.0,309.0,573.0,2165.0,11,0.0,0.0,0.0,0.0,0.28,0.0,0.0,0.0,0.27,5.0,0.0,0.0,1,0,0,0,0,2
9635,9.0,2003,3.0,29.0,568.0,1198.0,8,0.5,6.0,8.6,4.0,0.2,6.2,6.55,4.0,0.2,6.2,6.55,4.0,0,0,0,0,0,2
9636,24.0,1997,2.0,9.0,55.0,62.0,1,0.13,9.2,9.2,26.0,1.76,8.2,8.2,82.0,1.82,8.3,8.3,69.0,0,1,1,0,0,2
9637,17.0,2012,4.0,26.0,1931.0,3286.0,1,0.16,7.0,7.0,1.0,0.08,7.0,7.0,1.0,0.08,7.0,7.0,1.0,0,0,0,0,0,2
9638,1.0,2008,9.0,8.0,572.0,3287.0,3,1.65,6.4,6.8,110.5,0.93,7.0,7.2,63.0,0.93,7.0,7.2,63.0,0,0,0,0,0,2
9639,13.0,2000,1.0,53.0,1932.0,3288.0,1,0.04,5.0,7.55,28.5,0.04,5.0,7.55,28.5,0.04,5.0,7.55,28.5,0,0,0,0,0,2
9640,1.0,2009,11.0,15.0,1688.0,3289.0,3,0.4,6.26,6.38,109.0,0.09,6.26,6.38,109.0,0.09,6.26,6.38,109.0,0,0,0,0,0,2
9641,20.0,2012,9.0,6.0,138.0,257.0,11,0.15,8.2,7.2,284.0,0.65,6.5,6.25,7.0,0.13,4.2,5.75,5.0,0,0,1,1,0,2
9642,9.0,2001,2.0,29.0,320.0,2781.0,9,0.28,5.7,5.8,48.00314164731594,0.28,5.7,5.8,46.66698538451031,0.28,5.7,5.8,47.85002048900424,0,0,0,0,0,2
9643,24.0,1998,1.0,9.0,1933.0,3290.0,1,0.26,3.0,7.7,51.0,0.26,3.0,7.7,51.0,0.26,3.0,7.7,51.0,0,0,0,0,0,2
9644,4.0,2009,8.0,54.0,31.0,1503.0,10,0.14,7.3,7.3,39.8933506044905,0.15,7.3,7.3,32.29706390328152,0.45,6.8,6.8,34.81476683937824,0,0,0,0,0,2
9645,1.0,2009,2.0,20.0,187.0,3047.0,10,0.44,6.8,7.0,26.5,0.2,6.33,7.0,26.5,0.2,6.33,7.0,26.5,0,0,0,0,0,2
9646,24.0,1995,3.0,72.0,1284.0,3291.0,1,0.45,5.0,5.0,46.30825496342738,0.45,5.0,5.0,45.062225705329155,0.45,5.0,5.0,46.031556948798325,0,0,0,0,0,2
9647,6.0,2006,1.0,3.0,373.0,1568.0,10,0.2,3.55,5.6,1.0,0.78,8.2,8.32,22.0,0.21,7.65,8.25,1.0,1,0,0,0,1,2
9648,6.0,2006,9.0,13.0,1658.0,67.0,1,0.24,9.6,8.0,1.0,0.24,9.6,8.0,1.0,1.69,9.6,9.2,1.0,1,1,0,0,0,2
9649,22.0,2001,10.0,13.0,51.0,523.0,1,0.42,7.6,7.25,3.0,0.56,8.15,8.1,32.0,0.22,8.0,8.0,8.0,0,0,1,0,0,2
9650,13.0,1996,10.0,326.0,1785.0,3292.0,1,0.0,0.0,0.0,0.0,0.0,0.0,0.0,0.0,0.0,0.0,0.0,0.0,0,0,0,0,0,2
9651,5.0,2008,3.0,5.0,266.0,3293.0,1,0.15,5.5,6.85,5.0,0.02,5.5,6.85,5.0,0.02,5.5,6.85,5.0,0,0,0,0,0,2
9652,6.0,2010,6.0,33.0,609.0,504.0,10,0.52,7.2,7.0,49.885309852875615,0.52,7.2,7.0,48.07779759251003,0.17,7.2,7.0,49.565425769059296,0,0,0,0,0,2
9653,15.0,2012,9.0,17.0,484.0,753.0,8,1.06,7.77,7.55,467.0,1.06,7.77,7.55,467.0,1.06,7.77,7.55,467.0,0,0,0,1,0,2
9654,19.0,2004,4.0,13.0,51.0,2727.0,9,0.66,6.9,7.65,15.0,0.06,5.7,8.55,3.0,0.06,5.7,8.55,3.0,1,0,1,0,0,2
9655,17.0,2007,5.0,22.0,1934.0,1653.0,5,0.4,5.2,6.65,1.0,0.4,5.2,6.65,1.0,0.4,5.2,6.65,1.0,0,0,0,0,0,2
9656,6.0,2011,1.0,4.0,1935.0,3294.0,1,0.16,6.107652813930537,6.467882595817321,45.77475613360922,0.16,6.194403554438579,6.56657391616556,44.85269484678293,0.16,6.2266573916165795,6.606709451575302,45.76973100798108,0,0,0,0,0,2
9657,6.0,2016,9.0,20.0,234.0,1321.0,6,0.54,7.4,7.3,21.0,0.54,7.4,7.3,21.0,0.54,7.4,7.3,21.0,0,1,0,1,0,2
9658,7.0,2003,12.0,9.0,511.0,755.0,10,0.05,8.0,8.2,37.0,0.07,6.9,7.8,37.0,0.07,6.9,7.8,37.0,1,0,0,0,0,2
9659,13.0,1997,11.0,197.0,867.0,1325.0,1,0.12,7.3,7.3,3.0,0.12,7.3,7.3,3.0,0.53,7.3,7.3,3.0,1,0,0,0,0,2
9660,23.0,2012,9.0,26.0,1014.0,701.0,1,0.13,8.5,8.5,2.0,0.12,8.5,8.5,2.0,0.01,8.5,8.5,2.0,0,0,0,0,0,2
9661,4.0,2007,9.0,11.0,1554.0,1039.0,11,3.0,7.43,8.48,388.5,3.0,7.43,8.48,388.5,0.14,5.15,7.15,1.0,0,0,0,0,0,2
9662,1.0,2007,12.0,7.0,151.0,2210.0,3,0.02,3.5,8.28,279.5,3.12,8.99,8.28,279.5,0.19,6.3,4.77,5.0,0,0,0,0,0,2
9663,4.0,2006,8.0,15.0,1936.0,3295.0,1,0.15,6.057909446618223,6.454225824482941,48.764652014652015,0.15,6.140609278926769,6.574768026830625,40.60225885225885,0.15,6.179580771380661,6.604046953605371,45.93101343101343,0,0,0,0,0,2
9664,13.0,1998,7.0,167.0,1937.0,3296.0,3,0.02,5.0,7.7,3.0,0.06,5.0,7.7,3.0,0.05,5.0,7.7,3.0,1,0,0,0,0,2
9665,4.0,2006,8.0,355.0,1938.0,3297.0,1,0.1,6.057909446618223,6.454225824482941,48.764652014652015,0.1,6.140609278926769,6.574768026830625,40.60225885225885,0.1,6.179580771380661,6.604046953605371,45.93101343101343,0,0,0,0,0,2
9666,1.0,2008,9.0,300.0,1140.0,3298.0,3,0.12,3.9,7.9,32.0,0.04,6.3,7.5,32.0,0.04,6.3,7.5,32.0,0,0,0,0,0,2
9667,9.0,2002,9.0,8.0,409.0,488.0,10,0.17,5.1,7.0,1.0,1.35,5.1,7.0,1.0,0.08,2.0,7.0,1.0,0,0,0,0,0,2
9668,6.0,2011,9.0,6.0,1939.0,3299.0,1,0.17,6.0,6.0,1.0,0.17,6.0,6.0,1.0,0.17,6.0,6.0,1.0,1,0,1,0,0,2
9669,5.0,2010,3.0,201.0,1040.0,2509.0,10,0.19,7.2,8.18,23.0,0.19,7.2,8.18,23.0,0.04,5.85,6.9,5.0,0,0,0,0,0,2
9670,24.0,1996,10.0,197.0,867.0,3300.0,1,0.28,6.074598214285714,6.518080357142857,51.629901960784316,0.11,6.105133928571427,6.627678571428572,32.81127450980392,0.11,6.240669642857141,6.645223214285716,43.85294117647059,0,0,0,0,0,2
9671,5.0,2011,7.0,12.0,1066.0,3301.0,10,0.16,5.0,6.0,1.0,0.19,3.83,5.9,17.5,0.19,3.83,5.9,17.5,0,0,0,1,0,2
9672,7.0,2002,11.0,73.0,653.0,3302.0,6,0.3,2.35,6.05,1.0,0.36,4.95,4.6,1.0,0.36,4.95,4.6,1.0,0,0,0,0,0,2
9673,17.0,2006,9.0,26.0,1014.0,701.0,1,0.15,5.0,5.8,11.0,0.06,1.5,3.75,22.0,0.27,1.5,3.75,22.0,0,0,0,0,1,2
9674,1.0,2009,5.0,68.0,938.0,3303.0,2,0.13,6.104990465293672,6.471661899313569,46.313123359580054,0.02,6.191879290617869,6.565022883295242,45.077952755905514,0.02,6.222345537757457,6.603920671243372,46.040734908136486,0,0,0,0,0,2
9675,13.0,1999,10.0,197.0,1940.0,3304.0,1,0.17,4.9,6.2,44.05604395604396,0.17,4.9,6.2,34.17912087912088,0.17,4.9,6.2,38.04120879120879,0,0,0,0,0,2
9676,19.0,2004,3.0,8.0,1941.0,472.0,1,0.29,4.0,5.9,13.0,0.29,4.0,5.9,13.0,1.08,8.8,8.6,13.0,0,0,0,0,0,2
9677,18.0,2016,7.0,42.0,1194.0,521.0,5,0.02,7.0,7.3,47.0,0.31,4.77,5.48,9.0,0.24,5.5,5.28,168.5,0,0,0,1,0,2
9678,7.0,2008,6.0,59.0,1942.0,3305.0,1,0.84,5.5,7.65,8.5,0.84,5.5,7.65,8.5,0.84,5.5,7.65,8.5,0,0,0,0,0,2
9679,7.0,2001,10.0,102.0,676.0,1799.0,3,0.19,6.0,5.0,1.0,0.14,6.0,6.7,7.0,0.14,6.0,6.7,7.0,1,0,0,0,0,2
9680,1.0,2010,1.0,68.0,938.0,3306.0,11,0.16,0.8,0.8,44.246983408748115,0.02,0.8,0.8,32.7447209653092,0.02,0.8,0.8,36.71266968325792,0,0,0,0,0,2
9681,23.0,2013,9.0,26.0,253.0,1069.0,8,0.13,5.5,6.4,4.5,0.16,6.17,7.5,12.5,0.16,6.17,7.5,12.5,0,0,0,1,0,2
9682,9.0,2002,1.0,8.0,296.0,651.0,10,0.15,7.8,7.0,24.0,0.06,6.6,7.2,24.0,0.93,7.63,8.05,9.0,1,0,0,0,1,2
9683,7.0,2002,2.0,6.0,19.0,3307.0,11,1.76,7.45,6.6,17.0,0.07,5.0,5.7,13.0,0.07,7.0,5.7,13.0,0,0,1,0,0,2
9684,4.0,2010,4.0,26.0,814.0,939.0,1,0.14,6.3,6.3,3.0,0.11,6.3,6.3,3.0,0.04,6.3,6.3,3.0,0,0,0,0,0,2
9685,5.0,2009,6.0,15.0,596.0,1520.0,11,0.27,3.95,3.95,32.76409185803758,0.45,6.3,6.3,23.798538622129435,0.45,6.3,6.3,28.856993736951985,1,0,0,1,0,2
9686,13.0,1998,11.0,236.0,804.0,3308.0,1,0.26,6.0160609318996405,6.403268817204285,46.05333068992863,0.26,6.099759856630821,6.523605734767007,42.11122125297383,0.26,6.1246594982078815,6.541229390680994,45.49722442505948,0,0,0,0,0,2
9687,5.0,2009,5.0,29.0,555.0,1304.0,10,0.16,6.2,8.0,39.8933506044905,0.46,6.2,6.4,32.29706390328152,0.27,6.2,6.4,34.81476683937824,0,0,0,0,0,2
9688,18.0,2016,1.0,12.0,1448.0,2381.0,7,0.03,8.0,8.9,1.0,0.06,5.75,5.0,2.0,0.23,7.83,7.68,174.0,0,0,0,1,0,2
9689,7.0,2006,4.0,12.0,1534.0,1090.0,1,0.11,6.75,6.3,7.0,0.1,6.75,6.3,7.0,0.09,7.3,7.35,6.0,0,0,0,0,0,2
9690,20.0,2013,9.0,6.0,546.0,805.0,8,0.46,8.67,8.37,209.0,0.98,7.7,7.5,89.0,0.98,7.7,7.5,89.0,1,0,1,1,0,2
9691,17.0,2010,9.0,152.0,269.0,3309.0,9,0.05,7.15,7.0,2.0,0.24,7.15,7.0,2.0,0.24,7.15,7.0,2.0,0,0,0,0,0,2
9692,13.0,2000,8.0,89.0,985.0,1574.0,1,0.06,9.1,6.5,2.0,0.06,9.1,6.5,2.0,0.42,9.1,7.85,16.0,0,0,0,0,0,2
9693,13.0,1997,12.0,31.0,656.0,2861.0,1,0.32,5.0,5.0,49.29562687356727,0.14,5.0,5.0,47.72615059072474,0.14,5.0,5.0,49.20948686298713,0,0,0,0,0,2
9694,27.0,1994,10.0,255.0,380.0,1850.0,1,0.23,8.5,7.7,25.0,0.4,8.5,6.65,4.0,0.14,8.5,7.6,31.0,0,0,0,0,0,2
9695,4.0,2008,11.0,49.0,1943.0,3310.0,1,0.4,6.0,7.3,3.0,0.4,6.0,7.3,3.0,0.4,6.0,7.3,3.0,0,0,0,0,0,2
9696,4.0,2010,5.0,59.0,1273.0,2866.0,6,0.01,6.4,6.3,6.0,0.13,6.4,6.3,6.0,0.16,6.67,6.07,6.0,1,0,0,0,0,2
9697,4.0,2011,9.0,26.0,1591.0,2642.0,1,0.14,8.5,8.5,6.0,0.14,8.5,8.5,6.0,0.07,7.8,7.8,6.0,0,0,0,0,0,2
9698,7.0,2008,10.0,155.0,1139.0,1850.0,3,0.22,5.95,6.5,2.0,0.01,5.95,7.4,17.0,0.19,7.25,8.2,35.0,0,0,0,0,0,2
9699,1.0,2008,9.0,59.0,437.0,2343.0,2,0.01,5.0,5.0,2.0,0.02,5.0,5.0,2.0,0.02,5.0,5.0,2.0,0,0,0,0,0,2
9700,7.0,2007,5.0,59.0,1273.0,1836.0,10,0.34,7.79,7.98,40.5,0.34,7.79,7.98,40.5,0.34,7.79,7.98,40.5,1,0,0,0,0,2
9701,23.0,2013,12.0,5.0,394.0,184.0,11,0.16,6.6,7.13,5.5,0.2,6.4,4.37,8.0,0.2,6.4,4.37,8.0,1,0,0,0,1,2
9702,13.0,1998,4.0,5.0,437.0,3311.0,1,0.28,6.9,8.3,30.0,1.27,6.9,8.7,30.0,1.27,6.9,8.7,30.0,0,0,0,0,0,2
9703,17.0,2009,9.0,118.0,396.0,3312.0,9,0.45,6.28,6.7,24.0,0.19,6.05,8.4,0.0,0.19,6.05,8.4,0.0,0,0,0,0,0,2
9704,11.0,2015,9.0,17.0,57.0,25.0,6,0.25,5.5,6.6,33.0,0.97,5.5,7.05,96.0,0.25,5.5,6.6,33.0,1,1,1,1,0,2
9705,14.0,2004,2.0,5.0,321.0,1144.0,11,0.4,6.2,6.9,18.0,0.09,6.15,5.5,1.0,0.09,6.15,5.5,1.0,0,0,0,0,0,2
9706,7.0,2003,3.0,26.0,40.0,1686.0,1,0.2,7.0,8.0,2.0,0.2,7.0,6.0,1.0,0.15,7.0,7.8,4.0,0,0,1,0,1,2
9707,7.0,2005,4.0,49.0,819.0,3065.0,7,0.09,7.1,8.1,1.0,0.33,8.2,8.35,24.0,0.14,8.37,7.95,32.0,0,0,0,0,0,2
9708,19.0,2006,2.0,40.0,284.0,3313.0,7,0.26,5.6,7.5,1.0,0.33,6.3,5.55,1.0,0.33,6.3,5.55,1.0,0,0,0,0,0,2
9709,4.0,2008,3.0,88.0,1433.0,2137.0,3,0.02,2.2,3.55,3.0,0.14,2.2,2.17,2.0,0.03,2.2,2.17,2.0,0,0,0,0,0,2
9710,13.0,1998,5.0,19.0,860.0,3314.0,9,0.02,8.2,8.2,12.0,0.54,8.2,8.2,12.0,0.54,8.2,8.2,12.0,1,0,0,0,0,2
9711,10.0,2014,6.0,26.0,1944.0,3315.0,1,0.13,6.0370023640661925,6.4082836879432445,47.3185817805383,0.13,6.127933806146561,6.533567375886503,45.40683229813665,0.13,6.178366430260039,6.570146572104003,49.021868530020704,0,0,0,0,0,2
9712,23.0,2014,10.0,26.0,1149.0,188.0,1,0.13,4.8,4.67,141.0,0.02,4.8,4.67,141.0,0.33,4.8,4.67,141.0,0,0,0,0,0,2
9713,4.0,2006,4.0,1.0,1945.0,3316.0,1,0.19,6.0,6.3,28.0,0.19,6.0,6.3,28.0,0.19,6.0,6.3,28.0,0,0,0,0,0,2
9714,17.0,2012,4.0,26.0,1405.0,2313.0,1,0.12,4.0,4.0,1.0,0.03,4.0,4.0,1.0,0.05,4.0,4.0,1.0,1,0,0,0,0,2
9715,13.0,1997,11.0,89.0,1946.0,3317.0,1,0.24,6.5,6.5,10.0,0.24,6.5,6.5,10.0,0.24,6.5,6.5,10.0,0,0,0,0,0,2
9716,4.0,2005,1.0,8.0,394.0,77.0,9,0.23,7.34,6.3,3.5,0.26,7.77,7.85,3.0,0.59,7.44,6.4,10.0,1,1,0,1,1,2
9717,1.0,2009,11.0,35.0,1947.0,2669.0,4,0.02,6.1248507638072835,6.489690560125382,45.814278346084414,0.02,6.206650998824923,6.586756756756806,44.8149230636981,0.02,6.240787309048195,6.627685859772829,46.29712885756039,0,0,0,0,0,2
9718,6.0,2013,7.0,8.0,75.0,3250.0,1,0.28,6.0,6.5,94.0,0.23,6.2,6.3,14.0,0.23,6.2,6.3,14.0,0,0,0,1,0,2
9719,6.0,2011,12.0,149.0,1430.0,2593.0,6,0.02,4.6,5.5,7.0,0.23,4.6,5.5,7.0,0.14,5.6,6.2,7.0,0,0,0,0,0,2
9720,4.0,2005,4.0,71.0,13.0,1286.0,9,0.13,5.0,5.0,2.0,0.03,4.75,5.0,0.0,0.55,7.8,8.15,37.0,1,0,0,0,0,2
9721,4.0,2005,5.0,59.0,1948.0,3318.0,6,0.13,6.070287831290958,6.407834140780868,50.08513282585055,0.13,6.148445426047305,6.521983471074398,48.5046605561597,0.13,6.194112282701611,6.56390424622401,49.91968308218114,0,0,0,0,0,2
9722,4.0,2007,10.0,29.0,245.0,281.0,11,0.28,6.82,6.2,23.0,0.49,6.82,6.2,23.0,0.49,6.82,6.2,23.0,0,0,0,0,0,2
9723,6.0,2014,3.0,270.0,1328.0,1686.0,6,0.18,7.4,6.67,30.0,0.08,7.4,6.0,1.0,0.06,7.0,6.88,15.0,0,0,0,0,1,2
9724,17.0,2011,3.0,33.0,249.0,520.0,6,0.5,6.0,6.2,13.0,0.5,6.0,6.2,13.0,0.5,6.0,6.2,13.0,0,0,0,0,1,2
9725,4.0,2008,1.0,3.0,1949.0,1028.0,4,10.57,9.16,8.17,1694.0,0.01,5.1,5.27,4.5,0.14,6.3,7.6,4.5,0,0,0,0,0,2
9726,17.0,2007,7.0,26.0,683.0,701.0,1,0.15,5.0,5.0,2.0,0.15,5.0,5.0,2.0,0.26,5.0,5.0,2.0,0,0,0,0,0,2
9727,24.0,1996,12.0,49.0,524.0,1335.0,1,0.24,5.5,5.5,2.0,0.11,5.5,5.5,2.0,0.53,5.5,5.5,2.0,0,0,0,0,0,2
9728,1.0,2009,5.0,88.0,1273.0,3186.0,5,0.01,6.67,6.07,6.0,0.16,6.67,6.07,6.0,0.16,6.67,6.07,6.0,0,0,0,0,0,2
9729,4.0,2010,9.0,20.0,77.0,169.0,9,0.14,3.65,5.3,3.0,0.71,6.55,6.5,34.0,0.24,5.9,7.15,11.0,0,0,0,0,0,2
9730,6.0,2015,1.0,345.0,1950.0,2509.0,1,0.0,0.0,0.0,0.0,0.0,0.0,0.0,0.0,0.08,0.0,6.0,1.0,0,0,0,0,0,2
9731,14.0,2003,7.0,29.0,1905.0,360.0,3,0.3,7.3,8.35,1.0,0.3,7.3,8.35,1.0,1.92,8.1,7.3,65.5,1,0,0,0,0,2
9732,8.0,1996,4.0,69.0,1951.0,3319.0,1,0.32,6.074598214285714,6.518080357142857,51.629901960784316,0.32,6.105133928571427,6.627678571428572,32.81127450980392,0.32,6.240669642857141,6.645223214285716,43.85294117647059,0,0,0,0,0,2
9733,7.0,2008,6.0,32.0,71.0,260.0,11,0.16,4.0,6.4,15.0,0.16,4.0,6.4,15.0,0.16,4.0,6.4,15.0,1,0,0,0,0,2
9734,14.0,2003,2.0,2.0,1952.0,3320.0,9,0.32,6.7,8.8,0.0,0.32,6.7,8.8,0.0,0.32,6.7,8.8,0.0,0,0,0,0,0,2
9735,6.0,2011,7.0,36.0,1953.0,3321.0,9,0.16,7.47,7.48,41.0,0.16,7.47,7.48,41.0,0.16,7.47,7.48,41.0,0,0,0,0,0,2
9736,17.0,2011,9.0,26.0,1954.0,3322.0,1,0.13,6.107652813930537,6.467882595817321,45.77475613360922,0.13,6.194403554438579,6.56657391616556,44.85269484678293,0.13,6.2266573916165795,6.606709451575302,45.76973100798108,0,0,0,0,1,2
9737,5.0,2010,9.0,29.0,967.0,2931.0,11,0.15,5.3,6.8,44.246983408748115,0.19,5.3,6.8,32.7447209653092,0.19,5.3,6.8,36.71266968325792,0,0,0,0,0,2
9738,4.0,2009,9.0,26.0,1955.0,3323.0,1,0.17,8.0,8.0,4.0,0.17,8.0,8.0,4.0,0.17,8.0,8.0,4.0,0,0,0,0,0,2
9739,17.0,2006,11.0,4.0,101.0,2000.0,3,0.03,6.47,7.78,23.0,1.3,7.4,7.7,6.0,0.3,6.1,8.5,6.0,0,0,0,0,0,2
9740,7.0,2008,3.0,162.0,619.0,1308.0,1,0.13,6.1,6.05,3.0,0.15,3.25,4.43,1.0,0.54,4.0,5.6,8.0,0,0,0,1,0,2
9741,24.0,1995,6.0,9.0,766.0,3324.0,1,0.15,6.0,6.0,1.0,0.23,7.6,7.6,5.0,0.23,7.6,7.6,5.0,1,0,1,0,1,2
9742,14.0,2002,3.0,181.0,1956.0,3325.0,9,0.02,5.2,5.2,49.587620336943445,0.02,5.2,5.2,48.169524669073404,0.02,5.2,5.2,49.57746690734055,0,0,0,0,0,2
9743,7.0,2004,11.0,24.0,579.0,1570.0,5,0.32,5.63,7.42,9.0,0.15,3.5,5.0,9.0,0.42,3.5,6.5,23.0,0,0,0,0,0,2
9744,6.0,2014,9.0,26.0,683.0,701.0,1,0.12,7.7,7.7,3.0,0.12,7.7,7.7,3.0,0.15,7.7,7.7,3.0,0,0,0,0,0,2
9745,7.0,2006,9.0,26.0,562.0,2849.0,2,0.16,6.5,6.5,33.97331786542924,0.15,6.5,6.5,24.481438515081205,0.15,6.5,6.5,29.665893271461716,0,0,0,0,0,2
9746,10.0,2012,2.0,9.0,369.0,3326.0,3,0.19,6.97,7.45,77.0,0.16,5.0,6.0,1.0,0.16,5.0,6.0,1.0,0,0,0,0,0,2
9747,7.0,2005,11.0,3.0,448.0,3327.0,11,0.01,6.8,6.97,40.5,0.05,5.8,8.3,40.5,0.05,5.8,8.3,40.5,0,0,0,0,0,2
9748,4.0,2007,8.0,356.0,550.0,3226.0,10,0.02,6.5,6.75,2.0,0.03,5.1,6.75,2.0,0.03,5.1,6.75,2.0,0,0,0,0,0,2
9749,4.0,2010,4.0,140.0,1322.0,2156.0,1,0.01,5.0,5.0,42.41893830703013,0.01,5.0,5.0,36.190578670492584,0.27,5.0,5.0,41.083213773314206,0,0,0,0,0,2
9750,1.0,2009,1.0,5.0,321.0,3328.0,10,0.24,5.75,5.6,5.5,0.4,7.0,6.38,2.0,0.4,7.0,6.38,2.0,0,0,0,0,0,2
9751,17.0,2009,9.0,6.0,227.0,347.0,3,0.24,7.2,7.8,55.0,0.19,6.23,7.4,18.5,0.22,5.83,6.37,15.5,1,0,0,0,0,2
9752,5.0,2008,7.0,57.0,783.0,2199.0,11,0.26,7.15,7.15,1.0,0.26,7.15,7.15,1.0,0.26,7.15,7.15,1.0,0,0,0,0,0,2
9753,5.0,2013,7.0,13.0,172.0,565.0,8,0.06,6.83,7.18,218.0,0.02,4.0,5.62,20.0,0.05,4.0,7.0,2.0,0,0,0,1,0,2
9754,17.0,2010,12.0,26.0,1810.0,3035.0,1,0.13,6.036517973148549,6.446041576440007,42.41893830703013,0.15,6.13182763100909,6.5621524469467225,36.190578670492584,0.15,6.158211346903418,6.59756604590732,41.083213773314206,0,0,0,0,0,2
9755,10.0,2015,4.0,72.0,400.0,1895.0,1,0.18,7.3,8.5,17.0,0.71,7.65,6.35,17.0,0.71,7.65,6.35,17.0,0,0,0,0,0,2
9756,6.0,2010,9.0,4.0,762.0,91.0,1,0.49,7.75,7.58,24.0,0.49,7.75,7.58,24.0,3.19,8.05,7.85,107.0,0,0,0,0,0,2
9757,5.0,2010,6.0,52.0,1957.0,3329.0,2,0.08,3.0,3.5,17.0,0.08,3.0,3.5,17.0,0.08,3.0,3.5,17.0,0,0,0,0,0,2
9758,4.0,2009,1.0,11.0,1086.0,1226.0,3,0.2,6.33,6.48,43.5,0.36,3.7,7.5,43.5,0.11,3.7,7.5,43.5,0,0,0,0,0,2
9759,23.0,2011,10.0,152.0,676.0,1240.0,2,0.05,6.0,7.1,16.0,0.32,8.5,8.27,50.0,0.41,8.57,8.08,76.0,0,0,0,0,0,2
9760,14.0,2001,3.0,8.0,1480.0,3330.0,11,0.18,7.55,7.1,11.0,0.18,7.55,7.1,11.0,0.18,7.55,7.1,11.0,0,0,0,0,1,2
9761,17.0,2005,5.0,4.0,169.0,3331.0,12,0.1,5.3,6.3,6.0,0.11,5.0,6.3,6.0,0.11,5.0,6.3,6.0,0,0,0,0,0,2
9762,15.0,2011,11.0,8.0,790.0,1203.0,6,0.28,6.9,7.53,62.0,0.6,6.0,7.65,109.0,0.6,6.0,7.65,109.0,0,0,0,0,0,2
9763,9.0,2003,1.0,8.0,499.0,408.0,10,0.21,4.7,4.0,8.0,0.06,6.4,7.45,8.0,0.39,8.6,8.15,55.0,1,0,0,1,1,2
9764,4.0,2008,6.0,6.0,19.0,530.0,8,1.0,7.1,7.1,46.06567270145545,0.14,7.1,7.1,45.24915690450834,0.18,7.1,7.1,46.436324103656375,0,0,1,0,0,2
9765,4.0,2009,3.0,36.0,1029.0,791.0,9,0.81,8.35,7.95,76.0,0.06,7.9,8.1,76.0,0.06,7.9,8.1,76.0,0,0,0,0,0,2
9766,4.0,2007,6.0,26.0,1958.0,3332.0,1,0.14,6.099566138746374,6.4607807271916755,47.55820785897907,0.14,6.186688601383021,6.564681017176054,46.14738646101114,0.14,6.2206457729199345,6.6001962971225066,47.53813196229649,0,0,0,1,0,2
9767,1.0,2008,10.0,155.0,1139.0,1850.0,12,0.07,4.4,7.2,13.0,0.07,6.05,7.2,13.0,0.12,7.3,8.9,2.0,0,0,0,0,0,2
9768,4.0,2009,4.0,254.0,901.0,1385.0,10,0.2,7.0,7.95,3.0,0.02,7.0,7.7,3.0,0.04,7.0,7.7,3.0,1,0,0,0,0,2
9769,14.0,2004,11.0,8.0,40.0,3333.0,3,0.26,8.9,7.2,13.0,0.05,8.9,4.8,13.0,0.05,8.9,4.8,13.0,0,0,1,0,0,2
9770,17.0,2006,3.0,40.0,423.0,994.0,10,0.02,4.55,6.62,2.0,0.72,4.55,5.7,3.0,0.72,4.55,5.7,3.0,1,0,0,0,0,2
9771,21.0,1992,11.0,9.0,1959.0,3113.0,1,1.66,8.3,8.3,28.0,1.66,8.3,8.3,28.0,1.66,8.3,8.3,28.0,1,0,0,0,0,2
9772,6.0,2014,4.0,134.0,1217.0,1972.0,11,0.71,7.65,6.35,17.0,0.06,7.65,6.35,17.0,0.06,7.65,6.35,17.0,0,0,0,1,0,2
9773,13.0,2001,2.0,53.0,470.0,3334.0,9,0.2,6.25,7.5,8.5,1.17,6.55,6.63,8.5,1.17,6.55,6.63,8.5,0,0,0,0,0,2
9774,4.0,2010,5.0,15.0,87.0,3335.0,6,0.2,7.73,7.22,120.0,0.02,3.75,4.0,1.0,0.02,3.75,4.0,1.0,0,0,1,1,0,2
9775,3.0,1999,8.0,6.0,919.0,857.0,1,1.19,3.0,6.0,1.0,0.23,3.0,6.0,1.0,0.23,3.0,6.0,1.0,1,0,0,0,0,2
9776,5.0,2013,9.0,42.0,720.0,2410.0,8,0.22,6.2,6.95,67.0,0.49,6.67,6.98,107.5,0.49,6.67,6.98,107.5,0,0,0,1,0,2
9777,1.0,2010,2.0,15.0,24.0,3336.0,1,0.13,4.3,5.28,51.0,0.26,4.3,5.28,51.0,0.26,4.3,5.28,51.0,0,0,0,0,0,2
9778,4.0,2007,9.0,33.0,1394.0,3337.0,4,0.04,5.9,5.0,2.0,0.05,5.9,8.8,2.0,0.05,5.9,8.8,2.0,0,0,0,0,0,2
9779,19.0,2003,2.0,5.0,750.0,1134.0,4,0.21,5.4,5.6,4.0,0.64,5.4,6.1,4.0,0.64,5.4,6.1,4.0,1,0,0,0,0,2
9780,1.0,2011,12.0,26.0,1960.0,3338.0,1,0.12,6.107652813930537,6.467882595817321,45.77475613360922,0.12,6.194403554438579,6.56657391616556,44.85269484678293,0.12,6.2266573916165795,6.606709451575302,45.76973100798108,0,0,0,0,0,2
9781,13.0,2000,1.0,49.0,1961.0,3339.0,1,0.04,4.0,4.0,1.0,0.04,4.0,4.0,1.0,0.04,4.0,4.0,1.0,1,0,0,0,0,2
9782,14.0,2004,10.0,31.0,421.0,987.0,6,0.05,4.7,6.0,0.0,0.32,7.2,8.6,0.0,0.13,6.2,8.6,0.0,0,0,0,0,0,2
9783,17.0,2011,9.0,26.0,1014.0,1183.0,1,0.12,7.0,7.0,3.0,0.02,7.0,7.0,3.0,0.16,7.0,7.0,3.0,0,0,0,0,0,2
9784,17.0,2008,6.0,6.0,19.0,1688.0,2,0.37,3.0,6.1,5.0,0.45,5.4,6.1,5.0,0.13,7.9,8.3,5.0,1,0,1,0,0,2
9785,4.0,2010,8.0,6.0,19.0,3340.0,10,0.19,5.47,5.5,0.5,0.05,5.87,5.42,20.0,0.05,5.87,5.42,20.0,1,0,1,0,0,2
9786,23.0,2016,9.0,26.0,1065.0,701.0,1,0.01,4.2,4.2,46.00420630552716,0.02,4.2,4.2,45.91736771758786,0.07,4.2,4.2,47.09733469612391,0,0,0,0,1,2
9787,4.0,2008,8.0,11.0,1962.0,3341.0,5,0.13,6.113935677738978,6.479279623162557,46.09182401140007,0.13,6.201873629497303,6.579344595143392,45.30495190594941,0.13,6.234555348006196,6.622133517420643,46.50917349483434,0,0,0,0,0,2
9788,17.0,2010,9.0,4.0,748.0,3342.0,5,1.13,7.23,7.8,190.0,0.22,7.6,8.5,190.0,0.22,7.6,8.5,190.0,0,0,0,0,0,2
9789,4.0,2008,6.0,8.0,387.0,3343.0,3,1.17,6.47,6.9,77.5,1.17,6.47,6.9,77.5,1.17,6.47,6.9,77.5,0,0,1,0,0,2
9790,19.0,2002,1.0,54.0,579.0,855.0,11,0.18,5.3,7.3,0.0,0.28,4.9,6.4,0.0,0.28,4.9,6.4,0.0,0,0,0,0,0,2
9791,12.0,2000,1.0,31.0,448.0,757.0,8,1.04,4.2,4.25,1.0,0.24,6.5,6.55,12.5,0.62,6.5,4.0,1.0,0,0,0,0,0,2
9792,12.0,1999,2.0,120.0,1047.0,2089.0,12,0.06,6.09069493226292,6.440864274962418,48.032775644541964,0.06,6.176378575012557,6.5550539387857985,46.64447339550192,0.06,6.216085047666845,6.594136979428034,47.79155238617663,1,0,0,0,1,2
9793,12.0,1999,2.0,6.0,166.0,3344.0,1,0.25,5.9864729458917845,6.425400801603205,44.05604395604396,0.25,6.120961923847696,6.589959919839676,34.17912087912088,0.25,6.162114228456913,6.618947895791575,38.04120879120879,0,0,0,0,0,2
9794,12.0,1999,8.0,95.0,61.0,732.0,1,1.09,7.6,7.6,10.0,0.22,7.6,7.6,10.0,1.09,7.6,7.6,10.0,0,0,0,0,0,2
9795,14.0,2003,10.0,54.0,694.0,1039.0,4,0.12,5.6,8.0,5.0,0.71,6.15,6.4,5.0,0.71,6.15,6.4,5.0,0,0,0,1,0,2
9796,4.0,2010,11.0,54.0,864.0,3345.0,3,0.03,4.0,5.0,4.0,0.54,7.4,7.65,2.0,0.54,7.4,7.65,2.0,0,0,0,0,0,2
9797,10.0,2013,4.0,192.0,161.0,2634.0,4,0.19,6.2,6.6,4.0,0.01,4.45,2.2,4.0,0.19,6.2,6.6,4.0,0,0,0,0,0,2
9798,4.0,2007,5.0,6.0,626.0,3346.0,9,0.2,6.47,7.2,21.5,0.02,5.9,7.1,21.5,0.02,5.9,7.1,21.5,0,0,0,0,0,2
9799,7.0,2002,1.0,9.0,218.0,3347.0,10,0.32,8.35,7.8,7.0,0.11,7.55,7.95,2.0,0.11,7.55,7.95,2.0,0,0,0,0,0,2
9800,4.0,2008,5.0,105.0,940.0,3274.0,10,0.37,6.75,8.3,5.0,0.05,6.75,7.2,5.0,0.13,5.6,7.2,5.0,0,0,0,0,0,2
9801,7.0,2008,2.0,3.0,1094.0,759.0,2,0.46,6.0,6.0,1.0,0.24,4.8,4.8,1.0,0.57,6.0,6.0,1.0,0,0,0,0,0,2
9802,5.0,2008,9.0,3.0,984.0,11.0,10,0.36,9.16,8.17,1694.0,0.36,9.16,8.17,1694.0,10.57,9.16,8.17,1694.0,1,1,0,0,0,2
9803,5.0,2006,4.0,9.0,55.0,834.0,11,1.05,4.03,5.37,100.0,0.48,3.93,5.2,70.5,0.05,8.0,8.2,37.0,1,0,1,0,0,2
9804,1.0,2008,1.0,88.0,1963.0,3348.0,11,0.13,6.044421151439289,6.38992177722153,48.44426425401161,0.13,6.126584793491856,6.504150500625782,46.782946398088086,0.13,6.170384856070071,6.544500938673344,48.1357972004097,0,0,0,0,0,2
9805,5.0,2011,3.0,5.0,1029.0,1999.0,11,0.14,6.17,6.43,42.5,0.19,6.17,6.43,42.5,0.2,6.17,6.43,42.5,0,0,0,0,0,2
9806,9.0,2005,3.0,29.0,929.0,747.0,1,0.16,5.4,9.0,1.0,0.47,5.4,7.2,1.0,0.45,4.5,3.5,3.0,0,0,0,0,0,2
9807,5.0,2006,1.0,3.0,787.0,2256.0,3,0.26,9.02,8.28,604.5,0.16,6.1,6.6,6.0,0.25,7.7,7.7,6.0,0,0,0,0,0,2
9808,17.0,2009,12.0,42.0,1964.0,3349.0,10,0.19,7.17,6.7,80.0,0.01,7.0,7.6,0.0,0.01,7.0,7.6,0.0,0,0,0,0,0,2
9809,4.0,2007,3.0,29.0,217.0,860.0,12,0.46,6.35,6.8,4.0,0.46,6.35,6.8,4.0,0.46,6.35,6.8,4.0,1,0,0,0,0,2
9810,17.0,2007,9.0,6.0,694.0,298.0,4,0.27,4.5,7.03,7.0,0.37,4.53,7.07,3.0,0.12,6.4,7.35,1.0,1,0,0,0,1,2
9811,17.0,2011,10.0,26.0,1965.0,3350.0,1,0.12,5.0,5.0,3.0,0.12,5.0,5.0,3.0,0.12,5.0,5.0,3.0,0,0,0,0,0,2
9812,17.0,2011,4.0,72.0,1966.0,3351.0,1,0.33,7.7,8.2,9.0,0.33,7.7,8.2,9.0,0.33,7.7,8.2,9.0,0,0,0,0,1,2
9813,1.0,2009,3.0,209.0,1967.0,3352.0,9,0.02,6.081317301269194,6.428591850367435,48.85785172212493,0.02,6.164849699398801,6.541612558450277,47.55465557501459,0.02,6.20785303941215,6.583874415497689,48.898423817863396,0,0,0,0,0,2
9814,17.0,2013,9.0,107.0,1545.0,1973.0,1,0.91,7.4,7.35,1.0,0.1,7.4,7.4,5.0,0.31,5.8,7.25,8.0,0,0,0,0,0,2
9815,15.0,2012,6.0,54.0,19.0,680.0,9,0.04,6.2,8.5,2.0,0.22,6.2,6.52,33.5,1.16,7.17,8.15,28.0,0,0,1,1,0,2
9816,13.0,2000,1.0,29.0,79.0,3353.0,9,0.37,5.43,6.6,0.0,0.22,5.43,6.6,0.0,0.22,5.43,6.6,0.0,0,0,0,0,0,2
9817,22.0,2001,2.0,9.0,55.0,62.0,6,0.05,7.7,7.0,29.0,2.24,8.35,7.45,34.0,2.56,8.15,8.0,129.0,0,1,1,1,1,2
9818,13.0,1996,3.0,357.0,1968.0,3354.0,1,0.0,0.0,0.0,0.0,0.0,0.0,0.0,0.0,0.0,0.0,0.0,0.0,0,0,0,0,0,2
9819,8.0,1994,4.0,58.0,643.0,3355.0,1,1.7,7.9,7.9,9.0,0.16,7.9,7.9,9.0,0.16,7.9,7.9,9.0,0,0,0,0,0,2
9820,4.0,2010,12.0,26.0,965.0,3356.0,1,0.12,6.2,8.7,3.0,0.44,6.2,8.1,3.0,0.44,6.2,8.1,3.0,0,0,0,0,0,2
9821,7.0,2003,3.0,36.0,130.0,3357.0,6,0.27,8.55,8.0,13.0,0.27,8.55,8.0,13.0,0.27,8.55,8.0,13.0,0,0,0,0,0,2
9822,7.0,2008,2.0,213.0,1051.0,3358.0,7,0.14,2.0,4.3,6.0,0.08,2.83,4.3,6.0,0.08,2.83,4.3,6.0,0,0,0,0,0,2
9823,9.0,2005,6.0,24.0,82.0,40.0,1,0.19,6.03,5.48,27.5,0.5,6.03,5.48,27.5,0.15,6.6,7.65,5.0,0,0,1,0,0,2
9824,9.0,2004,7.0,15.0,87.0,3359.0,1,0.15,6.020450067174204,6.385588893864737,47.43754583231484,0.31,6.115846394984316,6.510541871921158,46.20019555120997,0.31,6.16217196596506,6.54954545454544,48.87949156685407,0,0,1,0,0,2
9825,4.0,2005,6.0,11.0,1969.0,3360.0,1,0.2,5.941533923303834,6.313171091445431,50.56199677938808,0.2,6.055781710914458,6.470575221238942,37.569243156199676,0.2,6.052935103244841,6.466165191740415,43.750402576489535,0,0,0,0,0,2
9826,7.0,2003,9.0,31.0,1970.0,3361.0,12,0.05,5.25,7.4,0.0,0.05,5.25,7.4,0.0,0.05,5.25,7.4,0.0,0,0,0,0,0,2
9827,6.0,2010,3.0,42.0,225.0,3362.0,11,0.03,7.4,7.32,85.0,0.61,7.4,7.32,85.0,0.61,7.4,7.32,85.0,0,0,0,0,0,2
9828,17.0,2010,12.0,4.0,865.0,3363.0,9,0.64,4.25,4.9,3.0,0.54,6.8,6.55,25.0,0.54,6.8,6.55,25.0,1,0,0,0,0,2
9829,17.0,2008,12.0,6.0,1971.0,858.0,11,0.19,6.23,7.4,18.5,0.03,5.0,6.0,1.0,0.91,6.96,7.43,42.5,1,0,0,0,0,2
9830,9.0,2003,6.0,189.0,1972.0,3364.0,1,0.02,6.1012652384897565,6.454888152444128,47.685338686698614,0.02,6.1868883891584945,6.56346904959172,46.47707550835384,0.02,6.225610131376502,6.600911350455717,47.855459137417434,1,0,0,0,0,2
9831,7.0,2001,1.0,15.0,87.0,3365.0,1,0.16,6.097708281522011,6.447693359860781,47.903901046622266,0.29,6.1815792091519635,6.559855757274357,46.559535136604595,0.29,6.221097985575736,6.597542899776213,47.730256898192195,0,0,1,0,0,2
9832,4.0,2008,5.0,105.0,1794.0,3008.0,10,0.13,5.6,5.6,47.32791802049488,0.13,5.6,5.6,45.973319170207446,0.13,5.6,5.6,47.42195701074731,0,0,0,0,0,2
9833,4.0,2006,4.0,6.0,61.0,3366.0,4,0.57,6.0,7.5,15.0,0.05,3.8,6.2,15.0,0.05,3.8,6.2,15.0,0,0,0,0,0,2
9834,7.0,2005,11.0,15.0,226.0,3367.0,9,1.14,7.6,7.4,1.0,0.03,6.3,1.9,1.0,0.03,6.3,1.9,1.0,0,0,0,0,0,2
9835,10.0,2011,3.0,5.0,321.0,2995.0,11,0.13,4.0,0.5,1.0,0.19,6.0,4.17,7.0,0.19,6.0,4.17,7.0,0,0,0,0,0,2
9836,4.0,2010,6.0,75.0,1171.0,1907.0,11,0.26,4.8,3.0,44.246983408748115,0.1,4.8,5.3,32.7447209653092,0.1,4.8,5.3,36.71266968325792,0,0,0,0,0,2
9837,9.0,2005,6.0,68.0,938.0,2546.0,10,0.03,5.1,5.1,46.396146867328426,0.06,4.7,4.7,45.01510299925285,0.06,4.7,4.7,45.991941509232575,0,0,0,0,0,2
9838,14.0,2006,1.0,8.0,68.0,1494.0,6,0.11,5.6,5.7,3.0,0.15,6.5,7.7,3.0,0.45,6.6,6.9,3.0,0,0,1,0,0,2
9839,5.0,2009,6.0,68.0,317.0,1420.0,9,0.08,6.081317301269194,6.428591850367435,48.85785172212493,0.17,6.164849699398801,6.541612558450277,47.55465557501459,0.17,6.20785303941215,6.583874415497689,48.898423817863396,0,0,0,0,1,2
9840,3.0,2001,4.0,161.0,857.0,1307.0,1,0.05,5.4,6.5,47.903901046622266,0.05,5.4,6.5,46.559535136604595,0.4,5.4,6.5,47.730256898192195,0,0,0,0,0,2
9841,5.0,2010,1.0,11.0,1666.0,1226.0,1,0.14,6.036517973148549,6.446041576440007,42.41893830703013,0.14,6.13182763100909,6.5621524469467225,36.190578670492584,0.17,6.158211346903418,6.59756604590732,41.083213773314206,1,0,0,0,0,2
9842,6.0,2014,4.0,42.0,1472.0,1164.0,8,0.16,6.5,4.92,1.5,0.02,8.0,6.7,25.0,0.62,7.5,6.98,104.5,0,0,0,0,0,2
9843,17.0,2006,1.0,54.0,102.0,1028.0,4,0.32,7.25,7.2,34.0,0.23,7.2,8.02,15.0,0.37,6.6,4.1,15.0,0,0,1,0,0,2
9844,1.0,2010,6.0,20.0,317.0,3368.0,6,1.37,6.95,7.2,34.0,0.12,8.3,7.45,5.0,0.12,8.3,7.45,5.0,0,0,0,0,0,2
9845,1.0,2011,1.0,6.0,382.0,3263.0,3,0.34,6.85,7.45,10.0,0.32,7.45,6.35,6.0,0.32,7.45,6.35,6.0,0,0,0,0,0,2
9846,17.0,2010,7.0,26.0,1965.0,3350.0,1,0.12,6.036517973148549,6.446041576440007,42.41893830703013,0.12,6.13182763100909,6.5621524469467225,36.190578670492584,0.12,6.158211346903418,6.59756604590732,41.083213773314206,0,0,0,0,0,2
9847,9.0,2005,2.0,40.0,284.0,1625.0,3,0.36,3.5,7.1,0.0,0.01,5.5,5.2,0.0,0.32,4.9,7.9,0.0,0,0,0,0,0,2
9848,7.0,2003,10.0,13.0,51.0,234.0,3,1.45,5.55,7.0,18.0,0.1,8.0,8.15,86.0,0.24,8.15,8.1,87.0,1,0,1,1,0,2
9849,4.0,2008,1.0,49.0,1164.0,3369.0,11,0.08,6.6,6.05,3.0,0.07,4.5,6.05,3.0,0.12,4.5,6.05,3.0,1,0,0,0,0,2
9850,19.0,2003,1.0,5.0,47.0,1922.0,9,0.32,6.9,8.4,0.0,0.62,6.0,6.9,1.0,0.32,6.9,8.4,0.0,0,0,0,0,0,2
9851,13.0,1998,2.0,22.0,425.0,3370.0,1,0.14,7.6,7.6,38.0,0.25,6.6,6.6,8.0,0.25,6.6,6.6,8.0,0,0,0,0,0,2
9852,19.0,2002,1.0,9.0,102.0,126.0,3,0.21,8.2,8.0,8.0,1.22,8.8,8.57,5.0,1.22,8.8,8.57,5.0,1,0,1,0,1,2
9853,11.0,2016,9.0,179.0,622.0,3371.0,6,0.04,4.5,5.6,34.0,0.32,7.47,7.28,209.0,0.32,7.47,7.28,209.0,0,0,0,0,0,2
9854,5.0,2010,3.0,5.0,415.0,1121.0,11,0.22,6.7,6.43,10.0,0.38,4.0,8.25,1.0,0.38,4.0,8.25,1.0,0,0,0,0,0,2
9855,6.0,2011,6.0,4.0,93.0,3372.0,10,0.11,7.3,5.6,1.0,0.87,7.3,7.0,2.0,0.87,7.3,7.0,2.0,0,0,0,0,0,2
9856,14.0,2005,2.0,29.0,551.0,3373.0,4,1.03,6.47,7.75,12.5,1.03,6.47,7.75,12.5,0.09,8.03,8.52,67.0,0,0,0,1,0,2
9857,5.0,2010,6.0,54.0,1858.0,3126.0,10,0.02,3.6,2.4,49.885309852875615,0.14,3.6,2.4,48.07779759251003,0.14,3.6,2.4,49.565425769059296,0,0,0,1,0,2
9858,20.0,2013,7.0,17.0,211.0,544.0,1,0.18,9.0,8.2,428.0,2.51,8.0,7.7,644.0,1.39,8.63,8.27,449.0,1,0,0,1,0,2
9859,19.0,2002,3.0,31.0,421.0,2364.0,2,0.26,7.45,7.3,0.0,0.26,7.45,7.3,0.0,0.26,7.45,7.3,0.0,0,0,0,0,0,2
9860,17.0,2013,9.0,330.0,1826.0,3075.0,1,0.09,6.016843832020995,6.3843011811023525,43.64141414141414,0.09,6.091391076115479,6.49972440944881,40.217532467532465,0.01,6.117578740157478,6.52308070866142,43.198232323232325,0,0,0,0,0,2
9861,13.0,1996,1.0,358.0,1973.0,3374.0,1,0.0,0.0,0.0,0.0,0.0,0.0,0.0,0.0,0.0,0.0,0.0,0.0,0,0,0,0,0,2
9862,7.0,2005,7.0,300.0,1546.0,3375.0,1,0.0,0.0,0.0,0.0,0.0,0.0,0.0,0.0,0.0,0.0,0.0,0.0,0,0,0,0,0,2
9863,14.0,2003,1.0,2.0,1974.0,3376.0,1,0.17,6.1012652384897565,6.454888152444128,47.685338686698614,0.17,6.1868883891584945,6.56346904959172,46.47707550835384,0.17,6.225610131376502,6.600911350455717,47.855459137417434,0,0,0,0,0,2
9864,15.0,2013,7.0,359.0,1820.0,3066.0,1,0.0,0.0,0.0,0.0,0.14,7.4,7.42,150.0,0.14,7.4,7.42,150.0,0,0,0,0,0,2
9865,5.0,2014,11.0,179.0,590.0,942.0,1,0.15,7.2,7.2,142.0,0.15,7.2,7.2,142.0,0.15,7.2,7.2,142.0,0,0,0,0,0,2
9866,4.0,2007,6.0,15.0,147.0,257.0,5,0.02,7.07,7.38,13.0,0.02,7.07,7.38,13.0,0.01,7.07,7.38,13.0,0,0,0,0,0,2
9867,10.0,2014,10.0,26.0,672.0,1207.0,1,0.12,5.2,6.45,38.5,0.33,7.77,8.18,120.5,0.08,7.77,8.18,120.5,0,0,0,0,0,2
9868,4.0,2011,9.0,29.0,120.0,582.0,9,0.26,6.75,5.28,5.5,0.2,6.75,5.28,5.5,0.25,6.75,4.25,2.0,0,0,0,0,0,2
9869,5.0,2011,1.0,6.0,19.0,3377.0,11,0.13,6.6,2.6,41.036795626576954,0.8,6.6,2.6,35.344407064760304,0.8,6.6,2.6,39.97560975609756,0,0,1,0,0,2
9870,4.0,2005,12.0,6.0,62.0,298.0,12,0.19,5.8,6.5,55.0,0.57,7.5,6.25,23.0,0.21,7.25,7.55,109.0,0,0,1,0,0,2
9871,10.0,2011,1.0,69.0,24.0,3378.0,9,0.33,2.3,2.5,3.0,0.2,3.9,2.5,3.0,0.2,3.9,2.5,3.0,0,0,0,0,0,2
9872,1.0,2007,3.0,40.0,268.0,3379.0,11,0.67,8.2,7.55,68.0,0.1,5.53,7.3,0.5,0.1,5.53,7.3,0.5,1,0,0,0,0,2
9873,23.0,2016,6.0,9.0,34.0,1623.0,8,0.1,8.03,7.4,53.0,0.17,7.0,7.8,149.0,0.4,8.3,8.53,21.5,0,0,1,1,0,2
9874,24.0,1994,10.0,9.0,34.0,608.0,1,0.18,6.0,6.2,5.0,1.07,6.0,6.2,5.0,1.07,6.0,6.2,5.0,1,0,1,0,1,2
9875,23.0,2016,9.0,6.0,1975.0,106.0,4,0.06,7.53,7.28,24.5,0.08,7.53,5.6,4.0,0.08,7.53,5.6,4.0,1,1,0,1,0,2
9876,19.0,2002,10.0,31.0,421.0,987.0,11,0.12,6.07,6.85,13.5,0.38,5.5,6.05,23.0,0.14,5.25,6.5,0.0,0,0,0,0,0,2
9877,15.0,2014,8.0,207.0,1093.0,1763.0,5,0.07,4.5,3.0,2.0,0.27,7.6,7.32,78.0,0.27,7.6,7.32,78.0,0,0,0,0,0,2
9878,17.0,2011,8.0,26.0,804.0,2193.0,1,0.12,8.5,8.5,2.0,0.03,7.0,7.0,1.0,0.26,9.0,9.0,1.0,0,0,0,0,0,2
9879,6.0,2016,4.0,17.0,57.0,65.0,1,0.22,8.0,7.6,65.0,0.3,8.0,7.6,65.0,0.22,8.0,7.6,65.0,1,1,1,0,0,2
9880,20.0,2015,9.0,134.0,1000.0,3380.0,11,0.27,7.33,8.28,17.5,0.1,7.33,4.0,1.0,0.1,7.33,4.0,1.0,0,0,0,0,0,2
9881,4.0,2009,5.0,215.0,494.0,3381.0,2,0.05,7.8,6.8,1.0,0.05,7.0,5.0,1.0,0.02,7.6,7.2,8.0,1,0,0,0,0,2
9882,19.0,2002,1.0,15.0,87.0,1539.0,1,0.14,5.0,5.0,2.0,0.27,5.0,5.0,2.0,0.44,5.0,5.0,2.0,0,0,1,0,0,2
9883,1.0,2010,7.0,360.0,315.0,812.0,9,0.04,3.75,6.25,1.0,1.05,5.83,6.88,198.0,0.02,6.03,6.93,33.5,1,0,0,0,0,2
9884,10.0,2016,4.0,72.0,400.0,1717.0,1,0.02,6.0,7.3,25.0,0.46,7.53,6.97,19.5,0.1,7.53,7.8,8.0,1,0,0,0,0,2
9885,23.0,2014,1.0,15.0,87.0,2831.0,1,0.17,6.97,5.85,72.5,0.11,6.97,5.85,72.5,0.11,6.97,5.85,72.5,0,0,1,0,0,2
9886,7.0,2007,11.0,5.0,679.0,1277.0,10,0.16,5.8,5.8,47.35864844149208,0.45,5.8,5.8,46.229496678589676,0.45,5.8,5.8,47.57901124169648,0,0,0,0,0,2
9887,13.0,1998,3.0,120.0,1976.0,3382.0,1,0.25,6.0160609318996405,6.403268817204285,46.05333068992863,0.25,6.099759856630821,6.523605734767007,42.11122125297383,0.25,6.1246594982078815,6.541229390680994,45.49722442505948,0,0,0,0,0,2
9888,1.0,2008,7.0,57.0,783.0,2199.0,11,0.16,4.5,6.35,1.0,0.16,4.5,6.35,1.0,0.16,4.5,6.35,1.0,0,0,0,0,0,2
9889,14.0,2004,10.0,22.0,686.0,1199.0,11,0.28,4.6,4.7,2.0,0.17,4.0,4.95,2.0,0.17,4.0,4.95,2.0,0,0,0,0,0,2
9890,4.0,2010,7.0,85.0,1677.0,2784.0,5,0.18,7.2,7.05,10.0,0.17,7.2,7.05,10.0,0.17,7.2,7.05,10.0,0,0,0,0,0,2
9891,11.0,2015,1.0,361.0,1648.0,3383.0,1,0.01,8.1,8.1,44.238808539944905,0.01,8.1,8.1,40.88240358126722,0.01,8.1,8.1,43.51325757575758,0,0,0,0,0,2
9892,4.0,2008,5.0,158.0,1256.0,3384.0,5,0.01,6.113935677738978,6.479279623162557,46.09182401140007,0.01,6.201873629497303,6.579344595143392,45.30495190594941,0.01,6.234555348006196,6.622133517420643,46.50917349483434,0,0,0,0,0,2
9893,23.0,2015,9.0,299.0,1430.0,1482.0,5,0.17,6.8,6.6,5.5,0.03,6.8,5.0,1.0,0.09,6.0,6.8,7.5,0,0,0,0,0,2
9894,8.0,1994,10.0,231.0,1977.0,3385.0,1,0.29,6.060073064770927,6.419377962085287,50.71839204668252,0.29,6.1445201421800935,6.542274881516566,48.91938621136806,0.29,6.189670221169031,6.580169826224309,49.949751458828615,0,0,0,0,0,2
9895,13.0,2001,12.0,26.0,683.0,701.0,1,0.43,7.1,8.8,47.903901046622266,0.43,7.1,8.8,46.559535136604595,0.7,5.8,8.2,47.730256898192195,0,0,0,0,0,2
9896,10.0,2011,9.0,35.0,855.0,1204.0,12,0.09,4.6,8.3,30.0,0.28,4.6,8.3,30.0,0.6,4.6,7.1,3.0,0,0,0,0,0,2
9897,6.0,2016,11.0,9.0,34.0,707.0,1,0.31,8.03,7.2,3.0,0.31,8.03,7.2,3.0,0.25,7.0,7.7,86.0,1,0,1,1,0,2
9898,5.0,2008,7.0,362.0,1978.0,2391.0,9,0.0,0.0,0.0,0.0,0.0,0.0,0.0,0.0,0.23,0.0,7.4,5.0,1,0,0,0,1,2
9899,6.0,2014,9.0,49.0,1696.0,2046.0,3,0.2,7.05,7.05,5.0,0.07,6.15,6.35,7.0,0.06,5.0,6.55,5.0,1,0,0,0,0,2
9900,20.0,2013,7.0,5.0,204.0,942.0,3,0.64,2.73,5.2,54.0,0.64,2.73,5.2,54.0,0.64,2.73,5.2,54.0,0,0,0,0,0,2
9901,6.0,2009,6.0,32.0,71.0,260.0,9,1.13,7.93,7.98,42.5,1.13,7.93,7.98,42.5,1.13,7.93,7.98,42.5,1,0,0,0,0,2
9902,4.0,2009,8.0,8.0,187.0,1503.0,10,0.15,6.5,6.52,31.5,0.19,6.5,6.52,31.5,0.15,6.5,6.52,31.5,0,0,0,0,0,2
9903,6.0,2011,3.0,5.0,321.0,2995.0,11,0.12,4.0,6.82,7.0,0.15,4.0,6.82,7.0,0.15,4.0,6.82,7.0,0,0,0,0,0,2
9904,8.0,1993,1.0,363.0,1979.0,3386.0,1,0.0,0.0,0.0,0.0,0.0,0.0,0.0,0.0,0.0,0.0,0.0,0.0,0,0,0,0,0,2
9905,14.0,2005,9.0,15.0,87.0,597.0,11,0.3,7.8,8.6,33.5,0.38,7.5,8.6,33.5,0.42,6.67,7.55,33.5,1,0,1,0,0,2
9906,10.0,2011,9.0,5.0,229.0,2261.0,10,0.23,4.9,6.55,3.0,0.23,4.9,6.55,3.0,0.23,4.9,6.55,3.0,0,0,0,1,0,2
9907,13.0,2000,3.0,8.0,312.0,3387.0,1,0.25,6.7,6.7,3.0,0.25,6.7,6.7,3.0,0.25,6.7,6.7,3.0,0,0,0,0,0,2
9908,7.0,2002,10.0,132.0,1980.0,3388.0,1,0.13,6.5,7.0,1.5,0.13,6.5,7.0,1.5,0.13,6.5,7.0,1.5,0,0,0,0,0,2
9909,9.0,2002,7.0,31.0,1577.0,372.0,9,0.38,5.5,6.05,23.0,0.11,7.3,6.85,3.0,0.38,5.5,6.05,23.0,1,0,0,0,0,2
9910,4.0,2009,11.0,20.0,635.0,3389.0,8,0.35,4.8,4.9,46.48216786984161,0.18,4.8,5.6,45.03658010990195,0.18,4.8,5.6,45.97128542182954,0,0,0,0,0,2
9911,23.0,2014,6.0,291.0,1981.0,3390.0,1,0.01,6.0370023640661925,6.4082836879432445,47.3185817805383,0.01,6.127933806146561,6.533567375886503,45.40683229813665,0.01,6.178366430260039,6.570146572104003,49.021868530020704,0,0,0,0,0,2
9912,13.0,2001,11.0,29.0,1982.0,3391.0,1,0.32,6.097708281522011,6.447693359860781,47.903901046622266,0.32,6.1815792091519635,6.559855757274357,46.559535136604595,0.32,6.221097985575736,6.597542899776213,47.730256898192195,0,0,0,0,0,2
9913,7.0,2003,9.0,9.0,1034.0,823.0,2,0.04,5.1,8.0,3.0,0.39,5.1,7.05,22.0,0.09,6.55,5.85,25.5,0,0,0,0,0,2
9914,6.0,2008,1.0,8.0,68.0,3392.0,1,0.25,6.0,6.1,7.0,0.29,7.3,7.35,4.0,0.29,7.3,7.35,4.0,0,0,1,0,0,2
9915,5.0,2012,3.0,26.0,1059.0,335.0,3,0.18,6.4,5.33,41.5,0.01,6.97,7.35,43.0,0.2,4.4,3.9,43.0,1,0,0,1,1,2
9916,14.0,2004,11.0,6.0,1983.0,870.0,12,0.2,8.15,7.6,109.0,0.2,8.15,7.6,109.0,0.2,8.15,7.6,109.0,0,0,0,0,0,2
9917,17.0,2010,9.0,20.0,77.0,169.0,9,0.13,4.7,5.3,3.0,0.17,5.9,6.1,11.0,0.17,5.9,6.1,11.0,0,0,0,0,0,2
9918,1.0,2010,9.0,59.0,1222.0,3077.0,1,0.04,5.25,8.0,2.0,0.07,7.4,8.0,2.0,0.14,7.4,6.0,1.0,0,0,0,1,0,2
9919,23.0,2014,4.0,292.0,1984.0,3393.0,1,0.01,6.0370023640661925,6.4082836879432445,47.3185817805383,0.01,6.127933806146561,6.533567375886503,45.40683229813665,0.01,6.178366430260039,6.570146572104003,49.021868530020704,0,0,0,0,0,2
9920,14.0,2003,9.0,24.0,131.0,2705.0,8,0.16,5.27,5.53,4.0,0.36,7.35,7.0,34.0,0.03,4.4,8.8,34.0,0,0,0,0,0,2
9921,15.0,2010,11.0,42.0,1985.0,3394.0,8,0.11,8.0,6.7,25.0,0.11,8.0,6.7,25.0,0.11,8.0,6.7,25.0,0,0,0,0,0,2
9922,24.0,1997,5.0,9.0,1237.0,3395.0,1,0.13,5.0,5.0,49.29562687356727,0.13,5.0,5.0,47.72615059072474,0.13,5.0,5.0,49.20948686298713,0,0,0,0,0,2
9923,17.0,2007,4.0,26.0,40.0,625.0,1,0.12,6.8,8.0,5.0,0.14,6.8,8.0,5.0,0.43,6.3,6.65,5.0,1,0,1,0,0,2
9924,19.0,2005,9.0,15.0,87.0,110.0,11,0.2,5.9,7.05,12.0,0.2,5.9,7.05,12.0,0.07,3.7,5.9,1.0,0,0,1,0,0,2
9925,4.0,2011,1.0,15.0,87.0,1539.0,1,0.16,6.107652813930537,6.467882595817321,45.77475613360922,0.16,6.194403554438579,6.56657391616556,44.85269484678293,0.13,6.2266573916165795,6.606709451575302,45.76973100798108,0,0,1,0,0,2
9926,1.0,2011,6.0,364.0,938.0,3396.0,11,0.07,4.0,3.5,1.0,0.1,6.7,6.95,5.0,0.1,6.7,6.95,5.0,0,0,0,0,0,2
9927,1.0,2008,5.0,29.0,694.0,3397.0,11,0.15,4.29,7.5,0.0,0.19,4.29,7.5,0.0,0.19,4.29,7.5,0.0,0,0,0,0,0,2
9928,4.0,2011,9.0,8.0,243.0,2651.0,1,0.14,5.0,6.0,1.0,0.14,5.0,6.0,1.0,0.14,5.0,6.0,1.0,0,0,0,0,0,2
9929,6.0,2009,9.0,9.0,1528.0,1651.0,11,0.4,4.0,6.9,4.0,0.02,5.1,6.9,4.0,0.4,4.0,6.9,4.0,0,0,0,0,0,2
9930,4.0,2007,5.0,189.0,1986.0,3364.0,7,0.08,8.0,8.5,45.63975989965956,0.08,8.0,8.5,44.98176850026877,0.08,8.0,8.5,46.415427342770116,1,0,0,0,0,2
9931,23.0,2014,4.0,365.0,990.0,3398.0,3,0.02,4.7,6.0,45.637968792773066,0.42,4.7,6.0,44.68842960124099,0.42,4.7,6.0,45.95387352860662,0,0,0,0,0,2
9932,18.0,2015,9.0,5.0,89.0,1437.0,6,0.03,7.5,0.8,96.5,4.31,7.5,6.25,96.5,4.31,7.5,6.25,96.5,0,0,0,1,0,2
9933,8.0,1991,7.0,13.0,51.0,3399.0,1,1.18,9.0,8.05,58.0,0.28,9.0,6.9,16.0,0.28,9.0,6.9,16.0,0,0,1,0,0,2
9934,13.0,1996,1.0,49.0,538.0,3369.0,1,0.17,6.074598214285714,6.518080357142857,51.629901960784316,0.17,6.105133928571427,6.627678571428572,32.81127450980392,0.17,6.240669642857141,6.645223214285716,43.85294117647059,0,0,0,0,0,2
9935,17.0,2007,9.0,6.0,62.0,110.0,3,0.26,6.9,6.7,127.0,0.55,5.8,6.5,127.0,0.55,5.8,6.5,127.0,0,0,1,0,0,2
9936,19.0,2005,11.0,64.0,1094.0,759.0,10,0.08,6.7,4.8,46.396146867328426,0.24,6.7,4.8,45.01510299925285,0.26,6.7,4.8,45.991941509232575,0,0,0,0,0,2
9937,24.0,1998,4.0,157.0,13.0,1286.0,1,0.23,7.5,7.5,37.0,0.23,7.5,7.5,37.0,0.23,7.5,7.5,37.0,1,0,0,0,0,2
9938,13.0,1996,1.0,19.0,79.0,3400.0,1,0.3,7.4,7.4,5.0,0.3,7.4,7.4,5.0,0.3,7.4,7.4,5.0,1,0,0,0,0,2
9939,13.0,1998,4.0,72.0,400.0,3401.0,1,0.31,6.0,7.5,10.0,0.31,6.0,7.5,10.0,0.31,6.0,7.5,10.0,0,0,0,0,0,2
9940,4.0,2011,2.0,29.0,1920.0,814.0,2,0.18,8.2,8.35,2.0,0.05,5.6,8.35,2.0,0.18,7.13,7.47,25.0,0,0,0,1,0,2
9941,14.0,2001,3.0,40.0,283.0,1776.0,11,0.25,4.8,5.0,49.86247139588101,0.21,4.8,5.0,48.43188405797101,0.36,4.5,5.0,49.87780320366133,0,0,0,0,0,2
9942,23.0,2014,9.0,299.0,1430.0,1482.0,1,0.0,0.0,0.0,0.0,0.07,5.7,6.3,0.0,0.16,5.5,6.7,4.0,1,0,0,0,0,2
9943,19.0,2006,9.0,29.0,552.0,3402.0,8,0.16,6.1,2.15,6.0,0.11,4.0,4.7,6.0,0.11,4.0,4.7,6.0,0,0,0,0,0,2
9944,13.0,1998,11.0,4.0,1987.0,3403.0,1,0.15,6.0160609318996405,6.403268817204285,46.05333068992863,0.15,6.099759856630821,6.523605734767007,42.11122125297383,0.15,6.1246594982078815,6.541229390680994,45.49722442505948,0,0,0,0,0,2
9945,15.0,2011,4.0,8.0,108.0,667.0,4,0.37,7.33,6.8,1.5,0.15,4.0,5.0,1.0,0.41,5.3,7.05,1.0,0,0,0,0,0,2
9946,5.0,2013,6.0,6.0,869.0,1330.0,1,0.94,6.016843832020995,6.3843011811023525,43.64141414141414,0.94,6.091391076115479,6.49972440944881,40.217532467532465,0.94,6.117578740157478,6.52308070866142,43.198232323232325,0,0,0,0,0,2
9947,6.0,2013,8.0,236.0,227.0,946.0,9,0.08,4.65,6.85,1.0,0.22,6.9,6.97,16.0,0.4,6.75,7.37,12.5,1,0,0,0,0,2
9948,4.0,2008,9.0,204.0,1988.0,3404.0,1,0.01,6.076557377049176,6.4289414021625335,50.52577025484975,0.01,6.1574189047785115,6.543221137077076,48.40728413845569,0.01,6.202197418904775,6.585209277990916,49.56694560669456,0,0,0,1,0,2
9949,7.0,2008,11.0,13.0,448.0,3405.0,1,0.47,6.0,6.0,1.0,0.57,6.0,6.0,1.0,0.57,6.0,6.0,1.0,0,0,0,0,0,2
9950,6.0,2011,6.0,5.0,1143.0,326.0,10,0.14,4.5,6.0,3.0,0.27,4.5,6.0,3.0,0.27,4.5,6.0,3.0,1,0,0,0,1,2
9951,4.0,2009,8.0,6.0,839.0,524.0,6,0.22,6.1,8.2,42.0,0.24,6.1,8.2,42.0,0.39,7.6,8.2,42.0,0,0,0,0,0,2
9952,4.0,2007,11.0,15.0,1279.0,3406.0,1,0.19,4.0,4.0,1.0,0.04,4.0,4.0,1.0,0.04,4.0,4.0,1.0,0,0,0,0,0,2
9953,13.0,1995,12.0,4.0,1989.0,3407.0,1,0.13,7.0,7.3,4.0,0.13,7.0,7.3,4.0,0.13,7.0,7.3,4.0,0,0,0,0,0,2
9954,7.0,2007,6.0,59.0,1990.0,3408.0,1,0.01,5.2,7.2,47.55820785897907,0.01,5.2,7.2,46.14738646101114,0.01,5.2,7.2,47.53813196229649,0,0,0,0,0,2
9955,4.0,2007,4.0,1.0,578.0,3409.0,1,0.26,7.45,7.3,72.0,0.92,7.45,7.3,72.0,0.92,7.45,7.3,72.0,0,0,0,0,0,2
9956,4.0,2011,9.0,20.0,377.0,1946.0,11,0.22,8.0,7.65,21.0,0.13,4.2,5.75,5.0,0.11,4.2,3.0,1.0,0,0,0,0,1,2
9957,10.0,2011,1.0,68.0,317.0,1512.0,9,0.07,4.0,5.95,7.0,0.19,4.07,7.75,1.0,0.45,3.97,7.75,0.0,0,0,0,0,0,2
9958,5.0,2007,9.0,3.0,102.0,1660.0,6,0.16,7.7,7.2,45.848692033293695,0.09,6.1,7.2,44.92196789536266,0.09,6.1,7.2,45.84106222750694,0,0,1,0,0,2
9959,4.0,2009,1.0,26.0,1991.0,3410.0,1,0.15,6.06531266560678,6.414785373608896,47.58155002891845,0.15,6.151277159512439,6.537713301536816,45.36119144013881,0.15,6.18789083200847,6.572859035506092,49.094852515905146,0,0,0,0,0,2
9960,24.0,1994,10.0,41.0,767.0,3411.0,1,0.0,0.0,0.0,0.0,0.0,0.0,0.0,0.0,0.0,0.0,0.0,0.0,0,0,0,0,0,2
9961,14.0,2002,1.0,9.0,11.0,1568.0,11,0.11,6.05,6.95,1.0,0.33,7.23,7.57,7.0,0.21,8.2,8.0,8.0,1,0,1,0,0,2
9962,4.0,2010,5.0,6.0,19.0,800.0,8,0.05,7.1,7.1,45.62894431036024,0.05,7.1,7.1,44.9646017699115,1.0,7.1,7.1,46.39469920443372,0,0,1,0,0,2
9963,19.0,2002,7.0,366.0,1460.0,492.0,11,0.0,0.0,0.0,0.0,0.0,0.0,0.0,0.0,1.54,0.0,7.6,37.0,0,0,0,0,0,2
9964,11.0,2015,4.0,26.0,1992.0,1477.0,1,0.13,6.023708006279429,6.380546310832016,44.238808539944905,0.13,6.098238618524324,6.497463108320238,40.88240358126722,0.22,6.122084772370479,6.520916797488228,43.51325757575758,0,0,0,1,0,2
9965,7.0,2002,3.0,8.0,1993.0,2281.0,4,0.19,7.45,6.45,5.0,0.19,7.45,6.45,5.0,0.15,8.27,8.13,29.0,0,0,0,0,0,2
9966,1.0,2011,6.0,8.0,415.0,528.0,11,0.19,4.0,1.8,0.0,0.08,4.0,1.8,0.0,0.21,4.0,1.8,0.0,0,0,0,0,0,2
9967,17.0,2005,1.0,8.0,45.0,31.0,4,0.05,6.75,7.7,0.0,0.21,5.9,7.4,0.0,0.1,5.8,7.4,13.0,1,1,1,0,1,2
9968,11.0,2016,9.0,42.0,225.0,273.0,5,0.31,4.77,5.48,9.0,0.81,6.47,7.45,72.5,0.62,6.07,6.45,83.5,1,0,0,1,0,2
9969,14.0,2003,9.0,29.0,131.0,1505.0,11,0.35,3.9,4.45,1.0,0.45,6.4,7.45,8.0,0.45,6.4,7.45,8.0,0,0,0,0,0,2
9970,4.0,2008,7.0,75.0,1994.0,894.0,11,0.04,5.0,7.7,48.44426425401161,0.04,5.0,7.7,46.782946398088086,0.02,3.6,4.0,48.1357972004097,1,0,0,0,0,2
9971,9.0,2001,3.0,29.0,495.0,1346.0,6,0.46,5.15,6.5,2.0,0.1,5.15,6.5,2.0,0.33,8.1,7.7,6.0,0,0,0,0,0,2
9972,4.0,2008,11.0,54.0,474.0,3412.0,12,0.21,6.3,6.6,8.0,0.02,7.6,7.2,8.0,0.02,7.6,7.2,8.0,1,0,0,0,1,2
9973,6.0,2012,9.0,9.0,1995.0,707.0,1,0.18,7.4,5.8,4.0,0.18,7.4,5.8,4.0,0.97,7.4,7.95,69.0,1,0,0,1,0,2
9974,7.0,2000,10.0,49.0,538.0,395.0,1,0.05,7.3,7.3,5.0,0.04,7.3,4.0,1.0,0.14,6.5,7.3,86.0,0,0,0,0,0,2
9975,4.0,2009,4.0,134.0,819.0,3413.0,10,0.13,7.8,7.8,21.0,0.13,7.8,7.8,21.0,0.13,7.8,7.8,21.0,0,0,0,0,0,2
9976,1.0,2010,6.0,6.0,19.0,3414.0,10,0.16,5.53,5.3,11.5,9.52,6.8,7.18,83.0,9.52,6.8,7.18,83.0,0,0,1,0,0,2
9977,14.0,2004,1.0,5.0,391.0,422.0,8,0.84,8.0,8.4,1.0,1.17,5.7,8.3,1.0,0.06,5.7,1.0,1.0,0,0,0,0,0,2
9978,14.0,2002,3.0,11.0,217.0,1054.0,6,0.42,7.1,8.7,44.0,0.7,7.13,8.25,44.0,0.7,7.13,8.25,44.0,0,0,0,0,0,2
9979,24.0,1995,12.0,49.0,524.0,1160.0,1,0.3,6.105477410782085,6.471694191344031,46.30825496342738,0.3,6.192767653758562,6.565149962034973,45.062225705329155,0.28,6.223125474563416,6.604986712224803,46.031556948798325,0,0,0,0,0,2
9980,15.0,2001,12.0,222.0,1714.0,2851.0,10,0.32,6.13,7.07,10.5,0.32,6.13,7.07,10.5,0.32,6.13,7.07,10.5,0,0,0,0,0,2
9981,5.0,2008,12.0,42.0,1189.0,2660.0,9,0.29,6.77,6.58,31.0,0.03,6.77,6.58,31.0,0.06,5.5,7.4,31.0,0,0,0,0,0,2
9982,13.0,2000,3.0,62.0,19.0,3415.0,1,0.19,2.0,7.4,5.0,0.05,2.0,7.4,5.0,0.05,2.0,7.4,5.0,0,0,1,0,0,2
9983,14.0,2004,7.0,11.0,1163.0,3416.0,3,0.49,3.65,7.4,5.0,0.26,3.65,7.4,5.0,0.26,3.65,7.4,5.0,0,0,0,0,0,2
9984,7.0,2003,3.0,141.0,993.0,3417.0,4,0.08,6.55,6.55,0.0,0.08,6.55,6.55,0.0,0.08,6.55,6.55,0.0,0,0,0,0,0,2
9985,7.0,2006,3.0,8.0,68.0,472.0,9,0.22,7.17,6.75,2.0,0.83,7.43,6.8,2.0,0.63,7.8,7.8,1.0,0,0,1,0,0,2
9986,6.0,2008,6.0,15.0,390.0,1886.0,11,0.33,6.044421151439289,6.38992177722153,48.44426425401161,0.21,6.126584793491856,6.504150500625782,46.782946398088086,0.21,6.170384856070071,6.544500938673344,48.1357972004097,1,0,0,1,0,2
9987,5.0,2011,6.0,3.0,448.0,2238.0,3,0.16,8.0,8.0,7.0,0.68,8.0,8.0,7.0,0.68,8.0,8.0,7.0,0,0,0,0,0,2
9988,4.0,2005,2.0,26.0,40.0,37.0,8,0.2,5.0,5.0,1.0,0.11,4.2,7.05,3.0,0.11,5.2,7.05,3.0,0,0,1,0,0,2
9989,6.0,2010,1.0,5.0,783.0,422.0,9,0.19,6.65,7.45,31.0,0.27,6.65,7.35,1.0,0.61,6.65,8.0,1.0,0,0,0,0,0,2
9990,4.0,2008,5.0,40.0,1996.0,3418.0,10,0.9,7.6,7.6,47.32791802049488,0.9,7.6,7.6,45.973319170207446,0.9,7.6,7.6,47.42195701074731,0,0,0,0,0,2
9991,7.0,2005,1.0,15.0,87.0,3419.0,1,0.14,6.7,8.0,50.56199677938808,0.23,6.7,8.0,37.569243156199676,0.23,6.7,8.0,43.750402576489535,0,0,1,0,0,2
9992,7.0,2006,10.0,9.0,1997.0,3420.0,1,0.14,9.1,9.1,11.0,0.14,9.1,9.1,11.0,0.14,9.1,9.1,11.0,0,0,0,0,0,2
9993,7.0,2007,4.0,342.0,1558.0,3177.0,10,0.1,6.8,7.45,8.0,0.09,6.4,7.15,8.0,0.09,6.4,7.15,8.0,1,0,0,0,0,2
9994,14.0,2002,9.0,9.0,1998.0,3421.0,10,0.16,8.4,6.3,47.153113889207475,0.16,8.4,6.3,45.36168138547998,0.16,8.4,6.3,46.27904576212868,0,0,0,0,0,2
9995,9.0,2002,4.0,11.0,98.0,834.0,11,0.13,6.8,8.35,0.0,0.04,6.5,8.35,0.0,0.19,7.0,8.35,17.0,1,0,0,0,0,2
9996,24.0,1998,11.0,367.0,1999.0,3422.0,1,0.04,8.0,8.0,1.0,0.04,8.0,8.0,1.0,0.04,8.0,8.0,1.0,0,0,0,0,0,2
9997,9.0,2004,9.0,29.0,1770.0,3423.0,10,0.13,6.15,3.0,2.0,0.13,6.15,3.0,2.0,0.13,6.15,3.0,2.0,0,0,0,0,0,2
9998,17.0,2012,4.0,17.0,250.0,25.0,9,0.88,7.67,7.97,416.5,0.23,7.67,5.5,2.0,0.81,5.5,8.07,46.5,1,1,0,0,0,2
9999,6.0,2011,6.0,8.0,31.0,528.0,11,0.16,6.006015209125474,6.41599619771862,41.036795626576954,0.19,6.090570342205316,6.534011406844094,35.344407064760304,0.19,6.119920152091249,6.565832699619768,39.97560975609756,0,0,0,0,0,2
10000,4.0,2007,9.0,26.0,150.0,3424.0,2,0.01,5.0,4.5,11.0,0.03,7.1,6.55,22.0,0.1,7.1,7.2,6.0,0,0,0,0,0,2
10001,9.0,2002,1.0,31.0,195.0,339.0,2,0.15,8.3,8.0,4.5,0.06,4.83,4.05,4.5,0.27,4.83,5.0,1.0,1,0,0,1,1,2
10002,17.0,2006,7.0,33.0,494.0,3425.0,11,0.16,8.4,7.5,60.0,0.23,8.4,7.5,60.0,0.23,8.4,7.5,60.0,0,0,0,0,0,2
10003,7.0,2005,4.0,9.0,841.0,3426.0,10,0.22,6.8,7.87,32.0,0.11,4.3,6.55,1.0,0.11,4.3,6.55,1.0,1,0,0,0,0,2
10004,18.0,2015,1.0,5.0,781.0,86.0,10,0.18,7.47,6.6,8.5,0.26,5.65,4.87,2.5,0.26,5.65,4.87,2.5,1,0,0,1,1,2
10005,4.0,2008,6.0,8.0,383.0,3427.0,9,0.15,7.5,6.87,2.5,0.16,6.7,7.6,3.0,0.16,6.7,7.6,3.0,0,0,0,0,0,2
10006,6.0,2009,6.0,4.0,299.0,373.0,11,0.61,5.37,6.63,59.0,0.63,6.4,8.53,2.0,0.63,6.4,8.53,2.0,1,0,0,0,0,2
10007,4.0,2009,8.0,29.0,120.0,3428.0,5,0.29,6.1,7.0,1.0,0.39,6.1,7.0,1.0,0.39,6.1,7.0,1.0,0,0,0,0,0,2
10008,14.0,2004,7.0,64.0,2000.0,894.0,8,0.42,7.9,7.6,3.0,0.42,7.9,7.6,3.0,0.01,4.6,7.6,3.0,1,0,0,0,0,2
10009,4.0,2007,10.0,40.0,627.0,216.0,11,0.57,5.1,5.4,13.0,0.83,5.0,7.6,70.0,1.06,7.0,7.53,46.5,1,0,0,0,0,2
10010,10.0,2012,1.0,1.0,2001.0,3429.0,1,0.21,6.072961653015631,6.425969843633651,50.50295255548768,0.21,6.152457185405805,6.543201787043918,48.179596823457544,0.21,6.196662323157107,6.5816586001488995,49.25208715129302,0,0,0,0,0,2
10011,13.0,1994,10.0,368.0,560.0,3430.0,1,0.0,0.0,0.0,0.0,0.0,0.0,0.0,0.0,0.0,0.0,0.0,0.0,0,0,0,0,0,2
10012,19.0,2006,1.0,8.0,45.0,3431.0,2,0.33,7.82,8.1,20.0,0.75,7.6,8.6,20.0,0.75,7.6,8.6,20.0,1,1,1,0,0,2
10013,18.0,2016,3.0,36.0,130.0,1912.0,12,0.02,6.3,7.0,5.0,0.05,6.3,5.85,5.0,0.05,6.3,5.85,5.0,0,0,0,0,0,2
10014,4.0,2010,9.0,26.0,2002.0,3432.0,1,0.12,10.0,10.0,1.0,0.12,10.0,10.0,1.0,0.12,10.0,10.0,1.0,0,0,0,0,0,2
10015,6.0,2016,1.0,15.0,87.0,102.0,1,0.17,5.0,6.5,16.0,0.1,7.83,6.5,16.0,0.1,7.83,6.5,16.0,0,0,1,0,0,2
10016,7.0,2005,6.0,91.0,2003.0,3433.0,10,0.07,4.5,3.7,46.396146867328426,0.07,4.5,3.7,45.01510299925285,0.07,4.5,3.7,45.991941509232575,0,0,0,0,0,2
10017,9.0,2002,7.0,6.0,705.0,2369.0,3,0.38,4.7,5.3,47.00641389488024,0.38,4.7,5.3,45.229821773186515,0.38,4.7,5.3,46.14320581223748,1,0,1,0,0,2
10018,13.0,1999,10.0,85.0,1925.0,3434.0,1,0.0,0.0,0.0,0.0,0.13,0.0,6.5,2.0,0.13,0.0,6.5,2.0,0,0,0,0,0,2
10019,5.0,2007,7.0,85.0,2004.0,3435.0,6,0.06,7.0,7.02,5.0,0.06,7.0,7.02,5.0,0.06,7.0,7.02,5.0,0,0,0,0,0,2
10020,7.0,2008,12.0,7.0,151.0,2210.0,3,0.31,6.7,5.6,279.5,3.12,8.99,8.28,279.5,0.02,6.03,4.62,3.5,0,0,0,0,0,2
10021,17.0,2005,1.0,8.0,27.0,31.0,10,0.17,8.0,7.6,3.5,0.89,7.6,7.08,3.5,4.21,5.5,6.95,22.0,1,1,1,0,1,2
10022,18.0,2016,11.0,17.0,1068.0,1730.0,10,0.02,8.6,7.15,100.5,0.06,6.83,7.18,218.0,0.37,7.25,8.1,247.0,0,0,0,1,0,2
10023,5.0,2008,1.0,8.0,68.0,1494.0,9,0.14,6.4,7.2,3.0,0.18,7.0,6.9,3.0,0.12,6.9,7.1,3.0,0,0,1,0,0,2
10024,7.0,2004,1.0,31.0,2005.0,3436.0,4,0.26,6.85,7.25,23.0,0.26,6.85,7.25,23.0,0.26,6.85,7.25,23.0,0,0,0,0,0,2
10025,14.0,2004,9.0,2.0,2006.0,3437.0,3,0.02,6.122058244785515,6.486428964974464,45.87070454152996,0.02,6.2045147579693145,6.583374262101584,44.89656363322397,0.02,6.237591499409697,6.624576151121619,46.36703505439475,0,0,0,1,0,2
10026,13.0,1998,11.0,369.0,2007.0,1545.0,1,0.0,0.0,0.0,0.0,0.0,0.0,0.0,0.0,0.44,0.0,6.0,1.0,0,0,0,0,0,2
10027,17.0,2010,9.0,49.0,2008.0,3438.0,1,0.11,6.036517973148549,6.446041576440007,42.41893830703013,0.11,6.13182763100909,6.5621524469467225,36.190578670492584,0.11,6.158211346903418,6.59756604590732,41.083213773314206,0,0,0,0,0,2
10028,20.0,2014,6.0,26.0,725.0,981.0,1,0.12,6.0,6.0,1.0,0.12,6.0,6.0,1.0,0.63,8.0,8.0,1.0,0,0,0,0,0,2
10029,7.0,2003,4.0,72.0,1481.0,2451.0,12,0.05,7.25,8.3,0.0,0.05,7.25,8.3,0.0,0.05,7.25,8.3,0.0,1,0,0,0,0,2
10030,9.0,2003,6.0,13.0,51.0,3439.0,3,0.58,5.27,5.85,6.0,1.45,5.55,7.0,18.0,1.45,5.55,7.0,18.0,1,0,1,0,0,2
10031,4.0,2009,12.0,29.0,1891.0,3440.0,5,0.25,6.5,6.1,1.0,0.25,6.5,6.1,1.0,0.25,6.5,6.1,1.0,0,0,0,0,0,2
10032,10.0,2014,5.0,9.0,2009.0,4.0,4,0.05,6.07,7.17,10.0,0.05,6.07,7.17,10.0,0.58,6.07,7.17,10.0,1,0,0,0,1,2
10033,15.0,2013,9.0,15.0,87.0,102.0,9,0.17,5.2,5.55,2.0,0.17,5.2,5.55,2.0,0.25,7.17,5.82,84.0,0,1,1,1,0,2
10034,1.0,2010,4.0,217.0,950.0,1293.0,4,0.07,6.45,9.0,1.0,0.09,6.45,8.1,1.0,0.02,6.45,8.4,10.0,1,0,0,0,0,2
10035,4.0,2007,9.0,6.0,382.0,1905.0,8,0.15,6.33,6.67,9.5,0.15,6.33,6.67,9.5,0.02,7.0,7.0,5.0,0,0,0,0,0,2
10036,4.0,2010,6.0,12.0,825.0,1256.0,1,0.07,6.036517973148549,6.446041576440007,42.41893830703013,0.57,6.13182763100909,6.5621524469467225,36.190578670492584,0.57,6.158211346903418,6.59756604590732,41.083213773314206,0,0,0,0,0,2
10037,4.0,2008,6.0,6.0,1844.0,530.0,1,0.32,7.3,7.3,50.52577025484975,0.32,7.3,7.3,48.40728413845569,0.44,7.3,7.3,49.56694560669456,0,0,0,0,0,2
10038,1.0,2009,1.0,49.0,2010.0,3441.0,9,0.34,6.23,6.92,35.0,0.34,6.23,6.92,35.0,0.34,6.23,6.92,35.0,0,0,0,0,0,2
10039,7.0,2000,12.0,15.0,87.0,3442.0,3,0.05,8.0,8.0,1.0,0.06,8.0,8.0,1.0,0.06,8.0,8.0,1.0,0,0,1,0,0,2
10040,7.0,2005,7.0,24.0,1506.0,3443.0,5,0.03,7.75,8.2,18.0,0.03,7.75,8.2,18.0,0.03,7.75,8.2,18.0,0,0,0,0,0,2
10041,13.0,1999,1.0,15.0,87.0,3444.0,1,0.17,5.9864729458917845,6.425400801603205,44.05604395604396,0.26,6.120961923847696,6.589959919839676,34.17912087912088,0.26,6.162114228456913,6.618947895791575,38.04120879120879,0,0,1,0,0,2
10042,4.0,2009,11.0,9.0,1792.0,3445.0,9,0.58,6.8,6.92,83.0,0.15,4.85,8.2,83.0,0.15,4.85,8.2,83.0,0,0,0,0,0,2
10043,6.0,2010,1.0,364.0,315.0,2316.0,1,0.02,5.0,3.75,29.0,0.11,3.4,3.75,29.0,0.24,3.8,5.4,0.0,0,0,0,0,0,2
10044,14.0,2005,9.0,29.0,952.0,3446.0,10,0.2,6.099184524386703,6.463256084553545,46.396146867328426,0.2,6.187127896829265,6.560170658392374,45.01510299925285,0.2,6.219764375060624,6.599720740812616,45.991941509232575,0,0,0,0,0,2
10045,14.0,2003,9.0,196.0,1325.0,3447.0,3,0.01,5.7,7.0,1.0,0.13,7.07,7.0,1.5,0.13,7.07,7.0,1.5,0,0,0,0,0,2
10046,4.0,2004,6.0,29.0,377.0,3448.0,12,0.11,4.0,4.7,46.239596932114885,0.02,4.0,6.0,45.69725032637076,0.02,4.0,6.0,47.014074738903396,0,0,0,0,1,2
10047,20.0,2014,9.0,1.0,1696.0,3449.0,10,1.01,9.2,8.65,140.5,0.12,6.0,6.5,2.5,0.12,6.0,6.5,2.5,0,0,0,0,0,2
10048,6.0,2010,9.0,8.0,31.0,137.0,9,0.31,5.98,6.48,8.5,0.6,7.93,8.03,25.0,0.33,5.62,6.28,4.5,0,0,0,0,0,2
10049,5.0,2010,3.0,5.0,1016.0,3450.0,11,0.17,6.83,7.05,19.5,0.19,3.0,7.05,19.5,0.19,3.0,7.05,19.5,0,0,0,0,0,2
10050,19.0,2002,3.0,31.0,209.0,1646.0,2,0.12,4.8,5.5,2.0,2.52,7.56,7.83,85.0,2.52,7.56,7.83,85.0,0,0,0,0,0,2
10051,4.0,2007,11.0,152.0,2011.0,3451.0,1,0.0,0.0,0.0,0.0,0.0,0.0,0.0,0.0,0.0,0.0,0.0,0.0,1,0,0,0,0,2
10052,6.0,2011,6.0,4.0,342.0,1142.0,3,0.16,7.7,7.5,2.0,0.64,4.25,4.9,3.0,0.64,4.25,4.9,3.0,0,0,0,1,0,2
10053,5.0,2009,10.0,155.0,1139.0,1850.0,9,0.09,6.07,7.4,17.0,0.04,6.07,6.52,20.0,0.04,6.07,8.0,9.0,0,0,0,0,0,2
10055,7.0,2008,6.0,26.0,419.0,637.0,9,0.07,4.9,6.8,19.5,0.05,6.1,6.95,19.5,0.04,6.1,7.0,1.0,0,0,1,0,0,2
10056,13.0,2000,10.0,255.0,380.0,1850.0,4,0.01,7.0,7.0,1.0,0.05,7.0,7.0,1.0,0.17,8.0,8.0,20.0,0,0,0,0,0,2
10057,13.0,1997,7.0,151.0,2012.0,3452.0,1,0.03,6.042070079121586,6.394020668496688,49.29562687356727,0.03,6.127673179396085,6.510931697077347,47.72615059072474,0.03,6.172315517519764,6.551114161149683,49.20948686298713,0,0,0,0,0,2
10058,5.0,2011,7.0,36.0,1953.0,3321.0,9,0.15,7.7,7.08,38.5,0.12,4.33,4.95,16.0,0.12,4.33,4.95,16.0,0,0,0,0,0,2
10059,14.0,2003,9.0,6.0,62.0,1787.0,10,0.15,8.25,8.05,198.0,0.1,8.35,8.35,190.0,0.1,8.35,8.35,190.0,0,0,1,0,0,2
10060,24.0,1998,11.0,9.0,2007.0,1545.0,1,0.25,7.0,7.0,1.0,0.11,7.0,7.0,1.0,0.42,7.0,7.0,1.0,0,0,0,0,0,2
10061,10.0,2015,9.0,5.0,1345.0,1425.0,1,0.26,6.3,6.3,3.0,0.26,6.3,6.3,3.0,0.26,6.3,6.3,3.0,1,0,0,1,0,2
10062,1.0,2007,1.0,71.0,538.0,2846.0,12,0.11,5.6,6.65,11.0,0.02,5.6,6.65,11.0,0.16,5.8,7.35,2.0,0,0,0,0,1,2
10063,17.0,2009,4.0,26.0,1875.0,3173.0,1,0.12,6.06531266560678,6.414785373608896,47.58155002891845,0.12,6.151277159512439,6.537713301536816,45.36119144013881,0.12,6.18789083200847,6.572859035506092,49.094852515905146,0,0,0,0,0,2
10064,13.0,1994,1.0,15.0,87.0,1539.0,1,0.28,7.6,7.6,14.0,0.28,7.6,7.6,14.0,0.28,7.6,7.6,14.0,0,0,1,0,0,2
10065,14.0,2005,9.0,64.0,779.0,3453.0,4,0.07,4.0,6.8,2.5,0.11,5.07,7.02,2.5,0.11,5.07,7.02,2.5,0,0,0,0,0,2
10066,7.0,2009,9.0,59.0,279.0,3454.0,1,0.05,5.8,4.3,47.58155002891845,1.38,5.8,4.3,45.36119144013881,1.38,5.8,4.3,49.094852515905146,0,0,0,0,0,2
10067,5.0,2011,6.0,6.0,625.0,912.0,11,0.13,6.006015209125474,6.41599619771862,41.036795626576954,0.14,6.090570342205316,6.534011406844094,35.344407064760304,0.5,6.119920152091249,6.565832699619768,39.97560975609756,0,0,0,0,0,2
10068,24.0,1996,3.0,9.0,34.0,3455.0,1,0.15,6.074598214285714,6.518080357142857,51.629901960784316,0.29,6.105133928571427,6.627678571428572,32.81127450980392,0.29,6.240669642857141,6.645223214285716,43.85294117647059,0,0,1,0,0,2
10069,4.0,2005,7.0,8.0,68.0,1133.0,6,0.15,6.6,7.5,1.0,0.2,7.7,7.3,1.0,0.2,7.7,7.3,1.0,0,0,1,0,0,2
10070,6.0,2011,8.0,42.0,1541.0,3456.0,3,0.72,7.8,7.58,158.5,0.2,7.8,7.58,158.5,0.2,7.8,7.58,158.5,0,0,0,0,0,2
10071,4.0,2007,5.0,35.0,1330.0,2175.0,9,0.07,6.5,6.3,47.74484613086346,0.07,6.5,6.3,44.120854496564085,0.07,6.5,6.3,48.0920227069017,0,0,0,0,0,2
10072,7.0,2005,9.0,6.0,1725.0,3457.0,3,0.24,7.15,7.55,4.0,0.16,7.52,7.55,47.0,0.16,7.52,7.55,47.0,0,0,0,0,0,2
10073,11.0,2014,9.0,331.0,269.0,2483.0,10,0.09,4.47,7.08,10.5,0.21,4.47,7.08,10.5,0.21,4.47,7.08,10.5,0,0,0,0,0,2
10074,1.0,2010,9.0,1.0,1090.0,3458.0,1,0.27,7.0,7.5,4.0,0.02,6.0,7.1,28.0,0.02,6.0,7.1,28.0,0,0,0,0,0,2
10075,15.0,2011,12.0,241.0,1714.0,2851.0,7,0.02,4.85,5.0,1.0,0.02,4.85,7.5,0.0,0.02,4.5,5.9,1.0,0,0,0,0,0,2
10076,4.0,2009,5.0,260.0,120.0,2140.0,9,0.24,8.7,8.7,48.85785172212493,0.1,8.7,8.7,47.55465557501459,0.1,8.7,8.7,48.898423817863396,0,0,0,0,0,2
10077,1.0,2009,1.0,6.0,2013.0,3459.0,3,0.13,6.091280098280098,6.442550368550418,47.69869728713403,0.13,6.175740786240802,6.554272727272775,46.337630942788074,0.13,6.215514742014753,6.591929975430013,47.46736502820306,0,0,0,0,0,2
10078,7.0,2006,6.0,370.0,2014.0,3460.0,1,0.0,0.0,0.0,0.0,0.0,0.0,0.0,0.0,0.0,0.0,0.0,0.0,0,0,0,0,0,2
10079,1.0,2010,1.0,364.0,315.0,2316.0,1,0.02,5.0,7.0,4.0,0.08,6.5,7.0,4.0,0.01,4.3,7.0,4.0,0,0,0,0,0,2
10080,1.0,2008,3.0,5.0,619.0,3461.0,3,0.01,2.0,5.6,8.0,0.12,4.0,5.6,8.0,0.11,3.43,3.17,14.0,0,0,0,0,0,2
10081,17.0,2007,1.0,6.0,62.0,2075.0,5,0.25,5.35,6.0,3.0,0.29,5.5,5.0,2.0,0.29,5.5,5.0,2.0,0,0,1,0,0,2
10082,17.0,2011,9.0,4.0,648.0,944.0,9,1.35,8.6,8.55,189.0,0.79,5.95,8.2,189.0,0.79,5.95,8.2,189.0,1,0,0,1,0,2
10083,4.0,2010,8.0,42.0,1472.0,3462.0,6,0.02,5.57,6.52,18.5,0.22,5.57,6.52,18.5,0.22,5.57,6.52,18.5,0,0,0,0,0,2
10084,14.0,2002,1.0,40.0,218.0,2115.0,9,0.18,5.63,2.4,4.0,0.07,7.2,7.3,22.0,0.07,7.2,7.3,22.0,1,0,0,0,0,2
10085,14.0,2002,7.0,236.0,227.0,3463.0,3,0.26,4.0,7.8,1.0,0.1,4.0,7.8,1.0,0.1,4.0,7.8,1.0,0,0,0,0,0,2
10086,1.0,2011,7.0,183.0,931.0,2737.0,11,0.19,3.9,3.45,1.0,0.02,3.9,3.45,1.0,0.18,3.9,3.45,1.0,0,0,0,0,0,2
10087,11.0,2015,9.0,49.0,253.0,559.0,10,0.1,6.75,7.33,5.5,0.29,6.5,7.08,13.5,0.06,6.5,7.0,1.0,0,0,0,0,0,2
10088,5.0,2006,2.0,6.0,19.0,422.0,9,0.17,5.9,5.9,48.248510874082285,0.08,5.9,5.9,46.851849286604796,0.17,5.9,5.9,48.092395068569054,0,0,1,0,0,2
10089,4.0,2009,11.0,15.0,87.0,3464.0,11,0.2,3.9,6.67,137.5,0.01,7.17,6.67,137.5,0.01,7.17,6.67,137.5,0,0,1,0,0,2
10090,14.0,2002,7.0,117.0,612.0,3465.0,7,0.04,7.6,7.03,2.5,0.04,7.6,7.03,2.5,0.04,7.6,7.03,2.5,0,0,0,0,1,2
10091,4.0,2009,6.0,29.0,120.0,3466.0,9,0.1,5.3,5.3,48.85785172212493,0.41,5.3,5.3,47.55465557501459,0.41,5.3,5.3,48.898423817863396,0,0,0,0,0,2
10092,6.0,2010,1.0,364.0,910.0,3467.0,10,0.09,2.0,4.0,1.0,0.07,2.0,8.0,1.0,0.07,2.0,8.0,1.0,0,0,0,0,0,2
10093,6.0,2008,1.0,15.0,1271.0,2069.0,1,0.22,6.076557377049176,6.4289414021625335,50.52577025484975,0.22,6.1574189047785115,6.543221137077076,48.40728413845569,0.07,6.202197418904775,6.585209277990916,49.56694560669456,0,0,0,0,0,2
10094,6.0,2015,9.0,49.0,253.0,559.0,10,0.06,6.0,7.3,3.5,0.22,7.05,7.2,13.0,0.05,7.05,7.0,1.0,0,0,0,0,0,2
10095,19.0,2002,7.0,21.0,204.0,1589.0,10,0.04,6.5,8.2,11.0,0.14,5.3,8.2,11.0,0.42,6.5,7.27,11.0,1,0,0,0,0,2
10096,1.0,2009,11.0,328.0,581.0,3445.0,9,0.08,5.6,6.4,5.0,0.92,6.0,6.35,20.0,0.11,6.5,6.35,20.0,0,0,0,0,0,2
10097,7.0,2005,7.0,234.0,2015.0,2965.0,5,0.08,6.8,6.5,72.0,0.08,6.8,6.5,72.0,0.1,6.8,6.5,72.0,1,0,0,0,0,2
10098,5.0,2014,11.0,26.0,779.0,37.0,10,0.47,6.43,6.72,68.5,0.2,6.27,6.77,9.0,0.09,6.27,5.0,1.0,1,0,0,0,0,2
10099,13.0,1999,10.0,31.0,421.0,3468.0,8,0.27,9.5,7.3,30.0,0.27,9.5,7.3,30.0,0.27,9.5,7.3,30.0,0,0,0,0,0,2
10100,13.0,2002,10.0,26.0,148.0,1556.0,4,1.51,6.77,7.57,8.5,1.8,8.15,7.65,16.0,1.8,8.15,7.65,16.0,0,0,0,0,0,2
10101,4.0,2011,5.0,86.0,2016.0,3469.0,1,0.05,6.53,7.22,121.5,0.05,6.53,7.22,121.5,0.05,6.5,7.12,6.5,0,0,0,0,0,2
10102,10.0,2012,8.0,6.0,1106.0,3470.0,1,0.15,4.8,5.85,14.0,0.05,4.8,5.85,14.0,0.05,4.8,5.85,14.0,0,0,0,0,1,2
10103,7.0,2005,1.0,15.0,87.0,102.0,1,0.14,7.4,7.4,5.0,0.14,7.4,7.4,5.0,1.2,8.0,8.0,1.0,0,0,1,0,0,2
10104,9.0,2002,9.0,6.0,19.0,3471.0,9,0.28,7.57,7.62,12.0,0.65,4.7,6.2,12.0,0.65,4.7,6.2,12.0,0,0,1,0,0,2
10105,9.0,2005,6.0,88.0,679.0,37.0,5,0.01,5.77,4.0,1.0,0.34,5.77,4.0,1.0,0.21,5.77,6.7,1.0,1,0,0,0,0,2
10106,4.0,2007,8.0,371.0,2017.0,3472.0,1,0.09,7.8,7.5,20.0,0.09,7.8,7.5,20.0,0.09,7.8,7.5,20.0,0,0,0,0,0,2
10107,9.0,2004,12.0,11.0,1255.0,1982.0,11,0.2,4.0,6.9,3.5,0.15,5.47,7.83,3.5,0.3,5.47,7.83,3.5,0,0,0,1,0,2
10108,19.0,2002,1.0,9.0,1034.0,3473.0,3,0.13,8.0,7.8,3.0,0.14,6.25,6.85,3.0,0.14,6.25,6.85,3.0,0,0,0,0,0,2
10109,4.0,2007,9.0,33.0,243.0,1041.0,11,0.11,4.9,7.3,46.33063646170442,2.2,4.9,7.3,44.32092772384035,0.4,4.9,7.3,47.683791801510246,0,0,0,0,0,2
10110,17.0,2011,11.0,337.0,1860.0,3137.0,1,0.05,6.107652813930537,6.467882595817321,45.77475613360922,0.05,6.194403554438579,6.56657391616556,44.85269484678293,0.14,6.2266573916165795,6.606709451575302,45.76973100798108,0,0,0,0,0,2
10111,5.0,2009,2.0,20.0,187.0,3047.0,10,0.14,6.5,4.5,2.0,0.12,6.5,4.5,2.0,0.12,6.5,4.5,2.0,0,0,0,0,0,2
10112,4.0,2005,11.0,15.0,221.0,2767.0,9,0.13,7.07,7.83,15.0,0.02,3.65,5.65,1.0,0.02,3.65,5.65,1.0,1,0,1,0,0,2
10113,23.0,2013,4.0,134.0,1545.0,3474.0,1,0.22,6.53,8.03,17.0,0.13,6.53,10.0,1.0,0.08,6.53,5.8,8.0,0,0,0,0,0,2
10114,7.0,2011,10.0,29.0,120.0,1594.0,4,0.16,4.13,6.1,1.5,0.19,6.33,5.95,14.0,0.19,6.33,5.95,14.0,0,0,0,1,0,2
10115,7.0,2007,1.0,15.0,87.0,2040.0,10,0.42,7.5,8.15,68.0,0.42,7.5,8.15,68.0,0.42,7.5,8.15,68.0,0,0,1,0,0,2
10116,5.0,2010,6.0,29.0,120.0,3475.0,9,0.18,6.0408158995815855,6.398263598326344,49.51921757035004,0.04,6.133399581589951,6.528050209204999,47.858499199267904,0.04,6.181351464435135,6.563376569037639,49.493479752916954,0,0,0,0,0,2
10117,24.0,1995,6.0,9.0,766.0,3476.0,1,0.14,7.9,7.9,8.0,0.14,7.9,7.9,8.0,0.14,7.9,7.9,8.0,1,0,1,0,1,2
10118,4.0,2007,12.0,1.0,2018.0,3477.0,1,0.19,5.0,5.0,47.55820785897907,0.19,5.0,5.0,46.14738646101114,0.19,5.0,5.0,47.53813196229649,0,0,0,0,0,2
10119,7.0,2004,8.0,15.0,576.0,3478.0,2,0.21,6.0,7.3,4.0,0.18,6.1,7.0,4.0,0.18,6.1,7.0,4.0,0,0,0,0,0,2
10120,1.0,2010,6.0,3.0,448.0,759.0,10,0.41,8.5,8.55,22.5,0.33,3.53,4.37,7.5,0.09,3.53,4.37,7.5,0,0,0,0,0,2
10121,4.0,2008,11.0,15.0,103.0,1228.0,1,0.18,7.9,6.25,1.0,0.1,7.9,6.25,1.0,0.05,7.9,6.25,1.0,0,0,0,0,0,2
10122,9.0,2002,2.0,6.0,1224.0,3479.0,1,0.08,4.3,6.3,43.711032388663966,0.1,6.5,6.3,37.134362348178136,0.1,6.5,6.3,42.425607287449395,0,0,0,0,0,2
10123,14.0,2003,2.0,29.0,390.0,1094.0,1,0.21,6.1012652384897565,6.454888152444128,47.685338686698614,0.54,6.1868883891584945,6.56346904959172,46.47707550835384,0.54,6.225610131376502,6.600911350455717,47.855459137417434,0,0,0,0,0,2
10124,6.0,2011,11.0,5.0,149.0,2759.0,1,0.21,2.0,6.0,1.0,0.02,7.0,5.6,14.0,0.02,7.0,5.6,14.0,1,0,0,0,0,2
10125,19.0,2002,10.0,13.0,51.0,523.0,9,0.05,5.6,7.2,0.0,2.7,9.33,9.07,319.0,0.05,9.33,7.4,8.0,0,0,1,0,0,2
10126,19.0,2002,3.0,29.0,929.0,747.0,11,0.17,6.5,6.5,45.226486486486486,0.16,6.5,6.5,38.287837837837834,0.16,6.5,6.5,43.71081081081081,0,0,0,0,0,2
10127,10.0,2015,9.0,26.0,2019.0,3480.0,1,0.13,6.023708006279429,6.380546310832016,44.238808539944905,0.13,6.098238618524324,6.497463108320238,40.88240358126722,0.13,6.122084772370479,6.520916797488228,43.51325757575758,0,0,0,0,0,2
10128,1.0,2009,9.0,13.0,2020.0,3481.0,9,0.37,6.87,6.7,57.5,0.37,6.87,6.7,57.5,0.37,6.87,6.7,57.5,0,0,0,0,0,2
10129,4.0,2007,11.0,29.0,327.0,1471.0,12,0.38,5.65,7.35,4.0,0.28,6.9,6.95,3.0,0.28,6.9,6.95,3.0,0,0,0,0,0,2
10130,9.0,2002,7.0,15.0,87.0,3482.0,11,0.62,8.7,8.4,2.0,0.71,4.4,6.15,2.0,0.71,4.4,6.15,2.0,1,0,1,0,0,2
10131,6.0,2016,1.0,15.0,1664.0,2761.0,1,0.17,5.0,5.0,46.00420630552716,0.17,5.0,5.0,45.91736771758786,0.17,5.0,5.0,47.09733469612391,0,0,0,0,0,2
10132,1.0,2007,7.0,5.0,783.0,2985.0,12,0.06,5.5,7.9,8.0,0.14,5.3,5.1,8.0,0.14,5.3,6.7,8.0,0,0,0,0,0,2
10133,15.0,2011,3.0,144.0,875.0,3483.0,1,0.02,8.0,8.0,45.77475613360922,0.53,8.0,8.0,44.85269484678293,0.02,8.0,8.0,45.76973100798108,0,0,0,0,0,2
10134,10.0,2011,9.0,20.0,377.0,1946.0,1,0.39,7.4,8.1,45.77475613360922,0.3,7.4,8.1,44.85269484678293,0.3,7.4,8.1,45.76973100798108,0,0,0,0,1,2
10135,7.0,2002,12.0,78.0,116.0,894.0,7,0.37,8.4,7.8,46.050303078013066,0.87,6.5,7.8,45.954538298039836,0.07,6.5,7.8,47.137605290088956,1,0,0,0,0,2
10136,1.0,2007,8.0,26.0,2021.0,3484.0,1,0.12,6.099566138746374,6.4607807271916755,47.55820785897907,0.12,6.186688601383021,6.564681017176054,46.14738646101114,0.12,6.2206457729199345,6.6001962971225066,47.53813196229649,0,0,0,0,0,2
10137,17.0,2008,6.0,162.0,317.0,1420.0,2,0.04,4.0,5.6,8.0,0.14,5.13,4.5,0.5,0.14,5.13,4.5,0.5,0,0,0,0,1,2
10138,5.0,2008,2.0,213.0,1051.0,3358.0,7,0.07,2.65,5.2,6.0,0.06,3.45,2.43,6.0,0.06,3.45,2.43,6.0,0,0,0,0,0,2
10139,5.0,2008,9.0,24.0,80.0,2624.0,2,0.01,5.7,7.2,45.5,0.14,4.6,4.78,16.0,0.14,4.6,4.78,16.0,0,0,0,0,0,2
10140,15.0,2015,3.0,100.0,191.0,780.0,5,1.04,7.77,7.05,82.0,1.04,7.77,7.05,82.0,1.04,7.77,7.05,82.0,0,0,0,0,0,2
10141,4.0,2011,9.0,20.0,187.0,2758.0,6,0.13,4.95,6.05,6.0,0.32,6.0,6.05,10.0,0.13,4.95,6.05,6.0,0,0,0,0,0,2
10142,17.0,2006,9.0,24.0,245.0,2874.0,11,0.16,5.1,5.77,28.5,0.13,5.2,5.77,28.5,0.13,5.2,5.77,28.5,0,0,0,0,0,2
10143,6.0,2011,11.0,29.0,206.0,925.0,1,0.23,6.0,6.0,2.0,0.04,6.0,6.0,2.0,0.36,6.0,6.0,2.0,0,0,0,0,0,2
10144,4.0,2007,6.0,372.0,19.0,3485.0,11,0.0,0.0,0.0,0.0,0.18,0.0,0.0,0.0,0.18,0.0,0.0,0.0,0,0,1,0,0,2
10145,19.0,2005,10.0,40.0,210.0,216.0,3,0.18,3.55,3.0,0.0,0.29,7.3,7.73,14.0,1.88,7.05,7.95,5.0,1,1,0,1,0,2
10146,14.0,2003,1.0,9.0,373.0,1568.0,9,0.36,8.05,8.15,2.0,0.24,8.3,8.2,2.0,0.12,8.9,6.5,2.0,0,0,0,0,0,2
10147,7.0,2008,4.0,22.0,237.0,1925.0,11,0.2,7.17,7.32,105.5,0.32,6.6,6.98,12.5,0.32,6.6,6.98,12.5,0,0,0,0,0,2
10148,9.0,2002,9.0,5.0,98.0,3486.0,7,0.44,6.9,5.35,3.0,0.18,7.5,5.35,3.0,0.18,7.5,5.35,3.0,1,0,0,0,0,2
10149,15.0,2009,11.0,321.0,2022.0,3487.0,10,0.0,0.0,0.0,0.0,0.0,0.0,0.0,0.0,0.0,0.0,0.0,0.0,0,0,0,0,0,2
10150,6.0,2013,2.0,6.0,377.0,1218.0,7,0.23,6.141527836804078,6.507665391698577,45.88387999378206,0.23,6.229994333475,6.611288426122716,45.936615886833515,0.23,6.259653633659157,6.649035982433788,47.199984455153114,0,0,0,0,0,2
10151,13.0,1997,7.0,14.0,2023.0,1026.0,1,0.23,6.042070079121586,6.394020668496688,49.29562687356727,0.23,6.127673179396085,6.510931697077347,47.72615059072474,0.72,6.172315517519764,6.551114161149683,49.20948686298713,0,0,0,0,0,2
10152,10.0,2011,11.0,6.0,19.0,3488.0,9,0.18,7.67,7.15,97.5,1.16,7.17,8.15,28.0,1.16,7.17,8.15,28.0,0,0,1,0,0,2
10153,7.0,2004,12.0,31.0,511.0,755.0,3,0.12,5.33,6.35,3.0,0.06,6.95,7.45,32.0,0.06,6.95,7.45,32.0,1,0,0,0,0,2
10154,4.0,2011,6.0,12.0,243.0,2028.0,11,0.2,5.0,6.0,1.0,0.12,5.0,6.0,1.0,0.3,5.0,6.0,1.0,0,0,0,0,0,2
10155,1.0,2008,6.0,6.0,19.0,3489.0,10,0.16,5.9,6.7,47.32791802049488,0.28,5.9,6.7,45.973319170207446,0.03,5.9,6.7,47.42195701074731,0,0,1,0,0,2
10156,5.0,2007,1.0,11.0,323.0,2304.0,5,0.03,7.95,7.35,13.5,0.1,7.95,7.35,13.5,0.17,7.65,7.35,6.0,0,0,0,0,0,2
10157,4.0,2010,3.0,224.0,1475.0,2441.0,3,0.03,2.6,2.6,46.59712738403579,0.22,3.3,3.3,45.16023075111843,0.22,3.3,3.3,46.507829055804095,0,0,0,0,0,2
10158,4.0,2008,9.0,204.0,2024.0,637.0,11,0.37,4.25,4.25,2.0,0.09,4.6,7.8,2.0,1.08,7.33,7.6,328.5,0,0,0,0,0,2
10159,10.0,2011,1.0,26.0,150.0,3490.0,6,0.2,4.4,3.9,6.0,0.11,7.7,7.05,6.0,0.11,7.7,7.05,6.0,0,0,0,0,0,2
10160,14.0,2005,9.0,22.0,425.0,2519.0,2,1.14,6.2,6.7,23.0,0.19,6.2,7.65,41.0,0.19,6.2,7.65,41.0,0,0,0,0,0,2
10161,7.0,2009,9.0,59.0,448.0,3491.0,12,0.07,6.0,7.8,18.0,0.1,6.0,7.8,18.0,0.09,7.75,8.05,18.0,0,0,0,0,0,2
10162,4.0,2011,2.0,12.0,2025.0,3492.0,1,0.59,4.5,4.5,1.5,0.59,4.5,4.5,1.5,0.59,4.5,4.5,1.5,0,0,0,0,0,2
10163,17.0,2006,4.0,4.0,668.0,3493.0,1,0.68,6.7,7.75,14.0,0.23,6.7,7.75,14.0,0.23,6.7,7.75,14.0,0,0,0,0,0,2
10164,14.0,2003,1.0,5.0,47.0,1922.0,9,0.28,6.5,8.4,0.0,0.32,6.9,8.4,0.0,0.28,6.5,8.4,0.0,0,0,0,0,0,2
10165,17.0,2006,4.0,26.0,40.0,625.0,1,0.14,7.2,7.25,28.0,0.2,7.2,7.25,28.0,0.52,9.0,8.38,1.5,1,0,1,0,0,2
10166,4.0,2007,9.0,9.0,2026.0,3494.0,1,0.16,6.099566138746374,6.4607807271916755,47.55820785897907,0.16,6.186688601383021,6.564681017176054,46.14738646101114,0.16,6.2206457729199345,6.6001962971225066,47.53813196229649,0,0,0,0,0,2
10167,19.0,2003,9.0,29.0,262.0,1382.0,1,0.2,5.7,8.5,47.685338686698614,0.46,5.7,8.5,46.47707550835384,0.09,4.1,5.9,47.855459137417434,0,0,0,0,0,2
10168,9.0,2005,9.0,88.0,256.0,37.0,10,0.08,4.0,5.4,1.0,0.2,4.0,6.9,1.0,0.08,5.7,7.58,1.0,1,0,0,0,0,2
10169,6.0,2011,6.0,54.0,390.0,2448.0,3,0.67,7.7,7.6,22.0,0.46,7.7,8.8,22.0,0.22,3.75,6.5,2.0,0,0,0,1,0,2
10170,17.0,2006,11.0,29.0,111.0,1386.0,10,0.33,6.2,7.5,4.0,0.34,4.7,6.05,4.0,0.5,4.5,5.6,4.0,0,0,0,0,0,2
10171,19.0,2006,6.0,1.0,879.0,3495.0,4,0.17,6.7,6.9,2.0,0.52,8.2,8.5,2.0,0.52,8.2,8.5,2.0,0,0,0,1,0,2
10172,5.0,2008,6.0,15.0,390.0,1495.0,2,0.45,7.8,7.8,46.03618002544529,0.45,7.8,7.8,45.58993320610687,0.45,7.8,7.8,46.776558524173026,1,0,0,1,0,2
10173,5.0,2007,3.0,91.0,1059.0,1708.0,6,0.16,6.93,8.0,32.0,0.16,6.93,8.0,32.0,0.16,6.93,8.0,32.0,0,0,0,0,0,2
10174,7.0,2002,7.0,95.0,570.0,3496.0,3,0.12,7.6,7.6,47.00641389488024,0.06,7.6,7.6,45.229821773186515,0.06,7.6,7.6,46.14320581223748,0,0,0,0,0,2
10175,7.0,2003,8.0,49.0,2027.0,3497.0,6,0.07,7.4,8.2,46.09553287602476,0.07,7.4,8.2,45.451815291952485,0.07,7.4,8.2,46.93090179019575,0,0,0,0,0,2
10176,4.0,2008,4.0,1.0,814.0,3498.0,1,0.3,5.0,6.7,30.0,0.02,5.0,6.7,30.0,0.02,5.0,6.7,30.0,0,0,0,1,0,2
10177,1.0,2011,6.0,20.0,187.0,1333.0,8,0.11,4.0,4.8,6.0,0.13,4.1,4.4,6.0,0.05,4.1,4.4,6.0,0,0,0,0,0,2
10178,17.0,2011,9.0,49.0,2028.0,3499.0,1,0.09,3.23,4.2,12.0,0.09,3.23,4.2,12.0,0.09,3.23,4.2,12.0,0,0,0,0,0,2
10179,5.0,2011,9.0,29.0,120.0,582.0,9,0.2,6.47,7.22,117.0,0.2,6.2,5.98,2.5,0.27,6.2,5.98,2.5,0,0,0,0,0,2
10180,17.0,2005,5.0,4.0,169.0,3331.0,1,0.18,5.0,8.3,22.0,0.14,6.95,8.3,22.0,0.14,6.95,8.3,22.0,0,0,0,0,0,2
10181,17.0,2006,9.0,8.0,197.0,3500.0,11,0.21,7.0,7.33,55.0,0.27,7.27,8.3,2.5,0.27,7.27,8.3,2.5,0,0,0,0,0,2
10182,4.0,2009,8.0,29.0,120.0,1131.0,8,0.75,7.83,7.68,116.0,0.11,7.83,7.68,116.0,0.11,7.83,7.68,116.0,0,0,0,0,0,2
10183,19.0,2006,7.0,22.0,60.0,3501.0,11,0.03,6.1,6.7,2.0,0.44,7.25,7.65,28.0,0.44,7.25,7.65,28.0,0,0,1,0,0,2
10184,4.0,2008,8.0,72.0,2029.0,1991.0,7,0.13,7.9,5.85,2.0,0.13,7.9,5.85,2.0,0.3,6.85,7.55,22.0,0,0,0,1,0,2
10185,4.0,2011,9.0,29.0,1444.0,2376.0,1,0.22,6.0,6.0,2.0,0.23,6.0,6.0,2.0,0.23,6.0,6.0,2.0,0,0,0,0,0,2
10186,17.0,2010,3.0,33.0,214.0,1000.0,11,0.12,6.0,10.0,1.0,0.61,7.1,7.6,63.0,0.61,7.1,7.6,63.0,0,0,0,0,0,2
10187,1.0,2013,6.0,59.0,548.0,3502.0,1,0.02,6.016843832020995,6.3843011811023525,43.64141414141414,0.4,6.091391076115479,6.49972440944881,40.217532467532465,0.4,6.117578740157478,6.52308070866142,43.198232323232325,0,0,0,0,0,2
10188,7.0,2003,10.0,155.0,1139.0,1850.0,11,0.04,8.3,8.3,23.0,0.04,8.3,8.3,23.0,0.04,8.3,8.3,23.0,0,0,0,0,0,2
10189,24.0,1996,11.0,9.0,2030.0,3503.0,1,0.13,8.0,8.0,5.0,0.13,8.0,8.0,5.0,0.13,8.0,8.0,5.0,0,0,0,0,0,2
10190,13.0,1998,9.0,31.0,132.0,3504.0,1,0.22,7.6,7.6,10.0,0.39,6.5,6.5,16.0,0.39,6.5,6.5,16.0,0,0,0,0,0,2
10191,12.0,1999,1.0,72.0,2031.0,2579.0,1,0.09,7.0,7.0,1.0,0.09,7.0,7.0,1.0,0.2,7.0,7.0,1.0,1,0,0,0,0,2
10192,12.0,1999,2.0,6.0,19.0,3505.0,1,0.12,6.0,6.0,1.0,0.12,6.0,6.0,1.0,0.12,6.0,6.0,1.0,0,0,1,0,0,2
10193,12.0,1999,8.0,29.0,462.0,654.0,1,0.16,4.0,4.0,2.0,1.19,8.0,8.0,2.0,1.17,7.0,7.0,5.0,0,0,0,0,0,2
10194,12.0,1997,2.0,252.0,2032.0,3506.0,1,0.03,6.042070079121586,6.394020668496688,49.29562687356727,0.03,6.127673179396085,6.510931697077347,47.72615059072474,0.03,6.172315517519764,6.551114161149683,49.20948686298713,0,0,0,0,0,2
10195,12.0,1999,3.0,196.0,2033.0,1645.0,1,0.29,8.0,3.0,1.0,0.29,8.0,3.0,1.0,0.4,8.0,6.8,7.0,0,0,0,0,0,2
10196,12.0,1997,9.0,14.0,1514.0,3507.0,1,0.19,6.0,6.0,9.0,0.21,6.0,6.0,9.0,0.21,6.0,6.0,9.0,0,0,0,0,0,2
10197,12.0,2000,3.0,5.0,452.0,631.0,1,1.33,8.0,7.7,3.0,0.31,5.0,6.3,14.0,0.31,5.0,6.3,14.0,0,0,0,0,0,2
10198,12.0,1999,9.0,68.0,67.0,576.0,1,0.16,5.0,5.5,36.0,0.61,5.0,5.5,36.0,1.32,5.0,5.8,17.0,0,0,0,0,0,2
10199,15.0,2014,9.0,17.0,211.0,899.0,1,0.2,7.0,7.4,294.0,0.4,5.0,5.5,50.0,0.4,5.0,5.5,50.0,0,0,0,1,1,2
10200,1.0,2009,6.0,32.0,71.0,260.0,9,0.15,6.081317301269194,6.428591850367435,48.85785172212493,0.15,6.164849699398801,6.541612558450277,47.55465557501459,0.15,6.20785303941215,6.583874415497689,48.898423817863396,1,0,0,0,0,2
10201,6.0,2014,11.0,26.0,323.0,37.0,1,0.12,5.8,3.5,4.0,0.26,5.8,3.5,4.0,0.05,5.8,5.75,1.0,1,0,0,0,0,2
10202,17.0,2010,10.0,152.0,676.0,1240.0,3,0.36,8.2,8.18,76.5,0.05,8.2,8.18,76.5,0.58,8.23,7.97,103.0,1,0,0,0,0,2
10203,5.0,2009,9.0,35.0,173.0,1845.0,5,0.34,3.5,3.5,2.0,0.27,3.5,3.5,2.0,0.27,3.5,3.5,2.0,0,0,0,0,0,2
10204,24.0,1996,10.0,13.0,98.0,57.0,1,0.88,7.0,8.0,7.0,1.41,7.0,5.9,7.0,0.35,7.0,7.2,24.0,1,0,0,0,0,2
10205,7.0,2002,7.0,26.0,40.0,3508.0,11,0.63,6.2,8.1,1.0,0.49,6.3,7.25,1.0,0.49,6.3,7.25,1.0,0,0,1,0,0,2
10206,6.0,2016,4.0,26.0,323.0,625.0,1,0.22,7.63,6.75,58.5,0.23,6.3,6.15,11.0,0.38,6.9,6.87,39.0,1,0,0,1,0,2
10207,23.0,2014,9.0,49.0,253.0,559.0,10,0.26,7.25,7.1,6.0,0.26,7.25,7.1,6.0,0.26,7.25,7.1,6.0,0,0,0,0,0,2
10208,7.0,2000,8.0,335.0,13.0,2644.0,10,0.05,6.95,7.7,3.0,0.25,6.95,7.7,3.0,0.19,6.95,7.3,3.0,0,0,0,0,1,2
10209,7.0,2007,11.0,82.0,2034.0,3509.0,1,1.22,6.099566138746374,6.4607807271916755,47.55820785897907,1.22,6.186688601383021,6.564681017176054,46.14738646101114,1.22,6.2206457729199345,6.6001962971225066,47.53813196229649,0,0,0,0,0,2
10210,17.0,2011,4.0,15.0,1247.0,3510.0,1,0.13,6.107652813930537,6.467882595817321,45.77475613360922,0.14,6.194403554438579,6.56657391616556,44.85269484678293,0.14,6.2266573916165795,6.606709451575302,45.76973100798108,0,0,0,0,0,2
10211,6.0,2015,9.0,5.0,163.0,2449.0,10,0.13,6.83,7.1,19.0,0.22,6.9,6.63,23.0,0.22,6.9,6.63,23.0,0,0,0,1,0,2
10212,7.0,2002,1.0,373.0,1290.0,3511.0,1,0.0,0.0,0.0,0.0,0.28,0.0,0.0,0.0,0.28,0.0,0.0,0.0,0,0,0,0,0,2
10213,10.0,2011,11.0,139.0,2035.0,3512.0,10,0.68,6.02490849673202,6.3988126361655615,46.89055793991416,0.04,6.123793028322429,6.526827886710213,45.688006676204104,0.04,6.174326797385606,6.567407407407391,48.2448736289938,0,0,0,0,0,2
10214,5.0,2011,1.0,12.0,390.0,3513.0,10,0.13,2.6,2.5,2.0,0.22,3.75,6.5,2.0,0.22,3.75,6.5,2.0,0,0,0,0,0,2
10215,13.0,1999,5.0,28.0,799.0,3514.0,9,0.91,6.0,6.33,17.0,0.14,6.0,7.3,3.0,0.14,6.0,7.3,3.0,0,0,0,0,0,2
10216,17.0,2005,2.0,15.0,221.0,112.0,2,0.42,6.6,8.7,45.65814307458143,0.54,8.2,8.0,44.52978183663115,0.26,5.9,8.4,45.452511415525116,1,0,1,0,0,2
10217,10.0,2012,9.0,54.0,2036.0,3515.0,1,0.03,7.0,7.2,51.0,0.03,7.0,7.2,51.0,0.03,7.0,7.2,51.0,0,0,0,0,0,2
10218,4.0,2007,11.0,12.0,2037.0,3516.0,10,0.13,5.0,3.0,1.0,0.02,5.0,6.4,5.0,0.02,5.0,6.4,5.0,0,0,0,0,0,2
10219,7.0,2004,9.0,31.0,209.0,3517.0,4,0.11,5.15,6.45,1.0,0.06,6.9,8.22,3.0,0.06,6.9,8.22,3.0,0,0,0,0,0,2
10220,5.0,2009,9.0,9.0,1528.0,1651.0,11,0.2,4.65,5.8,32.76409185803758,0.2,4.65,5.8,23.798538622129435,0.2,4.65,5.8,28.856993736951985,0,0,0,0,0,2
10221,15.0,2011,7.0,6.0,19.0,867.0,7,0.29,2.0,4.77,26.0,0.07,2.0,4.77,26.0,0.3,4.33,4.77,26.0,1,0,1,1,0,2
10222,24.0,1997,6.0,9.0,1237.0,1293.0,1,0.12,9.3,9.3,4.0,0.12,8.0,8.0,1.0,0.55,8.0,8.0,1.0,0,0,0,0,0,2
10223,9.0,2004,11.0,1.0,1.0,3518.0,1,0.17,7.0,6.8,140.0,0.42,7.0,6.8,140.0,0.42,7.0,6.8,140.0,0,0,1,0,0,2
10224,1.0,2009,9.0,15.0,2038.0,3519.0,9,0.1,7.3,7.5,48.85785172212493,0.1,7.3,7.5,47.55465557501459,0.1,7.3,7.5,48.898423817863396,0,0,0,0,0,2
10225,5.0,2006,3.0,5.0,619.0,3461.0,3,0.03,7.0,6.62,2.5,0.07,4.5,3.7,2.5,0.07,4.5,3.7,2.5,0,0,0,0,0,2
10226,23.0,2011,6.0,6.0,1691.0,101.0,1,0.14,6.25,6.73,18.0,0.14,6.25,6.73,18.0,0.16,6.25,6.73,18.0,0,0,0,0,0,2
10227,1.0,2009,9.0,59.0,448.0,3491.0,12,0.05,4.2,6.65,1.0,0.09,4.2,6.65,1.0,0.09,4.2,6.65,1.0,0,0,0,0,0,2
10228,14.0,2002,1.0,374.0,2039.0,1784.0,1,0.0,0.0,0.0,0.0,0.0,0.0,0.0,0.0,0.0,0.0,0.0,0.0,0,0,0,0,0,2
10229,14.0,2003,1.0,2.0,522.0,3520.0,11,0.29,8.0,7.75,1.0,0.07,8.4,7.25,3.0,0.07,8.4,7.25,3.0,1,0,0,0,0,2
10230,14.0,2002,10.0,5.0,686.0,1435.0,10,0.13,7.07,7.0,1.5,0.15,4.0,7.1,1.5,0.15,4.0,7.1,1.5,1,0,0,0,0,2
10231,13.0,1999,3.0,317.0,1150.0,3521.0,1,0.16,5.9864729458917845,6.425400801603205,44.05604395604396,0.33,6.120961923847696,6.589959919839676,34.17912087912088,0.33,6.162114228456913,6.618947895791575,38.04120879120879,0,0,0,0,0,2
10232,13.0,1997,3.0,51.0,2040.0,842.0,1,0.37,6.042070079121586,6.394020668496688,49.29562687356727,0.37,6.127673179396085,6.510931697077347,47.72615059072474,0.37,6.172315517519764,6.551114161149683,49.20948686298713,0,0,0,1,0,2
10233,23.0,2013,9.0,192.0,687.0,1029.0,5,0.12,6.2,6.85,4.0,0.72,7.7,7.22,58.0,0.72,7.7,7.22,58.0,0,0,0,0,0,2
10234,8.0,1993,1.0,261.0,2041.0,3522.0,1,0.0,0.0,0.0,0.0,0.0,0.0,0.0,0.0,0.0,0.0,0.0,0.0,0,0,0,0,0,2
10235,4.0,2005,5.0,12.0,1753.0,1818.0,12,0.09,7.8,8.6,7.0,0.09,7.8,8.6,7.0,0.34,6.17,7.03,7.0,0,0,0,0,0,2
10236,4.0,2006,11.0,29.0,460.0,1612.0,1,0.42,4.0,5.5,4.0,0.34,6.05,6.1,7.0,0.34,6.05,6.1,7.0,0,0,0,0,0,2
10237,4.0,2009,8.0,8.0,31.0,137.0,10,0.13,5.27,6.65,4.0,0.13,5.27,6.65,4.0,1.05,6.6,7.72,30.0,0,0,0,0,0,2
10238,1.0,2008,2.0,22.0,237.0,2647.0,5,0.06,3.45,2.43,6.0,0.1,3.45,2.43,6.0,0.06,6.4,6.6,3.0,0,0,0,0,0,2
10239,23.0,2016,10.0,26.0,1003.0,1207.0,6,0.03,6.8,6.9,0.0,0.06,7.1,6.9,7.0,0.01,7.1,6.9,7.0,0,0,0,0,0,2
10240,24.0,1997,4.0,9.0,1199.0,1737.0,1,0.12,8.0,8.0,1.0,0.31,8.0,8.4,25.0,0.37,8.0,8.0,59.0,1,0,0,0,1,2
10241,15.0,2011,2.0,9.0,34.0,62.0,11,1.01,6.95,7.12,160.5,1.42,7.32,7.97,184.5,1.42,7.32,7.97,184.5,0,1,1,1,0,2
10242,4.0,2008,9.0,85.0,602.0,2678.0,12,0.14,8.0,6.7,1.0,0.19,6.6,7.65,2.0,0.19,6.6,7.65,2.0,0,0,0,0,0,2
10243,17.0,2013,4.0,9.0,1534.0,2548.0,1,0.13,7.0,7.4,34.0,0.12,7.0,7.4,34.0,0.2,5.0,5.5,4.0,1,0,0,0,0,2
10244,19.0,2002,9.0,21.0,330.0,1388.0,9,0.53,5.45,5.75,8.0,0.14,7.2,8.4,1.0,0.19,6.1,8.4,0.0,0,0,0,0,0,2
10245,1.0,2009,1.0,11.0,317.0,1226.0,3,0.16,3.35,3.7,1.0,0.11,7.8,6.6,5.0,0.06,7.8,6.6,5.0,0,0,0,0,0,2
10246,13.0,2000,10.0,181.0,680.0,624.0,1,0.0,0.0,0.0,0.0,0.06,0.0,0.0,0.0,0.06,0.0,0.0,0.0,0,0,0,0,0,2
10247,4.0,2009,8.0,5.0,321.0,3523.0,9,0.2,6.17,6.52,7.5,0.16,6.17,6.52,7.5,0.08,6.17,6.52,7.5,0,0,0,0,0,2
10248,17.0,2012,9.0,26.0,1796.0,3012.0,1,0.12,7.5,7.5,4.0,0.12,7.5,7.5,4.0,0.15,7.5,7.5,4.0,0,0,0,0,0,2
10249,4.0,2010,5.0,42.0,2042.0,3524.0,1,0.33,1.0,1.0,1.0,0.33,1.0,1.0,1.0,0.33,1.0,1.0,1.0,0,0,0,0,0,2
10250,14.0,2005,11.0,64.0,448.0,1807.0,7,0.3,4.3,4.0,46.275860672336975,0.3,4.3,4.0,45.75759416767922,0.3,4.3,4.0,46.97363304981774,0,0,0,0,0,2
10251,7.0,2005,9.0,114.0,1460.0,3525.0,2,0.53,5.27,7.37,14.5,0.13,6.3,7.0,1.0,0.13,6.3,7.0,1.0,0,0,0,0,0,2
10252,6.0,2009,2.0,20.0,187.0,3047.0,10,0.12,6.5,4.5,2.0,0.12,6.5,4.5,2.0,0.12,6.5,4.5,2.0,0,0,0,0,0,2
10253,7.0,2003,12.0,49.0,524.0,2072.0,9,0.33,8.2,8.35,24.0,0.09,8.2,8.35,24.0,0.29,7.9,7.6,3.0,0,0,0,0,0,2
10254,7.0,2005,1.0,375.0,2043.0,3526.0,4,0.0,0.0,0.0,0.0,0.09,2.5,5.8,1.0,0.09,2.5,5.8,1.0,0,0,0,0,0,2
10255,24.0,1996,1.0,9.0,461.0,3527.0,1,0.11,7.0,7.0,3.0,0.07,7.0,7.0,3.0,0.07,7.0,7.0,3.0,0,0,1,0,0,2
10256,14.0,2004,2.0,8.0,280.0,669.0,10,0.14,7.4,7.75,23.0,0.2,5.5,8.6,2.0,0.2,5.5,8.6,2.0,0,0,0,0,0,2
10257,11.0,2016,4.0,26.0,768.0,588.0,2,1.06,7.8,7.72,81.5,0.2,5.25,6.75,16.0,0.17,7.5,7.63,13.0,1,0,0,0,0,2
10258,1.0,2009,9.0,71.0,1548.0,3528.0,10,0.14,3.5,5.95,3.0,0.14,3.5,5.95,3.0,0.14,3.5,5.95,3.0,0,0,0,0,0,2
10259,19.0,2002,6.0,40.0,866.0,765.0,11,0.28,6.47,7.12,6.0,0.28,6.47,7.12,6.0,0.4,6.15,7.7,0.0,0,0,0,0,0,2
10260,4.0,2009,1.0,69.0,24.0,918.0,3,0.03,2.0,7.2,47.69869728713403,0.11,5.25,7.2,46.337630942788074,0.11,5.25,7.2,47.46736502820306,0,0,0,0,0,2
10261,19.0,2004,11.0,29.0,552.0,2398.0,11,0.23,3.9,5.9,4.0,0.07,6.28,8.3,4.0,0.07,6.28,8.3,4.0,0,0,0,0,0,2
10262,14.0,2002,1.0,31.0,401.0,3033.0,11,0.85,8.37,8.35,92.5,0.06,7.92,7.4,6.0,0.06,7.92,7.4,6.0,0,0,0,0,0,2
10263,4.0,2005,3.0,35.0,782.0,3529.0,11,0.05,5.55,7.3,0.0,0.61,4.9,6.7,7.0,0.61,4.9,6.7,7.0,0,0,0,0,0,2
10264,6.0,2013,9.0,134.0,269.0,2483.0,10,0.21,4.47,7.08,10.5,0.08,4.47,7.08,10.5,0.21,4.47,7.08,10.5,0,0,0,0,0,2
10265,5.0,2009,1.0,11.0,805.0,1226.0,1,0.02,4.0,5.62,20.0,0.07,4.0,5.62,20.0,0.02,4.0,5.62,20.0,0,0,0,0,0,2
10266,17.0,2006,9.0,8.0,422.0,731.0,9,0.17,7.31,7.32,15.5,0.14,6.2,7.32,15.5,0.01,4.0,6.1,10.0,0,0,0,0,0,2
10267,9.0,2001,2.0,73.0,1577.0,3530.0,10,0.04,2.0,2.0,0.0,0.04,2.0,2.0,0.0,0.04,2.0,2.0,0.0,0,0,0,0,0,2
10268,7.0,2009,6.0,32.0,71.0,260.0,9,0.12,6.081317301269194,6.428591850367435,48.85785172212493,0.12,6.164849699398801,6.541612558450277,47.55465557501459,0.12,6.20785303941215,6.583874415497689,48.898423817863396,1,0,0,0,0,2
10269,17.0,2007,1.0,6.0,19.0,892.0,3,0.15,5.6,6.8,7.5,0.18,5.6,6.8,7.5,0.27,6.75,8.1,7.5,0,0,1,0,0,2
10270,4.0,2009,9.0,8.0,284.0,980.0,1,0.37,7.0,6.8,52.0,0.17,6.9,6.8,52.0,0.17,6.9,6.8,52.0,0,0,0,0,0,2
10271,10.0,2015,6.0,204.0,2044.0,3531.0,1,0.08,6.023708006279429,6.380546310832016,44.238808539944905,0.08,6.098238618524324,6.497463108320238,40.88240358126722,0.08,6.122084772370479,6.520916797488228,43.51325757575758,0,0,0,0,0,2
10272,1.0,2011,6.0,201.0,910.0,3532.0,4,0.07,5.0,5.0,45.63841705818576,0.1,6.2,6.2,44.933727864112754,0.1,6.2,6.2,46.24972894831948,0,0,0,0,0,2
10273,7.0,2004,7.0,64.0,779.0,1183.0,1,0.88,7.87,8.0,4.0,0.01,4.4,8.0,4.0,0.16,7.4,8.5,4.0,0,0,0,0,0,2
10274,5.0,2011,6.0,6.0,19.0,3533.0,11,0.12,2.1,5.0,11.0,0.15,6.5,6.55,11.0,0.15,6.5,6.55,11.0,0,0,1,0,0,2
10275,14.0,2003,6.0,24.0,1052.0,1276.0,1,1.36,7.5,7.55,4.0,0.29,7.23,6.7,59.5,0.29,7.23,6.7,59.5,0,0,0,0,0,2
10276,5.0,2009,7.0,7.0,315.0,3148.0,11,0.5,5.8,6.43,81.5,0.04,3.75,6.25,1.0,0.04,3.75,6.25,1.0,0,0,0,0,0,2
10277,4.0,2009,11.0,1.0,2045.0,3534.0,1,0.19,6.06531266560678,6.414785373608896,47.58155002891845,0.19,6.151277159512439,6.537713301536816,45.36119144013881,0.19,6.18789083200847,6.572859035506092,49.094852515905146,0,0,0,0,0,2
10278,4.0,2007,4.0,71.0,1929.0,3535.0,10,0.24,7.0,6.65,10.0,0.03,7.0,6.4,10.0,0.03,7.0,6.4,10.0,0,0,0,0,0,2
10279,5.0,2008,9.0,15.0,280.0,2818.0,9,0.17,3.73,3.83,9.5,1.09,6.0,7.3,107.0,0.17,3.73,3.83,9.5,0,0,0,0,0,2
10280,5.0,2014,9.0,17.0,1099.0,1904.0,6,0.16,5.53,6.87,45.5,0.16,5.53,6.87,45.5,0.16,5.53,6.87,45.5,0,0,0,1,1,2
10281,1.0,2011,9.0,5.0,650.0,2276.0,9,0.24,4.7,4.2,4.0,0.25,5.0,4.25,4.0,0.25,5.0,4.25,4.0,1,0,0,1,0,2
10282,19.0,2003,3.0,181.0,799.0,3536.0,8,0.07,6.0,8.0,0.0,0.11,6.0,8.0,0.0,0.11,6.0,8.0,0.0,0,0,0,0,0,2
10283,2.0,1994,4.0,55.0,57.0,25.0,1,1.77,7.5,7.7,59.5,1.77,7.5,7.7,59.5,2.45,7.5,7.7,59.5,1,1,1,0,0,2
10284,11.0,2015,1.0,345.0,332.0,3200.0,11,0.01,5.3,5.3,3.0,0.01,1.2,1.2,3.0,0.01,1.2,1.2,3.0,0,0,0,0,0,2
10285,24.0,1997,12.0,275.0,2046.0,2556.0,1,0.2,8.0,8.0,1.0,0.2,8.0,8.0,1.0,0.2,8.0,8.0,1.0,1,0,0,0,0,2
10286,13.0,2000,3.0,36.0,2047.0,3537.0,1,0.47,3.0,3.0,49.17336199229173,0.47,3.0,3.0,47.802772013044766,0.47,3.0,3.0,49.20360213459828,0,0,0,0,0,2
10287,4.0,2010,9.0,12.0,2048.0,3538.0,1,0.57,6.036517973148549,6.446041576440007,42.41893830703013,0.57,6.13182763100909,6.5621524469467225,36.190578670492584,0.57,6.158211346903418,6.59756604590732,41.083213773314206,0,0,0,0,0,2
10288,13.0,1997,7.0,14.0,350.0,2653.0,1,0.11,9.0,7.58,8.5,0.19,9.0,7.58,8.5,0.19,9.0,7.58,8.5,0,0,0,0,0,2
10289,13.0,1999,6.0,40.0,98.0,3539.0,1,0.24,6.5,6.55,12.5,0.11,6.0,6.9,15.0,0.11,6.0,6.9,15.0,0,0,0,0,0,2
10290,17.0,2004,5.0,26.0,1081.0,1743.0,1,0.24,5.3,5.3,3.0,0.24,5.3,5.3,3.0,0.24,5.3,5.3,3.0,0,0,0,0,0,2
10291,4.0,2009,3.0,88.0,2049.0,3540.0,5,0.13,6.4,6.3,45.416876320821174,0.1,6.4,6.3,44.29963771762101,0.1,6.4,6.3,45.280718526718324,0,0,0,1,0,2
10292,10.0,2015,5.0,1.0,65.0,1341.0,1,0.22,7.0,7.4,37.0,5.45,6.0,6.6,57.0,0.53,8.15,8.2,42.0,0,0,0,0,0,2
10293,7.0,2007,9.0,22.0,1151.0,204.0,6,0.57,7.73,8.23,72.5,0.26,6.6,7.08,15.5,0.14,8.05,8.3,98.0,1,0,0,1,0,2
10294,17.0,2006,6.0,17.0,2050.0,3541.0,1,0.58,6.4,8.0,9.0,0.58,6.4,8.0,9.0,0.58,6.4,8.0,9.0,1,1,0,0,0,2
10295,5.0,2007,5.0,29.0,91.0,4.0,3,0.05,8.37,8.02,75.5,0.35,7.37,8.38,18.0,0.2,6.2,8.38,18.0,1,1,0,0,1,2
10296,17.0,2008,6.0,4.0,334.0,926.0,5,0.33,8.3,7.9,2.0,0.39,7.65,8.25,75.0,0.81,7.8,7.85,35.0,0,0,0,0,0,2
10297,6.0,2011,6.0,5.0,321.0,422.0,11,0.12,4.0,10.0,1.0,0.12,4.0,10.0,1.0,0.18,4.0,2.5,1.0,0,0,0,0,0,2
10298,1.0,2010,7.0,35.0,173.0,3542.0,5,0.09,5.6,9.1,1.0,0.11,5.0,5.3,2.0,0.11,5.0,5.3,2.0,0,0,0,0,0,2
10299,13.0,1999,12.0,376.0,2051.0,3543.0,1,0.0,0.0,0.0,0.0,0.0,0.0,0.0,0.0,0.0,0.0,0.0,0.0,1,0,0,0,0,2
10300,20.0,2013,12.0,5.0,394.0,184.0,11,0.15,6.6,7.13,5.5,0.16,6.6,7.13,5.5,0.16,6.6,7.13,5.5,1,0,0,0,1,2
10301,4.0,2009,9.0,60.0,2052.0,3544.0,4,0.02,5.0,5.0,45.814278346084414,0.03,3.05,5.0,44.8149230636981,0.03,3.05,5.0,46.29712885756039,0,0,0,0,0,2
10302,4.0,2007,6.0,33.0,1394.0,2590.0,10,0.3,7.8,7.8,47.35864844149208,0.24,7.3,7.3,46.229496678589676,0.02,7.3,7.3,47.57901124169648,0,0,0,0,0,2
10303,18.0,2014,9.0,5.0,186.0,624.0,1,0.17,6.0370023640661925,6.4082836879432445,47.3185817805383,0.17,6.127933806146561,6.533567375886503,45.40683229813665,0.17,6.178366430260039,6.570146572104003,49.021868530020704,0,0,0,0,0,2
10304,4.0,2006,8.0,15.0,2053.0,3545.0,1,0.14,6.057909446618223,6.454225824482941,48.764652014652015,0.14,6.140609278926769,6.574768026830625,40.60225885225885,0.14,6.179580771380661,6.604046953605371,45.93101343101343,0,0,0,0,0,2
10305,8.0,1993,4.0,377.0,2054.0,3546.0,1,0.0,0.0,0.0,0.0,0.0,0.0,0.0,0.0,0.0,0.0,0.0,0.0,0,0,0,0,0,2
10306,17.0,2007,1.0,3.0,368.0,1376.0,6,0.15,4.35,4.05,2.0,0.27,7.9,8.4,2.0,0.27,7.9,8.4,2.0,0,0,0,0,0,2
10307,5.0,2012,9.0,15.0,703.0,3101.0,3,0.19,5.45,5.8,17.0,0.25,7.1,8.25,16.0,0.14,4.75,5.15,9.0,0,0,0,0,0,2
10308,4.0,2008,8.0,241.0,1151.0,3547.0,9,0.03,4.4,6.55,11.5,0.01,6.7,6.55,11.5,0.01,6.7,6.55,11.5,0,0,0,0,0,2
10309,20.0,2013,5.0,20.0,240.0,299.0,9,0.16,6.4,6.9,1.0,0.6,6.6,7.53,9.5,0.6,6.6,7.53,9.5,0,0,0,1,0,2
10310,13.0,1995,6.0,4.0,1003.0,1892.0,1,0.13,6.105477410782085,6.471694191344031,46.30825496342738,0.13,6.192767653758562,6.565149962034973,45.062225705329155,0.13,6.223125474563416,6.604986712224803,46.031556948798325,0,0,0,0,0,2
10311,17.0,2005,9.0,15.0,841.0,3548.0,4,0.07,3.7,5.9,1.0,0.05,3.9,5.85,1.0,0.05,3.9,5.85,1.0,0,0,0,0,0,2
10312,13.0,1996,1.0,15.0,2055.0,3549.0,1,0.17,6.074598214285714,6.518080357142857,51.629901960784316,0.17,6.105133928571427,6.627678571428572,32.81127450980392,0.17,6.240669642857141,6.645223214285716,43.85294117647059,0,0,0,0,0,2
10313,1.0,2009,8.0,29.0,120.0,1131.0,1,0.2,4.95,7.0,47.58155002891845,0.14,4.9,8.8,45.36119144013881,0.24,4.9,0.2,49.094852515905146,0,0,0,0,0,2
10314,9.0,2005,9.0,1.0,524.0,320.0,8,0.4,9.0,8.5,96.0,0.07,6.93,8.08,15.5,0.01,6.93,8.08,15.5,1,0,0,1,1,2
10315,13.0,2000,6.0,164.0,862.0,1315.0,1,0.54,6.080184531886015,6.4249240162822545,49.17336199229173,0.54,6.164715061058349,6.539900949796512,47.802772013044766,0.54,6.208497964721839,6.582871099050231,49.20360213459828,0,0,0,0,0,2
10316,4.0,2009,6.0,5.0,321.0,2740.0,7,0.02,6.7,7.9,1.0,0.02,6.7,7.9,1.0,0.13,6.7,6.7,1.0,0,0,0,0,0,2
10317,1.0,2009,1.0,158.0,853.0,2116.0,5,0.03,5.4,5.4,45.416876320821174,0.1,5.4,5.4,44.29963771762101,0.28,5.4,5.4,45.280718526718324,0,0,0,0,0,2
10318,5.0,2010,1.0,5.0,783.0,422.0,9,0.15,6.0408158995815855,6.398263598326344,49.51921757035004,0.2,6.133399581589951,6.528050209204999,47.858499199267904,0.2,6.181351464435135,6.563376569037639,49.493479752916954,0,0,0,0,0,2
10319,7.0,2000,5.0,78.0,2056.0,3550.0,1,0.42,5.2,7.45,0.5,0.42,5.2,7.45,0.5,0.08,7.5,6.7,4.5,0,0,0,0,0,2
10320,4.0,2005,9.0,13.0,765.0,1167.0,11,0.04,3.83,5.8,2.0,0.28,8.5,8.37,81.0,0.28,8.5,8.37,81.0,0,0,0,1,0,2
10321,15.0,2010,9.0,6.0,62.0,333.0,4,0.26,6.2,4.95,3.0,5.27,8.58,8.35,1243.0,5.27,8.58,8.35,1243.0,1,0,1,0,0,2
10322,9.0,2005,2.0,13.0,850.0,3551.0,9,0.09,7.17,8.4,61.0,0.43,8.05,8.28,10.0,0.43,8.05,8.28,10.0,1,0,0,0,0,2
10323,13.0,1999,1.0,208.0,2057.0,3552.0,1,0.36,5.9864729458917845,6.425400801603205,44.05604395604396,0.36,6.120961923847696,6.589959919839676,34.17912087912088,0.36,6.162114228456913,6.618947895791575,38.04120879120879,0,0,0,1,0,2
10324,4.0,2005,4.0,1.0,51.0,3553.0,1,0.16,5.8,7.35,2.0,0.31,7.9,9.4,1.0,0.31,7.9,9.4,1.0,1,0,1,0,1,2
10325,7.0,2006,11.0,337.0,1405.0,3554.0,1,0.14,8.0,8.0,1.0,0.04,8.0,8.0,1.0,0.04,8.0,8.0,1.0,0,0,0,0,0,2
10326,13.0,1995,1.0,197.0,867.0,1701.0,1,0.36,6.105477410782085,6.471694191344031,46.30825496342738,0.36,6.192767653758562,6.565149962034973,45.062225705329155,0.38,6.223125474563416,6.604986712224803,46.031556948798325,0,0,0,0,0,2
10327,19.0,2005,1.0,8.0,27.0,3555.0,9,0.18,5.9,6.0,60.0,4.91,7.91,7.67,12.0,4.91,7.91,7.67,12.0,0,0,1,0,1,2
10328,13.0,1994,7.0,31.0,2058.0,3556.0,1,1.11,7.0,7.0,22.0,1.11,7.0,7.0,22.0,1.11,7.0,7.0,22.0,0,0,0,0,0,2
10329,4.0,2007,5.0,68.0,1433.0,3557.0,5,0.2,6.0389491242702285,6.430900750625522,40.51952770208901,0.02,6.145446205170975,6.566288573811507,31.98455949137148,0.02,6.1762635529608,6.602768974145118,35.049954586739325,0,0,0,0,0,2
10330,10.0,2011,10.0,152.0,676.0,1240.0,10,0.05,7.77,7.8,33.0,0.09,7.77,7.8,33.0,0.09,7.77,7.8,33.0,1,0,0,0,0,2
10331,17.0,2011,4.0,54.0,2059.0,3558.0,1,0.04,6.107652813930537,6.467882595817321,45.77475613360922,0.04,6.194403554438579,6.56657391616556,44.85269484678293,0.04,6.2266573916165795,6.606709451575302,45.76973100798108,0,0,0,0,0,2
10332,15.0,2009,11.0,378.0,2060.0,3559.0,11,0.03,5.945329457364344,6.3206201550387675,32.76409185803758,0.03,6.042635658914737,6.440271317829467,23.798538622129435,0.03,6.047189922480624,6.441937984496127,28.856993736951985,0,0,0,0,0,2
10333,13.0,1999,11.0,15.0,87.0,61.0,1,0.13,9.4,6.7,10.0,0.18,9.4,7.6,14.0,6.03,9.4,9.2,14.0,1,1,1,0,0,2
10334,10.0,2011,9.0,12.0,1158.0,637.0,1,0.5,7.7,5.2,756.0,0.5,7.7,5.2,756.0,1.22,7.7,7.85,756.0,0,0,0,0,0,2
10335,17.0,2006,1.0,8.0,45.0,31.0,5,0.03,4.85,5.45,3.0,0.04,5.55,5.65,3.0,0.04,5.55,5.65,3.0,1,1,1,0,0,2
10336,1.0,2006,7.0,33.0,249.0,1064.0,12,0.11,7.4,6.75,5.0,0.27,6.7,6.75,5.0,0.14,6.8,6.75,5.0,0,0,0,0,0,2
10337,5.0,2016,9.0,20.0,234.0,1321.0,6,0.24,7.3,7.05,21.0,0.24,7.3,7.05,21.0,0.24,7.3,7.05,21.0,0,1,0,1,0,2
10338,19.0,2002,7.0,181.0,971.0,2173.0,11,0.45,4.6,6.8,4.0,0.18,5.63,2.4,4.0,0.18,5.63,2.4,4.0,0,0,0,0,0,2
10339,6.0,2009,6.0,32.0,71.0,260.0,5,0.23,6.100858058608059,6.465022893772954,45.416876320821174,0.23,6.1914130036630235,6.564434981685036,44.29963771762101,0.23,6.221868131868156,6.605723443223496,45.280718526718324,1,0,0,0,0,2
10340,4.0,2008,6.0,15.0,369.0,2163.0,10,0.3,6.5,7.35,1.0,0.27,3.4,3.8,2.0,0.27,3.4,3.8,2.0,0,0,0,0,0,2
10341,4.0,2009,1.0,5.0,2061.0,2485.0,6,0.14,5.0,1.3,50.939571150097464,0.1,5.0,1.3,48.451559454191035,0.1,5.0,1.3,49.943567251461985,0,0,0,0,0,2
10342,1.0,2010,9.0,6.0,19.0,858.0,9,0.28,7.7,7.75,118.5,0.42,6.0,6.55,20.5,0.42,6.0,6.55,20.5,1,0,1,0,0,2
10343,22.0,2000,11.0,9.0,34.0,1293.0,1,0.2,8.45,8.2,49.0,0.36,8.45,8.2,49.0,0.53,8.45,8.4,10.0,1,0,1,0,0,2
10344,7.0,2006,6.0,4.0,2062.0,3560.0,1,0.61,4.0,4.0,2.0,0.61,4.0,4.0,2.0,0.61,4.0,4.0,2.0,0,0,0,0,0,2
10345,4.0,2009,1.0,9.0,1447.0,2379.0,1,0.16,6.06531266560678,6.414785373608896,47.58155002891845,0.16,6.151277159512439,6.537713301536816,45.36119144013881,0.16,6.18789083200847,6.572859035506092,49.094852515905146,0,0,0,0,0,2
10346,14.0,2003,7.0,8.0,312.0,2639.0,6,1.68,6.95,6.95,3.0,0.02,5.8,6.0,1.0,0.02,5.8,6.0,1.0,0,0,0,0,0,2
10347,13.0,2001,11.0,3.0,1638.0,3561.0,11,0.02,8.3,8.65,283.0,0.02,8.3,8.65,283.0,0.02,8.3,8.65,283.0,0,0,0,0,0,2
10348,13.0,1999,3.0,15.0,1728.0,3562.0,1,0.11,6.0,7.1,14.0,0.16,6.0,7.1,14.0,0.16,6.0,7.1,14.0,0,0,0,0,0,2
10349,7.0,2007,4.0,17.0,215.0,25.0,1,0.51,6.0,7.0,23.0,0.02,6.0,7.3,34.0,0.26,7.65,7.95,79.0,1,1,0,1,0,2
10350,4.0,2007,11.0,5.0,377.0,1277.0,1,0.28,6.1,6.7,2.0,0.03,6.1,6.7,2.0,0.09,6.1,6.7,2.0,0,0,0,0,0,2
10351,14.0,2004,10.0,24.0,300.0,2701.0,11,0.18,3.2,3.18,7.5,0.18,3.2,3.18,7.5,0.18,3.2,3.18,7.5,0,0,0,0,0,2
10352,13.0,1995,12.0,4.0,1014.0,3563.0,1,0.12,6.105477410782085,6.471694191344031,46.30825496342738,0.25,6.192767653758562,6.565149962034973,45.062225705329155,0.25,6.223125474563416,6.604986712224803,46.031556948798325,0,0,0,0,0,2
10353,13.0,1998,11.0,3.0,136.0,11.0,1,1.38,6.8,6.8,12.0,1.38,6.8,6.8,12.0,1.38,6.8,6.8,12.0,1,1,0,0,0,2
10354,7.0,2009,10.0,26.0,1591.0,2642.0,1,0.12,6.06531266560678,6.414785373608896,47.58155002891845,0.12,6.151277159512439,6.537713301536816,45.36119144013881,0.14,6.18789083200847,6.572859035506092,49.094852515905146,0,0,0,0,0,2
10355,6.0,2012,11.0,379.0,2063.0,3564.0,1,0.02,6.072961653015631,6.425969843633651,50.50295255548768,0.02,6.152457185405805,6.543201787043918,48.179596823457544,0.02,6.196662323157107,6.5816586001488995,49.25208715129302,0,0,0,0,0,2
10357,7.0,2002,3.0,91.0,539.0,3566.0,10,0.04,2.55,6.7,47.153113889207475,0.04,2.55,6.7,45.36168138547998,0.04,2.55,6.7,46.27904576212868,0,0,0,0,0,2
10358,24.0,1995,4.0,9.0,884.0,3567.0,1,0.12,6.105477410782085,6.471694191344031,46.30825496342738,0.02,6.192767653758562,6.565149962034973,45.062225705329155,0.02,6.223125474563416,6.604986712224803,46.031556948798325,0,0,0,0,0,2
10359,17.0,2006,6.0,5.0,266.0,1454.0,2,0.03,6.95,8.0,1.0,0.1,6.95,9.0,1.0,0.05,4.4,9.0,1.0,0,0,0,0,0,2
10360,10.0,2014,4.0,26.0,954.0,625.0,1,0.11,6.8,6.8,14.0,0.11,6.8,6.8,14.0,0.45,6.8,6.8,14.0,1,0,0,0,0,2
10361,6.0,2009,6.0,15.0,596.0,1520.0,11,0.12,6.2,6.2,32.76409185803758,0.45,6.3,6.3,23.798538622129435,0.45,6.3,6.3,28.856993736951985,1,0,0,1,0,2
10362,17.0,2012,9.0,118.0,253.0,320.0,1,0.16,6.53,7.82,18.5,0.16,6.53,7.82,18.5,0.16,6.53,7.82,18.5,0,0,0,0,0,2
10363,1.0,2010,6.0,20.0,1071.0,3568.0,1,0.28,6.036517973148549,6.446041576440007,42.41893830703013,0.37,6.13182763100909,6.5621524469467225,36.190578670492584,0.37,6.158211346903418,6.59756604590732,41.083213773314206,0,0,0,0,0,2
10364,9.0,2002,7.0,5.0,548.0,1481.0,1,0.5,5.0,6.43,2.5,0.16,5.0,6.43,2.5,0.46,5.0,6.43,2.5,1,0,0,0,1,2
10365,23.0,2014,10.0,232.0,676.0,1240.0,3,0.03,7.0,6.05,1.0,0.18,7.0,7.9,19.0,0.01,8.0,7.88,18.0,1,0,0,0,0,2
10366,13.0,1999,12.0,26.0,424.0,588.0,6,0.04,7.1,7.1,7.0,1.3,7.1,7.1,7.0,1.3,7.1,7.1,7.0,1,0,0,0,0,2
10367,23.0,2016,9.0,49.0,1696.0,1720.0,3,0.01,7.2,7.15,18.0,0.17,7.2,7.15,18.0,0.17,7.2,7.15,18.0,0,0,0,0,0,2
10368,23.0,2014,9.0,160.0,1090.0,3115.0,12,0.55,7.8,7.9,7.0,0.36,6.9,7.25,12.0,0.36,6.9,7.25,12.0,1,0,0,1,0,2
10369,17.0,2012,1.0,26.0,2065.0,3569.0,1,0.12,6.072961653015631,6.425969843633651,50.50295255548768,0.12,6.152457185405805,6.543201787043918,48.179596823457544,0.12,6.196662323157107,6.5816586001488995,49.25208715129302,0,0,0,0,0,2
10370,4.0,2009,8.0,340.0,2066.0,3570.0,9,0.02,3.9,1.8,48.85785172212493,0.02,3.9,1.8,47.55465557501459,0.02,3.9,1.8,48.898423817863396,0,0,0,0,0,2
10371,7.0,2006,1.0,15.0,87.0,1539.0,1,0.12,6.057909446618223,6.454225824482941,48.764652014652015,0.15,6.140609278926769,6.574768026830625,40.60225885225885,0.35,6.179580771380661,6.604046953605371,45.93101343101343,0,0,1,0,0,2
10372,20.0,2015,2.0,343.0,1882.0,3187.0,6,0.13,8.67,8.42,80.5,0.06,8.0,7.9,147.0,0.06,8.0,7.9,147.0,0,0,0,0,0,2
10373,17.0,2010,12.0,4.0,2067.0,3571.0,1,1.32,6.0,7.3,18.0,1.32,6.0,7.3,18.0,1.32,6.0,7.3,18.0,0,0,0,1,0,2
10374,5.0,2011,9.0,207.0,1093.0,3572.0,5,0.01,7.3,7.55,4.0,0.05,7.3,7.7,56.0,0.05,7.3,7.7,56.0,0,0,0,0,0,2
10375,4.0,2006,9.0,5.0,245.0,1609.0,5,0.17,4.1,5.0,1.0,0.25,4.1,6.3,3.0,0.25,4.1,6.3,3.0,1,0,0,0,0,2
10376,14.0,2005,7.0,8.0,40.0,555.0,4,0.23,6.25,7.85,2.0,0.23,7.5,7.3,1.0,0.14,7.7,7.5,1.0,1,0,1,1,0,2
10377,4.0,2009,8.0,6.0,534.0,571.0,6,0.21,7.55,8.0,42.0,0.06,7.55,8.0,42.0,0.26,7.55,8.0,42.0,1,0,0,0,0,2
10378,13.0,1995,7.0,4.0,2068.0,3573.0,1,0.11,6.0,5.4,20.0,0.11,6.0,5.4,20.0,0.11,6.0,5.4,20.0,0,0,0,0,0,2
10379,17.0,2012,9.0,26.0,190.0,701.0,1,0.11,7.0,7.0,2.0,0.47,9.0,9.0,1.0,0.31,8.3,8.3,3.0,0,0,0,0,0,2
10380,23.0,2014,4.0,6.0,62.0,3574.0,4,0.43,8.13,7.42,93.5,3.04,8.7,8.3,645.5,3.04,8.7,8.3,645.5,0,0,1,0,1,2
10381,6.0,2010,6.0,4.0,121.0,373.0,1,0.12,8.5,8.5,2.0,0.18,8.5,8.5,2.0,0.11,8.5,8.5,2.0,1,0,0,0,0,2
10382,8.0,1995,4.0,26.0,424.0,188.0,1,0.2,8.3,8.3,3.0,0.21,7.0,7.0,33.0,0.21,7.0,7.0,33.0,0,0,0,0,0,2
10383,1.0,2008,8.0,69.0,24.0,918.0,5,0.01,5.4,6.55,4.0,0.31,5.4,6.55,4.0,0.01,4.0,6.55,4.0,0,0,0,0,0,2
10384,17.0,2011,9.0,15.0,2069.0,3575.0,1,0.12,6.107652813930537,6.467882595817321,45.77475613360922,0.12,6.194403554438579,6.56657391616556,44.85269484678293,0.12,6.2266573916165795,6.606709451575302,45.76973100798108,0,0,0,0,0,2
10385,14.0,2005,1.0,5.0,391.0,422.0,11,0.18,7.7,8.3,44.6111833550065,0.35,7.7,8.3,34.02925877763329,0.03,7.7,8.8,39.31014304291288,0,0,0,0,0,2
10386,17.0,2010,10.0,15.0,2070.0,3576.0,1,0.13,6.036517973148549,6.446041576440007,42.41893830703013,0.13,6.13182763100909,6.5621524469467225,36.190578670492584,0.13,6.158211346903418,6.59756604590732,41.083213773314206,0,0,0,0,0,2
10387,1.0,2011,1.0,49.0,524.0,2300.0,9,0.06,5.3,6.7,15.0,0.27,5.85,6.75,13.0,0.01,4.0,6.75,0.0,0,0,0,0,0,2
10388,9.0,2003,8.0,88.0,831.0,315.0,11,0.35,7.8,8.4,48.97781824201291,0.03,7.8,8.4,47.036252276113224,0.03,7.8,8.4,48.732577387849695,1,0,0,1,0,2
10389,13.0,2000,1.0,29.0,120.0,1512.0,1,0.36,6.0,6.0,1.0,3.58,6.7,6.7,3.0,0.18,6.7,6.7,3.0,0,0,0,0,0,2
10390,13.0,1995,11.0,31.0,1009.0,3577.0,1,0.19,6.105477410782085,6.471694191344031,46.30825496342738,0.19,6.192767653758562,6.565149962034973,45.062225705329155,0.19,6.223125474563416,6.604986712224803,46.031556948798325,0,0,0,0,0,2
10391,5.0,2006,1.0,15.0,103.0,102.0,2,0.24,7.6,7.2,10.0,0.86,8.1,7.15,1.0,0.86,8.1,7.15,1.0,0,0,0,0,0,1
10392,1.0,2006,6.0,26.0,725.0,981.0,1,0.12,7.5,7.5,2.0,0.12,7.5,7.5,2.0,0.2,8.0,8.0,1.0,0,0,0,0,1,1
10393,4.0,2011,2.0,5.0,321.0,3578.0,10,0.12,4.5,6.05,3.0,0.28,4.5,6.05,3.0,0.28,4.5,6.05,3.0,0,0,0,0,0,1
10394,8.0,1995,4.0,51.0,2071.0,3579.0,1,0.87,6.105477410782085,6.471694191344031,46.30825496342738,0.87,6.192767653758562,6.565149962034973,45.062225705329155,0.87,6.223125474563416,6.604986712224803,46.031556948798325,1,0,0,0,0,1
10395,4.0,2005,1.0,15.0,1249.0,1539.0,1,0.11,5.941533923303834,6.313171091445431,50.56199677938808,0.17,6.055781710914458,6.470575221238942,37.569243156199676,0.15,6.052935103244841,6.466165191740415,43.750402576489535,0,0,1,0,0,1
10396,7.0,2002,1.0,40.0,210.0,3580.0,10,0.08,7.6,8.3,2.0,0.83,7.7,7.8,2.0,0.83,7.7,7.8,2.0,0,0,0,0,0,1
10397,4.0,2006,4.0,71.0,720.0,3581.0,10,0.56,7.4,7.6,11.0,0.09,7.17,8.4,61.0,0.09,7.17,8.4,61.0,0,0,0,0,0,1
10398,7.0,2010,1.0,15.0,1406.0,2314.0,1,0.12,6.4,7.8,16.0,0.12,6.4,7.8,16.0,0.12,6.4,7.8,16.0,0,0,0,0,0,1
10399,4.0,2008,6.0,381.0,1284.0,3582.0,9,0.0,0.0,0.0,0.0,0.04,0.0,0.0,0.0,0.04,0.0,0.0,0.0,0,0,0,0,0,1
10400,4.0,2010,6.0,12.0,958.0,3583.0,10,0.19,6.057083503054985,6.415594704684301,49.885309852875615,0.19,6.142910386965374,6.540040733197534,48.07779759251003,0.19,6.1904786150712745,6.577492871690405,49.565425769059296,0,0,0,0,0,1
10401,6.0,2009,2.0,6.0,196.0,2419.0,9,0.13,5.0,7.05,33.0,0.65,6.92,7.05,33.0,0.65,6.92,7.05,33.0,0,0,1,0,0,1
10402,1.0,2008,6.0,59.0,437.0,3584.0,12,0.15,5.9,5.5,1.0,0.13,3.45,5.6,19.0,0.13,3.45,5.6,19.0,0,0,0,0,1,1
10403,7.0,2005,1.0,3.0,807.0,1036.0,11,0.16,6.1,6.6,6.0,0.46,8.12,8.0,43.0,0.46,8.12,8.0,43.0,0,0,0,0,0,1
10404,17.0,2006,1.0,159.0,1182.0,324.0,1,0.55,6.057909446618223,6.454225824482941,48.764652014652015,0.13,6.140609278926769,6.574768026830625,40.60225885225885,0.13,6.179580771380661,6.604046953605371,45.93101343101343,1,0,0,0,0,1
10405,17.0,2012,9.0,132.0,2072.0,3585.0,1,0.05,6.072961653015631,6.425969843633651,50.50295255548768,0.05,6.152457185405805,6.543201787043918,48.179596823457544,0.05,6.196662323157107,6.5816586001488995,49.25208715129302,0,0,0,0,0,1
10406,14.0,2003,10.0,13.0,550.0,331.0,3,0.12,5.75,7.0,2.0,0.99,4.8,6.2,22.0,0.32,6.8,8.0,22.0,0,0,0,0,0,1
10407,6.0,2015,9.0,239.0,2073.0,3586.0,1,0.09,5.8,7.5,44.238808539944905,0.09,5.8,7.5,40.88240358126722,0.09,5.8,7.5,43.51325757575758,0,0,0,0,0,1
10408,6.0,2014,9.0,26.0,1591.0,2642.0,1,0.11,5.0,5.0,1.0,0.11,5.0,5.0,1.0,0.08,5.0,5.0,1.0,0,0,0,0,0,1
10409,4.0,2007,8.0,15.0,2074.0,3587.0,1,0.14,6.099566138746374,6.4607807271916755,47.55820785897907,0.14,6.186688601383021,6.564681017176054,46.14738646101114,0.14,6.2206457729199345,6.6001962971225066,47.53813196229649,0,0,0,0,0,1
10410,17.0,2007,12.0,18.0,226.0,1106.0,10,0.42,6.5,4.65,2.0,0.42,6.5,4.65,2.0,0.42,6.5,4.65,2.0,0,0,0,0,0,1
10411,4.0,2009,1.0,6.0,534.0,214.0,8,0.03,7.43,7.43,120.5,0.08,7.43,7.43,120.5,0.06,7.43,7.43,120.5,0,0,0,0,0,1
10412,19.0,2003,1.0,15.0,87.0,1366.0,1,0.24,8.0,7.0,1.0,0.02,6.1,7.0,0.0,0.02,6.1,7.0,0.0,0,0,1,0,0,1
10413,14.0,2003,2.0,31.0,421.0,2305.0,2,0.84,6.77,7.47,5.0,0.84,6.77,7.47,5.0,0.84,6.77,7.47,5.0,0,0,0,0,0,1
10414,7.0,2003,3.0,8.0,31.0,2281.0,6,1.94,7.83,7.77,23.5,0.54,8.8,8.2,23.5,0.02,7.6,7.85,8.5,0,0,0,0,0,1
10415,23.0,2015,9.0,26.0,2075.0,3588.0,1,0.12,7.0,7.0,13.0,0.12,7.0,7.0,13.0,0.12,7.0,7.0,13.0,1,0,0,0,0,1
10416,14.0,2005,9.0,339.0,381.0,3589.0,5,0.04,5.3,6.6,6.5,0.74,8.15,8.1,3.0,0.74,8.15,8.1,3.0,0,0,0,0,0,1
10417,14.0,2005,1.0,88.0,783.0,422.0,9,0.04,5.9,4.9,1.0,0.16,5.9,4.9,1.0,0.07,5.9,4.9,1.0,0,0,0,0,0,1
10418,4.0,2009,11.0,272.0,1868.0,3590.0,11,0.21,5.945329457364344,6.3206201550387675,32.76409185803758,0.08,6.042635658914737,6.440271317829467,23.798538622129435,0.08,6.047189922480624,6.441937984496127,28.856993736951985,0,0,0,0,0,1
10419,14.0,2004,7.0,155.0,380.0,2965.0,5,0.02,8.5,8.25,28.0,0.11,8.5,8.25,28.0,0.09,8.5,8.2,38.0,1,0,0,0,0,1
10420,1.0,2013,2.0,6.0,377.0,1218.0,7,0.13,5.0,5.0,45.88387999378206,0.13,5.0,5.0,45.936615886833515,0.13,5.0,5.0,47.199984455153114,0,0,0,0,0,1
10421,7.0,2004,3.0,3.0,2076.0,945.0,4,0.09,4.9,4.0,1.0,0.09,4.9,4.0,1.0,0.79,2.7,5.3,0.0,0,0,0,0,0,1
10422,1.0,2012,9.0,1.0,2077.0,2869.0,1,0.16,5.0,7.1,208.0,0.02,8.0,7.1,208.0,0.05,7.7,8.05,36.0,0,0,0,0,0,1
10423,1.0,2010,1.0,149.0,2078.0,3591.0,1,0.09,6.3,6.3,4.0,0.09,6.3,6.3,4.0,0.09,6.3,6.3,4.0,0,0,0,0,0,1
10424,4.0,2009,1.0,26.0,2079.0,3592.0,1,0.11,7.3,7.3,9.0,0.11,7.3,7.3,9.0,0.11,7.3,7.3,9.0,0,0,0,0,0,1
10425,9.0,2005,3.0,29.0,33.0,140.0,1,0.15,6.75,8.3,0.0,0.03,6.75,8.3,0.0,1.49,8.0,8.68,102.5,0,0,0,0,0,1
10426,5.0,2011,6.0,6.0,19.0,1145.0,10,0.13,5.5,4.47,11.0,0.13,5.5,4.47,11.0,0.17,5.5,4.47,11.0,0,0,1,0,0,1
10427,7.0,2005,1.0,49.0,538.0,2188.0,5,0.1,5.8,6.8,36.0,0.05,7.7,8.05,36.0,0.19,7.7,8.05,36.0,1,0,0,0,0,1
10428,23.0,2011,9.0,17.0,2080.0,3593.0,2,2.68,7.97,7.3,436.5,2.68,7.97,7.3,436.5,2.68,7.97,7.3,436.5,0,0,0,0,1,1
10429,7.0,2005,2.0,15.0,24.0,112.0,9,0.12,6.8,5.3,1.0,0.08,6.8,5.0,1.0,0.11,6.37,7.53,4.0,1,0,0,0,0,1
10430,4.0,2010,4.0,26.0,1141.0,588.0,1,0.12,5.0,5.0,3.0,0.12,5.0,5.0,3.0,0.33,5.0,5.0,3.0,1,0,0,0,0,1
10431,4.0,2008,5.0,17.0,1978.0,3594.0,11,0.08,6.5,6.65,4.0,0.12,6.3,8.15,1.0,0.08,7.07,7.45,16.5,0,0,0,0,0,1
10432,6.0,2009,3.0,152.0,794.0,3595.0,3,0.08,7.5,8.0,15.5,0.08,7.5,8.0,15.5,0.08,7.5,8.0,15.5,0,0,0,0,0,1
10433,5.0,2008,9.0,9.0,1032.0,3596.0,1,0.19,7.5,7.4,3.0,0.02,7.5,7.4,3.0,0.02,7.5,7.4,3.0,0,0,0,0,0,1
10434,7.0,2010,2.0,59.0,562.0,1310.0,1,0.14,4.0,6.0,1.0,0.59,4.0,5.95,3.0,0.59,4.0,5.95,3.0,0,0,0,0,0,1
10435,19.0,2003,7.0,24.0,1671.0,1803.0,11,0.17,6.1,8.1,3.0,0.17,7.6,7.85,3.0,0.17,7.6,7.85,3.0,0,0,0,0,0,1
10436,15.0,2009,11.0,42.0,1762.0,3597.0,4,0.01,6.1248507638072835,6.489690560125382,45.814278346084414,0.01,6.206650998824923,6.586756756756806,44.8149230636981,0.01,6.240787309048195,6.627685859772829,46.29712885756039,0,0,0,0,0,1
10437,19.0,2005,9.0,6.0,62.0,716.0,3,0.2,4.13,7.3,6.0,1.11,8.7,8.4,121.0,1.11,8.7,8.4,121.0,1,0,1,1,0,1
10438,4.0,2009,6.0,340.0,2081.0,3598.0,12,0.11,6.108570816186554,6.4735210905350415,45.496519612454144,0.11,6.194410150891657,6.572713477366295,44.671996989935096,0.11,6.223702846364916,6.612706618655714,45.642884018436646,0,0,0,0,0,1
10439,7.0,2001,11.0,18.0,164.0,3599.0,11,1.9,9.0,8.6,32.0,1.95,9.0,8.12,32.0,1.95,9.0,8.12,32.0,0,0,0,0,0,1
10440,6.0,2009,11.0,36.0,511.0,1831.0,5,0.31,6.7,6.8,69.5,0.16,2.25,3.75,3.0,0.17,4.6,5.7,8.0,1,0,0,0,0,1
10441,6.0,2014,11.0,179.0,590.0,2533.0,1,0.14,7.2,7.2,142.0,0.14,7.2,7.2,142.0,0.14,7.2,7.2,142.0,0,0,0,0,0,1
10442,12.0,2000,3.0,1.0,99.0,192.0,1,0.28,6.9,6.9,24.0,0.82,6.9,6.9,24.0,0.82,6.9,6.9,24.0,0,0,0,0,0,1
10443,1.0,2010,6.0,6.0,276.0,3600.0,1,0.17,3.0,4.0,3.0,1.94,3.0,3.0,1.0,0.03,3.0,5.0,1.0,0,0,0,0,0,1
10444,17.0,2006,11.0,4.0,2082.0,3601.0,1,0.11,6.1,6.1,9.0,0.11,6.1,6.1,9.0,0.11,6.1,6.1,9.0,0,0,0,0,0,1
10445,4.0,2009,11.0,15.0,1688.0,3602.0,6,0.4,6.15,7.85,1.0,0.17,7.4,7.3,5.0,0.17,7.4,7.3,5.0,0,0,0,0,0,1
10446,6.0,2013,7.0,26.0,2083.0,1183.0,1,0.18,6.0,6.0,1.0,0.18,6.0,6.0,1.0,0.17,8.0,8.0,4.0,0,0,0,0,0,1
10447,6.0,2012,9.0,26.0,683.0,701.0,1,0.11,5.0,7.5,4.0,0.11,5.0,7.5,4.0,0.12,5.0,7.5,4.0,0,0,0,0,0,1
10448,1.0,2009,3.0,15.0,87.0,277.0,5,0.18,5.0,6.0,3.0,0.18,5.0,6.0,3.0,0.23,5.0,8.0,3.0,0,0,1,1,0,1
10449,4.0,2011,1.0,3.0,448.0,2914.0,1,0.93,6.107652813930537,6.467882595817321,45.77475613360922,0.93,6.194403554438579,6.56657391616556,44.85269484678293,0.93,6.2266573916165795,6.606709451575302,45.76973100798108,0,0,0,0,0,1
10450,17.0,2005,1.0,4.0,422.0,1342.0,3,0.21,6.35,5.65,5.0,0.09,7.8,8.5,5.0,0.05,7.8,8.5,5.0,0,0,0,0,1,1
10451,4.0,2008,3.0,201.0,1617.0,3603.0,1,0.07,6.0,7.0,1.0,0.07,5.7,5.3,3.0,0.07,5.7,5.3,3.0,0,0,0,0,0,1
10452,4.0,2011,5.0,86.0,2084.0,3604.0,9,0.03,6.0,6.0,3.0,0.03,6.0,6.0,3.0,0.03,6.0,6.0,3.0,0,0,0,0,0,1
10453,4.0,2007,5.0,9.0,34.0,3605.0,9,1.17,7.4,7.3,21.0,0.13,5.3,7.3,0.0,0.13,5.3,7.3,0.0,0,0,1,0,0,1
10454,10.0,2014,4.0,72.0,400.0,1717.0,1,0.26,8.0,7.65,9.0,0.57,8.3,7.25,40.0,0.38,8.3,8.2,18.0,1,0,0,0,0,1
10455,17.0,2006,3.0,4.0,40.0,335.0,1,0.11,9.0,8.38,1.5,0.52,9.0,8.38,1.5,0.15,5.65,6.0,6.0,1,0,1,0,1,1
10456,1.0,2007,6.0,69.0,591.0,861.0,1,0.01,9.3,9.3,4.0,0.01,9.3,9.3,4.0,0.22,9.3,9.3,4.0,0,0,0,0,0,1
10457,1.0,2008,11.0,382.0,1554.0,3606.0,9,0.01,7.0,7.6,0.0,0.12,2.9,5.3,1.0,0.12,2.9,5.3,1.0,0,0,0,0,0,1
10458,7.0,2002,8.0,4.0,93.0,3607.0,5,0.17,7.65,7.35,6.0,0.17,7.65,7.35,6.0,0.17,7.65,7.35,6.0,0,0,0,0,0,1
10459,9.0,2003,3.0,88.0,94.0,599.0,3,0.08,6.3,4.6,14.0,0.02,7.6,7.85,8.5,0.4,7.6,8.7,3.0,1,0,0,0,0,1
10460,15.0,2004,12.0,5.0,270.0,730.0,10,0.5,8.2,7.9,50.91388518024032,0.5,8.2,7.9,41.10447263017357,0.5,8.2,7.9,47.05941255006675,0,0,0,1,0,1
10461,15.0,2004,12.0,5.0,270.0,730.0,10,0.49,7.17,7.92,12.5,0.1,7.73,8.0,198.5,0.1,7.73,8.0,198.5,0,0,0,1,0,1
10462,1.0,2011,9.0,20.0,135.0,2758.0,6,0.13,4.1,4.4,6.0,0.17,5.05,5.65,6.0,0.13,4.1,4.4,6.0,0,0,0,0,0,1
10463,5.0,2014,9.0,15.0,491.0,597.0,2,0.03,6.35,7.0,66.0,0.15,6.35,7.0,66.0,0.15,6.35,7.0,66.0,1,0,0,1,0,1
10464,6.0,2010,10.0,15.0,2085.0,3608.0,10,0.19,3.83,5.9,17.5,0.19,3.83,5.9,17.5,0.19,3.83,5.9,17.5,0,0,0,0,0,1
10465,14.0,2003,9.0,383.0,1855.0,3122.0,7,0.04,6.6,5.3,3.0,0.04,6.6,5.3,3.0,0.03,6.73,8.22,105.0,1,0,0,0,0,1
10466,7.0,2002,1.0,29.0,2086.0,2300.0,5,0.3,5.8,4.4,25.0,0.05,7.35,8.15,25.0,0.24,7.35,5.5,2.0,1,0,0,0,0,1
10467,5.0,2010,2.0,5.0,1193.0,370.0,1,0.15,6.036517973148549,6.446041576440007,42.41893830703013,0.15,6.13182763100909,6.5621524469467225,36.190578670492584,0.3,6.158211346903418,6.59756604590732,41.083213773314206,0,0,0,0,1,1
10468,13.0,1995,7.0,31.0,612.0,3609.0,1,0.17,3.3,3.3,3.0,0.17,3.3,3.3,3.0,0.17,3.3,3.3,3.0,0,0,0,0,0,1
10469,4.0,2007,11.0,40.0,2087.0,225.0,5,0.09,6.97,7.5,23.0,0.02,6.97,6.55,23.0,0.05,7.25,7.6,17.0,1,0,0,0,1,1
10470,10.0,2013,4.0,38.0,190.0,1663.0,1,0.26,6.0,8.5,2.0,0.01,6.0,8.5,2.0,0.04,6.0,7.0,3.0,0,0,0,0,0,1
10471,9.0,2004,4.0,342.0,1558.0,3610.0,6,0.0,0.0,0.0,0.0,0.2,0.0,7.0,1.0,0.2,0.0,7.0,1.0,0,0,0,0,0,1
10472,6.0,2014,4.0,42.0,1423.0,2341.0,8,0.1,6.6,3.95,5.5,0.23,7.13,6.1,67.0,0.23,7.13,6.1,67.0,1,0,0,0,0,1
10473,9.0,2004,8.0,183.0,932.0,846.0,11,0.0,0.0,0.0,0.0,0.06,0.0,4.0,1.0,0.09,0.0,4.0,1.0,0,0,0,0,0,1
10474,7.0,2003,10.0,12.0,61.0,3611.0,7,0.29,6.7,7.2,45.79083511777302,0.01,5.15,7.2,44.859186295503214,0.01,5.15,7.2,46.22372591006424,0,0,0,0,0,1
10475,17.0,2004,6.0,4.0,2088.0,742.0,1,0.33,4.55,5.05,1.0,0.33,4.55,5.05,1.0,1.07,4.55,5.05,1.0,0,0,0,0,0,1
10476,1.0,2009,6.0,35.0,555.0,2028.0,12,0.02,5.0,1.3,45.496519612454144,0.12,5.0,1.3,44.671996989935096,0.06,2.5,4.9,45.642884018436646,0,0,0,0,0,1
10477,4.0,2010,9.0,85.0,2089.0,3612.0,11,0.05,6.0,7.33,4.0,0.05,3.2,1.6,4.0,0.05,3.2,1.6,4.0,0,0,0,0,0,1
10478,17.0,2007,8.0,15.0,237.0,3613.0,1,0.12,5.7,7.35,2.0,1.44,5.7,7.35,2.0,1.44,5.7,7.35,2.0,0,0,0,0,0,1
10479,4.0,2009,9.0,59.0,277.0,3491.0,12,0.11,5.05,4.65,1.0,0.05,5.8,4.65,1.0,0.11,5.05,4.65,1.0,0,0,0,0,0,1
10480,18.0,2015,7.0,284.0,315.0,812.0,3,0.2,6.2,6.35,5.0,0.31,5.0,6.6,11.0,0.31,5.0,6.6,11.0,0,0,0,0,0,1
10481,14.0,2003,11.0,6.0,705.0,1851.0,12,0.02,7.9,7.05,6.0,0.14,6.6,7.15,1.0,0.33,8.2,8.63,234.0,0,0,1,0,0,1
10482,5.0,2008,1.0,40.0,210.0,502.0,10,0.16,6.2,7.4,4.0,0.08,6.2,7.4,4.0,0.16,6.95,7.03,4.0,0,0,0,1,0,1
10483,7.0,2005,9.0,4.0,40.0,44.0,2,0.02,5.0,4.0,2.0,0.49,6.4,7.6,11.0,3.44,7.95,7.7,48.0,0,0,1,0,0,1
10484,13.0,1999,12.0,15.0,103.0,1516.0,1,0.11,7.0,8.6,18.0,0.96,7.0,6.5,4.0,0.45,7.0,7.9,41.0,0,0,0,0,0,1
10485,13.0,1995,10.0,72.0,2090.0,3614.0,1,0.38,7.0,7.0,1.0,0.38,7.0,7.0,1.0,0.38,7.0,7.0,1.0,0,0,0,0,0,1
10486,10.0,2012,9.0,118.0,2091.0,559.0,1,0.45,7.45,7.8,59.0,0.45,7.45,7.8,59.0,0.14,7.45,7.8,59.0,0,0,0,0,0,1
10487,1.0,2007,7.0,8.0,296.0,49.0,3,0.16,5.85,7.25,10.0,0.09,8.03,8.52,67.0,0.25,6.05,7.4,8.0,1,0,0,1,0,1
10488,17.0,2011,11.0,157.0,2092.0,3615.0,1,0.01,6.107652813930537,6.467882595817321,45.77475613360922,0.05,6.194403554438579,6.56657391616556,44.85269484678293,0.05,6.2266573916165795,6.606709451575302,45.76973100798108,0,0,0,0,0,1
10489,4.0,2010,6.0,3.0,2093.0,3616.0,1,0.09,6.036517973148549,6.446041576440007,42.41893830703013,0.09,6.13182763100909,6.5621524469467225,36.190578670492584,0.09,6.158211346903418,6.59756604590732,41.083213773314206,0,0,0,0,0,1
10490,6.0,2010,6.0,4.0,2094.0,3617.0,11,0.53,6.25,5.95,2.0,0.02,7.1,8.5,4.0,0.02,7.1,8.5,4.0,0,0,0,0,0,1
10491,4.0,2008,9.0,22.0,2095.0,3618.0,6,0.3,3.9,6.2,48.31761945392491,0.3,3.9,6.2,47.04635949943117,0.3,3.9,6.2,48.42512798634812,0,0,0,0,0,1
10492,11.0,2015,4.0,26.0,438.0,1114.0,8,0.29,6.5,7.08,13.5,0.08,7.0,7.0,13.5,0.24,7.0,5.8,6.0,1,0,0,1,0,1
10493,17.0,2011,6.0,330.0,1826.0,3075.0,1,0.02,6.107652813930537,6.467882595817321,45.77475613360922,0.02,6.194403554438579,6.56657391616556,44.85269484678293,0.02,6.2266573916165795,6.606709451575302,45.76973100798108,0,0,0,0,0,1
10495,4.0,2008,12.0,9.0,1418.0,2889.0,1,0.13,8.0,7.6,11.0,0.24,8.0,7.6,11.0,0.03,6.4,8.2,11.0,1,0,0,0,0,1
10496,14.0,2004,3.0,36.0,130.0,215.0,3,0.22,5.0,4.8,1.0,0.05,6.22,7.15,1.0,1.4,7.92,7.0,33.5,1,0,0,0,0,1
10497,9.0,2002,3.0,6.0,575.0,1121.0,5,0.04,6.1,3.4,50.12277777777778,0.93,6.6,3.4,48.375238095238096,0.05,6.6,3.4,49.76777777777778,0,0,0,0,0,1
10498,22.0,1999,10.0,255.0,2096.0,3620.0,1,0.17,8.0,8.0,20.0,0.17,8.0,8.0,20.0,0.17,8.0,8.0,20.0,0,0,0,0,0,1
10499,14.0,2005,1.0,8.0,45.0,31.0,2,0.29,8.8,7.9,7.0,0.32,7.45,7.45,7.0,0.14,3.0,6.1,22.0,1,1,1,0,0,1
10500,1.0,2010,6.0,29.0,120.0,3475.0,9,0.16,6.0408158995815855,6.398263598326344,49.51921757035004,0.16,6.133399581589951,6.528050209204999,47.858499199267904,0.16,6.181351464435135,6.563376569037639,49.493479752916954,0,0,0,0,0,1
10501,17.0,2011,12.0,26.0,2097.0,3621.0,1,0.12,6.0,6.0,1.0,0.12,6.0,6.0,1.0,0.12,6.0,6.0,1.0,0,0,0,0,0,1
10502,4.0,2007,8.0,15.0,2098.0,3622.0,1,0.1,6.099566138746374,6.4607807271916755,47.55820785897907,0.1,6.186688601383021,6.564681017176054,46.14738646101114,0.1,6.2206457729199345,6.6001962971225066,47.53813196229649,0,0,0,0,0,1
10503,17.0,2007,12.0,11.0,971.0,2597.0,8,0.11,5.67,6.03,12.0,0.01,5.67,6.03,12.0,0.2,6.37,6.8,17.0,0,0,0,0,0,1
10504,13.0,1998,10.0,31.0,51.0,2523.0,1,0.19,7.0,7.2,20.0,0.14,7.0,7.6,38.0,0.14,7.0,7.6,38.0,1,0,1,0,0,1
10505,14.0,2004,3.0,29.0,460.0,747.0,11,0.19,4.5,2.8,3.0,0.45,4.5,3.5,3.0,0.59,5.35,7.8,0.0,0,0,0,0,0,1
10506,4.0,2011,12.0,3.0,513.0,3623.0,11,0.25,7.65,7.55,98.0,0.07,7.65,7.55,98.0,0.07,7.65,7.55,98.0,0,0,0,0,0,1
10507,17.0,2009,6.0,384.0,2099.0,3624.0,1,0.0,0.0,0.0,0.0,0.0,0.0,0.0,0.0,0.0,0.0,0.0,0.0,0,0,0,0,0,1
10508,4.0,2009,6.0,35.0,973.0,3625.0,2,0.13,5.1,5.1,46.313123359580054,0.13,5.1,5.1,45.077952755905514,0.13,5.1,5.1,46.040734908136486,0,0,0,0,0,1
10509,4.0,2008,1.0,110.0,2100.0,3626.0,1,0.88,6.076557377049176,6.4289414021625335,50.52577025484975,0.88,6.1574189047785115,6.543221137077076,48.40728413845569,0.88,6.202197418904775,6.585209277990916,49.56694560669456,0,0,0,0,0,1
10510,13.0,1995,9.0,295.0,159.0,2444.0,1,0.19,7.0,7.0,3.0,0.19,7.0,7.0,3.0,0.19,7.0,7.0,3.0,0,0,0,0,0,1
10511,22.0,1999,11.0,5.0,2040.0,3627.0,1,0.27,5.9,5.9,10.0,0.11,5.9,5.9,10.0,0.11,5.9,5.9,10.0,0,0,0,0,1,1
10512,17.0,2008,4.0,342.0,1558.0,3628.0,9,0.05,5.5,7.3,4.0,0.08,5.0,7.15,4.0,0.01,7.0,7.6,5.0,0,0,0,1,0,1
10513,1.0,2009,9.0,12.0,1341.0,3629.0,5,0.2,2.3,2.8,45.416876320821174,0.01,2.3,2.8,44.29963771762101,0.01,2.3,2.8,45.280718526718324,0,0,0,0,0,1
10514,17.0,2007,9.0,5.0,2101.0,747.0,7,0.02,5.57,6.08,33.5,0.03,4.3,6.7,5.5,0.12,4.3,6.7,5.5,0,0,0,0,0,1
10515,14.0,2003,10.0,13.0,51.0,523.0,2,0.03,7.87,8.03,71.0,0.03,7.87,8.03,71.0,0.75,7.87,8.03,71.0,0,0,1,0,0,1
10516,1.0,2012,4.0,38.0,190.0,540.0,1,0.47,6.0,9.0,1.0,0.19,6.0,7.0,3.0,0.26,5.9,6.75,2.0,1,0,0,0,0,1
10517,6.0,2011,9.0,15.0,86.0,61.0,1,0.11,8.55,8.35,163.0,2.63,8.55,8.35,163.0,6.03,8.7,8.35,373.0,1,1,0,0,0,1
10518,19.0,2002,9.0,19.0,448.0,1560.0,11,0.2,7.98,7.9,44.0,0.31,6.1,7.6,0.0,0.38,6.45,6.9,6.0,0,0,0,0,0,1
10519,4.0,2007,6.0,385.0,2102.0,3630.0,1,0.0,0.0,0.0,0.0,0.0,0.0,0.0,0.0,0.0,0.0,0.0,0.0,0,0,0,0,0,1
10520,13.0,1999,9.0,22.0,2103.0,3631.0,1,0.55,4.0,4.0,1.0,0.55,4.0,4.0,1.0,0.55,4.0,4.0,1.0,0,0,0,0,0,1
10521,1.0,2009,12.0,26.0,2104.0,3632.0,1,0.11,6.06531266560678,6.414785373608896,47.58155002891845,0.11,6.151277159512439,6.537713301536816,45.36119144013881,0.11,6.18789083200847,6.572859035506092,49.094852515905146,0,0,0,0,0,1
10522,1.0,2008,6.0,5.0,1207.0,3633.0,11,0.19,7.1,7.32,292.0,0.07,2.0,7.32,292.0,0.07,2.0,7.32,292.0,0,0,0,0,0,1
10523,4.0,2007,10.0,12.0,148.0,3634.0,12,0.02,5.75,7.15,10.0,0.44,5.75,7.15,10.0,0.04,5.0,4.5,2.0,0,0,0,0,0,1
10524,4.0,2007,6.0,282.0,2105.0,3635.0,1,0.05,6.099566138746374,6.4607807271916755,47.55820785897907,0.05,6.186688601383021,6.564681017176054,46.14738646101114,0.05,6.2206457729199345,6.6001962971225066,47.53813196229649,0,0,0,0,0,1
10525,1.0,2009,9.0,198.0,321.0,3636.0,10,0.06,7.0,5.3,4.0,0.27,7.0,5.3,4.0,0.27,7.0,5.3,4.0,0,0,0,0,0,1
10526,7.0,2003,3.0,40.0,268.0,3637.0,10,0.23,7.3,8.5,11.0,0.19,7.13,7.15,11.0,0.19,7.13,7.15,11.0,0,0,0,0,0,1
10527,19.0,2006,4.0,54.0,311.0,2146.0,9,0.02,5.4,8.35,158.0,0.27,8.0,8.35,158.0,0.27,8.0,8.35,158.0,0,0,0,0,0,1
10528,7.0,2002,10.0,22.0,145.0,3638.0,2,0.15,6.25,7.4,0.0,3.2,7.5,7.2,1.0,3.2,7.5,7.2,1.0,0,0,1,0,0,1
10529,18.0,2015,1.0,15.0,87.0,102.0,9,0.21,8.0,7.6,132.5,0.45,7.5,6.83,17.0,0.45,7.5,6.83,17.0,0,1,1,1,0,1
10530,14.0,2001,1.0,29.0,79.0,2472.0,11,0.21,5.85,5.0,2.0,0.12,6.0,5.0,0.0,0.12,6.0,5.0,0.0,0,0,0,0,1,1
10531,4.0,2010,11.0,15.0,1276.0,2076.0,1,0.11,6.036517973148549,6.446041576440007,42.41893830703013,0.11,6.13182763100909,6.5621524469467225,36.190578670492584,0.29,6.158211346903418,6.59756604590732,41.083213773314206,0,0,0,0,0,1
10532,4.0,2009,8.0,54.0,19.0,3639.0,6,0.1,6.072216863165409,6.424708824580193,50.939571150097464,0.16,6.151868524473027,6.540253662022141,48.451559454191035,0.16,6.1993461950696656,6.582299035369757,49.943567251461985,0,0,1,0,0,1
10533,6.0,2014,9.0,49.0,172.0,628.0,3,0.14,5.85,6.25,2.5,0.12,5.77,6.6,16.0,0.19,6.0,8.45,48.0,0,0,0,1,0,1
10534,4.0,2006,2.0,59.0,562.0,2873.0,1,0.19,6.057909446618223,6.454225824482941,48.764652014652015,0.15,6.140609278926769,6.574768026830625,40.60225885225885,0.15,6.179580771380661,6.604046953605371,45.93101343101343,0,0,0,0,0,1
10535,5.0,2007,1.0,6.0,19.0,2075.0,5,0.17,5.7,5.4,2.0,0.85,5.62,6.45,20.5,0.85,5.62,6.45,20.5,0,0,1,0,0,1
10536,17.0,2009,11.0,292.0,2106.0,3640.0,1,0.02,6.06531266560678,6.414785373608896,47.58155002891845,0.02,6.151277159512439,6.537713301536816,45.36119144013881,0.02,6.18789083200847,6.572859035506092,49.094852515905146,0,0,0,0,0,1
10537,19.0,2003,1.0,8.0,27.0,651.0,9,0.18,8.25,6.5,0.0,0.62,8.07,7.35,2.0,0.97,8.17,8.02,9.0,1,0,1,0,0,1
10538,5.0,2009,4.0,7.0,88.0,47.0,5,0.99,8.2,7.85,451.5,0.08,8.2,7.85,451.5,4.01,8.17,7.92,363.5,1,0,0,0,0,1
10539,5.0,2011,6.0,5.0,321.0,422.0,11,0.12,4.0,8.4,1.0,0.12,4.0,8.4,1.0,0.17,4.0,5.0,1.0,0,0,0,0,0,1
10540,4.0,2009,6.0,267.0,2107.0,2433.0,1,0.16,6.35,8.0,1.0,0.16,6.35,8.0,1.0,0.22,8.2,9.1,1.0,0,0,0,0,0,1
10541,6.0,2007,1.0,9.0,2108.0,3641.0,1,0.13,5.0,7.0,1.0,0.01,5.0,6.0,1.0,0.01,5.0,6.0,1.0,0,0,0,0,1,1
10542,14.0,2006,9.0,5.0,401.0,1609.0,5,0.15,4.0,5.1,1.0,0.41,4.1,5.6,1.0,0.41,4.1,5.6,1.0,1,0,0,0,0,1
10543,7.0,2002,7.0,19.0,2109.0,3642.0,9,2.7,7.7,8.05,105.0,0.06,7.97,7.32,13.0,0.06,7.97,7.32,13.0,0,0,0,0,0,1
10544,17.0,2013,4.0,26.0,1000.0,588.0,1,0.13,6.47,4.8,5.0,0.05,6.47,6.4,5.0,0.1,6.47,6.4,5.0,1,0,0,0,0,1
10545,15.0,2004,7.0,5.0,117.0,144.0,8,0.37,8.0,8.5,107.0,0.36,8.0,7.4,107.0,0.36,8.0,7.4,107.0,1,0,0,1,1,1
10546,7.0,2006,2.0,40.0,284.0,3313.0,7,0.05,5.9,5.9,46.243225858325964,0.14,6.0,6.0,45.80172067218783,0.14,6.0,6.0,46.99489426710622,0,0,0,0,0,1
10547,14.0,2005,7.0,114.0,355.0,477.0,10,0.11,4.77,5.95,8.0,0.22,5.5,6.4,2.0,0.22,5.5,6.4,2.0,0,0,0,0,0,1
10548,19.0,2002,9.0,5.0,11.0,1631.0,11,0.22,6.0,6.4,2.0,0.41,4.0,6.4,2.0,0.41,4.0,6.4,2.0,0,0,1,0,0,1
10549,7.0,2005,4.0,49.0,538.0,770.0,4,0.01,6.0,8.7,49.084012539184954,0.06,6.0,8.7,40.68526645768025,0.01,7.9,8.6,46.20940438871473,1,0,0,0,0,1
10550,4.0,2006,9.0,1.0,1237.0,3643.0,1,0.17,6.0,6.0,2.0,0.02,6.0,6.0,2.0,0.02,6.0,6.0,2.0,0,0,0,0,0,1
10551,1.0,2008,11.0,11.0,805.0,3644.0,1,0.17,7.0,7.0,2.0,0.21,7.0,7.0,2.0,0.04,7.0,7.0,2.0,0,0,0,0,0,1
10552,5.0,2014,3.0,36.0,130.0,2494.0,6,0.33,7.97,7.27,28.5,0.33,7.97,7.27,28.5,0.33,7.97,7.27,28.5,0,0,0,0,0,1
10553,6.0,2007,6.0,5.0,266.0,1454.0,11,0.17,3.6,5.8,4.5,0.07,3.37,3.7,2.5,0.03,7.0,6.62,2.5,0,0,0,0,0,1
10554,11.0,2015,4.0,42.0,1367.0,3645.0,9,0.05,6.4,5.7,16.0,0.22,5.87,6.07,40.5,0.01,8.0,7.3,38.0,0,0,0,0,0,1
10555,7.0,2009,6.0,5.0,73.0,84.0,12,0.13,6.25,7.97,1.5,0.75,7.2,6.93,20.0,1.1,8.2,6.75,72.0,1,0,1,0,0,1
10556,13.0,1996,1.0,352.0,1661.0,3646.0,1,0.13,6.074598214285714,6.518080357142857,51.629901960784316,0.13,6.105133928571427,6.627678571428572,32.81127450980392,0.13,6.240669642857141,6.645223214285716,43.85294117647059,0,0,0,0,0,1
10557,1.0,2008,1.0,5.0,396.0,3647.0,8,0.65,6.15,6.95,20.0,0.05,7.4,7.8,20.0,0.05,7.4,7.8,20.0,0,0,0,0,0,1
10558,19.0,2003,2.0,3.0,448.0,1769.0,1,1.72,9.0,8.6,17.0,0.1,7.0,7.3,17.0,0.1,7.0,7.3,17.0,0,0,0,0,0,1
10559,1.0,2008,10.0,13.0,880.0,1298.0,1,0.14,7.0,7.0,9.0,0.1,7.0,5.5,2.0,0.1,7.0,5.5,2.0,0,0,0,0,0,1
10560,5.0,2011,6.0,12.0,243.0,2028.0,11,0.13,6.006015209125474,6.41599619771862,41.036795626576954,0.16,6.090570342205316,6.534011406844094,35.344407064760304,0.1,6.119920152091249,6.565832699619768,39.97560975609756,0,0,0,0,0,1
10561,24.0,1995,7.0,31.0,61.0,3648.0,1,0.11,5.2,5.2,10.0,0.24,3.0,3.0,3.0,0.24,3.0,3.0,3.0,1,0,0,0,0,1
10562,4.0,2012,9.0,26.0,1591.0,2642.0,1,0.11,6.072961653015631,6.425969843633651,50.50295255548768,0.11,6.152457185405805,6.543201787043918,48.179596823457544,0.05,6.196662323157107,6.5816586001488995,49.25208715129302,0,0,0,0,0,1
10563,19.0,2002,1.0,9.0,295.0,3649.0,8,0.22,9.2,7.55,1.0,0.07,6.4,7.5,1.0,0.07,6.4,7.5,1.0,0,0,1,0,0,1
10564,15.0,2016,12.0,9.0,270.0,730.0,5,0.12,7.0,7.5,57.0,0.15,7.37,8.08,216.5,0.23,7.5,7.33,335.5,1,0,0,0,0,1
10565,17.0,2010,7.0,6.0,415.0,3650.0,11,0.14,4.0,6.25,3.5,0.24,4.0,6.25,3.5,0.24,4.0,6.25,3.5,1,0,0,1,0,1
10566,13.0,2000,6.0,24.0,276.0,1655.0,11,0.02,8.6,8.6,1.0,1.94,3.0,3.0,1.0,0.02,8.5,8.5,2.0,1,0,0,1,0,1
10567,4.0,2009,4.0,26.0,960.0,847.0,5,0.38,6.1,6.7,8.0,0.45,7.83,7.62,136.0,0.92,7.45,7.3,72.0,0,0,0,0,0,1
10568,13.0,1999,8.0,311.0,2110.0,3651.0,1,0.17,8.0,8.0,1.0,0.17,8.0,8.0,1.0,0.17,8.0,8.0,1.0,0,0,0,0,0,1
10569,15.0,2012,9.0,5.0,79.0,581.0,4,0.8,6.97,7.28,155.5,0.8,6.97,7.28,155.5,0.8,6.97,7.28,155.5,0,0,0,0,0,1
10570,5.0,2012,3.0,5.0,619.0,1999.0,11,0.29,4.75,6.85,8.0,0.27,6.2,5.8,1.0,0.12,6.2,5.8,1.0,0,0,0,0,0,1
10571,4.0,2006,5.0,88.0,1433.0,3652.0,6,0.03,6.142576419213964,6.510019650655057,46.07439501637249,0.03,6.228874818049496,6.6101899563319115,45.62994169794745,0.03,6.25625109170306,6.6470931586608515,46.82677102467854,0,0,0,0,0,1
10572,6.0,2012,9.0,15.0,703.0,3101.0,3,0.16,7.23,8.43,9.5,0.16,7.23,8.43,9.5,0.14,4.75,5.47,11.0,0,0,0,0,0,1
10573,1.0,2009,6.0,12.0,958.0,3653.0,5,0.03,7.5,7.75,2.0,0.45,7.5,7.75,2.0,0.45,7.5,7.75,2.0,0,0,0,0,0,1
10574,7.0,2001,4.0,6.0,365.0,2179.0,12,0.18,5.55,6.0,1.0,0.27,5.55,6.4,16.0,0.27,5.55,6.4,16.0,0,0,0,0,0,1
10575,23.0,2011,4.0,17.0,1202.0,3654.0,1,0.16,5.9,8.0,8.0,0.27,5.9,7.85,52.0,0.27,5.9,7.85,52.0,0,0,0,0,1,1
10576,4.0,2010,5.0,215.0,187.0,1754.0,1,0.03,6.7,7.15,8.0,0.47,6.7,7.15,8.0,0.02,6.7,7.15,8.0,0,1,0,0,0,1
10577,4.0,2010,6.0,32.0,237.0,260.0,10,0.67,8.87,7.75,34.5,0.46,6.67,7.32,18.0,0.67,8.87,7.75,34.5,1,0,0,1,0,1
10578,4.0,2006,8.0,15.0,2111.0,3655.0,1,0.11,6.057909446618223,6.454225824482941,48.764652014652015,0.11,6.140609278926769,6.574768026830625,40.60225885225885,0.11,6.179580771380661,6.604046953605371,45.93101343101343,0,0,0,0,0,1
10579,24.0,1996,4.0,386.0,2112.0,3656.0,1,0.02,3.5,10.0,1.0,0.02,3.5,10.0,1.0,0.02,3.5,10.0,1.0,0,0,0,0,0,1
10580,9.0,2004,9.0,5.0,970.0,1525.0,5,0.55,6.1,5.3,2.0,0.19,6.7,8.3,2.0,0.44,5.36,7.12,10.0,0,0,0,0,0,1
10581,5.0,2008,1.0,8.0,68.0,3392.0,1,0.18,6.0,6.6,5.0,0.08,7.5,8.6,5.0,0.08,7.5,8.6,5.0,0,0,1,0,0,1
10582,7.0,2007,9.0,5.0,229.0,1508.0,10,0.15,4.45,6.65,3.0,0.02,5.57,6.08,33.5,0.45,5.4,7.05,2.0,0,0,0,0,0,1
10583,18.0,2015,1.0,8.0,27.0,247.0,9,0.18,8.03,5.43,56.5,0.47,8.0,7.55,2.5,0.2,5.77,5.42,11.0,1,0,1,1,1,1
10584,4.0,2008,9.0,5.0,187.0,158.0,10,0.14,5.83,6.28,27.5,1.29,6.25,5.0,1.0,0.27,5.85,7.0,15.0,0,0,0,1,0,1
10585,5.0,2006,7.0,11.0,360.0,3657.0,3,0.55,7.0,7.5,18.0,0.13,5.9,6.75,27.0,0.13,5.9,6.75,27.0,0,0,0,0,0,1
10586,4.0,2009,5.0,158.0,853.0,3658.0,2,0.04,6.104990465293672,6.471661899313569,46.313123359580054,0.15,6.191879290617869,6.565022883295242,45.077952755905514,0.15,6.222345537757457,6.603920671243372,46.040734908136486,0,0,0,0,0,1
10587,17.0,2010,8.0,59.0,2113.0,3659.0,1,0.12,6.0,6.0,1.0,0.12,6.0,6.0,1.0,0.12,6.0,6.0,1.0,0,0,0,0,0,1
10588,14.0,2002,1.0,5.0,11.0,1865.0,9,0.16,7.07,6.27,2.0,1.4,7.45,7.1,27.0,1.4,7.45,7.1,27.0,0,0,1,0,0,1
10589,14.0,2004,10.0,155.0,1139.0,523.0,1,0.11,6.53,8.28,16.5,0.11,6.53,8.28,16.5,0.11,7.4,8.3,86.0,0,0,0,0,0,1
10590,7.0,2005,2.0,64.0,448.0,3660.0,10,0.04,6.6,7.4,46.396146867328426,0.18,4.45,3.2,45.01510299925285,0.18,4.45,3.2,45.991941509232575,0,0,0,0,0,1
10591,24.0,1997,7.0,26.0,2114.0,3661.0,1,0.15,7.0,7.0,2.0,0.15,7.0,7.0,2.0,0.15,7.0,7.0,2.0,0,0,0,0,0,1
10592,13.0,2001,3.0,31.0,2115.0,3662.0,2,0.03,6.8,6.0,1.0,0.06,6.8,4.3,3.0,0.06,6.8,4.3,3.0,0,0,0,0,0,1
10593,1.0,2008,3.0,5.0,266.0,3293.0,1,0.13,4.45,4.8,2.0,0.14,4.45,4.8,2.0,0.14,4.45,4.8,2.0,0,0,0,0,0,1
10594,13.0,1998,9.0,168.0,219.0,3663.0,1,0.1,6.0160609318996405,6.403268817204285,46.05333068992863,0.5,6.099759856630821,6.523605734767007,42.11122125297383,0.5,6.1246594982078815,6.541229390680994,45.49722442505948,0,0,0,0,0,1
10595,14.0,2004,4.0,6.0,1367.0,2489.0,10,0.6,7.0,6.9,22.5,0.21,6.2,7.03,7.0,0.21,6.2,7.03,7.0,0,0,0,0,0,1
10596,1.0,2007,4.0,49.0,152.0,3664.0,3,0.71,5.13,6.03,46.5,1.65,8.0,8.1,103.0,1.65,8.0,8.1,103.0,0,0,0,0,0,1
10597,1.0,2008,1.0,5.0,2061.0,2485.0,11,0.16,2.8,2.8,48.44426425401161,0.16,2.8,2.8,46.782946398088086,0.16,2.8,2.8,48.1357972004097,0,0,0,0,0,1
10598,5.0,2010,3.0,42.0,225.0,3362.0,11,0.12,7.07,7.02,13.5,0.03,7.43,7.43,120.5,0.03,7.43,7.43,120.5,0,0,0,0,0,1
10599,4.0,2007,6.0,26.0,2116.0,3665.0,1,0.12,9.0,8.15,6.0,0.12,9.0,8.15,6.0,0.12,9.0,8.15,6.0,0,0,0,0,0,1
10600,7.0,2004,7.0,88.0,2117.0,3666.0,11,0.15,7.8,7.65,24.0,0.15,7.8,7.65,24.0,0.15,7.8,7.65,24.0,0,0,0,0,0,1
10601,5.0,2010,12.0,279.0,595.0,2593.0,6,0.02,7.1,5.8,7.0,0.05,7.1,5.8,7.0,0.2,7.1,5.8,7.0,0,0,0,0,0,1
10602,9.0,2001,12.0,1.0,1.0,3667.0,1,0.31,9.0,9.02,507.0,3.36,9.0,9.02,507.0,3.36,9.0,9.02,507.0,0,0,1,0,0,1
10603,12.0,1998,6.0,387.0,698.0,1045.0,1,0.0,0.0,0.0,0.0,0.71,0.0,0.0,0.0,0.71,0.0,0.0,0.0,0,0,0,0,0,1
10604,12.0,2000,2.0,6.0,1224.0,3017.0,12,0.14,8.55,8.55,11.0,0.15,8.55,8.55,11.0,0.15,8.55,8.55,11.0,0,0,0,0,0,1
10605,12.0,2001,4.0,29.0,2118.0,3668.0,3,0.05,7.35,8.15,25.0,0.05,7.35,8.15,25.0,0.05,7.35,8.15,25.0,0,0,0,0,0,1
10606,6.0,2012,10.0,337.0,1537.0,3669.0,11,0.01,6.0,7.1,16.0,0.05,6.0,7.1,16.0,0.05,6.0,7.1,16.0,0,0,0,0,0,1
10607,12.0,1998,1.0,68.0,892.0,1368.0,1,0.27,6.4,6.4,16.0,0.51,6.4,6.4,16.0,0.51,6.4,6.4,16.0,0,0,0,0,0,1
10608,12.0,2000,3.0,53.0,1597.0,3670.0,1,0.18,5.5,5.5,2.0,0.19,5.5,5.5,2.0,0.19,5.5,5.5,2.0,0,0,0,0,0,1
10609,12.0,1997,10.0,80.0,1561.0,3671.0,1,1.25,2.0,2.0,1.0,0.2,2.0,2.0,1.0,0.2,2.0,2.0,1.0,0,0,0,0,0,1
10610,12.0,1997,1.0,15.0,791.0,978.0,1,0.13,6.7,6.7,11.0,0.32,4.0,4.0,3.0,0.49,8.0,8.0,28.0,1,0,0,0,1,1
10611,12.0,1998,9.0,53.0,2119.0,723.0,1,0.87,6.6,6.6,54.0,0.87,6.6,6.6,54.0,1.1,6.6,6.6,54.0,1,0,0,0,0,1
10612,6.0,2008,7.0,5.0,321.0,2985.0,11,0.1,6.8,6.8,48.44426425401161,0.18,6.8,6.8,46.782946398088086,0.13,6.8,6.8,48.1357972004097,0,0,0,0,0,1
10613,12.0,1998,3.0,87.0,1727.0,3672.0,1,0.24,6.6,6.6,20.0,0.16,6.5,6.5,2.0,0.16,6.5,6.5,2.0,0,0,0,0,0,1
10614,12.0,1998,1.0,120.0,1551.0,3673.0,1,0.24,7.0,7.0,2.0,0.24,7.0,7.0,2.0,0.24,7.0,7.0,2.0,0,0,0,0,0,1
10615,13.0,1999,10.0,53.0,2120.0,3674.0,1,0.52,6.0,6.0,1.0,0.52,6.0,6.0,1.0,0.52,6.0,6.0,1.0,0,0,0,0,0,1
10616,15.0,2010,9.0,8.0,387.0,135.0,11,0.14,6.0,5.8,3.0,0.16,6.1,5.1,3.0,0.42,4.3,6.5,3.0,0,0,1,0,0,1
10617,4.0,2009,6.0,198.0,1042.0,3675.0,1,0.15,6.06531266560678,6.414785373608896,47.58155002891845,0.15,6.151277159512439,6.537713301536816,45.36119144013881,0.15,6.18789083200847,6.572859035506092,49.094852515905146,0,0,0,0,0,1
10618,9.0,2002,2.0,6.0,499.0,3676.0,2,0.02,6.115224673860525,6.4800346271541835,45.95096739994699,0.02,6.20240376872284,6.580376066999566,45.15509320611361,0.02,6.235863263005333,6.623586728941887,46.44641752805018,0,0,0,0,0,1
10619,1.0,2008,1.0,60.0,2121.0,3677.0,1,0.05,5.45,5.45,50.52577025484975,0.05,5.45,5.45,48.40728413845569,0.05,5.45,5.45,49.56694560669456,0,0,0,0,0,1
10620,6.0,2011,10.0,13.0,51.0,1855.0,11,0.06,6.2,6.38,26.0,0.49,5.75,6.6,20.0,0.24,5.75,8.0,1.0,1,0,1,0,1,1
10621,4.0,2008,11.0,60.0,1655.0,3678.0,12,0.09,6.124742716909429,6.488321722609298,45.88682931064421,0.01,6.207188885370502,6.5853126979101235,44.88565723215836,0.01,6.239872545915154,6.62649699176696,46.308734155235285,0,0,0,0,0,1
10622,13.0,2001,9.0,78.0,431.0,894.0,1,0.44,5.0,6.67,4.0,0.39,5.0,6.67,4.0,0.24,4.4,6.9,0.0,1,0,0,0,0,1
10623,9.0,2003,9.0,6.0,62.0,196.0,4,2.65,8.95,7.95,190.0,0.04,6.1,3.4,190.0,0.04,6.1,3.4,190.0,1,0,1,0,0,1
10624,15.0,2011,9.0,8.0,2122.0,135.0,7,0.34,3.65,5.0,2.0,0.34,3.65,5.0,2.0,0.34,3.65,5.6,2.0,0,0,1,0,0,1
10625,5.0,2005,1.0,3.0,787.0,1568.0,3,0.23,7.2,8.02,15.0,0.42,7.7,7.82,4.0,0.23,8.33,7.77,3.5,1,0,0,0,1,1
10626,22.0,1999,10.0,13.0,51.0,960.0,1,0.03,8.15,7.6,16.0,1.03,8.15,8.5,70.0,1.03,8.15,8.5,70.0,1,0,1,0,0,1
10627,17.0,2006,1.0,40.0,237.0,444.0,5,0.22,4.37,5.6,7.5,0.19,6.05,6.4,3.0,0.13,7.0,6.4,3.0,0,0,0,0,1,1
10628,7.0,2001,4.0,141.0,227.0,2196.0,3,0.0,0.0,0.0,0.0,0.3,4.1,4.6,1.0,0.16,2.0,7.0,1.0,1,0,0,0,0,1
10629,13.0,1999,12.0,135.0,1709.0,488.0,1,0.36,5.7,5.7,9.0,0.36,5.7,5.7,9.0,0.36,5.7,5.7,9.0,0,0,0,0,0,1
10630,14.0,2004,7.0,15.0,87.0,1712.0,1,0.14,4.55,2.0,1.0,0.21,4.55,8.0,1.0,0.16,4.55,8.0,0.0,1,0,1,0,1,1
10631,6.0,2014,10.0,26.0,1000.0,588.0,1,0.11,6.9,7.75,1.0,0.42,6.9,7.75,1.0,0.1,6.9,6.0,1.0,1,0,0,0,0,1
10632,13.0,1997,8.0,4.0,1279.0,2898.0,1,0.14,5.8,5.8,6.0,0.14,5.8,5.8,6.0,0.14,5.8,5.8,6.0,0,0,0,0,0,1
10633,11.0,2015,4.0,49.0,901.0,1385.0,6,0.03,4.0,7.3,2.0,0.02,4.0,6.9,11.0,0.03,4.0,6.7,7.0,1,0,0,0,0,1
10634,10.0,2011,9.0,29.0,120.0,2126.0,10,0.2,6.0,5.5,2.0,0.2,6.0,5.5,2.0,0.2,6.0,5.5,2.0,0,0,0,0,0,1
10635,14.0,2003,9.0,29.0,1047.0,1699.0,1,0.11,4.05,4.75,3.0,0.26,4.05,4.75,3.0,0.27,4.05,4.75,3.0,0,0,0,0,0,1
10636,14.0,2004,7.0,6.0,19.0,858.0,11,0.8,8.15,7.5,109.0,0.13,7.9,8.3,109.0,0.13,7.9,8.3,109.0,1,0,1,0,0,1
10637,4.0,2005,8.0,228.0,2123.0,3679.0,1,0.24,7.0,7.45,20.0,0.24,7.0,7.45,20.0,0.24,7.0,7.45,20.0,1,0,0,0,0,1
10638,4.0,2007,10.0,9.0,947.0,1394.0,1,0.11,7.65,7.65,20.0,0.07,7.65,7.65,20.0,0.46,7.65,7.3,24.0,0,0,0,0,0,1
10639,14.0,2005,11.0,11.0,153.0,2976.0,9,0.05,6.8,8.6,103.0,0.15,7.65,7.55,103.0,0.15,7.65,7.55,103.0,0,0,0,0,0,1
10640,6.0,2014,3.0,42.0,619.0,2864.0,5,0.31,6.5,1.5,2.0,0.05,6.5,1.5,2.0,0.16,6.5,4.92,1.5,0,0,0,0,0,1
10641,4.0,2007,6.0,388.0,2124.0,3680.0,1,0.0,0.0,0.0,0.0,0.0,0.0,0.0,0.0,0.0,0.0,0.0,0.0,0,0,0,0,0,1
10642,14.0,2006,2.0,5.0,186.0,1319.0,5,0.11,4.0,5.9,1.0,0.54,5.8,8.5,1.0,0.28,7.1,7.0,1.0,0,0,0,0,0,1
10643,14.0,2002,5.0,2.0,768.0,3681.0,10,0.32,8.25,9.0,175.0,0.62,7.4,7.85,36.0,0.62,7.4,7.85,36.0,0,0,0,0,0,1
10644,6.0,2015,4.0,26.0,1149.0,1477.0,1,0.11,5.2,6.45,38.5,0.12,5.2,6.45,38.5,0.3,7.35,7.55,15.0,0,0,0,0,0,1
10645,13.0,1994,4.0,4.0,1534.0,3682.0,1,0.38,7.7,7.7,3.0,0.38,7.7,7.7,3.0,0.38,7.7,7.7,3.0,0,0,0,0,1,1
10646,11.0,2015,9.0,59.0,1090.0,1760.0,1,0.06,6.8,2.0,2.0,0.15,6.8,7.6,12.0,0.36,6.9,7.25,12.0,1,0,0,0,0,1
10647,1.0,2012,1.0,15.0,87.0,102.0,9,0.31,7.57,6.87,52.5,0.31,7.57,6.87,52.5,0.31,7.57,6.87,52.5,0,1,1,0,0,1
10648,13.0,1997,3.0,36.0,2125.0,3104.0,1,2.28,7.8,7.8,4.0,2.28,7.8,7.8,4.0,2.28,7.8,7.8,4.0,1,0,0,0,0,1
10649,1.0,2011,6.0,12.0,243.0,2028.0,11,0.11,6.006015209125474,6.41599619771862,41.036795626576954,0.11,6.090570342205316,6.534011406844094,35.344407064760304,0.11,6.119920152091249,6.565832699619768,39.97560975609756,0,0,0,0,0,1
10650,14.0,2005,1.0,3.0,787.0,2256.0,11,0.12,3.27,2.88,2.0,0.25,7.7,7.7,2.0,0.25,7.7,7.7,2.0,0,0,0,0,0,1
10651,22.0,2000,11.0,9.0,34.0,1293.0,1,0.18,4.0,5.7,11.0,0.09,4.0,5.7,11.0,0.14,4.0,5.7,11.0,1,0,1,0,0,1
10652,6.0,2010,6.0,201.0,910.0,3683.0,11,0.12,5.8,5.9,5.0,0.11,5.15,3.75,2.0,0.01,5.15,3.75,2.0,0,0,0,0,0,1
10653,24.0,1995,6.0,168.0,2126.0,3684.0,1,0.5,6.105477410782085,6.471694191344031,46.30825496342738,0.5,6.192767653758562,6.565149962034973,45.062225705329155,0.5,6.223125474563416,6.604986712224803,46.031556948798325,1,0,0,0,0,1
10654,6.0,2011,9.0,29.0,1380.0,191.0,6,0.2,6.2,5.98,2.5,0.2,6.2,5.98,2.5,0.23,3.75,5.38,3.0,0,0,0,0,0,1
10655,4.0,2006,9.0,6.0,749.0,184.0,12,0.18,7.33,7.6,120.0,0.32,7.33,7.6,120.0,0.02,7.5,7.4,3.0,0,0,1,0,0,1
10656,14.0,2003,6.0,2.0,2127.0,3685.0,1,0.14,6.0,6.6,11.0,0.14,6.0,6.6,11.0,0.14,6.0,6.6,11.0,0,0,0,0,0,1
10657,8.0,1995,3.0,205.0,1087.0,1752.0,1,0.36,6.105477410782085,6.471694191344031,46.30825496342738,0.36,6.192767653758562,6.565149962034973,45.062225705329155,0.36,6.223125474563416,6.604986712224803,46.031556948798325,0,0,0,0,0,1
10658,17.0,2006,3.0,9.0,2128.0,2176.0,1,0.13,6.0,6.0,5.0,0.13,6.0,6.0,5.0,0.27,6.0,6.0,5.0,0,0,0,0,0,1
10659,23.0,2012,4.0,26.0,570.0,625.0,1,0.1,7.67,8.17,105.0,0.2,7.67,8.17,105.0,0.82,7.67,8.17,105.0,1,0,0,0,0,1
10660,10.0,2011,9.0,5.0,415.0,3686.0,11,0.11,4.0,4.5,3.0,0.13,4.0,0.5,1.0,0.13,4.0,0.5,1.0,0,0,0,0,0,1
10661,4.0,2009,8.0,6.0,1786.0,571.0,11,0.13,4.7,5.9,1.0,0.01,4.7,5.9,1.0,0.58,4.7,5.9,1.0,1,0,1,0,0,1
10662,5.0,2012,7.0,15.0,315.0,3217.0,2,0.38,7.4,7.5,15.0,0.12,5.87,6.12,8.5,0.12,5.87,6.12,8.5,0,0,0,0,0,1
10663,15.0,1999,12.0,2.0,200.0,1678.0,9,5.12,9.03,7.62,86.0,5.12,9.03,7.62,86.0,5.12,9.03,7.62,86.0,1,0,0,0,0,1
10664,15.0,2010,12.0,29.0,822.0,3687.0,3,0.24,7.7,7.75,377.0,0.47,8.75,8.0,98.0,0.47,8.75,8.0,98.0,0,0,0,1,0,1
10665,14.0,2005,9.0,24.0,131.0,2608.0,4,0.36,3.93,4.68,5.0,0.09,4.0,2.0,1.0,0.09,4.0,2.0,1.0,0,0,0,0,0,1
10666,5.0,2007,11.0,6.0,590.0,870.0,1,0.38,4.75,7.15,1.0,0.38,4.75,7.15,1.0,0.12,4.75,7.15,1.0,0,0,0,0,0,1
10667,15.0,2014,3.0,36.0,408.0,159.0,10,0.49,7.0,6.22,10.0,0.63,7.9,7.33,30.0,0.49,7.0,6.22,10.0,0,0,0,0,0,1
10668,1.0,2007,9.0,105.0,1363.0,3688.0,11,0.02,7.0,8.4,35.0,0.26,7.0,8.4,35.0,0.05,5.9,6.77,35.0,0,0,0,0,0,1
10669,23.0,2014,11.0,389.0,1685.0,1973.0,1,0.0,0.0,0.0,0.0,0.0,0.0,0.0,0.0,0.06,0.0,8.6,7.0,0,0,0,0,0,1
10670,7.0,2008,11.0,157.0,2129.0,3689.0,1,0.07,6.076557377049176,6.4289414021625335,50.52577025484975,0.07,6.1574189047785115,6.543221137077076,48.40728413845569,0.07,6.202197418904775,6.585209277990916,49.56694560669456,0,0,0,0,0,1
10671,10.0,2013,5.0,20.0,240.0,299.0,9,0.13,7.85,7.28,28.0,0.38,6.6,7.2,12.0,0.38,6.6,7.2,12.0,0,0,0,1,0,1
10672,4.0,2011,11.0,90.0,473.0,3690.0,5,0.14,5.0,5.0,45.713787653402754,0.08,5.0,5.0,44.8219598363704,0.08,5.0,5.0,45.93584975827445,0,0,0,0,0,1
10673,4.0,2010,5.0,29.0,120.0,3691.0,2,0.02,8.4,8.1,587.5,0.21,4.53,7.75,2.0,0.21,4.53,7.75,2.0,0,0,0,0,0,1
10674,18.0,2015,3.0,270.0,1040.0,2471.0,3,0.02,7.5,8.07,3.5,0.02,7.5,8.07,3.5,0.22,6.03,6.78,14.5,0,0,0,0,0,1
10675,1.0,2007,10.0,204.0,880.0,637.0,1,0.02,5.0,5.8,11.0,0.15,5.0,5.8,11.0,0.66,5.0,7.4,8.0,0,0,0,0,0,1
10676,19.0,2001,6.0,196.0,1692.0,3692.0,12,0.06,2.0,4.05,3.0,0.17,2.0,4.05,3.0,0.17,2.0,4.05,3.0,0,0,0,0,1,1
10677,4.0,2009,6.0,1.0,2130.0,3693.0,1,0.14,6.06531266560678,6.414785373608896,47.58155002891845,0.14,6.151277159512439,6.537713301536816,45.36119144013881,0.14,6.18789083200847,6.572859035506092,49.094852515905146,0,0,0,0,0,1
10678,5.0,2010,1.0,5.0,396.0,3647.0,7,0.06,5.0,5.6,5.5,0.24,5.75,5.6,5.5,0.1,7.0,8.0,5.5,0,0,0,0,0,1
10679,7.0,2003,2.0,65.0,2131.0,2093.0,3,0.42,5.9,5.4,46.11504800747727,0.02,5.9,5.4,45.224657999830065,0.2,5.9,5.4,46.5193304443878,0,0,0,0,0,1
10680,24.0,1996,10.0,255.0,380.0,1280.0,1,0.08,8.0,8.0,21.0,0.08,8.0,8.0,21.0,0.45,7.1,7.1,17.0,0,0,0,0,0,1
10681,5.0,2010,4.0,272.0,1612.0,2677.0,10,0.06,4.75,7.0,3.0,0.03,4.75,6.4,2.0,0.04,4.75,8.6,1.0,0,0,0,0,0,1
10682,5.0,2011,3.0,59.0,562.0,427.0,10,0.13,6.02490849673202,6.3988126361655615,46.89055793991416,0.13,6.123793028322429,6.526827886710213,45.688006676204104,0.13,6.174326797385606,6.567407407407391,48.2448736289938,0,0,0,0,0,1
10683,7.0,2002,1.0,8.0,2132.0,3694.0,1,0.74,6.050969223702346,6.468989435002288,43.711032388663966,0.74,6.146789159393657,6.595062011943035,37.134362348178136,0.74,6.180679834634819,6.631194304088199,42.425607287449395,0,0,0,0,0,1
10684,4.0,2009,7.0,390.0,499.0,3695.0,10,0.0,0.0,0.0,0.0,0.85,5.05,4.95,9.0,0.85,5.05,4.95,9.0,0,0,0,0,0,1
10685,5.0,2011,6.0,29.0,131.0,2629.0,4,0.16,4.33,6.6,5.0,0.19,3.25,5.05,1.5,0.16,4.13,6.1,1.5,0,0,0,0,0,1
10686,14.0,2004,9.0,6.0,1168.0,892.0,9,0.27,6.75,8.1,7.5,0.27,6.75,8.1,7.5,0.09,7.4,8.1,7.5,0,0,0,0,0,1
10687,17.0,2011,4.0,17.0,1202.0,3654.0,1,0.13,5.0,7.5,62.0,0.15,5.0,7.5,62.0,0.15,5.0,7.5,62.0,0,0,0,0,1,1
10688,17.0,2009,1.0,3.0,368.0,1376.0,7,0.2,8.0,8.0,1.0,0.2,8.0,8.0,1.0,0.2,8.0,8.0,1.0,0,0,0,0,0,1
10689,4.0,2008,8.0,42.0,573.0,2165.0,9,0.15,5.0,5.0,45.66070409134158,0.26,5.0,5.0,44.78520456707897,0.23,5.0,5.0,45.78801141769743,1,0,0,0,0,1
10690,1.0,2010,11.0,5.0,626.0,1017.0,11,0.12,4.0,7.05,0.5,0.14,4.0,7.05,0.5,0.46,4.0,8.8,0.5,0,0,0,0,0,1
10691,15.0,2009,3.0,8.0,170.0,238.0,2,0.02,3.0,8.0,1.0,0.09,7.0,7.3,78.0,0.09,7.0,7.3,78.0,1,0,0,0,1,1
10692,9.0,2004,11.0,1.0,1.0,3696.0,1,0.13,6.0,6.0,1.0,0.24,6.0,6.0,1.0,0.24,6.0,6.0,1.0,0,0,1,0,0,1
10693,1.0,2009,9.0,59.0,448.0,2959.0,10,0.16,6.8,6.92,83.0,0.58,6.8,6.92,83.0,0.58,6.8,6.92,83.0,0,0,0,0,0,1
10694,5.0,2011,1.0,42.0,441.0,3179.0,11,0.22,7.0,6.98,318.5,0.02,4.5,8.25,1.0,0.13,5.0,5.38,1.5,0,0,0,0,0,1
10695,4.0,2008,11.0,82.0,2034.0,3509.0,1,0.07,6.076557377049176,6.4289414021625335,50.52577025484975,0.11,6.1574189047785115,6.543221137077076,48.40728413845569,0.11,6.202197418904775,6.585209277990916,49.56694560669456,0,0,0,0,0,1
10696,7.0,2004,8.0,64.0,1789.0,2210.0,4,0.05,5.7,7.6,0.0,0.15,5.7,7.6,0.0,0.26,7.6,7.6,0.0,0,0,0,0,0,1
10697,13.0,2001,3.0,73.0,2133.0,3697.0,1,0.0,0.0,0.0,0.0,0.0,0.0,0.0,0.0,0.0,0.0,0.0,0.0,0,0,0,0,0,1
10698,11.0,2015,10.0,13.0,627.0,57.0,6,0.1,6.0,7.33,36.0,0.04,6.0,7.33,36.0,0.24,7.75,7.43,57.0,0,0,0,1,0,1
10699,1.0,2009,8.0,5.0,321.0,3523.0,9,0.16,6.081317301269194,6.428591850367435,48.85785172212493,0.14,6.164849699398801,6.541612558450277,47.55465557501459,0.08,6.20785303941215,6.583874415497689,48.898423817863396,0,0,0,0,0,1
10700,10.0,2011,2.0,6.0,1373.0,3698.0,6,0.44,8.13,7.62,65.5,0.22,8.2,9.1,1.0,0.22,8.2,9.1,1.0,0,0,0,0,0,1
10701,4.0,2008,8.0,211.0,2049.0,2165.0,3,0.01,3.1,6.3,46.75586556753329,0.07,6.5,6.3,44.35351934051997,0.04,5.0,6.3,47.66138237159163,0,0,0,0,0,1
10702,4.0,2009,5.0,71.0,669.0,857.0,8,0.04,3.0,4.7,2.0,0.57,3.0,4.7,2.0,0.31,6.13,7.45,17.0,1,0,0,0,0,1
10703,15.0,2016,11.0,17.0,425.0,76.0,11,0.11,7.25,8.1,247.0,0.94,6.9,7.6,17.0,1.3,7.87,7.85,182.5,0,0,0,1,0,1
10704,10.0,2011,6.0,68.0,938.0,1420.0,9,0.07,4.0,7.1,9.0,0.09,3.6,7.1,9.0,0.09,3.6,7.1,9.0,0,0,0,0,1,1
10705,6.0,2016,4.0,54.0,400.0,1243.0,4,0.02,7.0,7.8,12.0,0.12,7.0,7.8,12.0,0.17,7.0,7.8,12.0,1,0,0,1,0,1
10706,17.0,2006,9.0,13.0,51.0,3073.0,10,0.3,7.3,7.85,14.0,2.09,7.28,7.75,284.5,0.14,7.28,7.6,38.0,0,0,1,0,1,1
10707,14.0,2004,3.0,5.0,266.0,2236.0,3,0.26,7.07,8.77,13.0,0.25,7.1,7.3,13.0,0.25,7.1,7.3,13.0,0,0,0,0,0,1
10708,13.0,1996,7.0,5.0,1316.0,3699.0,1,4.21,9.0,8.78,44.5,0.16,9.0,8.78,44.5,0.16,9.0,8.78,44.5,0,0,0,0,0,1
10709,10.0,2011,9.0,9.0,602.0,257.0,9,0.06,5.85,6.55,8.0,0.44,5.3,6.8,8.0,0.15,2.9,4.95,5.0,0,0,0,0,0,1
10710,17.0,2008,4.0,134.0,901.0,3700.0,3,0.06,6.9,7.55,18.0,0.18,6.9,6.9,8.0,0.18,6.9,6.9,8.0,1,0,0,0,0,1
10711,4.0,2007,9.0,26.0,1771.0,3424.0,1,0.11,6.099566138746374,6.4607807271916755,47.55820785897907,0.11,6.186688601383021,6.564681017176054,46.14738646101114,0.11,6.2206457729199345,6.6001962971225066,47.53813196229649,0,0,0,0,0,1
10712,7.0,2005,9.0,4.0,299.0,109.0,11,0.17,7.8,7.75,1.0,0.16,5.4,6.95,1.0,0.43,7.1,7.4,1.0,0,0,0,1,0,1
10713,5.0,2013,8.0,2.0,226.0,799.0,1,9.76,7.9,7.62,791.0,2.38,7.15,5.5,16.5,0.26,7.15,8.1,5.0,1,0,0,0,1,1
10714,7.0,2007,3.0,13.0,1328.0,1686.0,10,0.67,7.87,8.85,173.5,0.07,6.0,7.0,1.0,0.14,7.0,7.2,4.0,0,0,0,0,1,1
10715,4.0,2006,11.0,12.0,2037.0,3516.0,5,0.1,6.55,7.4,20.0,0.02,5.0,6.4,5.0,0.02,5.0,6.4,5.0,0,0,0,0,0,1
10716,13.0,1998,3.0,355.0,495.0,3701.0,1,0.0,0.0,0.0,0.0,0.0,0.0,0.0,0.0,0.0,0.0,0.0,0.0,0,0,0,0,0,1
10717,4.0,2010,1.0,5.0,2134.0,1242.0,1,0.13,4.1,7.1,2.0,0.13,4.1,7.1,2.0,0.05,4.1,7.1,2.0,0,0,0,0,0,1
10718,8.0,1995,1.0,391.0,2135.0,3702.0,1,0.07,6.105477410782085,6.471694191344031,46.30825496342738,0.07,6.192767653758562,6.565149962034973,45.062225705329155,0.07,6.223125474563416,6.604986712224803,46.031556948798325,0,0,0,0,0,1
10719,9.0,2004,2.0,1.0,2136.0,3703.0,1,0.11,6.020450067174204,6.385588893864737,47.43754583231484,0.11,6.115846394984316,6.510541871921158,46.20019555120997,0.11,6.16217196596506,6.54954545454544,48.87949156685407,0,0,0,0,0,1
10720,14.0,2002,7.0,181.0,851.0,2173.0,10,0.32,4.9,7.9,2.5,0.15,4.9,3.55,2.5,0.15,4.9,3.55,2.5,0,0,0,0,0,1
10721,13.0,1997,7.0,392.0,1583.0,2635.0,1,0.0,0.0,0.0,0.0,0.19,0.0,7.6,5.0,0.19,0.0,7.6,5.0,0,0,0,0,0,1
10722,5.0,2009,6.0,33.0,609.0,1206.0,2,0.16,4.0,3.0,1.0,0.4,4.0,3.0,1.0,0.4,4.0,3.0,1.0,0,0,0,0,0,1
10723,1.0,2008,7.0,22.0,296.0,3704.0,6,0.21,4.1,6.0,48.31761945392491,0.45,7.9,6.7,47.04635949943117,0.45,7.9,6.7,48.42512798634812,0,0,0,0,0,1
10724,18.0,2015,9.0,13.0,51.0,67.0,2,0.32,5.25,7.1,33.5,0.54,6.0,7.17,50.0,0.32,5.25,7.1,33.5,1,1,1,1,0,1
10725,4.0,2011,1.0,3.0,102.0,1028.0,3,0.16,6.91,8.0,73.0,0.19,8.4,8.52,53.0,0.07,8.4,8.52,53.0,0,0,1,0,0,1
10726,7.0,2007,4.0,9.0,841.0,3705.0,3,1.09,8.33,7.75,69.5,0.02,6.2,6.3,69.5,0.02,6.2,6.3,69.5,1,0,0,0,0,1
10727,13.0,1996,10.0,393.0,202.0,3706.0,1,0.0,0.0,0.0,0.0,0.0,0.0,0.0,0.0,0.0,0.0,0.0,0.0,0,0,0,0,0,1
10728,15.0,2015,4.0,394.0,1367.0,3645.0,9,0.0,0.0,0.0,0.0,0.05,5.87,6.43,41.5,0.01,8.0,7.3,38.0,0,0,0,0,0,1
10729,13.0,1998,4.0,236.0,804.0,3707.0,1,0.28,6.0160609318996405,6.403268817204285,46.05333068992863,0.28,6.099759856630821,6.523605734767007,42.11122125297383,0.28,6.1246594982078815,6.541229390680994,45.49722442505948,0,0,0,0,0,1
10730,4.0,2008,9.0,8.0,572.0,3287.0,3,0.12,3.97,5.7,1.0,0.93,7.0,7.2,63.0,0.93,7.0,7.2,63.0,0,0,0,0,0,1
10731,17.0,2009,10.0,26.0,148.0,188.0,4,0.06,8.0,8.45,40.0,0.49,5.9,6.7,120.0,0.13,6.9,6.95,33.0,0,0,0,0,0,1
10732,4.0,2008,6.0,300.0,1171.0,3708.0,9,0.12,3.9,7.9,45.66070409134158,0.12,3.9,7.9,44.78520456707897,0.12,3.9,7.9,45.78801141769743,0,0,0,0,0,1
10733,1.0,2007,9.0,36.0,1269.0,3709.0,3,0.01,6.47,7.17,13.5,0.29,7.2,8.4,16.0,0.29,7.2,8.4,16.0,0,0,0,0,0,1
10734,5.0,2009,9.0,20.0,1675.0,2779.0,1,0.26,6.7,7.55,2.0,0.02,6.7,7.55,2.0,0.17,6.7,3.3,3.0,0,0,0,0,0,1
10735,4.0,2005,3.0,88.0,499.0,792.0,1,0.2,4.83,5.8,5.5,0.28,4.83,5.8,5.5,0.26,4.83,5.8,5.5,0,0,0,0,0,1
10736,14.0,2006,2.0,24.0,1575.0,1692.0,3,0.19,6.7,7.15,3.0,0.19,6.7,7.15,3.0,0.19,6.7,7.15,3.0,0,0,0,0,0,1
10737,7.0,2004,10.0,12.0,676.0,1799.0,7,0.08,6.75,7.45,12.0,0.06,7.35,6.7,28.0,0.35,8.35,8.4,35.0,1,0,0,1,0,1
10738,5.0,2010,9.0,8.0,243.0,137.0,9,0.18,8.15,7.55,108.0,0.08,2.0,7.55,108.0,0.31,5.98,6.48,8.5,0,0,0,0,0,1
10739,6.0,2011,3.0,5.0,1029.0,1999.0,11,0.1,4.0,2.0,1.0,0.19,4.0,2.0,1.0,0.19,4.0,2.0,1.0,0,0,0,0,0,1
10740,13.0,1997,11.0,89.0,2137.0,3710.0,1,0.14,6.042070079121586,6.394020668496688,49.29562687356727,0.14,6.127673179396085,6.510931697077347,47.72615059072474,0.14,6.172315517519764,6.551114161149683,49.20948686298713,0,0,0,0,0,1
10741,7.0,2001,3.0,117.0,612.0,3711.0,6,0.04,7.6,7.03,2.5,0.21,5.2,7.03,0.0,0.21,5.2,7.03,0.0,0,0,0,0,0,1
10742,23.0,2013,1.0,15.0,87.0,2208.0,1,0.19,6.0,6.8,10.0,0.19,6.0,6.8,10.0,0.19,6.0,6.8,10.0,0,0,1,0,0,1
10743,23.0,2013,10.0,49.0,301.0,395.0,1,0.08,6.2,7.25,9.0,0.65,7.63,7.4,90.0,0.65,7.63,7.4,90.0,1,0,0,1,0,1
10744,13.0,1996,5.0,15.0,87.0,1228.0,1,0.14,8.0,8.0,1.0,0.19,8.0,8.0,1.0,0.38,8.0,8.0,1.0,0,0,1,0,0,1
10745,4.0,2007,4.0,26.0,277.0,1556.0,1,0.1,6.47,5.63,15.5,0.06,6.47,5.63,15.5,0.43,5.1,8.1,15.5,0,0,0,0,0,1
10746,14.0,2003,3.0,29.0,460.0,1686.0,5,0.66,5.15,6.45,4.0,0.28,7.0,8.3,4.0,0.15,7.0,7.8,4.0,0,0,0,0,1,1
10747,4.0,2007,1.0,26.0,323.0,3712.0,1,0.1,6.0,7.2,6.0,0.06,6.0,6.3,4.0,0.06,6.0,6.3,4.0,0,0,0,0,0,1
10748,9.0,2002,10.0,58.0,424.0,3134.0,6,0.65,6.0,6.0,2.0,0.57,6.0,6.0,2.0,0.14,7.0,7.0,1.0,1,0,0,0,0,1
10749,1.0,2011,6.0,71.0,1865.0,3151.0,9,0.02,6.75,7.5,8.0,0.14,6.75,7.5,8.0,0.14,6.75,7.5,8.0,0,0,0,0,0,1
10750,6.0,2007,6.0,4.0,2138.0,3713.0,1,0.35,6.0,6.0,1.0,0.35,6.0,6.0,1.0,0.35,6.0,6.0,1.0,0,0,0,0,0,1
10751,15.0,2011,9.0,5.0,47.0,220.0,10,0.12,7.65,6.58,42.0,0.97,7.65,6.58,42.0,0.97,7.65,6.58,42.0,1,0,0,1,0,1
10752,1.0,2009,8.0,29.0,120.0,1131.0,8,0.03,7.73,7.38,69.0,0.05,7.73,7.38,69.0,0.05,7.73,7.38,69.0,0,0,0,0,0,1
10753,4.0,2008,8.0,1.0,2139.0,3714.0,3,13.04,8.65,8.45,248.0,0.03,4.9,4.5,7.0,0.03,4.9,4.5,7.0,0,0,0,0,0,1
10754,23.0,2012,11.0,254.0,901.0,2839.0,1,0.03,5.7,7.35,22.0,0.43,5.7,7.35,22.0,0.43,5.7,7.35,22.0,0,0,0,0,0,1
10755,7.0,2006,4.0,12.0,901.0,2346.0,2,0.02,5.0,6.4,5.0,0.29,4.0,5.4,8.0,0.29,4.0,5.4,8.0,1,0,0,0,0,1
10756,5.0,2011,9.0,68.0,2140.0,3715.0,1,0.15,3.0,4.5,6.0,0.08,3.0,4.5,6.0,0.08,3.0,4.5,6.0,0,0,0,0,0,1
10757,17.0,2012,4.0,395.0,1545.0,3716.0,1,0.0,0.0,0.0,0.0,0.08,0.0,5.8,8.0,0.08,0.0,5.8,8.0,0,0,0,0,0,1
10758,1.0,2009,8.0,22.0,568.0,1841.0,2,0.01,6.104990465293672,6.471661899313569,46.313123359580054,0.34,6.191879290617869,6.565022883295242,45.077952755905514,0.01,6.222345537757457,6.603920671243372,46.040734908136486,0,0,0,0,0,1
10759,9.0,2006,2.0,15.0,103.0,597.0,1,0.11,8.9,7.1,122.0,0.44,8.9,7.1,122.0,0.47,8.45,8.2,122.0,1,0,0,0,0,1
10760,9.0,2002,7.0,181.0,1179.0,3717.0,1,0.43,8.0,4.0,1.0,0.14,8.0,4.0,1.0,0.04,8.0,4.0,1.0,0,0,0,0,0,1
10761,19.0,2004,1.0,15.0,87.0,1583.0,1,0.12,5.8,5.8,5.0,0.12,5.8,5.8,5.0,0.12,5.8,5.8,5.0,0,0,1,0,0,1
10762,14.0,2002,8.0,2.0,51.0,3222.0,11,0.02,6.95,6.45,3.0,0.07,8.4,7.73,37.0,0.07,8.4,7.73,37.0,0,0,1,1,0,1
10763,1.0,2009,11.0,54.0,864.0,3345.0,3,0.11,5.45,5.75,8.0,0.53,5.45,5.75,8.0,0.53,5.45,5.75,8.0,0,0,0,0,0,1
10764,4.0,2007,12.0,149.0,2141.0,3718.0,8,0.21,8.5,8.1,30.5,0.21,8.5,8.1,30.5,0.21,8.5,8.1,30.5,0,0,0,0,0,1
10765,4.0,2009,9.0,307.0,2142.0,3719.0,6,0.02,6.072216863165409,6.424708824580193,50.939571150097464,0.02,6.151868524473027,6.540253662022141,48.451559454191035,0.02,6.1993461950696656,6.582299035369757,49.943567251461985,0,0,0,0,0,1
10766,13.0,1997,10.0,13.0,98.0,57.0,1,0.17,8.5,9.0,1.0,0.94,8.5,9.0,1.0,0.17,8.5,8.28,28.0,1,0,0,0,0,1
10767,4.0,2010,6.0,240.0,2143.0,3720.0,12,0.05,4.5,4.5,49.93467259622757,0.03,4.5,4.5,48.478224198742524,0.03,4.5,4.5,49.94947094003987,0,0,0,0,0,1
10768,4.0,2011,4.0,26.0,2144.0,3721.0,1,0.12,4.0,4.5,2.0,0.12,4.0,4.5,2.0,0.12,4.0,4.5,2.0,1,0,0,0,0,1
10769,4.0,2010,1.0,15.0,2145.0,3722.0,1,0.1,6.036517973148549,6.446041576440007,42.41893830703013,0.1,6.13182763100909,6.5621524469467225,36.190578670492584,0.1,6.158211346903418,6.59756604590732,41.083213773314206,0,0,0,0,1,1
10770,17.0,2006,9.0,6.0,19.0,3723.0,11,0.14,7.5,6.92,30.5,0.03,5.7,6.92,30.5,0.03,5.7,6.92,30.5,0,0,1,0,0,1
10771,4.0,2008,12.0,71.0,365.0,3724.0,11,0.25,6.3,4.1,13.0,0.07,3.8,4.1,13.0,0.09,3.8,7.0,13.0,1,0,0,0,0,1
10772,5.0,2011,6.0,6.0,640.0,3725.0,1,0.12,7.4,7.4,13.0,0.04,3.0,3.0,1.0,0.04,3.0,3.0,1.0,0,0,0,0,0,1
10773,5.0,2007,9.0,49.0,253.0,2062.0,11,0.48,5.33,7.07,10.0,0.2,5.1,6.8,7.5,0.29,4.9,7.45,2.0,0,0,0,0,0,1
10774,10.0,2011,10.0,42.0,279.0,1123.0,6,0.09,4.0,3.83,6.0,0.22,6.0,8.28,6.0,0.05,4.75,5.5,6.0,0,0,0,0,0,1
10775,4.0,2010,8.0,6.0,94.0,3726.0,2,0.05,7.0,6.9,38.0,0.25,7.0,7.4,23.0,0.25,7.0,7.4,23.0,0,0,0,0,0,1
10776,10.0,2014,9.0,33.0,2146.0,2294.0,11,0.15,7.7,7.5,49.06956599392749,0.06,7.7,7.5,47.025629576710124,0.17,7.7,7.5,48.061618146097516,0,0,0,0,0,1
10777,14.0,2002,3.0,29.0,462.0,1238.0,1,0.17,6.5,8.0,2.0,0.11,6.5,8.0,2.0,0.16,6.5,5.9,6.0,0,0,0,0,0,1
10778,4.0,2009,8.0,15.0,2147.0,3727.0,1,0.15,6.06531266560678,6.414785373608896,47.58155002891845,0.15,6.151277159512439,6.537713301536816,45.36119144013881,0.15,6.18789083200847,6.572859035506092,49.094852515905146,0,0,0,0,0,1
10779,11.0,2014,4.0,134.0,2148.0,3728.0,10,0.28,6.6,7.4,21.0,0.28,6.6,7.4,21.0,0.28,6.6,7.4,21.0,0,0,0,1,1,1
10780,4.0,2006,12.0,155.0,1139.0,523.0,4,0.02,6.0,7.4,13.0,0.02,6.0,7.4,13.0,1.46,6.0,9.1,11.0,0,0,0,0,0,1
10781,4.0,2011,11.0,97.0,190.0,75.0,1,0.08,6.0,8.0,2.0,0.54,6.0,8.0,2.0,2.79,7.65,7.8,50.0,1,0,0,0,1,1
10782,10.0,2014,1.0,26.0,2065.0,3569.0,1,0.1,6.0,6.0,1.0,0.1,6.0,6.0,1.0,0.1,6.0,6.0,1.0,0,0,0,0,0,1
10783,14.0,2002,9.0,5.0,11.0,1631.0,11,0.19,5.5,6.82,15.0,0.12,8.9,6.5,15.0,0.12,8.9,6.5,15.0,0,0,1,0,0,1
10784,5.0,2011,7.0,17.0,1548.0,2735.0,1,0.1,7.73,7.22,120.0,0.2,7.73,7.22,120.0,0.2,7.73,7.22,120.0,0,0,0,0,0,1
10785,18.0,2016,9.0,2.0,876.0,3729.0,9,0.51,7.07,7.13,110.0,0.53,5.55,6.4,19.0,0.53,5.55,6.4,19.0,0,0,0,1,0,1
10786,17.0,2006,3.0,8.0,394.0,3730.0,9,0.11,6.8,8.2,4.0,0.03,6.65,7.4,4.0,0.03,6.65,7.4,4.0,0,0,0,0,0,1
10787,15.0,2007,7.0,2.0,522.0,20.0,11,2.93,8.7,8.53,642.0,1.05,8.6,7.8,23.0,0.69,8.9,7.45,2.0,1,1,0,1,0,1
10788,7.0,2002,3.0,8.0,31.0,3731.0,11,0.19,7.12,6.47,10.5,0.45,7.1,7.7,5.0,0.45,7.1,7.7,5.0,0,0,0,0,0,1
10789,4.0,2007,6.0,26.0,2149.0,3732.0,1,0.1,4.6,7.5,47.55820785897907,0.1,4.6,7.5,46.14738646101114,0.1,4.6,7.5,47.53813196229649,0,0,0,0,0,1
10790,14.0,2005,8.0,6.0,1061.0,2601.0,1,0.12,4.75,7.15,1.0,0.38,5.5,7.95,5.0,0.38,5.5,7.95,5.0,0,0,0,0,0,1
10791,5.0,2010,6.0,42.0,1140.0,1852.0,1,0.14,1.0,1.0,1.0,0.33,1.0,1.0,1.0,0.33,1.0,1.0,1.0,0,0,0,0,0,1
10792,23.0,2013,9.0,26.0,323.0,701.0,1,0.1,8.0,6.7,3.0,0.19,8.0,7.4,45.0,0.04,8.0,7.4,45.0,0,0,0,0,1,1
10793,13.0,1998,12.0,251.0,2150.0,3733.0,1,0.2,7.1,7.1,12.0,0.2,7.1,7.1,12.0,0.2,7.1,7.1,12.0,0,0,0,0,0,1
10794,1.0,2011,9.0,35.0,2151.0,1204.0,12,0.19,4.55,6.55,3.0,0.19,4.55,6.55,3.0,0.15,4.55,6.55,3.0,0,0,0,0,0,1
10795,13.0,2000,9.0,4.0,109.0,3734.0,3,0.03,5.0,5.3,4.0,0.16,5.0,5.0,1.0,0.16,5.0,5.0,1.0,0,0,0,0,0,1
10796,17.0,2010,11.0,49.0,2152.0,3735.0,1,0.13,6.036517973148549,6.446041576440007,42.41893830703013,0.13,6.13182763100909,6.5621524469467225,36.190578670492584,0.04,6.158211346903418,6.59756604590732,41.083213773314206,0,0,0,0,0,1
10797,19.0,2005,11.0,5.0,1723.0,2868.0,1,0.16,5.941533923303834,6.313171091445431,50.56199677938808,0.16,6.055781710914458,6.470575221238942,37.569243156199676,0.16,6.052935103244841,6.466165191740415,43.750402576489535,0,0,0,0,0,1
10798,10.0,2016,9.0,26.0,725.0,981.0,1,0.12,6.8,6.8,5.0,0.12,6.8,6.8,5.0,0.11,6.8,6.8,5.0,1,0,0,0,0,1
10799,7.0,2003,1.0,49.0,524.0,1336.0,1,0.09,6.9,7.95,3.0,0.09,6.9,7.95,3.0,0.06,6.9,7.95,3.0,0,0,0,0,0,1
10800,1.0,2011,6.0,32.0,31.0,260.0,2,0.1,8.47,7.07,24.5,0.09,8.47,7.07,24.5,0.58,8.87,8.22,42.0,1,0,0,0,0,1
10801,5.0,2009,7.0,396.0,2153.0,3736.0,7,0.0,0.0,0.0,0.0,0.0,0.0,0.0,0.0,0.0,0.0,0.0,0.0,0,0,0,0,0,1
10802,14.0,2002,6.0,2.0,1305.0,3737.0,10,0.31,6.1,7.6,0.0,0.28,7.57,7.62,12.0,0.28,7.57,7.62,12.0,1,0,0,0,0,1
10803,15.0,2010,9.0,3.0,204.0,248.0,1,2.08,6.0,6.7,39.0,0.63,7.9,7.25,6.0,0.18,5.4,5.35,6.0,0,0,0,0,0,1
10804,7.0,2006,9.0,29.0,552.0,3402.0,8,0.14,5.95,6.18,8.0,0.35,5.95,7.1,8.0,0.35,5.95,7.1,8.0,0,0,0,0,0,1
10805,1.0,2009,1.0,5.0,2061.0,2485.0,6,0.13,6.8,7.7,1.0,0.03,2.0,7.7,1.0,0.11,2.0,7.7,1.0,0,0,0,0,0,1
10806,15.0,2011,5.0,81.0,1338.0,3738.0,11,0.07,6.1,5.9,12.0,0.24,9.0,7.18,50.5,0.24,9.0,7.18,50.5,1,0,0,0,0,1
10807,6.0,2011,6.0,6.0,519.0,766.0,3,0.13,4.8,7.8,45.95671494404213,1.05,4.8,3.3,45.441943712969056,1.05,4.8,3.3,46.805258393680056,0,0,0,0,0,1
10808,15.0,2014,4.0,42.0,1423.0,2341.0,8,0.12,5.2,3.8,11.0,0.15,6.83,6.25,33.0,0.15,6.83,6.25,33.0,1,0,0,0,0,1
10809,15.0,2011,12.0,207.0,2154.0,3739.0,2,0.02,4.8,5.1,4.0,0.02,4.8,5.1,4.0,0.02,4.8,5.1,4.0,0,0,0,0,0,1
10810,19.0,2005,2.0,26.0,390.0,37.0,11,0.2,7.2,7.25,28.0,0.2,7.2,7.25,28.0,0.11,6.0,6.95,1.0,1,0,0,0,0,1
10811,6.0,2010,6.0,4.0,121.0,373.0,1,0.11,6.036517973148549,6.446041576440007,42.41893830703013,0.06,6.13182763100909,6.5621524469467225,36.190578670492584,0.08,6.158211346903418,6.59756604590732,41.083213773314206,1,0,0,0,0,1
10812,5.0,2009,7.0,397.0,2155.0,3740.0,1,0.01,4.95,7.0,0.0,0.01,4.95,7.0,0.0,0.01,4.95,7.0,0.0,0,0,0,0,0,1
10813,19.0,2002,10.0,117.0,612.0,892.0,11,0.86,7.3,7.68,11.5,0.86,7.3,7.68,11.5,0.86,7.3,7.68,11.5,0,0,0,0,0,1
10814,11.0,2016,9.0,26.0,1065.0,701.0,1,0.11,7.0,7.0,46.0,0.02,7.0,7.0,46.0,0.16,5.7,7.15,2.0,0,0,0,0,1,1
10815,14.0,2004,3.0,22.0,460.0,2477.0,11,0.21,5.27,7.62,9.0,0.21,5.27,7.62,9.0,0.21,5.27,7.62,9.0,0,0,0,0,0,1
10816,15.0,2006,12.0,9.0,270.0,730.0,11,0.19,5.6,7.18,32.5,0.07,7.3,8.1,32.5,0.07,7.3,8.1,32.5,0,0,0,0,0,1
10817,14.0,2002,1.0,40.0,330.0,502.0,3,0.18,5.5,7.3,7.0,0.34,7.1,7.8,7.0,0.42,7.2,6.7,7.0,1,0,0,0,0,1
10818,4.0,2009,9.0,69.0,2156.0,1020.0,1,0.26,6.0,6.0,1.0,0.26,6.0,6.0,1.0,0.73,6.25,6.25,3.0,0,0,0,0,0,1
10819,14.0,2005,9.0,24.0,131.0,1757.0,2,1.77,4.4,6.4,31.0,0.14,6.4,6.6,2.0,0.14,6.4,6.6,2.0,0,0,0,0,1,1
10820,7.0,2003,3.0,31.0,460.0,3741.0,7,0.04,5.3,5.8,45.79083511777302,0.08,5.4,5.8,44.859186295503214,0.08,5.4,5.8,46.22372591006424,0,0,0,0,0,1
10821,1.0,2011,6.0,8.0,415.0,272.0,11,0.12,5.37,6.67,8.0,0.12,5.37,6.67,8.0,0.28,5.37,6.67,8.0,0,0,0,0,0,1
10822,11.0,2016,10.0,42.0,1139.0,1850.0,8,0.02,4.4,4.45,6.0,0.33,8.3,8.42,69.5,0.33,8.3,8.42,69.5,0,0,0,0,0,1
10823,24.0,1998,12.0,275.0,2046.0,2556.0,1,0.2,8.0,8.0,1.0,0.11,8.0,8.0,1.0,0.2,8.0,8.0,1.0,1,0,0,0,0,1
10824,4.0,2008,1.0,8.0,45.0,31.0,2,0.33,5.99,6.2,51.5,0.33,5.99,6.2,51.5,0.33,5.99,6.2,51.5,1,1,1,0,0,1
10825,17.0,2012,11.0,157.0,2157.0,3742.0,1,0.02,6.072961653015631,6.425969843633651,50.50295255548768,0.02,6.152457185405805,6.543201787043918,48.179596823457544,0.02,6.196662323157107,6.5816586001488995,49.25208715129302,0,0,0,0,0,1
10826,10.0,2012,9.0,26.0,386.0,526.0,1,0.1,6.072961653015631,6.425969843633651,50.50295255548768,0.1,6.152457185405805,6.543201787043918,48.179596823457544,0.17,6.196662323157107,6.5816586001488995,49.25208715129302,0,0,0,0,0,1
10827,4.0,2009,9.0,26.0,1885.0,3198.0,1,0.1,6.06531266560678,6.414785373608896,47.58155002891845,0.1,6.151277159512439,6.537713301536816,45.36119144013881,0.04,6.18789083200847,6.572859035506092,49.094852515905146,0,0,0,0,0,1
10828,13.0,1998,12.0,8.0,220.0,3724.0,1,0.39,7.0,7.0,1.0,0.04,7.5,7.5,8.0,0.04,7.5,7.5,8.0,1,0,0,0,0,1
10829,1.0,2008,9.0,71.0,538.0,1465.0,1,0.58,5.0,7.4,2.0,0.23,6.1,7.4,2.0,0.46,7.15,7.0,7.0,0,0,0,0,0,1
10830,13.0,2001,12.0,92.0,2158.0,3743.0,1,0.02,6.097708281522011,6.447693359860781,47.903901046622266,0.02,6.1815792091519635,6.559855757274357,46.559535136604595,0.02,6.221097985575736,6.597542899776213,47.730256898192195,0,0,0,0,0,1
10831,13.0,1997,9.0,4.0,2159.0,3744.0,1,0.14,6.0,5.7,13.0,0.14,6.0,5.7,13.0,0.14,6.0,5.7,13.0,0,0,0,0,0,1
10832,8.0,1995,4.0,1.0,2160.0,3745.0,1,0.3,6.0,6.0,3.0,0.3,6.0,6.0,3.0,0.3,6.0,6.0,3.0,0,0,0,0,0,1
10833,10.0,2013,2.0,26.0,1113.0,37.0,11,0.08,4.9,5.15,1.0,0.04,4.9,5.15,1.0,0.08,4.9,5.15,1.0,0,0,0,0,0,1
10834,20.0,2014,9.0,5.0,2161.0,3746.0,1,0.13,6.0370023640661925,6.4082836879432445,47.3185817805383,0.13,6.127933806146561,6.533567375886503,45.40683229813665,0.13,6.178366430260039,6.570146572104003,49.021868530020704,0,0,0,0,0,1
10835,7.0,2001,4.0,236.0,227.0,3747.0,1,0.1,5.95,5.95,1.0,0.35,5.95,5.95,1.0,0.35,5.95,5.95,1.0,0,0,0,0,0,1
10836,17.0,2006,1.0,40.0,210.0,3748.0,12,0.14,4.87,6.22,3.5,1.06,7.0,7.53,46.5,1.06,7.0,7.53,46.5,0,0,0,0,0,1
10837,17.0,2010,1.0,5.0,783.0,422.0,9,0.11,6.0408158995815855,6.398263598326344,49.51921757035004,0.11,6.133399581589951,6.528050209204999,47.858499199267904,0.11,6.181351464435135,6.563376569037639,49.493479752916954,0,0,0,0,0,1
10838,9.0,2002,9.0,29.0,320.0,3749.0,11,0.14,4.4,4.6,5.0,0.12,3.0,4.5,4.0,0.12,3.0,4.5,4.0,1,0,0,0,1,1
10839,5.0,2010,1.0,12.0,958.0,3750.0,6,0.41,4.43,6.0,28.5,0.07,4.43,6.0,28.5,0.07,4.43,6.0,28.5,0,0,0,0,0,1
10840,4.0,2008,12.0,88.0,2162.0,3751.0,8,0.22,7.6,8.5,46.06567270145545,0.22,7.6,8.5,45.24915690450834,0.22,7.6,8.5,46.436324103656375,0,0,0,0,0,1
10841,7.0,2004,4.0,9.0,620.0,2548.0,3,0.02,7.0,5.0,1.0,0.06,6.6,7.9,113.0,0.06,6.6,7.9,113.0,1,0,0,0,0,1
10842,14.0,2002,3.0,29.0,460.0,1686.0,5,0.26,4.2,7.5,1.0,1.04,4.2,4.25,1.0,1.04,4.2,4.25,1.0,0,0,0,0,1,1
10843,7.0,2004,2.0,3.0,284.0,3752.0,11,20.81,9.17,8.85,1012.5,0.15,4.9,5.4,2.0,0.15,4.9,5.4,2.0,0,0,0,0,0,1
10844,7.0,2004,7.0,15.0,947.0,552.0,9,0.51,7.2,7.62,87.5,0.09,8.5,8.5,87.5,0.08,4.2,7.25,6.0,1,0,0,0,0,1
10845,13.0,1995,12.0,98.0,2163.0,1024.0,1,0.0,0.0,0.0,0.0,0.0,0.0,0.0,0.0,0.0,0.0,0.0,0.0,1,0,0,1,0,1
10846,5.0,2008,7.0,375.0,2164.0,3753.0,5,0.11,7.3,6.3,46.09182401140007,0.11,7.3,6.3,45.30495190594941,0.11,7.3,6.3,46.50917349483434,1,0,0,0,1,1
10847,4.0,2006,11.0,29.0,679.0,322.0,10,0.3,5.9,7.6,48.40748280219009,0.11,5.2,7.6,47.08746314755019,0.08,5.1,7.6,48.39758528709813,0,0,0,0,0,1
10848,24.0,1998,1.0,9.0,27.0,31.0,1,0.12,7.8,7.8,4.0,0.47,7.8,7.8,4.0,0.58,6.5,6.5,21.0,0,0,1,0,0,1
10849,14.0,2003,1.0,40.0,210.0,913.0,3,0.49,4.6,7.78,3.0,0.03,6.3,7.78,3.0,0.15,8.0,7.78,3.0,0,0,0,0,0,1
10850,9.0,2005,9.0,24.0,377.0,1277.0,9,0.23,7.2,7.0,6.0,0.17,5.57,7.0,0.0,0.49,5.5,6.4,10.0,0,0,0,0,0,1
10851,4.0,2005,4.0,26.0,683.0,701.0,1,0.24,7.0,7.0,2.0,0.24,7.0,7.0,2.0,0.44,7.0,7.0,2.0,0,0,0,0,0,1
10852,5.0,2015,9.0,239.0,779.0,3586.0,10,0.1,6.0,5.0,1.0,0.08,6.0,5.0,1.0,0.08,6.0,5.0,1.0,0,0,0,0,0,1
10853,17.0,2005,10.0,4.0,2165.0,1394.0,1,0.13,6.85,7.85,3.0,0.13,6.85,7.85,3.0,0.13,6.85,7.85,3.0,1,0,0,0,0,1
10854,1.0,2009,1.0,126.0,1688.0,3754.0,1,0.06,5.75,6.65,5.0,0.06,5.75,6.65,5.0,0.06,5.75,6.65,5.0,0,0,0,0,0,1
10855,7.0,2005,2.0,35.0,296.0,3373.0,2,0.07,8.25,5.77,3.0,0.12,8.25,5.77,3.0,0.12,8.25,5.77,3.0,0,0,0,1,0,1
10856,17.0,2008,11.0,13.0,448.0,3405.0,1,0.12,6.3,6.0,1.0,0.46,6.3,6.0,1.0,0.46,6.3,6.0,1.0,0,0,0,0,0,1
10857,13.0,2001,1.0,26.0,2166.0,3755.0,1,0.35,6.097708281522011,6.447693359860781,47.903901046622266,0.35,6.1815792091519635,6.559855757274357,46.559535136604595,0.35,6.221097985575736,6.597542899776213,47.730256898192195,0,0,0,0,0,1
10858,17.0,2005,4.0,26.0,1829.0,1972.0,11,0.15,5.75,7.4,0.0,0.14,6.3,7.4,0.0,0.14,6.3,7.4,0.0,0,0,0,0,0,1
10859,23.0,2016,9.0,26.0,1141.0,588.0,1,0.09,4.85,4.85,1.0,0.09,4.85,4.85,1.0,0.06,4.85,4.85,1.0,1,0,0,0,0,1
10860,20.0,2013,9.0,5.0,155.0,915.0,1,0.1,7.2,4.0,19.0,0.19,5.0,6.7,19.0,0.19,5.0,6.7,19.0,0,0,0,1,0,1
10861,11.0,2015,9.0,6.0,1342.0,3756.0,11,0.04,4.6,6.65,2.0,0.26,5.5,5.53,36.0,0.26,5.5,5.53,36.0,0,0,0,1,0,1
10862,7.0,2000,1.0,15.0,87.0,243.0,3,0.04,6.4,8.0,1.0,0.05,6.4,8.0,1.0,0.21,6.4,8.1,1.0,0,0,1,0,0,1
10863,17.0,2012,11.0,330.0,1826.0,3075.0,1,0.1,6.072961653015631,6.425969843633651,50.50295255548768,0.1,6.152457185405805,6.543201787043918,48.179596823457544,0.1,6.196662323157107,6.5816586001488995,49.25208715129302,0,0,0,0,0,1
10864,4.0,2010,2.0,20.0,377.0,3757.0,8,0.12,6.113035219305398,6.478658079243485,45.62894431036024,0.13,6.1999690200554625,6.577827327572197,44.9646017699115,0.13,6.233516223707835,6.62109571172349,46.39469920443372,0,0,0,0,0,1
10865,19.0,2002,3.0,8.0,422.0,749.0,9,0.18,5.9,8.25,3.0,0.63,8.8,7.3,3.0,0.63,8.8,7.3,3.0,0,0,0,0,0,1
10866,14.0,2005,3.0,3.0,619.0,2054.0,4,0.29,4.4,7.1,0.0,0.04,6.0,6.25,1.0,0.04,6.0,6.25,1.0,0,0,0,0,0,1
10867,24.0,1995,6.0,9.0,766.0,3758.0,1,0.11,6.105477410782085,6.471694191344031,46.30825496342738,0.12,6.192767653758562,6.565149962034973,45.062225705329155,0.12,6.223125474563416,6.604986712224803,46.031556948798325,1,0,1,0,1,1
10868,7.0,2004,10.0,11.0,2167.0,588.0,8,0.51,6.65,6.7,19.0,0.51,6.65,6.7,19.0,0.02,6.4,7.35,4.0,1,0,0,0,0,1
10869,4.0,2005,2.0,29.0,284.0,322.0,10,0.15,5.0,6.8,46.396146867328426,0.7,7.1,6.8,45.01510299925285,0.15,5.2,6.8,45.991941509232575,0,0,0,0,0,1
10870,7.0,2009,6.0,3.0,1094.0,759.0,11,0.2,5.945329457364344,6.3206201550387675,32.76409185803758,0.08,6.042635658914737,6.440271317829467,23.798538622129435,0.43,6.047189922480624,6.441937984496127,28.856993736951985,0,0,0,0,0,1
10871,10.0,2014,4.0,72.0,400.0,1717.0,1,0.14,7.0,6.9,13.0,0.26,8.0,7.65,9.0,0.26,8.0,7.65,9.0,1,0,0,0,0,1
10872,17.0,2010,2.0,134.0,819.0,3759.0,1,0.11,5.0,6.5,1.0,0.11,5.0,6.5,1.0,0.11,5.0,6.5,1.0,0,0,0,0,0,1
10873,1.0,2009,1.0,158.0,853.0,3760.0,10,0.07,6.017120127287195,6.416451869530627,39.8933506044905,0.06,6.130859188544151,6.552171837708827,32.29706390328152,0.06,6.161694510739854,6.5963723150357945,34.81476683937824,0,0,0,0,0,1
10874,11.0,2015,9.0,13.0,51.0,201.0,1,0.14,7.0,7.5,13.0,3.26,7.0,7.5,13.0,0.3,7.0,7.3,151.0,1,0,1,0,0,1
10875,13.0,1995,8.0,8.0,31.0,3761.0,1,0.24,6.105477410782085,6.471694191344031,46.30825496342738,0.07,6.192767653758562,6.565149962034973,45.062225705329155,0.07,6.223125474563416,6.604986712224803,46.031556948798325,0,0,0,0,0,1
10876,17.0,2008,5.0,4.0,58.0,3762.0,6,0.29,6.2,6.4,48.31761945392491,0.29,6.2,6.4,47.04635949943117,0.29,6.2,6.4,48.42512798634812,0,0,0,0,0,1
10877,7.0,2003,1.0,11.0,424.0,3763.0,9,0.03,7.5,7.5,47.787334469647305,0.04,7.5,7.5,46.592762554084175,0.04,7.5,7.5,47.85302215812246,0,0,0,0,0,1
10878,1.0,2011,9.0,5.0,415.0,3686.0,11,0.1,3.5,0.75,2.0,0.1,3.5,0.75,2.0,0.1,3.5,0.75,2.0,0,0,0,0,0,1
10879,1.0,2008,1.0,12.0,958.0,125.0,11,0.06,6.044421151439289,6.38992177722153,48.44426425401161,0.23,6.126584793491856,6.504150500625782,46.782946398088086,0.23,6.170384856070071,6.544500938673344,48.1357972004097,0,0,0,0,0,1
10880,14.0,2005,6.0,68.0,938.0,430.0,11,0.12,6.7,5.75,2.0,0.12,6.7,5.75,2.0,0.08,6.7,5.75,2.0,0,0,0,0,0,1
10881,19.0,2004,7.0,371.0,2117.0,3666.0,11,0.0,0.0,0.0,0.0,0.1,7.8,7.55,20.0,0.1,7.8,7.55,20.0,0,0,0,0,0,1
10882,23.0,2016,9.0,20.0,234.0,1321.0,6,0.12,7.0,7.5,21.0,0.12,7.0,7.5,21.0,0.12,7.0,7.5,21.0,0,1,0,1,0,1
10883,24.0,1998,1.0,9.0,1488.0,2466.0,1,0.11,7.0,7.0,1.0,0.11,7.0,7.0,1.0,0.22,7.0,7.0,1.0,0,0,0,0,0,1
10884,4.0,2005,5.0,88.0,2168.0,3261.0,11,0.02,6.6,7.0,1.0,0.04,6.6,7.0,1.0,0.13,6.8,7.0,1.0,0,0,0,0,0,1
10885,14.0,2005,9.0,2.0,301.0,628.0,9,0.69,8.9,7.45,2.0,1.23,9.05,8.55,68.0,1.23,9.05,8.55,68.0,1,0,0,1,0,1
10886,4.0,2009,9.0,52.0,1868.0,3764.0,12,0.01,5.3,6.05,7.0,0.1,5.3,6.05,7.0,0.1,5.3,6.05,7.0,0,0,0,0,0,1
10887,23.0,2014,9.0,26.0,2169.0,3765.0,1,0.1,4.0,4.0,1.0,0.1,4.0,4.0,1.0,0.1,4.0,4.0,1.0,0,0,0,0,0,1
10888,13.0,1996,8.0,4.0,2170.0,3766.0,1,0.17,7.7,7.7,25.0,0.17,7.7,7.7,25.0,0.17,7.7,7.7,25.0,0,0,0,0,0,1
10889,17.0,2010,11.0,292.0,2171.0,3767.0,1,0.09,6.45,8.1,42.41893830703013,0.09,6.45,8.1,36.190578670492584,0.09,6.45,8.1,41.083213773314206,0,0,0,0,0,1
10890,4.0,2004,5.0,155.0,55.0,690.0,1,0.17,7.4,7.5,1.0,0.25,7.1,8.6,1.0,0.19,7.1,8.0,1.0,0,0,1,0,1,1
10891,4.0,2011,10.0,26.0,668.0,188.0,1,0.1,7.23,8.5,2.0,0.29,7.23,7.55,70.0,0.83,6.17,7.37,248.5,0,0,0,0,0,1
10892,7.0,2007,12.0,15.0,2172.0,3768.0,1,0.1,6.099566138746374,6.4607807271916755,47.55820785897907,0.1,6.186688601383021,6.564681017176054,46.14738646101114,0.1,6.2206457729199345,6.6001962971225066,47.53813196229649,0,0,0,1,0,1
10893,10.0,2012,5.0,1.0,1.0,3769.0,2,2.0,8.6,8.75,225.0,4.1,8.77,8.13,1016.5,4.1,8.77,8.13,1016.5,0,0,1,0,0,1
10894,4.0,2009,5.0,8.0,68.0,3770.0,3,0.23,5.53,5.65,5.5,0.14,6.4,7.2,5.5,0.14,6.4,7.2,5.5,0,0,1,0,0,1
10895,13.0,2001,4.0,72.0,400.0,1243.0,1,0.11,7.0,9.0,1.0,0.12,7.0,7.4,8.0,0.45,7.0,7.8,12.0,0,0,0,0,0,1
10896,14.0,2004,6.0,11.0,1343.0,1230.0,3,0.19,5.1,6.0,1.0,0.19,5.1,6.0,1.0,0.19,5.1,6.0,1.0,0,0,0,0,0,1
10897,1.0,2010,6.0,52.0,1101.0,1770.0,1,0.09,4.0,4.0,0.0,0.09,4.0,4.0,0.0,0.36,4.0,4.0,0.0,0,0,0,0,0,1
10898,5.0,2010,1.0,11.0,332.0,1226.0,5,0.16,4.4,7.9,49.88838251197281,1.67,4.4,7.9,48.341572686544104,0.16,4.4,7.9,49.79777537463309,1,0,0,0,0,1
10899,9.0,2002,2.0,11.0,320.0,823.0,11,0.13,4.2,5.4,0.0,1.71,7.0,7.83,12.0,1.71,7.0,7.83,12.0,0,0,0,0,0,1
10900,7.0,2003,10.0,15.0,533.0,1478.0,11,0.15,6.1,8.3,48.97781824201291,0.15,6.1,8.3,47.036252276113224,0.18,7.5,8.3,48.732577387849695,1,0,0,0,0,1
10901,1.0,2009,9.0,52.0,1868.0,3771.0,12,2.09,5.7,5.7,45.496519612454144,0.14,5.7,5.7,44.671996989935096,0.06,5.7,5.7,45.642884018436646,0,0,0,0,0,1
10902,7.0,2006,1.0,29.0,561.0,2856.0,3,0.78,6.33,6.87,29.5,0.51,6.6,6.87,29.5,0.16,6.6,6.87,29.5,1,0,0,0,0,1
10903,15.0,2007,12.0,18.0,1032.0,184.0,8,0.09,5.75,6.95,28.0,0.09,6.63,7.4,85.5,0.13,6.3,5.93,13.5,0,0,0,1,0,1
10904,17.0,2009,11.0,292.0,950.0,3772.0,2,0.01,6.104990465293672,6.471661899313569,46.313123359580054,0.09,6.191879290617869,6.565022883295242,45.077952755905514,0.09,6.222345537757457,6.603920671243372,46.040734908136486,0,0,0,0,0,1
10905,9.0,2002,1.0,57.0,761.0,422.0,1,0.21,6.050969223702346,6.468989435002288,43.711032388663966,0.21,6.146789159393657,6.595062011943035,37.134362348178136,0.21,6.180679834634819,6.631194304088199,42.425607287449395,0,0,0,0,0,1
10906,5.0,2006,3.0,6.0,365.0,501.0,1,0.15,7.7,7.45,91.0,0.03,4.55,6.6,3.0,0.03,4.55,6.6,3.0,0,0,0,0,0,1
10907,19.0,2003,2.0,26.0,109.0,1657.0,12,0.72,6.6,8.5,4.0,0.43,5.03,5.03,4.0,0.43,5.03,5.03,4.0,0,0,0,0,0,1
10908,6.0,2010,6.0,29.0,120.0,3475.0,9,0.11,2.8,4.4,49.51921757035004,0.11,2.8,4.4,47.858499199267904,0.11,2.8,4.4,49.493479752916954,0,0,0,0,0,1
10909,6.0,2011,1.0,103.0,2173.0,3641.0,1,0.57,4.0,6.05,4.0,0.57,4.0,6.05,4.0,0.01,4.0,6.05,4.0,0,0,0,0,0,1
10910,7.0,2010,1.0,15.0,87.0,102.0,1,0.1,7.0,7.0,1.0,0.13,7.0,7.0,1.0,0.23,7.0,7.0,1.0,0,0,1,0,0,1
10911,4.0,2006,6.0,24.0,148.0,40.0,10,0.19,6.7,5.9,3.0,3.15,7.6,7.35,28.0,0.54,6.2,6.65,50.5,0,0,0,0,0,1
10912,13.0,2000,2.0,6.0,2174.0,3773.0,1,0.2,6.080184531886015,6.4249240162822545,49.17336199229173,0.2,6.164715061058349,6.539900949796512,47.802772013044766,0.2,6.208497964721839,6.582871099050231,49.20360213459828,0,0,0,0,0,1
10913,6.0,2007,1.0,8.0,45.0,2216.0,12,0.26,5.0,5.0,46.930714968914394,0.26,5.0,5.0,45.4678981348637,0.26,5.0,5.0,46.8644787183166,0,0,1,0,0,1
10914,4.0,2008,12.0,6.0,1971.0,858.0,11,0.15,6.3,7.3,16.0,0.03,5.0,6.0,1.0,0.65,6.92,7.05,33.0,1,0,0,0,0,1
10915,14.0,2004,1.0,398.0,2175.0,3774.0,9,0.0,0.0,0.0,0.0,0.0,0.0,0.0,0.0,0.0,0.0,0.0,0.0,0,0,0,1,0,1
10916,4.0,2005,2.0,29.0,286.0,689.0,2,0.07,6.15,3.0,2.0,0.3,6.15,3.0,2.0,0.13,6.15,3.0,2.0,0,0,0,0,0,1
10917,15.0,2015,1.0,3.0,787.0,126.0,9,0.97,8.5,5.67,13.5,0.17,6.1,4.0,13.5,0.97,8.5,5.67,13.5,1,0,0,0,1,1
10918,17.0,2006,9.0,8.0,275.0,353.0,8,1.02,7.4,7.2,4.0,1.76,7.93,8.6,113.5,1.76,7.93,8.6,113.5,0,0,0,0,0,1
10919,6.0,2007,1.0,3.0,373.0,1568.0,10,0.28,7.2,7.98,29.0,0.25,7.4,4.7,29.0,0.08,7.77,7.6,14.5,1,0,0,0,0,1
10920,15.0,2005,12.0,8.0,69.0,3775.0,10,0.14,7.55,7.6,30.0,0.04,9.0,7.87,181.0,0.04,9.0,7.87,181.0,0,0,0,1,0,1
10921,17.0,2005,3.0,6.0,1016.0,3776.0,11,0.24,7.05,7.35,55.0,0.24,7.05,7.35,55.0,0.24,7.05,7.35,55.0,0,0,0,0,0,1
10922,4.0,2007,6.0,11.0,586.0,3777.0,2,0.36,3.7,7.5,1.0,0.28,7.5,8.0,1.0,0.28,7.5,8.0,1.0,0,0,0,0,0,1
10923,17.0,2006,4.0,12.0,1558.0,3610.0,7,0.2,6.33,6.73,16.0,0.1,6.8,7.45,8.0,0.1,6.8,7.45,8.0,0,0,0,0,0,1
10924,11.0,2016,8.0,26.0,1672.0,2775.0,1,0.09,6.8,6.8,5.0,0.09,6.8,6.8,5.0,0.02,6.8,6.8,5.0,0,0,0,0,0,1
10925,1.0,2010,1.0,201.0,724.0,1089.0,11,0.38,6.4,5.48,2.5,0.67,6.4,5.0,1.0,0.67,6.4,5.0,1.0,0,0,0,0,0,1
10926,6.0,2009,9.0,29.0,2176.0,831.0,1,0.18,4.65,8.7,3.0,0.18,4.65,8.7,3.0,0.14,4.65,7.0,3.0,1,0,0,1,0,1
10927,6.0,2012,7.0,13.0,51.0,67.0,1,0.88,7.9,7.75,339.0,0.88,7.9,7.75,339.0,0.49,5.75,6.6,20.0,1,1,1,0,0,1
10928,4.0,2009,6.0,35.0,2049.0,3778.0,11,0.08,2.5,8.2,3.0,0.11,2.5,4.0,3.0,0.05,3.35,2.75,3.0,0,0,0,0,0,1
10929,13.0,1996,12.0,368.0,2177.0,3779.0,1,0.11,4.6,4.6,9.0,0.11,4.6,4.6,9.0,0.11,4.6,4.6,9.0,0,0,0,0,0,1
10930,4.0,2008,12.0,29.0,240.0,3780.0,9,0.2,4.5,5.75,5.0,0.79,6.65,6.65,2.0,0.79,6.65,6.65,2.0,0,0,0,0,0,1
10931,5.0,2015,9.0,5.0,163.0,2449.0,10,0.11,3.13,3.53,5.0,0.13,6.83,7.1,19.0,0.13,6.83,7.1,19.0,0,0,0,1,0,1
10932,7.0,2003,4.0,4.0,768.0,1090.0,11,2.78,8.5,8.6,32.0,0.62,7.4,7.85,36.0,0.67,7.4,6.8,8.0,0,0,0,0,0,1
10933,9.0,2002,5.0,24.0,29.0,778.0,5,0.03,6.5,6.43,24.5,1.91,6.7,7.5,21.0,0.25,8.0,6.8,10.0,1,0,0,0,0,1
10934,4.0,2010,6.0,3.0,513.0,759.0,8,0.4,6.84,7.57,460.5,0.28,6.84,7.57,460.5,0.27,6.84,7.57,460.5,0,0,0,0,0,1
10935,17.0,2007,6.0,11.0,1376.0,3781.0,12,0.12,2.9,5.3,1.0,0.12,2.9,5.3,1.0,0.12,2.9,5.3,1.0,0,0,0,0,0,1
10936,4.0,2011,11.0,176.0,1304.0,3782.0,10,0.18,4.0,4.0,46.89055793991416,0.28,4.0,4.0,45.688006676204104,0.28,4.0,4.0,48.2448736289938,0,0,0,0,0,1
10937,6.0,2009,6.0,4.0,2178.0,3783.0,1,0.18,6.06531266560678,6.414785373608896,47.58155002891845,0.18,6.151277159512439,6.537713301536816,45.36119144013881,0.18,6.18789083200847,6.572859035506092,49.094852515905146,1,0,0,0,0,1
10938,1.0,2007,3.0,354.0,1389.0,3784.0,12,0.0,0.0,0.0,0.0,0.05,0.0,1.9,0.0,0.05,0.0,1.9,0.0,0,0,0,0,0,1
10939,14.0,2005,9.0,5.0,336.0,370.0,10,0.19,6.8,7.25,1.0,0.82,7.65,7.45,1.0,1.86,6.37,6.58,14.5,0,0,0,0,1,1
10940,13.0,1995,7.0,4.0,1534.0,3785.0,1,0.11,6.105477410782085,6.471694191344031,46.30825496342738,0.1,6.192767653758562,6.565149962034973,45.062225705329155,0.1,6.223125474563416,6.604986712224803,46.031556948798325,0,0,0,0,0,1
10941,14.0,2002,9.0,29.0,2179.0,3786.0,2,0.04,5.0,7.0,2.0,0.04,5.0,7.0,2.0,0.04,5.0,7.0,2.0,0,0,0,0,0,1
10942,7.0,2005,7.0,22.0,1675.0,3787.0,9,0.08,4.5,6.2,46.832143282161134,0.08,4.5,6.2,45.37718671902892,0.08,4.5,6.2,46.75086278709985,0,0,0,0,0,1
10943,17.0,2009,9.0,59.0,448.0,2959.0,10,0.15,6.017120127287195,6.416451869530627,39.8933506044905,0.15,6.130859188544151,6.552171837708827,32.29706390328152,0.15,6.161694510739854,6.5963723150357945,34.81476683937824,0,0,0,0,0,1
10944,7.0,2002,9.0,8.0,1661.0,488.0,12,0.53,8.2,8.4,46.100670307845085,0.08,2.0,8.4,45.57816120489904,0.12,5.3,8.4,46.971367096987755,0,0,0,0,0,1
10945,4.0,2009,4.0,276.0,626.0,3788.0,11,0.16,5.945329457364344,6.3206201550387675,32.76409185803758,0.12,6.042635658914737,6.440271317829467,23.798538622129435,0.12,6.047189922480624,6.441937984496127,28.856993736951985,0,0,0,0,0,1
10946,7.0,2003,1.0,340.0,2043.0,3789.0,8,0.05,6.7,6.5,46.19905533063428,0.05,6.7,6.5,45.39591767881242,0.05,6.7,6.5,46.679740215924426,0,0,0,0,0,1
10947,6.0,2013,9.0,26.0,2180.0,3790.0,11,0.05,5.8,5.75,1.0,0.04,5.8,5.5,2.0,0.04,5.8,5.5,2.0,0,0,0,1,0,1
10948,13.0,2001,7.0,19.0,2181.0,2965.0,4,0.17,8.0,7.9,45.872209778327026,0.17,8.0,7.9,45.90167606395304,0.17,8.0,7.9,47.24202517957828,1,0,0,0,0,1
10949,17.0,2009,10.0,155.0,1139.0,2980.0,3,0.15,6.33,7.35,28.0,0.12,6.5,7.3,13.0,0.12,6.5,7.3,13.0,1,0,0,0,0,1
10950,17.0,2008,7.0,17.0,61.0,1481.0,7,0.15,7.5,7.68,13.0,0.15,7.5,7.68,13.0,0.02,4.9,5.2,13.0,1,0,0,0,1,1
10951,10.0,2011,3.0,6.0,19.0,59.0,9,0.18,7.13,7.23,41.5,1.12,7.07,8.18,37.0,0.18,7.67,7.15,97.5,1,0,1,0,0,1
10952,13.0,1997,3.0,43.0,297.0,3791.0,1,0.43,6.042070079121586,6.394020668496688,49.29562687356727,0.31,6.127673179396085,6.510931697077347,47.72615059072474,0.31,6.172315517519764,6.551114161149683,49.20948686298713,0,0,0,0,0,1
10953,7.0,2005,12.0,49.0,524.0,1335.0,6,0.06,6.4,7.3,13.0,0.07,6.25,7.2,3.0,0.3,7.7,8.25,1.0,1,0,0,0,0,1
10954,13.0,1998,12.0,72.0,250.0,3792.0,1,0.08,8.0,8.6,61.0,0.23,8.6,8.15,48.0,0.23,8.6,8.15,48.0,0,0,0,0,0,1
10955,15.0,2011,9.0,15.0,87.0,102.0,9,0.21,7.13,6.73,31.5,0.5,7.1,6.48,79.0,0.5,7.1,6.48,79.0,0,1,1,0,0,1
10956,19.0,2002,3.0,29.0,462.0,1238.0,1,0.16,6.5,5.9,6.0,0.16,6.5,5.9,6.0,0.13,6.7,5.9,6.0,0,0,0,0,0,1
10957,14.0,2003,2.0,3.0,448.0,1769.0,1,0.36,4.0,7.0,1.0,0.36,4.0,7.0,1.0,0.36,4.0,7.0,1.0,0,0,0,0,0,1
10958,24.0,1998,11.0,122.0,2182.0,3793.0,1,0.4,6.0,8.5,4.0,0.4,6.0,8.5,4.0,0.4,6.0,8.5,4.0,0,0,0,0,0,1
10959,7.0,2000,1.0,8.0,27.0,31.0,1,0.18,5.5,2.25,1.0,0.83,5.5,2.25,1.0,0.09,5.5,6.9,37.0,1,1,1,0,1,1
10960,4.0,2010,8.0,158.0,853.0,3794.0,10,0.01,6.057083503054985,6.415594704684301,49.885309852875615,0.02,6.142910386965374,6.540040733197534,48.07779759251003,0.02,6.1904786150712745,6.577492871690405,49.565425769059296,0,0,0,0,0,1
10961,7.0,2007,1.0,15.0,87.0,3795.0,1,0.1,6.099566138746374,6.4607807271916755,47.55820785897907,0.3,6.186688601383021,6.564681017176054,46.14738646101114,0.3,6.2206457729199345,6.6001962971225066,47.53813196229649,0,0,1,0,0,1
10962,10.0,2015,9.0,1.0,290.0,3796.0,4,0.01,7.0,7.5,4.0,0.77,4.8,4.85,4.0,0.77,4.8,4.85,4.0,1,1,0,0,0,1
10963,5.0,2011,8.0,42.0,1541.0,3456.0,3,0.32,7.9,8.1,135.0,0.14,7.9,8.1,135.0,0.11,3.8,6.22,7.0,0,0,0,0,0,1
10964,17.0,2009,6.0,3.0,72.0,3797.0,10,0.18,8.2,7.6,428.0,1.35,8.93,8.18,348.0,1.35,8.93,8.18,348.0,0,0,0,0,0,1
10965,22.0,2000,4.0,9.0,558.0,3798.0,11,0.13,6.7,6.6,15.0,0.13,6.7,6.6,15.0,0.13,6.7,6.6,15.0,0,0,0,0,0,1
10966,19.0,2002,3.0,53.0,559.0,1234.0,11,0.14,5.8,5.8,45.226486486486486,0.2,6.9,6.9,38.287837837837834,0.2,6.9,6.9,43.71081081081081,0,0,0,0,0,1
10967,4.0,2010,5.0,364.0,2183.0,1108.0,6,0.02,6.033445600132071,6.393825326069004,49.04950405770965,0.07,6.117914809311541,6.507062902426945,47.05843101893598,0.04,6.163670133729564,6.549328050189856,48.10054102795311,0,0,0,0,0,1
10968,4.0,2011,8.0,35.0,173.0,2175.0,5,2.88,5.5,6.47,6.0,0.06,4.7,6.47,6.0,0.15,4.7,6.47,6.0,0,0,0,0,0,1
10969,7.0,2002,3.0,99.0,680.0,2229.0,10,0.0,0.0,0.0,0.0,0.02,0.0,0.0,0.0,0.08,6.7,6.9,0.0,0,0,0,0,0,1
10970,4.0,2009,4.0,17.0,2184.0,3799.0,1,0.87,6.9,7.3,67.0,0.87,6.9,7.3,67.0,0.87,6.9,7.3,67.0,0,0,0,0,0,1
10971,6.0,2009,7.0,36.0,2185.0,3800.0,5,0.25,6.73,7.0,81.0,0.25,6.73,7.0,81.0,0.25,6.73,7.0,81.0,0,0,0,0,0,1
10972,4.0,2011,9.0,176.0,513.0,3801.0,11,0.07,8.0,8.0,41.036795626576954,0.48,8.0,8.0,35.344407064760304,0.48,8.0,8.0,39.97560975609756,0,0,0,0,0,1
10973,4.0,2010,6.0,15.0,1187.0,1931.0,1,0.1,6.036517973148549,6.446041576440007,42.41893830703013,0.1,6.13182763100909,6.5621524469467225,36.190578670492584,0.32,6.158211346903418,6.59756604590732,41.083213773314206,0,0,0,0,0,1
10974,7.0,2001,4.0,254.0,1382.0,1385.0,1,0.01,6.097708281522011,6.447693359860781,47.903901046622266,0.01,6.1815792091519635,6.559855757274357,46.559535136604595,0.25,6.221097985575736,6.597542899776213,47.730256898192195,0,0,0,0,0,1
10975,23.0,2012,10.0,12.0,1930.0,3284.0,1,0.1,4.6,5.25,12.0,0.13,4.6,5.25,12.0,0.13,4.6,5.25,12.0,0,0,0,0,0,1
10976,9.0,2002,7.0,106.0,932.0,846.0,1,0.01,6.35,8.2,7.0,0.47,6.35,5.2,5.0,0.55,6.35,5.2,5.0,0,0,0,0,0,1
10977,4.0,2006,4.0,22.0,1255.0,2408.0,10,0.02,6.67,6.65,64.0,0.08,6.7,6.65,64.0,0.08,6.7,6.65,64.0,0,0,0,0,0,1
10978,7.0,2001,9.0,22.0,81.0,3802.0,10,0.34,6.75,8.2,55.0,0.41,6.75,7.7,55.0,0.41,6.75,7.7,55.0,0,0,0,0,0,1
10979,10.0,2016,9.0,1.0,205.0,250.0,5,0.46,5.5,7.45,2.0,0.49,7.6,7.35,1.0,2.57,7.5,8.12,50.0,0,0,0,0,0,1
10980,4.0,2008,5.0,91.0,920.0,3048.0,9,0.01,6.97,7.35,43.0,0.48,3.7,6.3,43.0,0.14,3.7,6.3,43.0,0,0,0,0,0,1
10981,1.0,2010,7.0,8.0,31.0,726.0,10,0.21,6.6,1.8,49.885309852875615,0.25,6.6,1.8,48.07779759251003,1.1,6.6,4.4,49.565425769059296,0,0,0,0,0,1
10982,1.0,2008,2.0,213.0,1051.0,3358.0,7,0.12,2.0,4.85,3.0,0.12,2.0,4.85,3.0,0.12,2.0,4.85,3.0,0,0,0,0,0,1
10983,4.0,2005,6.0,9.0,111.0,3803.0,10,0.13,6.65,7.45,3.0,1.09,6.15,5.85,2.0,1.09,6.15,5.85,2.0,0,0,0,0,0,1
10984,6.0,2011,3.0,59.0,562.0,427.0,10,0.13,6.02490849673202,6.3988126361655615,46.89055793991416,0.13,6.123793028322429,6.526827886710213,45.688006676204104,0.13,6.174326797385606,6.567407407407391,48.2448736289938,0,0,0,0,0,1
10985,7.0,2003,9.0,4.0,1232.0,3804.0,8,0.41,6.5,8.7,46.19905533063428,0.41,6.5,8.7,45.39591767881242,0.41,6.5,8.7,46.679740215924426,0,0,0,0,0,1
10986,4.0,2011,5.0,97.0,2186.0,3805.0,8,0.07,6.142671116160179,6.510005680204524,45.90738720486247,0.07,6.2310969894916255,6.612984947458146,45.94821943427102,0.07,6.260451576256746,6.65026767963648,47.1943037481493,0,0,0,0,0,1
10987,17.0,2009,9.0,300.0,1140.0,3298.0,9,0.06,5.4,5.22,62.5,0.18,4.8,5.22,62.5,0.07,6.83,7.88,61.5,0,0,0,0,0,1
10988,1.0,2009,6.0,209.0,2187.0,3806.0,5,0.04,6.100858058608059,6.465022893772954,45.416876320821174,0.04,6.1914130036630235,6.564434981685036,44.29963771762101,0.04,6.221868131868156,6.605723443223496,45.280718526718324,0,0,0,0,0,1
10989,1.0,2010,6.0,364.0,2188.0,3807.0,1,0.11,6.036517973148549,6.446041576440007,42.41893830703013,0.11,6.13182763100909,6.5621524469467225,36.190578670492584,0.11,6.158211346903418,6.59756604590732,41.083213773314206,0,0,0,0,0,1
10990,7.0,2000,9.0,26.0,40.0,3808.0,1,0.17,5.7,7.15,3.0,0.07,5.7,7.15,3.0,0.07,5.7,7.15,3.0,0,0,1,0,0,1
10991,4.0,2008,2.0,9.0,1113.0,686.0,1,0.1,6.53,6.32,7.5,0.35,7.8,8.2,12.0,0.05,7.8,8.2,12.0,0,0,0,0,0,1
10992,5.0,2011,3.0,15.0,2189.0,3809.0,11,0.3,6.006015209125474,6.41599619771862,41.036795626576954,0.3,6.090570342205316,6.534011406844094,35.344407064760304,0.3,6.119920152091249,6.565832699619768,39.97560975609756,0,0,0,0,0,1
10993,13.0,1998,5.0,399.0,2190.0,3810.0,1,0.0,0.0,0.0,0.0,0.0,0.0,0.0,0.0,0.0,0.0,0.0,0.0,0,0,0,0,0,1
10994,4.0,2010,6.0,29.0,120.0,1304.0,11,0.13,5.4,7.0,1.0,0.18,5.4,7.0,1.0,0.12,5.4,1.3,1.0,0,0,0,0,0,1
10995,4.0,2008,4.0,129.0,950.0,3811.0,1,0.01,5.0,7.1,1.0,0.06,6.0,7.1,1.0,0.02,6.0,5.0,1.0,0,0,0,0,0,1
10996,7.0,2002,1.0,15.0,87.0,1539.0,1,0.13,6.050969223702346,6.468989435002288,43.711032388663966,0.14,6.146789159393657,6.595062011943035,37.134362348178136,0.29,6.180679834634819,6.631194304088199,42.425607287449395,0,0,1,0,0,1
10997,1.0,2008,11.0,328.0,902.0,3812.0,11,0.08,5.0,6.2,4.0,0.28,4.3,5.3,4.0,0.02,4.3,5.3,4.0,0,0,0,0,0,1
10998,4.0,2008,1.0,149.0,362.0,3813.0,3,0.1,6.65,7.15,2.0,1.52,3.4,4.0,0.0,1.52,3.4,4.0,0.0,0,0,0,0,0,1
10999,9.0,2003,9.0,29.0,294.0,3491.0,8,0.14,6.6,6.65,1.0,0.2,5.2,6.75,6.0,0.2,5.2,6.75,6.0,0,0,0,0,0,1
11000,1.0,2010,6.0,69.0,2191.0,3814.0,1,0.26,4.3,5.28,51.0,0.26,4.3,5.28,51.0,0.26,4.3,5.28,51.0,0,0,0,0,0,1
11001,4.0,2005,4.0,91.0,669.0,1273.0,12,0.05,7.4,7.0,5.0,0.13,5.0,5.0,2.0,0.56,5.6,6.05,4.0,0,0,0,0,0,1
11002,10.0,2013,6.0,257.0,2192.0,3815.0,1,0.02,7.0,7.0,1.0,0.02,7.0,7.0,1.0,0.02,7.0,7.0,1.0,0,0,0,0,0,1
11003,6.0,2010,4.0,134.0,2193.0,3816.0,2,0.04,6.0,5.0,4.0,0.06,6.0,5.0,4.0,0.06,6.0,5.0,4.0,0,0,0,0,0,1
11004,20.0,2014,11.0,239.0,548.0,1317.0,6,0.2,4.4,4.4,47.344282511210764,0.2,4.4,4.4,45.720571748878925,0.2,4.4,4.4,46.56698430493274,0,0,0,0,0,1
11005,5.0,2010,7.0,49.0,538.0,2627.0,9,0.18,6.5,7.85,17.5,0.09,5.2,6.5,1.0,0.09,5.2,6.5,1.0,0,0,0,1,0,1
11006,17.0,2007,1.0,15.0,87.0,3817.0,1,0.09,5.0,5.0,47.55820785897907,0.14,5.0,5.0,46.14738646101114,0.14,5.0,5.0,47.53813196229649,0,0,1,0,0,1
11007,4.0,2007,6.0,388.0,2194.0,2994.0,1,0.1,4.0,4.0,47.55820785897907,0.1,4.0,4.0,46.14738646101114,0.15,4.0,4.0,47.53813196229649,0,0,0,0,0,1
11008,17.0,2006,6.0,9.0,1.0,2570.0,1,0.11,9.03,8.0,2.0,23.42,9.03,8.62,907.5,23.42,9.03,8.62,907.5,0,0,1,0,0,1
11009,5.0,2010,1.0,400.0,1404.0,2310.0,6,0.0,0.0,0.0,0.0,0.24,5.0,7.2,0.0,0.24,5.0,7.2,0.0,0,0,0,0,0,1
11010,7.0,2005,1.0,8.0,332.0,2453.0,3,0.21,5.9,7.4,0.0,0.22,5.53,6.07,10.5,0.22,5.53,6.07,10.5,0,0,0,0,0,1
11011,10.0,2011,6.0,3.0,1094.0,116.0,11,0.14,3.8,6.3,41.036795626576954,0.09,3.8,6.3,35.344407064760304,1.58,3.8,6.3,39.97560975609756,1,0,0,0,1,1
11012,4.0,2007,8.0,355.0,1938.0,3297.0,1,0.12,6.099566138746374,6.4607807271916755,47.55820785897907,0.12,6.186688601383021,6.564681017176054,46.14738646101114,0.12,6.2206457729199345,6.6001962971225066,47.53813196229649,0,0,0,0,0,1
11013,6.0,2008,2.0,4.0,75.0,231.0,8,0.28,7.4,7.55,31.0,2.59,8.45,8.2,91.0,2.59,8.45,8.2,91.0,0,0,0,0,0,1
11014,12.0,1998,3.0,53.0,608.0,3818.0,1,0.31,7.0,7.0,3.0,0.87,6.6,6.6,54.0,0.87,6.6,6.6,54.0,1,0,0,0,0,1
11015,12.0,1996,6.0,273.0,2195.0,3819.0,1,0.03,6.074598214285714,6.518080357142857,51.629901960784316,0.03,6.105133928571427,6.627678571428572,32.81127450980392,0.03,6.240669642857141,6.645223214285716,43.85294117647059,0,0,0,0,0,1
11016,8.0,1995,2.0,15.0,87.0,597.0,1,0.16,8.5,8.5,16.5,0.16,8.5,8.5,16.5,0.85,8.5,8.4,25.0,1,0,1,0,0,1
11017,12.0,1998,6.0,8.0,2196.0,3820.0,1,0.28,4.0,4.0,1.0,0.28,4.0,4.0,1.0,0.28,4.0,4.0,1.0,0,0,0,0,0,1
11018,12.0,1998,7.0,14.0,1551.0,3821.0,1,0.14,6.0160609318996405,6.403268817204285,46.05333068992863,0.1,6.099759856630821,6.523605734767007,42.11122125297383,0.08,6.1246594982078815,6.541229390680994,45.49722442505948,0,0,0,0,0,1
11019,12.0,2000,9.0,6.0,1692.0,2814.0,12,0.2,8.33,8.2,84.0,0.05,8.33,5.0,1.0,0.05,8.33,5.0,1.0,0,0,0,0,0,1
11020,10.0,2013,4.0,1.0,190.0,540.0,1,1.46,6.0,7.0,3.0,0.13,6.0,7.0,3.0,0.1,6.0,7.0,3.0,1,0,0,0,0,1
11021,1.0,2009,3.0,375.0,2197.0,3595.0,10,0.04,5.0,7.0,1.0,0.04,5.0,7.0,1.0,0.04,5.0,7.0,1.0,0,0,0,0,0,1
11022,4.0,2006,4.0,204.0,2198.0,3822.0,1,0.0,0.0,0.0,0.0,0.0,0.0,0.0,0.0,0.0,0.0,0.0,0.0,0,0,0,0,0,1
11023,13.0,1996,9.0,87.0,2199.0,3823.0,1,0.23,7.4,7.4,5.0,0.23,7.4,7.4,5.0,0.23,7.4,7.4,5.0,0,0,0,0,0,1
11024,9.0,2005,2.0,5.0,11.0,3824.0,1,0.14,6.65,7.25,20.0,1.12,6.65,7.25,20.0,1.12,6.65,7.25,20.0,0,0,1,0,0,1
11025,6.0,2011,1.0,42.0,441.0,3179.0,11,0.13,5.0,5.38,1.5,0.13,5.0,5.38,1.5,0.13,5.0,5.38,1.5,0,0,0,0,0,1
11026,1.0,2009,1.0,35.0,1330.0,2599.0,9,0.03,5.7,2.4,48.85785172212493,0.27,5.7,2.4,47.55465557501459,0.2,5.7,2.4,48.898423817863396,0,0,0,0,0,1
11027,13.0,1997,3.0,4.0,121.0,3825.0,1,0.1,4.0,6.5,4.0,0.15,4.0,7.0,3.0,0.15,4.0,7.0,3.0,0,0,0,0,0,1
11028,24.0,1995,10.0,26.0,424.0,188.0,1,0.15,6.5,6.5,12.0,0.15,6.5,6.5,12.0,0.15,6.5,6.5,12.0,0,0,0,0,0,1
11029,17.0,2007,9.0,6.0,415.0,1635.0,12,0.08,4.3,6.7,30.5,0.14,7.5,6.92,30.5,0.14,7.5,6.92,30.5,0,0,0,0,0,1
11030,17.0,2005,12.0,58.0,744.0,939.0,1,0.18,8.4,8.4,7.0,0.18,8.4,8.4,7.0,0.59,8.4,8.4,7.0,1,0,0,0,0,1
11031,17.0,2009,4.0,67.0,1465.0,3826.0,3,0.14,6.2,5.0,3.0,0.22,5.3,6.3,9.0,0.22,5.3,6.3,9.0,0,0,0,0,0,1
11032,13.0,1995,7.0,15.0,87.0,648.0,1,0.13,7.0,7.0,1.0,0.13,7.0,7.0,1.0,0.06,7.0,7.0,1.0,0,0,1,0,0,1
11033,17.0,2012,4.0,331.0,2200.0,3827.0,1,0.06,4.0,4.0,2.0,0.06,4.0,4.0,2.0,0.06,4.0,4.0,2.0,0,0,0,0,0,1
11034,11.0,2016,6.0,26.0,744.0,939.0,1,0.09,5.7,5.7,3.0,0.09,5.7,5.7,3.0,0.15,7.5,7.5,4.0,0,0,0,0,0,1
11035,17.0,2013,11.0,330.0,1826.0,3075.0,1,0.01,6.016843832020995,6.3843011811023525,43.64141414141414,0.01,6.091391076115479,6.49972440944881,40.217532467532465,0.09,6.117578740157478,6.52308070866142,43.198232323232325,0,0,0,0,0,1
11036,1.0,2009,8.0,9.0,256.0,3828.0,11,0.12,4.5,8.0,1.0,0.01,4.5,8.0,1.0,0.01,4.5,8.0,1.0,0,0,0,0,0,1
11037,5.0,2008,12.0,12.0,1114.0,1795.0,2,0.23,7.0,7.15,14.0,0.03,7.0,7.15,14.0,0.04,8.0,8.3,8.0,0,0,0,1,0,1
11038,4.0,2007,4.0,59.0,2201.0,3829.0,1,0.16,4.7,3.8,47.55820785897907,0.16,4.7,3.8,46.14738646101114,0.16,4.7,3.8,47.53813196229649,0,0,0,0,0,1
11039,17.0,2009,10.0,4.0,2202.0,3830.0,1,0.17,6.3,6.3,8.0,0.17,6.3,6.3,8.0,0.17,6.3,6.3,8.0,1,0,0,0,0,1
11040,4.0,2009,6.0,198.0,1042.0,3831.0,1,0.04,5.6,5.6,47.58155002891845,0.1,5.6,5.6,45.36119144013881,0.1,5.6,5.6,49.094852515905146,0,0,0,0,0,1
11041,1.0,2008,1.0,79.0,441.0,3832.0,12,0.07,4.05,4.05,45.88682931064421,0.07,4.05,4.05,44.88565723215836,0.07,4.05,4.05,46.308734155235285,0,0,0,0,0,1
11042,7.0,2007,4.0,49.0,2203.0,3833.0,1,0.22,6.099566138746374,6.4607807271916755,47.55820785897907,0.22,6.186688601383021,6.564681017176054,46.14738646101114,0.22,6.2206457729199345,6.6001962971225066,47.53813196229649,0,0,0,0,0,1
11043,17.0,2009,6.0,8.0,1376.0,1414.0,3,0.14,3.0,6.0,1.0,0.09,6.4,6.0,1.0,0.48,6.4,8.0,1.0,0,0,0,0,0,1
11044,11.0,2015,9.0,49.0,253.0,559.0,3,0.17,7.2,7.15,18.0,0.02,6.75,7.57,2.0,0.24,7.37,7.18,7.0,0,0,0,0,0,1
11045,6.0,2011,10.0,152.0,676.0,1240.0,2,0.04,8.5,6.0,1.0,0.02,8.5,6.0,1.0,0.32,8.5,8.27,50.0,0,0,0,0,0,1
11046,6.0,2009,9.0,15.0,2038.0,3519.0,9,0.1,5.6,8.2,2.0,0.11,7.1,6.85,2.0,0.11,7.1,6.85,2.0,0,0,0,0,0,1
11047,19.0,2002,9.0,49.0,524.0,3834.0,9,0.3,7.7,8.25,1.0,0.3,7.7,8.25,1.0,0.3,7.7,8.25,1.0,1,0,0,0,1,1
11048,7.0,2007,6.0,401.0,2204.0,3835.0,1,0.0,0.0,0.0,0.0,0.0,0.0,0.0,0.0,0.0,0.0,0.0,0.0,0,0,0,0,0,1
11049,14.0,2002,6.0,40.0,518.0,765.0,10,0.4,6.15,7.7,0.0,0.22,3.55,6.5,0.0,0.45,3.55,4.0,2.0,0,0,0,0,0,1
11050,15.0,2008,8.0,8.0,31.0,3836.0,8,0.33,7.0,8.05,3.0,0.02,7.0,7.0,34.0,0.02,7.0,7.0,34.0,0,0,0,1,0,1
11051,1.0,2008,1.0,3.0,1949.0,1028.0,11,0.32,5.1,5.27,4.5,0.01,5.1,5.27,4.5,0.03,6.3,5.27,4.5,0,0,0,0,0,1
11052,13.0,2002,1.0,15.0,2205.0,3837.0,1,0.12,6.050969223702346,6.468989435002288,43.711032388663966,0.12,6.146789159393657,6.595062011943035,37.134362348178136,0.12,6.180679834634819,6.631194304088199,42.425607287449395,0,0,0,0,0,1
11053,1.0,2011,1.0,183.0,1617.0,1549.0,5,0.26,4.0,4.0,1.0,0.1,4.0,4.0,1.0,0.28,4.0,4.0,1.0,0,0,0,0,0,1
11054,7.0,2000,11.0,4.0,504.0,3838.0,1,0.24,6.080184531886015,6.4249240162822545,49.17336199229173,0.4,6.164715061058349,6.539900949796512,47.802772013044766,0.4,6.208497964721839,6.582871099050231,49.20360213459828,0,0,0,0,0,1
11055,24.0,1994,2.0,9.0,34.0,3839.0,1,0.14,7.3,7.3,3.0,0.2,7.0,7.0,2.0,0.2,7.0,7.0,2.0,0,0,1,0,1,1
11056,5.0,2014,3.0,270.0,1040.0,1686.0,6,0.18,7.4,6.67,30.0,0.12,5.8,5.9,5.0,0.18,7.4,6.67,30.0,0,0,0,0,1,1
11057,7.0,2003,3.0,40.0,649.0,3840.0,9,0.03,5.7,5.3,0.0,0.79,2.7,5.3,0.0,0.79,2.7,5.3,0.0,0,0,0,0,0,1
11058,17.0,2008,2.0,49.0,819.0,3841.0,2,0.01,4.0,7.35,0.0,0.28,7.3,7.35,6.0,0.28,7.3,7.35,6.0,0,0,0,0,0,1
11059,7.0,2000,8.0,393.0,2206.0,3842.0,1,0.1,6.080184531886015,6.4249240162822545,49.17336199229173,0.1,6.164715061058349,6.539900949796512,47.802772013044766,0.1,6.208497964721839,6.582871099050231,49.20360213459828,0,0,0,0,0,1
11060,1.0,2011,6.0,6.0,2207.0,3843.0,1,0.11,6.0,5.6,13.0,0.11,6.0,5.6,13.0,0.11,6.0,5.6,13.0,0,0,0,0,0,1
11061,6.0,2009,3.0,8.0,170.0,238.0,1,0.32,4.77,4.33,9.5,1.97,7.9,7.78,279.5,1.97,7.9,7.78,279.5,1,0,0,0,1,1
11062,7.0,2007,9.0,132.0,1602.0,2130.0,1,0.44,7.0,5.2,47.55820785897907,0.44,7.0,5.2,46.14738646101114,0.44,7.0,5.2,47.53813196229649,0,0,0,0,0,1
11063,5.0,2007,12.0,204.0,2024.0,2968.0,9,0.02,5.0,8.3,47.74484613086346,0.02,5.0,8.3,44.120854496564085,0.15,5.0,8.3,48.0920227069017,1,0,0,0,0,1
11064,17.0,2014,1.0,15.0,1271.0,2069.0,1,0.14,9.0,9.0,1.0,0.14,9.0,9.0,1.0,0.06,9.0,9.0,1.0,0,0,0,0,0,1
11065,7.0,2001,4.0,141.0,2208.0,3844.0,7,0.1,4.0,7.8,1.0,0.1,4.0,7.8,1.0,0.1,4.0,7.8,1.0,0,0,0,0,0,1
11066,1.0,2008,9.0,24.0,131.0,1388.0,7,0.39,6.5,6.85,30.0,0.34,4.9,5.35,11.0,0.11,3.95,5.6,11.0,0,0,0,0,0,1
11067,1.0,2011,9.0,5.0,229.0,2261.0,10,0.1,4.5,6.0,3.0,0.14,4.5,6.0,3.0,0.14,4.5,6.0,3.0,0,0,0,1,0,1
11068,1.0,2010,6.0,69.0,2209.0,3845.0,1,0.19,6.036517973148549,6.446041576440007,42.41893830703013,0.19,6.13182763100909,6.5621524469467225,36.190578670492584,0.19,6.158211346903418,6.59756604590732,41.083213773314206,0,0,0,0,0,1
11069,5.0,2008,6.0,15.0,390.0,1886.0,11,0.18,3.95,5.25,10.0,0.33,3.95,5.25,10.0,0.33,3.95,5.25,10.0,1,0,0,1,0,1
11070,23.0,2012,4.0,254.0,901.0,1385.0,1,0.02,8.0,8.0,1.0,0.24,6.7,6.7,17.0,0.24,6.7,6.7,17.0,1,0,0,0,0,1
11071,1.0,2009,7.0,35.0,2210.0,3846.0,6,0.2,6.072216863165409,6.424708824580193,50.939571150097464,0.2,6.151868524473027,6.540253662022141,48.451559454191035,0.2,6.1993461950696656,6.582299035369757,49.943567251461985,0,0,0,0,0,1
11072,6.0,2011,9.0,228.0,2211.0,1250.0,1,0.16,7.97,7.5,2.0,0.16,7.97,7.5,2.0,0.41,7.97,7.88,86.5,1,0,0,0,0,1
11073,4.0,2010,6.0,288.0,2212.0,3847.0,5,0.03,6.067674978747517,6.4074128648342485,49.88838251197281,0.04,6.148580334372342,6.52310427883255,48.341572686544104,0.04,6.194015301785197,6.565334372343457,49.79777537463309,0,0,0,0,0,1
11074,4.0,2011,12.0,5.0,94.0,543.0,11,0.1,5.3,5.3,41.036795626576954,0.06,5.3,5.3,35.344407064760304,0.15,5.3,5.3,39.97560975609756,0,0,0,0,0,1
11075,4.0,2010,6.0,54.0,2213.0,3848.0,1,0.02,6.036517973148549,6.446041576440007,42.41893830703013,0.02,6.13182763100909,6.5621524469467225,36.190578670492584,0.02,6.158211346903418,6.59756604590732,41.083213773314206,0,0,0,0,0,1
11076,9.0,2003,5.0,13.0,586.0,3849.0,3,0.11,5.95,7.87,3.0,0.05,4.85,7.87,3.0,0.05,4.85,7.87,3.0,0,0,0,0,0,1
11077,4.0,2008,9.0,24.0,284.0,1388.0,7,0.25,3.8,6.1,14.5,0.54,4.4,4.83,14.5,0.25,3.8,6.1,14.5,0,0,0,0,0,1
11078,19.0,2006,10.0,26.0,880.0,3850.0,1,0.11,5.0,7.6,42.0,0.44,5.0,7.7,3.0,0.44,5.0,7.7,3.0,0,0,0,0,0,1
11079,5.0,2010,1.0,68.0,938.0,3306.0,11,0.16,6.039757952973729,6.421583679114796,44.246983408748115,0.16,6.120172890733055,6.541791147994463,32.7447209653092,0.16,6.1493775933609935,6.577461964038736,36.71266968325792,0,0,0,0,0,1
11080,6.0,2008,6.0,15.0,390.0,1495.0,3,0.11,7.0,7.0,46.75586556753329,0.39,7.6,7.0,44.35351934051997,0.39,7.6,7.0,47.66138237159163,1,0,0,1,0,1
11081,15.0,2009,7.0,8.0,31.0,560.0,5,3.92,8.1,7.1,1.0,0.43,7.0,8.1,1.0,0.72,8.53,8.1,583.5,1,0,0,1,0,1
11082,4.0,2010,9.0,26.0,2214.0,3024.0,1,0.11,6.036517973148549,6.446041576440007,42.41893830703013,0.11,6.13182763100909,6.5621524469467225,36.190578670492584,0.15,6.158211346903418,6.59756604590732,41.083213773314206,0,0,0,0,0,1
11083,1.0,2009,1.0,9.0,2215.0,3851.0,9,0.88,6.9,8.0,18.0,0.88,6.9,8.0,18.0,0.88,6.9,8.0,18.0,0,0,0,0,0,1
11084,4.0,2007,4.0,1.0,2216.0,3852.0,1,0.12,5.7,5.7,3.0,0.12,5.7,5.7,3.0,0.12,5.7,5.7,3.0,0,0,0,0,0,1
11085,14.0,2002,1.0,11.0,2217.0,2667.0,10,0.34,5.65,6.4,30.0,0.34,5.65,6.4,30.0,0.19,7.03,7.65,3.0,0,0,0,0,0,1
11086,19.0,2002,1.0,40.0,330.0,502.0,3,0.16,6.5,6.55,8.0,0.2,7.1,8.0,8.0,0.28,7.6,8.3,8.0,1,0,0,0,0,1
11087,14.0,2005,7.0,6.0,315.0,812.0,10,0.46,6.7,7.87,17.5,0.19,6.03,7.38,20.0,0.19,6.03,7.38,20.0,1,0,0,0,0,1
11088,1.0,2010,6.0,35.0,2218.0,3853.0,2,0.3,7.8,7.8,5.0,0.01,7.8,7.8,5.0,0.01,7.8,7.8,5.0,0,0,0,0,0,1
11089,14.0,2004,1.0,15.0,103.0,102.0,2,0.13,5.3,8.3,10.0,3.85,9.1,8.3,10.0,0.54,9.1,8.0,1.0,0,0,0,0,0,1
11090,14.0,2004,3.0,11.0,559.0,563.0,8,0.15,5.05,6.55,1.0,0.58,8.4,8.8,1.0,1.34,7.3,7.4,1.0,1,0,0,0,0,1
11091,14.0,2002,9.0,49.0,524.0,3854.0,12,0.06,6.35,8.6,3.0,0.29,7.9,7.6,3.0,0.29,7.9,7.6,3.0,0,0,0,0,0,1
11092,1.0,2007,10.0,204.0,880.0,637.0,1,0.23,6.2,7.1,15.0,0.09,6.2,7.1,15.0,0.17,5.0,7.6,15.0,0,0,0,0,0,1
11093,13.0,2001,6.0,5.0,321.0,3855.0,9,0.61,7.2,7.45,18.0,0.27,7.2,7.45,18.0,0.27,7.2,7.45,18.0,0,0,0,0,0,1
11094,4.0,2009,8.0,42.0,1868.0,3856.0,6,0.03,7.0,7.6,6.5,0.07,7.0,7.6,6.5,0.07,7.0,7.6,6.5,0,0,0,0,0,1
11095,8.0,1993,7.0,15.0,1388.0,3857.0,1,0.06,7.4,7.4,19.0,0.06,7.4,7.4,19.0,0.06,7.4,7.4,19.0,0,0,1,0,0,1
11096,4.0,2008,4.0,342.0,1558.0,3628.0,6,0.13,6.1,7.27,5.0,0.13,6.1,7.27,5.0,0.03,8.0,7.5,3.5,0,0,0,0,0,1
11097,6.0,2012,12.0,49.0,524.0,1335.0,1,0.27,6.4,7.05,4.0,0.21,5.65,6.15,3.5,0.07,5.95,7.4,0.0,1,0,0,0,0,1
11098,4.0,2007,2.0,29.0,120.0,3858.0,10,0.25,6.7,8.5,47.35864844149208,0.44,2.0,6.0,46.229496678589676,0.44,2.0,6.0,47.57901124169648,0,0,0,0,0,1
11099,19.0,2003,7.0,11.0,947.0,3859.0,4,0.02,7.42,6.8,15.0,0.13,8.5,8.12,37.0,0.13,8.5,8.12,37.0,0,0,0,0,0,1
11100,6.0,2011,11.0,179.0,590.0,2765.0,2,0.0,0.0,0.0,0.0,0.04,3.0,4.0,3.0,0.04,3.0,4.0,3.0,0,0,0,0,0,1
11101,23.0,2014,9.0,299.0,950.0,1482.0,2,0.12,7.2,7.2,6.0,0.07,5.8,5.8,4.0,0.04,6.2,6.2,5.0,1,0,0,0,0,1
11102,14.0,2005,9.0,40.0,459.0,1597.0,9,0.17,6.25,7.55,2.0,0.42,6.9,8.27,14.5,0.42,6.9,8.27,14.5,0,0,0,0,0,1
11103,7.0,2006,12.0,49.0,524.0,3860.0,1,0.29,4.0,5.4,8.0,0.09,7.1,8.1,1.0,0.09,7.1,8.1,1.0,1,0,0,0,0,1
11104,1.0,2010,1.0,5.0,321.0,3647.0,7,4.83,9.15,8.35,269.0,0.33,6.17,6.5,4.5,0.06,6.1,6.5,4.5,0,0,0,0,0,1
11105,23.0,2012,9.0,15.0,87.0,2532.0,1,0.15,7.0,6.1,13.0,0.18,7.0,6.1,13.0,0.18,7.0,6.1,13.0,0,0,1,0,0,1
11106,17.0,2005,8.0,228.0,617.0,857.0,7,0.3,5.0,5.0,2.0,0.3,5.0,5.0,2.0,0.13,5.0,5.0,2.0,1,0,0,0,0,1
11107,10.0,2011,5.0,252.0,1153.0,3861.0,10,0.14,5.95,4.5,2.0,0.33,5.95,7.05,4.0,0.33,5.95,7.05,4.0,0,0,0,0,1,1
11108,18.0,2016,3.0,36.0,408.0,159.0,1,0.05,6.3,5.85,5.0,0.1,6.55,5.63,13.5,0.05,6.3,5.85,5.0,0,0,0,1,0,1
11109,17.0,2012,1.0,3.0,102.0,1028.0,3,0.19,7.15,6.53,3.0,0.19,7.15,6.53,3.0,0.19,7.15,6.53,3.0,0,0,1,0,0,1
11110,17.0,2006,9.0,13.0,765.0,1167.0,3,0.3,6.6,6.65,4.0,0.06,6.2,6.9,4.0,0.11,7.15,7.05,28.0,0,0,0,1,0,1
11111,1.0,2006,2.0,40.0,284.0,3313.0,12,0.02,7.85,7.85,6.0,0.25,7.8,7.8,6.0,0.25,7.8,7.8,6.0,0,0,0,0,0,1
11112,4.0,2009,1.0,3.0,2219.0,1028.0,1,0.27,5.9,7.0,47.58155002891845,0.27,5.9,7.0,45.36119144013881,0.12,5.9,7.0,49.094852515905146,0,0,0,0,0,1
11113,15.0,2005,12.0,11.0,226.0,622.0,11,0.49,5.47,6.4,56.0,0.12,6.8,5.3,1.0,1.25,6.2,8.35,13.0,1,0,0,0,0,1
11114,15.0,2002,12.0,2.0,200.0,1678.0,11,1.13,8.35,7.85,6.0,0.1,8.12,8.67,323.0,0.1,8.12,8.67,323.0,0,0,0,1,0,1
11115,6.0,2015,9.0,13.0,51.0,1130.0,1,0.13,7.0,7.3,151.0,0.19,7.0,7.3,151.0,0.13,7.0,7.3,151.0,1,0,1,0,0,1
11116,17.0,2006,3.0,5.0,1193.0,370.0,2,0.16,7.0,5.83,4.5,0.16,7.0,5.83,4.5,0.33,5.15,4.97,1.5,0,0,0,0,1,1
11117,20.0,2013,2.0,6.0,377.0,1218.0,7,0.11,5.0,5.0,45.88387999378206,0.11,5.0,5.0,45.936615886833515,0.11,5.0,5.0,47.199984455153114,0,0,0,0,0,1
11118,10.0,2013,4.0,26.0,1492.0,588.0,1,0.1,6.0,6.0,1.0,0.22,7.0,7.0,1.0,0.22,7.0,7.0,1.0,1,0,0,0,0,1
11119,4.0,2010,6.0,20.0,625.0,3568.0,8,0.02,6.95,7.2,34.0,0.36,6.95,7.2,34.0,0.36,6.95,7.2,34.0,0,0,0,0,0,1
11120,1.0,2008,11.0,13.0,448.0,3405.0,1,0.1,7.0,7.0,11.0,0.12,6.3,7.0,11.0,0.12,6.3,7.0,11.0,0,0,0,0,0,1
11121,19.0,2005,4.0,26.0,424.0,588.0,6,0.18,5.13,5.93,4.0,0.05,6.5,7.7,4.0,0.02,6.5,6.35,3.0,1,0,0,0,0,1
11122,5.0,2015,9.0,13.0,51.0,67.0,2,0.13,5.67,7.23,32.0,0.32,5.25,7.1,33.5,0.13,5.67,7.23,32.0,1,1,1,1,0,1
11123,1.0,2008,9.0,22.0,824.0,3862.0,2,0.19,4.9,3.75,10.5,0.41,4.25,6.7,0.0,0.41,4.25,6.7,0.0,0,0,0,0,0,1
11124,4.0,2008,6.0,6.0,138.0,530.0,11,0.12,6.66,6.17,12.5,0.14,6.4,5.4,12.5,0.28,5.9,6.7,12.5,0,0,1,0,0,1
11125,15.0,2006,12.0,18.0,1032.0,184.0,2,0.18,6.17,4.05,230.0,0.27,7.5,7.15,8.0,0.67,7.15,7.8,29.0,0,0,0,1,0,1
11126,14.0,2004,3.0,3.0,539.0,792.0,3,0.26,4.83,5.8,5.5,0.15,4.93,5.8,0.0,0.15,4.93,5.8,0.0,0,0,0,0,0,1
11127,14.0,2004,1.0,40.0,330.0,913.0,6,0.3,7.7,7.7,1.0,0.07,5.05,6.65,1.0,0.04,7.6,6.65,1.0,0,0,0,0,0,1
11128,19.0,2005,9.0,5.0,280.0,669.0,10,0.16,6.93,7.38,19.0,0.05,6.93,7.0,1.0,0.05,6.93,7.0,1.0,0,0,0,0,0,1
11129,13.0,1996,8.0,402.0,2220.0,3863.0,1,0.0,0.0,0.0,0.0,0.0,0.0,0.0,0.0,0.04,0.0,0.0,0.0,0,0,0,0,0,1
11130,14.0,2003,3.0,26.0,40.0,335.0,12,0.28,5.3,5.95,17.0,0.24,6.75,6.95,1.0,1.24,6.9,6.85,13.0,0,0,1,0,0,1
11131,9.0,2003,9.0,29.0,1489.0,2508.0,11,0.14,6.45,7.5,8.0,0.03,7.93,8.1,84.0,0.03,7.93,8.1,84.0,0,0,0,0,0,1
11132,4.0,2006,5.0,71.0,29.0,778.0,11,0.22,6.0,6.75,2.0,0.15,7.15,7.65,6.0,0.15,7.15,7.65,6.0,1,0,0,0,0,1
11133,5.0,2008,10.0,12.0,676.0,3864.0,9,0.22,7.0,7.0,4.0,0.05,7.0,7.0,4.0,0.05,7.0,7.0,4.0,0,0,0,0,0,1
11134,20.0,2016,9.0,20.0,234.0,1321.0,6,0.11,7.0,7.45,21.0,0.11,7.0,7.45,21.0,0.11,7.0,7.45,21.0,0,1,0,1,0,1
11135,19.0,2005,10.0,9.0,2221.0,3865.0,1,0.19,5.941533923303834,6.313171091445431,50.56199677938808,0.19,6.055781710914458,6.470575221238942,37.569243156199676,0.19,6.052935103244841,6.466165191740415,43.750402576489535,0,0,0,0,0,1
11136,5.0,2009,7.0,22.0,315.0,2444.0,2,0.34,3.95,4.95,1.0,0.22,3.95,4.95,1.0,0.1,5.0,4.95,1.0,0,0,0,0,0,1
11137,5.0,2007,7.0,24.0,1327.0,1299.0,11,0.22,3.95,4.95,1.0,0.22,3.95,4.95,1.0,0.34,7.83,7.35,112.5,0,0,0,1,0,1
11138,5.0,2015,2.0,5.0,321.0,3866.0,2,0.11,2.2,6.3,3.0,0.05,2.2,1.15,1.0,0.05,2.2,1.15,1.0,0,0,0,0,0,1
11139,1.0,2009,6.0,6.0,19.0,3867.0,11,0.13,3.6,4.45,1.0,0.2,3.6,4.45,1.0,0.2,3.6,4.45,1.0,0,0,1,0,0,1
11140,5.0,2006,4.0,292.0,581.0,3811.0,7,0.02,6.2,6.3,1.0,0.04,4.2,7.1,1.0,0.03,4.7,5.6,1.0,0,0,0,0,0,1
11141,6.0,2011,4.0,279.0,950.0,1482.0,1,0.14,5.6,6.2,7.0,0.11,7.0,7.62,20.0,0.46,3.25,6.35,28.0,0,0,0,0,0,1
11142,4.0,2008,6.0,36.0,1770.0,3868.0,10,0.26,3.3,3.1,0.0,0.05,4.6,7.2,2.5,0.05,4.6,7.2,2.5,0,0,0,0,0,1
11143,13.0,2000,1.0,15.0,87.0,3869.0,1,0.15,6.0,7.8,5.0,0.2,6.0,7.8,5.0,0.2,6.0,7.8,5.0,0,0,1,0,0,1
11144,14.0,2004,6.0,15.0,713.0,1520.0,11,0.32,8.2,7.8,3.0,0.44,6.9,5.35,3.0,0.44,6.9,5.35,3.0,1,0,0,1,0,1
11145,5.0,2014,9.0,42.0,2222.0,3870.0,11,0.06,5.03,4.3,12.0,0.06,5.03,4.3,12.0,0.06,5.03,4.3,12.0,0,0,0,0,0,1
11146,15.0,2011,7.0,29.0,157.0,360.0,6,0.14,3.75,5.0,1.0,0.46,6.7,7.08,50.5,0.46,6.7,7.08,50.5,1,0,0,1,0,1
11147,7.0,2005,1.0,12.0,2223.0,1684.0,11,0.15,4.0,7.4,1.0,0.07,6.2,7.4,1.0,0.19,6.2,7.4,1.0,1,0,0,0,1,1
11148,4.0,2008,5.0,22.0,1770.0,3871.0,5,0.01,5.1,4.82,6.0,0.15,5.0,4.82,6.0,0.15,5.0,4.82,6.0,0,0,0,0,0,1
11149,19.0,2002,2.0,29.0,501.0,1382.0,12,0.09,6.3,5.8,1.0,1.08,6.3,5.35,1.0,0.41,4.0,5.4,1.0,0,0,0,0,0,1
11150,11.0,2015,9.0,239.0,779.0,3586.0,10,0.05,6.0,6.0,1.0,0.07,6.0,6.0,1.0,0.07,6.0,6.0,1.0,0,0,0,0,0,1
11151,24.0,1999,1.0,51.0,254.0,324.0,1,1.13,5.9864729458917845,6.425400801603205,44.05604395604396,1.13,6.120961923847696,6.589959919839676,34.17912087912088,0.08,6.162114228456913,6.618947895791575,38.04120879120879,1,0,0,0,0,1
11152,6.0,2011,9.0,29.0,1444.0,2376.0,1,0.11,6.0,6.0,2.0,0.22,6.0,6.0,2.0,0.22,6.0,6.0,2.0,0,0,0,0,0,1
11153,6.0,2013,2.0,26.0,185.0,37.0,10,0.69,6.53,7.65,109.0,0.07,3.25,6.05,7.0,0.19,5.0,7.1,0.0,0,0,1,0,0,1
11154,13.0,2000,3.0,4.0,1316.0,2518.0,10,0.41,6.3,3.3,0.0,0.21,6.3,6.9,9.0,0.21,6.3,6.9,9.0,0,0,0,0,0,1
11155,7.0,2007,9.0,49.0,524.0,559.0,3,0.3,5.17,6.15,28.0,0.07,5.95,7.4,0.0,0.33,5.95,7.4,0.0,0,0,0,0,0,1
11156,1.0,2009,6.0,69.0,2224.0,2222.0,1,0.41,6.0,6.0,1.0,0.41,6.0,6.0,1.0,0.26,6.0,6.0,1.0,0,0,0,0,0,1
11157,4.0,2009,5.0,38.0,2225.0,3872.0,1,0.2,6.06531266560678,6.414785373608896,47.58155002891845,0.2,6.151277159512439,6.537713301536816,45.36119144013881,0.2,6.18789083200847,6.572859035506092,49.094852515905146,0,0,0,0,0,1
11158,4.0,2006,6.0,1.0,2226.0,3873.0,1,0.12,6.0,6.0,3.0,0.12,6.0,6.0,3.0,0.12,6.0,6.0,3.0,0,0,0,0,0,1
11159,13.0,1998,7.0,14.0,2227.0,3874.0,1,0.13,6.0160609318996405,6.403268817204285,46.05333068992863,0.13,6.099759856630821,6.523605734767007,42.11122125297383,0.13,6.1246594982078815,6.541229390680994,45.49722442505948,0,0,0,0,0,1
11160,17.0,2006,9.0,24.0,300.0,394.0,1,0.44,4.5,5.8,1.0,1.77,4.4,6.4,31.0,1.77,4.4,6.4,31.0,0,0,0,0,0,1
11161,14.0,2004,9.0,11.0,80.0,2597.0,11,0.14,5.15,7.15,1.0,0.53,8.2,8.4,1.0,0.04,8.37,9.15,81.0,0,0,0,0,0,1
11162,15.0,2004,7.0,24.0,95.0,3875.0,10,0.25,5.65,7.3,0.0,4.12,9.03,8.9,325.0,4.12,9.03,8.9,325.0,1,0,0,0,0,1
11163,4.0,2008,6.0,60.0,1407.0,214.0,8,0.24,3.8,5.4,0.0,0.24,3.8,5.4,0.0,1.47,3.8,5.4,0.0,0,0,0,0,0,1
11164,17.0,2007,1.0,3.0,102.0,1028.0,2,0.2,7.6,7.95,12.0,0.12,6.9,7.95,12.0,0.6,7.1,7.95,12.0,0,0,1,0,0,1
11165,1.0,2011,9.0,29.0,120.0,582.0,9,0.12,6.0,6.0,1.0,0.12,6.0,6.0,1.0,0.12,6.0,6.0,1.0,0,0,0,0,0,1
11166,9.0,2006,9.0,18.0,245.0,235.0,9,0.64,7.05,7.4,28.0,0.26,4.65,6.1,1.0,0.26,4.65,6.1,1.0,0,0,0,0,0,1
11167,14.0,2005,11.0,33.0,51.0,1815.0,10,0.14,7.1,5.7,5.0,0.04,5.55,5.9,5.0,0.34,5.75,7.75,5.0,0,0,1,0,0,1
11168,17.0,2010,4.0,72.0,1558.0,3628.0,11,0.34,7.75,8.15,7.0,0.14,6.8,7.2,4.0,0.1,7.65,7.57,4.0,0,0,0,0,0,1
11169,12.0,1996,6.0,15.0,2228.0,3876.0,1,0.11,6.074598214285714,6.518080357142857,51.629901960784316,0.11,6.105133928571427,6.627678571428572,32.81127450980392,0.11,6.240669642857141,6.645223214285716,43.85294117647059,0,0,0,0,1,1
11170,5.0,2014,9.0,239.0,377.0,3877.0,11,0.13,8.0,8.0,1.0,0.22,5.65,5.65,1.0,0.22,5.65,5.65,1.0,0,0,0,0,0,1
11171,14.0,2005,4.0,3.0,482.0,700.0,1,1.29,6.0,7.3,8.0,1.29,6.0,7.3,8.0,1.29,6.0,7.3,8.0,0,0,0,0,0,1
11172,4.0,2008,6.0,6.0,729.0,3878.0,6,0.82,4.8,6.55,1.0,0.08,4.8,6.55,1.0,0.08,4.8,6.55,1.0,0,0,0,0,0,1
11173,9.0,2003,3.0,196.0,568.0,1645.0,10,0.08,1.95,5.0,1.0,0.26,4.9,6.25,1.0,0.11,4.9,6.25,1.0,0,0,0,0,0,1
11174,1.0,2010,8.0,239.0,2146.0,3879.0,10,0.06,6.057083503054985,6.415594704684301,49.885309852875615,0.06,6.142910386965374,6.540040733197534,48.07779759251003,0.06,6.1904786150712745,6.577492871690405,49.565425769059296,0,0,0,0,0,1
11175,6.0,2011,9.0,26.0,668.0,3880.0,2,0.24,6.3,6.2,6.0,0.19,7.3,7.5,47.5,0.19,7.3,7.5,47.5,0,0,0,0,0,1
11176,15.0,2011,11.0,241.0,1227.0,3881.0,12,0.15,4.45,5.32,16.5,0.3,4.45,5.32,16.5,0.3,4.45,5.32,16.5,0,0,0,0,0,1
11177,4.0,2008,11.0,15.0,2229.0,3406.0,1,0.11,6.076557377049176,6.4289414021625335,50.52577025484975,0.11,6.1574189047785115,6.543221137077076,48.40728413845569,0.12,6.202197418904775,6.585209277990916,49.56694560669456,0,0,0,0,0,1
11178,9.0,2004,2.0,13.0,2230.0,3882.0,1,0.23,6.020450067174204,6.385588893864737,47.43754583231484,0.23,6.115846394984316,6.510541871921158,46.20019555120997,0.23,6.16217196596506,6.54954545454544,48.87949156685407,0,0,0,0,0,1
11179,15.0,2015,12.0,6.0,2231.0,1934.0,9,0.07,6.2,6.55,1.0,0.04,6.87,6.95,37.5,0.19,8.2,7.5,87.0,0,0,0,0,0,1
11180,19.0,2003,7.0,6.0,42.0,1262.0,11,0.28,4.8,8.3,89.0,0.57,7.49,7.85,89.0,0.57,7.49,7.85,89.0,1,0,1,0,0,1
11181,15.0,2012,1.0,15.0,87.0,102.0,9,0.28,7.25,6.3,16.0,0.28,7.25,6.3,16.0,0.28,7.25,6.3,16.0,0,1,1,0,0,1
11182,6.0,2014,9.0,49.0,1696.0,320.0,2,0.01,6.17,7.5,12.5,0.01,6.17,7.5,12.5,0.16,6.17,7.5,12.5,1,0,0,1,1,1
11183,14.0,2005,9.0,29.0,228.0,1640.0,11,0.16,6.7,7.6,3.0,0.36,5.5,5.75,3.0,0.36,5.5,5.75,3.0,0,0,0,0,0,1
11184,13.0,1998,12.0,8.0,2232.0,271.0,1,0.09,7.75,7.0,13.0,0.09,7.75,7.0,13.0,2.4,7.75,8.02,32.0,0,0,0,0,0,1
11185,4.0,2010,11.0,97.0,1608.0,3883.0,9,0.29,6.0408158995815855,6.398263598326344,49.51921757035004,0.19,6.133399581589951,6.528050209204999,47.858499199267904,0.19,6.181351464435135,6.563376569037639,49.493479752916954,0,0,0,0,0,1
11186,6.0,2007,7.0,40.0,684.0,1026.0,12,0.06,8.1,7.45,91.0,0.45,6.67,6.65,20.5,0.45,6.67,6.65,20.5,0,0,0,1,0,1
11187,7.0,2001,4.0,6.0,106.0,3579.0,12,0.03,4.2,8.0,1.0,0.03,4.2,8.0,1.0,0.1,4.2,5.0,1.0,1,0,0,0,0,1
11188,5.0,2009,2.0,6.0,196.0,2419.0,9,0.13,6.8,5.3,4.0,0.13,6.8,5.3,4.0,0.13,6.8,5.3,4.0,0,0,1,0,0,1
11189,4.0,2006,9.0,9.0,237.0,3884.0,11,0.12,5.47,6.85,40.0,0.06,6.4,6.6,3.0,0.06,6.4,6.6,3.0,0,0,0,0,0,1
11190,9.0,2001,12.0,11.0,55.0,3885.0,6,0.49,7.7,5.0,1.0,0.05,7.7,7.0,29.0,0.05,7.7,7.0,29.0,0,0,1,1,1,1
11191,7.0,2011,1.0,8.0,45.0,31.0,9,0.39,7.92,7.17,89.5,0.47,7.92,7.53,242.5,0.47,7.92,7.53,242.5,1,1,1,1,0,1
11192,17.0,2008,3.0,5.0,548.0,1588.0,10,0.13,6.102638001824813,6.459495894160645,47.32791802049488,0.39,6.191270529197094,6.566937728102246,45.973319170207446,0.39,6.229014598540156,6.60431341240881,47.42195701074731,0,0,0,0,0,1
11193,17.0,2009,4.0,266.0,1217.0,2055.0,2,0.02,7.07,7.83,15.0,0.02,7.07,7.83,15.0,0.13,7.07,7.83,15.0,1,0,0,1,0,1
11194,13.0,1997,7.0,89.0,985.0,3886.0,1,0.12,9.3,6.5,4.0,0.25,9.3,8.45,57.0,0.25,9.3,8.45,57.0,0,0,0,0,0,1
11195,15.0,2011,11.0,144.0,1762.0,3887.0,10,0.11,6.0,7.5,1.0,0.02,6.0,7.0,1.0,0.02,6.0,7.0,1.0,0,0,0,0,0,1
11196,7.0,2002,7.0,130.0,2233.0,3888.0,3,0.0,0.0,0.0,0.0,0.0,0.0,0.0,0.0,0.0,0.0,0.0,0.0,0,0,0,0,0,1
11197,1.0,2011,10.0,68.0,2234.0,1123.0,6,0.1,3.0,5.0,2.5,0.1,3.0,5.0,2.5,0.16,3.0,2.8,2.5,0,0,0,0,0,1
11198,4.0,2008,6.0,310.0,2235.0,3889.0,7,0.02,6.134872462657987,6.500090386825004,46.12766046942038,0.02,6.217173496744553,6.597097663730418,45.3263228737276,0.02,6.250878590578339,6.637419379548077,46.65588457979305,0,0,0,0,0,1
11199,22.0,1999,1.0,9.0,34.0,1369.0,1,0.32,4.0,6.3,27.0,0.08,4.0,7.0,2.0,0.08,4.0,7.0,2.0,0,0,1,0,0,1
11200,4.0,2007,3.0,158.0,548.0,3220.0,12,0.01,6.1,7.5,2.5,0.04,5.27,6.95,2.5,0.13,4.7,6.7,2.5,0,0,0,0,0,1
11201,13.0,2000,6.0,4.0,2236.0,2249.0,1,0.21,6.080184531886015,6.4249240162822545,49.17336199229173,0.21,6.164715061058349,6.539900949796512,47.802772013044766,0.21,6.208497964721839,6.582871099050231,49.20360213459828,0,0,0,0,0,1
11202,17.0,2009,8.0,6.0,19.0,3890.0,10,0.19,6.3,6.3,39.8933506044905,0.51,6.3,6.3,32.29706390328152,0.51,6.3,6.3,34.81476683937824,1,0,1,0,0,1
11203,20.0,2014,6.0,1.0,265.0,23.0,1,5.02,9.0,8.3,279.0,0.66,8.7,8.67,248.5,0.39,7.57,7.35,10.5,1,1,1,0,0,1
11204,13.0,1995,9.0,120.0,2237.0,3891.0,1,0.01,7.5,7.8,23.0,0.01,7.5,7.8,23.0,0.01,7.5,7.8,23.0,0,0,0,0,0,1
11205,7.0,2005,9.0,13.0,720.0,2971.0,7,0.04,5.55,5.9,5.0,0.08,7.4,8.1,6.0,0.08,7.4,8.1,6.0,0,0,0,0,0,1
11206,7.0,2002,6.0,403.0,2238.0,3892.0,1,0.0,0.0,0.0,0.0,0.0,0.0,0.0,0.0,0.0,0.0,0.0,0.0,0,0,0,0,0,1
11207,6.0,2011,9.0,29.0,120.0,582.0,9,0.11,6.0,6.0,1.0,0.11,6.0,6.0,1.0,0.11,6.0,6.0,1.0,0,0,0,0,0,1
11208,18.0,2015,1.0,345.0,332.0,3200.0,11,0.13,3.5,1.5,3.0,0.13,3.5,1.5,3.0,0.13,3.5,1.5,3.0,0,0,0,0,0,1
11209,23.0,2016,4.0,229.0,1217.0,2055.0,9,0.15,6.7,7.95,5.0,0.15,6.7,7.95,5.0,0.14,7.75,7.83,17.5,1,0,0,1,0,1
11210,1.0,2009,3.0,75.0,2239.0,3893.0,8,0.31,2.6,3.6,2.5,0.05,4.53,3.6,2.5,0.05,4.53,3.6,2.5,0,0,0,0,0,1
11211,10.0,2012,4.0,26.0,1121.0,3894.0,1,0.1,6.0,6.0,2.0,0.01,6.0,6.0,2.0,0.01,6.0,6.0,2.0,0,0,0,0,0,1
11212,7.0,2004,9.0,9.0,55.0,3491.0,8,1.63,8.1,8.2,3.0,0.04,7.0,6.8,29.0,0.09,7.75,8.05,18.0,0,0,1,0,0,1
11213,13.0,1997,8.0,404.0,1757.0,2935.0,1,0.0,0.0,0.0,0.0,0.16,0.0,8.7,9.0,0.16,0.0,8.7,9.0,1,0,0,0,0,1
11214,9.0,2006,11.0,29.0,284.0,2923.0,8,0.12,6.6,8.4,6.0,0.16,6.1,2.15,6.0,0.16,6.1,2.15,6.0,0,0,0,0,0,1
11215,7.0,2001,12.0,80.0,2240.0,3895.0,10,0.1,6.059249046641243,6.394590789087702,46.801602564102566,0.1,6.13151657377529,6.5043883836902205,44.4875,0.1,6.159023173951297,6.5348577295394605,47.54919871794872,0,0,0,0,0,1
11216,7.0,2006,4.0,49.0,634.0,1243.0,10,0.08,5.9,7.98,9.0,0.08,7.57,6.83,14.5,0.13,7.6,6.98,21.0,0,0,0,0,0,1
11217,17.0,2009,11.0,15.0,87.0,2503.0,1,0.13,6.06531266560678,6.414785373608896,47.58155002891845,0.19,6.151277159512439,6.537713301536816,45.36119144013881,0.19,6.18789083200847,6.572859035506092,49.094852515905146,0,0,1,0,0,1
11218,17.0,2008,10.0,152.0,676.0,1799.0,12,0.11,6.55,6.0,1.0,0.09,6.55,6.25,15.0,0.04,7.7,7.2,1.0,1,0,0,0,0,1
11219,10.0,2015,9.0,26.0,2241.0,3896.0,1,0.1,7.0,7.0,2.0,0.1,7.0,7.0,2.0,0.1,7.0,7.0,2.0,0,0,0,0,0,1
11220,14.0,2007,1.0,8.0,27.0,378.0,7,0.24,5.6,7.9,1.0,0.7,8.1,7.4,1.0,0.7,8.1,7.4,1.0,1,0,1,0,0,1
11221,24.0,1995,8.0,386.0,2242.0,2671.0,1,0.02,3.5,10.0,1.0,0.02,3.5,10.0,1.0,0.02,3.5,10.0,1.0,1,0,0,0,0,1
11222,7.0,2000,4.0,15.0,54.0,3897.0,7,0.11,8.2,7.8,9.0,6.03,9.4,9.2,9.0,6.03,9.4,9.2,9.0,0,0,0,0,0,1
11223,19.0,2004,3.0,26.0,619.0,1309.0,1,0.2,8.0,8.0,1.0,0.54,5.3,5.3,3.0,0.54,5.3,5.3,3.0,0,0,0,0,0,1
11224,7.0,2008,1.0,240.0,938.0,616.0,11,0.01,6.7,8.2,1.0,0.05,6.7,8.2,1.0,1.26,4.1,5.9,1.0,0,0,0,0,0,1
11225,17.0,2006,5.0,12.0,1135.0,3898.0,5,0.14,6.7,7.0,2.0,0.04,3.5,7.0,2.0,0.04,3.5,7.0,2.0,0,0,0,0,0,1
11226,4.0,2009,11.0,49.0,2243.0,3899.0,1,0.04,4.2,4.7,47.58155002891845,0.04,4.2,4.7,45.36119144013881,0.04,4.2,4.7,49.094852515905146,0,0,0,0,0,1
11227,4.0,2008,12.0,189.0,2244.0,3364.0,10,0.12,8.0,8.5,47.32791802049488,0.08,8.0,8.5,45.973319170207446,0.02,8.0,8.5,47.42195701074731,1,0,0,0,0,1
11228,24.0,1996,5.0,15.0,87.0,1228.0,1,0.1,6.074598214285714,6.518080357142857,51.629901960784316,0.17,6.105133928571427,6.627678571428572,32.81127450980392,0.17,6.240669642857141,6.645223214285716,43.85294117647059,0,0,1,0,0,1
11229,1.0,2009,1.0,12.0,676.0,3900.0,6,0.1,3.2,1.8,103.0,0.58,8.23,7.97,103.0,0.58,8.23,7.97,103.0,0,0,0,0,0,1
11230,6.0,2010,6.0,4.0,2245.0,3901.0,1,0.11,6.036517973148549,6.446041576440007,0.0,0.11,6.13182763100909,6.5621524469467225,0.0,0.11,6.158211346903418,6.59756604590732,0.0,0,0,0,0,0,1
11231,23.0,2014,4.0,134.0,2148.0,3728.0,10,0.26,8.2,8.35,34.0,0.1,5.9,6.35,3.0,0.1,5.9,6.35,3.0,0,0,0,1,1,1
11232,11.0,2014,9.0,17.0,433.0,76.0,12,0.22,6.37,6.72,28.5,0.07,5.2,5.55,58.0,1.41,8.0,7.7,644.0,0,0,0,1,0,1
11233,17.0,2008,10.0,4.0,2246.0,3902.0,1,0.19,5.0,5.0,1.0,0.19,5.0,5.0,1.0,0.19,5.0,5.0,1.0,1,0,0,0,0,1
11234,13.0,1999,4.0,11.0,1287.0,2094.0,1,0.45,5.9864729458917845,6.425400801603205,44.05604395604396,0.45,6.120961923847696,6.589959919839676,34.17912087912088,0.45,6.162114228456913,6.618947895791575,38.04120879120879,0,0,0,0,0,1
11235,17.0,2010,11.0,134.0,819.0,1239.0,6,0.09,3.7,4.0,6.0,0.09,6.8,7.75,3.0,0.19,8.4,8.4,79.0,1,0,0,0,0,1
11236,24.0,1995,6.0,9.0,766.0,3903.0,1,0.11,4.2,4.2,5.0,0.11,4.2,4.2,5.0,0.11,4.2,4.2,5.0,1,0,1,0,1,1
11237,7.0,2006,3.0,7.0,88.0,580.0,6,0.13,9.02,8.3,460.0,4.39,9.02,8.3,460.0,0.19,9.02,8.3,460.0,0,0,0,0,0,1
11238,9.0,2004,11.0,1.0,1.0,3904.0,1,0.1,6.020450067174204,6.385588893864737,47.43754583231484,0.11,6.115846394984316,6.510541871921158,46.20019555120997,0.11,6.16217196596506,6.54954545454544,48.87949156685407,0,0,1,0,0,1
11239,4.0,2009,1.0,3.0,1168.0,2186.0,3,0.27,6.1,4.5,67.0,0.32,7.88,7.12,67.0,0.32,7.88,7.12,67.0,0,0,0,0,0,1
11240,6.0,2014,9.0,42.0,2247.0,3870.0,11,0.02,5.23,3.4,58.5,0.02,5.23,3.4,58.5,0.02,5.23,3.4,58.5,0,0,0,0,0,1
11241,4.0,2009,8.0,5.0,2248.0,3523.0,3,0.19,4.7,6.0,1.0,0.19,4.7,6.0,1.0,0.19,4.7,6.0,1.0,0,0,0,0,0,1
11242,1.0,2010,11.0,54.0,1713.0,3905.0,8,0.74,7.67,7.08,5.0,0.13,7.67,7.08,5.0,0.13,7.67,7.08,5.0,0,0,0,0,0,1
11243,5.0,2007,7.0,6.0,304.0,2279.0,11,0.18,7.8,7.25,41.0,1.02,7.8,7.25,41.0,0.25,7.0,7.4,41.0,0,0,0,0,0,1
11244,7.0,2007,6.0,401.0,2249.0,3906.0,1,0.09,6.099566138746374,6.4607807271916755,47.55820785897907,0.09,6.186688601383021,6.564681017176054,46.14738646101114,0.09,6.2206457729199345,6.6001962971225066,47.53813196229649,0,0,0,0,0,1
11245,4.0,2011,6.0,20.0,187.0,1333.0,8,0.1,4.3,4.8,6.0,0.11,4.0,4.8,6.0,0.39,4.0,4.8,6.0,0,0,0,0,0,1
11246,4.0,2005,10.0,8.0,45.0,257.0,10,0.11,5.35,6.9,22.0,0.17,8.0,7.6,22.0,0.28,4.4,7.6,22.0,0,0,1,1,0,1
11247,13.0,1998,3.0,351.0,2250.0,3907.0,1,0.06,7.0,5.6,14.0,0.06,7.0,5.6,14.0,0.06,7.0,5.6,14.0,0,0,0,0,0,1
11248,24.0,1994,8.0,8.0,220.0,1244.0,1,0.06,5.25,6.17,38.5,0.57,6.0,7.4,33.0,0.57,6.0,7.4,33.0,0,0,0,0,0,1
11249,9.0,2004,2.0,1.0,1.0,3908.0,1,0.1,6.5,6.5,2.0,0.1,6.5,6.5,2.0,0.1,6.5,6.5,2.0,0,0,1,0,0,1
11250,5.0,2014,3.0,127.0,217.0,860.0,10,0.04,4.0,5.95,4.0,0.23,6.1,7.45,18.0,0.56,4.93,6.72,35.5,1,0,0,0,0,1
11251,17.0,2009,1.0,132.0,102.0,1028.0,3,0.17,6.1,4.0,37.5,0.61,8.4,8.0,37.5,0.17,6.1,4.0,37.5,0,0,1,0,0,1
11252,9.0,2004,4.0,13.0,51.0,3909.0,1,0.17,7.0,8.1,73.0,0.23,7.0,8.1,73.0,0.23,7.0,8.1,73.0,0,0,1,0,0,1
11253,9.0,2003,9.0,24.0,377.0,3910.0,1,0.24,6.1,6.1,0.0,0.19,6.1,6.1,0.0,0.19,6.1,6.1,0.0,0,0,0,0,0,1
11254,1.0,2008,5.0,328.0,1809.0,3034.0,12,0.08,5.0,6.2,45.88682931064421,0.08,5.0,6.2,44.88565723215836,0.08,5.0,6.2,46.308734155235285,0,0,0,0,0,1
11255,15.0,2005,7.0,8.0,653.0,42.0,6,0.13,5.4,7.3,2.0,0.03,7.7,7.5,11.0,0.03,7.7,7.5,11.0,1,1,0,1,0,1
11256,17.0,2005,5.0,6.0,2251.0,3911.0,1,0.13,7.0,7.0,1.0,0.13,7.0,7.0,1.0,0.13,7.0,7.0,1.0,0,0,0,0,0,1
11257,14.0,2003,3.0,9.0,1034.0,2694.0,1,0.24,6.8,6.6,15.0,0.17,6.8,6.6,15.0,0.13,6.7,6.6,15.0,0,0,0,0,0,1
11258,22.0,2000,1.0,9.0,1074.0,3912.0,1,0.11,6.080184531886015,6.4249240162822545,49.17336199229173,0.25,6.164715061058349,6.539900949796512,47.802772013044766,0.25,6.208497964721839,6.582871099050231,49.20360213459828,0,0,0,0,0,1
11259,4.0,2010,1.0,15.0,2252.0,3913.0,1,0.09,7.0,7.0,1.0,0.09,7.0,7.0,1.0,0.03,7.0,7.0,1.0,0,0,0,0,0,1
11260,4.0,2008,9.0,24.0,80.0,2624.0,2,0.19,5.1,6.0,2.0,0.19,5.1,6.0,2.0,0.19,5.1,6.0,2.0,0,0,0,0,0,1
11261,4.0,2011,8.0,5.0,321.0,781.0,11,0.09,3.5,4.0,2.0,0.11,4.0,4.5,3.0,0.18,4.0,4.5,3.0,0,0,0,0,0,1
11262,9.0,2005,11.0,5.0,1723.0,2868.0,1,0.09,5.941533923303834,6.313171091445431,50.56199677938808,0.09,6.055781710914458,6.470575221238942,37.569243156199676,0.16,6.052935103244841,6.466165191740415,43.750402576489535,0,0,0,0,0,1
11263,14.0,2002,11.0,11.0,2253.0,3914.0,8,0.02,5.25,7.65,37.0,0.02,5.25,7.65,37.0,0.02,5.25,7.65,37.0,0,0,0,0,0,1
11264,11.0,2015,9.0,49.0,253.0,3915.0,2,0.02,8.0,7.2,83.0,0.71,8.0,7.2,83.0,0.71,8.0,7.2,83.0,0,0,0,0,0,1
11265,13.0,1998,3.0,6.0,2254.0,3916.0,1,0.25,5.4,5.4,5.0,0.25,5.4,5.4,5.0,0.25,5.4,5.4,5.0,0,0,0,0,0,1
11266,4.0,2009,9.0,59.0,147.0,2959.0,10,0.1,6.0,6.0,39.8933506044905,0.06,6.0,6.0,32.29706390328152,0.06,6.0,6.0,34.81476683937824,0,0,0,0,0,1
11267,5.0,2014,4.0,42.0,1423.0,2341.0,8,0.1,5.2,5.77,8.0,0.1,5.2,5.77,8.0,0.1,5.2,5.77,8.0,1,0,0,0,0,1
11268,13.0,1999,10.0,234.0,2255.0,3917.0,1,0.28,7.7,7.7,25.0,0.28,7.7,7.7,25.0,0.28,7.7,7.7,25.0,0,0,0,0,0,1
11269,5.0,2011,8.0,287.0,1579.0,2628.0,7,0.08,5.03,6.5,3.5,0.19,5.03,5.8,3.5,0.05,3.6,4.3,3.5,0,0,0,0,0,1
11270,4.0,2008,11.0,15.0,87.0,1873.0,1,0.11,5.0,8.0,3.0,0.23,5.0,8.0,3.0,0.33,6.75,6.9,12.0,0,0,1,0,1,1
11271,5.0,2013,2.0,26.0,185.0,37.0,10,0.12,6.25,7.55,18.0,0.54,6.25,7.5,18.0,0.15,4.3,4.9,18.0,0,0,1,0,0,1
11272,18.0,2015,10.0,49.0,301.0,395.0,1,0.11,7.37,7.65,6.0,0.01,6.5,7.3,49.0,0.1,7.0,7.1,79.0,1,0,0,1,0,1
11273,7.0,2001,1.0,15.0,87.0,3918.0,12,0.05,5.7,7.8,0.0,1.23,3.1,4.7,0.0,1.23,3.1,4.7,0.0,0,0,1,0,0,1
11274,15.0,2011,8.0,287.0,2256.0,3919.0,5,0.03,6.15,7.75,1.0,0.03,6.15,7.75,1.0,0.03,6.15,7.75,1.0,0,0,0,0,0,1
11275,4.0,2010,1.0,264.0,1457.0,2397.0,9,0.23,6.0408158995815855,6.398263598326344,49.51921757035004,0.23,6.133399581589951,6.528050209204999,47.858499199267904,0.23,6.181351464435135,6.563376569037639,49.493479752916954,0,0,0,0,0,1
11276,17.0,2006,9.0,8.0,315.0,151.0,4,0.24,5.85,6.2,3.0,0.02,6.03,6.93,33.5,0.22,6.0,7.55,12.0,0,0,0,0,0,1
11277,15.0,2013,7.0,90.0,473.0,679.0,3,0.35,4.73,6.23,41.0,0.35,4.73,6.23,41.0,0.35,4.73,6.23,41.0,1,0,0,0,0,1
11278,20.0,2012,9.0,49.0,253.0,3920.0,11,0.25,5.93,6.07,24.5,0.14,6.4,8.25,14.5,0.14,6.4,8.25,14.5,0,0,0,0,1,1
11279,9.0,2003,4.0,101.0,2257.0,3921.0,9,0.22,5.5,5.0,1.0,0.07,5.5,5.0,1.0,0.07,5.5,5.0,1.0,1,0,0,0,0,1
11280,4.0,2008,9.0,26.0,683.0,701.0,1,0.14,7.7,7.7,7.0,0.14,7.7,7.7,7.0,0.42,6.0,6.0,1.0,0,0,0,0,0,1
11281,17.0,2010,3.0,5.0,415.0,1121.0,11,0.11,4.0,6.1,0.5,0.12,4.0,7.05,0.5,0.24,4.0,6.25,3.5,0,0,0,0,0,1
11282,10.0,2011,9.0,9.0,448.0,2561.0,10,0.38,7.25,7.25,104.0,0.16,7.25,7.0,1.0,0.16,7.25,7.0,1.0,0,0,0,1,0,1
11283,4.0,2012,1.0,3.0,102.0,1028.0,3,0.16,7.5,7.5,0.0,0.16,7.5,7.5,0.0,0.16,7.5,7.5,0.0,0,0,1,0,0,1
11284,9.0,2003,12.0,13.0,51.0,234.0,11,0.43,8.05,8.28,10.0,0.14,4.55,4.25,8.0,2.25,8.2,8.1,58.0,1,0,1,0,0,1
11285,19.0,2002,5.0,69.0,29.0,778.0,3,0.08,6.95,7.35,29.0,2.7,6.95,7.35,29.0,0.16,6.95,7.35,29.0,1,0,0,0,0,1
11286,7.0,2006,3.0,36.0,130.0,292.0,2,0.04,7.2,8.5,14.0,0.01,8.57,7.57,29.0,0.04,8.0,7.6,18.0,1,0,0,1,0,1
11287,4.0,2010,1.0,6.0,19.0,3922.0,10,0.12,6.057083503054985,6.415594704684301,49.885309852875615,0.12,6.142910386965374,6.540040733197534,48.07779759251003,0.12,6.1904786150712745,6.577492871690405,49.565425769059296,0,0,1,0,0,1
11288,5.0,2009,6.0,15.0,87.0,3923.0,12,0.08,6.8,5.8,4.0,0.08,6.8,5.8,4.0,0.03,6.8,5.8,4.0,0,0,1,0,0,1
11289,7.0,2008,6.0,26.0,419.0,3924.0,9,0.16,6.112894303303566,6.476798751409059,45.66070409134158,0.16,6.200169080031233,6.576183126680007,44.78520456707897,0.16,6.228753143154456,6.614424694355355,45.78801141769743,1,0,1,0,0,1
11290,4.0,2009,8.0,54.0,31.0,1503.0,10,0.16,3.3,3.3,39.8933506044905,0.12,3.3,3.3,32.29706390328152,0.12,3.3,3.3,34.81476683937824,0,0,0,0,0,1
11291,7.0,2000,2.0,6.0,1224.0,3017.0,12,0.1,6.5,6.3,2.0,0.31,6.3,6.15,2.0,0.31,6.3,6.15,2.0,0,0,0,0,0,1
11292,9.0,2003,6.0,189.0,2244.0,3364.0,3,0.02,6.129625212947189,6.49317484900112,46.11504800747727,0.02,6.21220380981881,6.590912188322794,45.224657999830065,0.12,6.245301223478409,6.630641938980961,46.5193304443878,1,0,0,0,0,1
11293,5.0,2006,1.0,3.0,373.0,1568.0,10,0.16,5.7,6.15,3.0,0.58,8.3,8.27,25.0,0.01,7.4,6.2,5.0,1,0,0,0,1,1
11294,10.0,2015,11.0,26.0,2258.0,3925.0,1,0.1,6.1,6.1,11.0,0.1,6.1,6.1,11.0,0.1,6.1,6.1,11.0,0,0,0,0,0,1
11295,13.0,2000,7.0,31.0,1357.0,2215.0,1,0.17,4.9,7.3,1.0,0.26,5.5,6.2,7.5,0.26,5.5,6.2,7.5,0,0,0,0,0,1
11296,9.0,2004,10.0,26.0,424.0,701.0,1,0.11,6.6,8.5,47.43754583231484,0.72,6.6,8.5,46.20019555120997,0.72,6.6,8.5,48.87949156685407,0,0,0,0,1,1
11297,8.0,1991,6.0,180.0,2259.0,3926.0,1,0.0,0.0,0.0,0.0,0.0,0.0,0.0,0.0,0.0,0.0,0.0,0.0,0,0,0,0,0,1
11298,5.0,2010,1.0,201.0,724.0,1089.0,11,0.1,6.2,5.48,2.5,0.38,6.4,5.48,2.5,0.38,6.4,5.48,2.5,0,0,0,0,0,1
11299,4.0,2011,4.0,17.0,2260.0,3927.0,1,0.1,6.107652813930537,6.467882595817321,45.77475613360922,0.1,6.194403554438579,6.56657391616556,44.85269484678293,0.1,6.2266573916165795,6.606709451575302,45.76973100798108,1,0,0,0,0,1
11300,4.0,2008,8.0,6.0,729.0,3928.0,1,0.14,4.45,4.8,2.0,0.04,7.2,7.05,4.0,0.04,7.2,7.05,4.0,0,0,0,0,0,1
11301,17.0,2010,4.0,134.0,819.0,3065.0,3,0.03,7.35,8.0,3.0,0.14,7.35,8.0,3.0,0.12,7.35,7.9,17.0,0,0,0,0,0,1
11302,9.0,2004,9.0,69.0,24.0,3929.0,1,0.17,9.0,8.7,3.0,0.25,8.0,6.8,10.0,0.25,8.0,6.8,10.0,0,0,0,0,0,1
11303,14.0,2003,12.0,8.0,1588.0,706.0,7,0.43,8.8,7.9,18.0,0.43,8.8,7.9,18.0,0.47,8.8,6.4,18.0,0,0,0,0,0,1
11304,7.0,2003,7.0,18.0,164.0,3930.0,8,0.13,5.0,6.1,12.0,1.09,6.33,7.75,35.0,1.09,6.33,7.75,35.0,0,0,0,0,0,1
11305,10.0,2011,7.0,35.0,940.0,3931.0,12,0.12,5.6,6.8,21.0,0.13,5.6,6.8,21.0,0.06,6.05,6.8,21.0,0,0,0,0,0,1
11306,15.0,2013,8.0,103.0,2261.0,3932.0,11,0.09,7.4,8.05,76.0,0.03,7.4,8.05,76.0,0.02,7.0,7.8,9.0,1,0,0,0,0,1
11307,14.0,2006,1.0,8.0,45.0,31.0,2,0.15,6.5,7.7,14.0,0.34,7.5,8.1,14.0,0.18,7.0,6.5,14.0,1,1,1,0,0,1
11308,7.0,2002,11.0,15.0,103.0,1228.0,1,0.09,8.4,8.7,43.711032388663966,0.28,8.4,8.7,37.134362348178136,0.08,8.4,8.7,42.425607287449395,0,0,0,0,0,1
11309,4.0,2010,10.0,204.0,533.0,637.0,2,0.06,3.4,7.8,0.0,0.07,3.4,7.8,0.0,0.18,3.4,3.1,0.0,0,0,0,0,0,1
11310,9.0,2004,4.0,29.0,176.0,2548.0,6,1.4,7.45,7.5,19.0,1.52,8.7,8.4,19.0,0.09,6.1,6.45,4.0,1,0,0,0,0,1
11311,9.0,2003,4.0,29.0,720.0,3933.0,4,1.47,5.0,5.0,45.709594825262776,1.47,5.0,5.0,44.99577755817087,1.47,5.0,5.0,46.423861288293956,1,0,0,0,0,1
11312,7.0,2000,1.0,25.0,2262.0,3934.0,1,4.47,7.0,7.4,55.0,4.47,7.0,7.4,55.0,4.47,7.0,7.4,55.0,0,0,0,0,0,1
11313,1.0,2010,9.0,68.0,2263.0,3618.0,6,0.22,8.2,7.25,5.0,0.22,8.2,7.25,5.0,0.22,8.2,7.25,5.0,0,0,0,0,0,1
11314,10.0,2011,5.0,69.0,2264.0,3935.0,10,0.03,6.02490849673202,6.3988126361655615,46.89055793991416,0.03,6.123793028322429,6.526827886710213,45.688006676204104,0.03,6.174326797385606,6.567407407407391,48.2448736289938,0,0,0,0,0,1
11315,19.0,2005,9.0,91.0,581.0,531.0,8,0.05,3.5,2.0,41.584122203098104,0.04,4.2,7.1,35.80141996557659,0.04,4.2,7.1,40.565834767641995,0,0,0,0,0,1
11316,19.0,2005,1.0,15.0,87.0,1487.0,1,0.11,5.941533923303834,6.313171091445431,50.56199677938808,0.11,6.055781710914458,6.470575221238942,37.569243156199676,0.11,6.052935103244841,6.466165191740415,43.750402576489535,0,0,1,0,0,1
11317,9.0,2004,7.0,155.0,2265.0,2965.0,12,0.1,6.8,6.5,72.0,0.1,6.8,6.5,72.0,0.09,8.5,8.2,38.0,1,0,0,0,0,1
11318,19.0,2006,3.0,26.0,1129.0,37.0,8,0.37,8.1,8.7,17.0,0.37,8.1,8.7,17.0,0.09,6.6,7.2,17.0,1,0,0,0,0,1
11319,9.0,2001,7.0,15.0,2266.0,552.0,11,0.18,6.1,7.0,6.0,0.03,6.1,7.0,6.0,0.08,4.2,7.25,6.0,1,0,0,0,0,1
11320,14.0,2006,8.0,6.0,811.0,895.0,3,0.25,7.8,6.5,3.0,0.39,8.2,8.18,3.0,0.67,5.96,6.02,10.0,0,0,1,0,1,1
11321,7.0,2008,10.0,40.0,210.0,216.0,9,0.22,6.1,6.5,12.0,0.19,5.0,5.23,3.5,0.25,6.87,7.45,27.5,1,1,0,1,0,1
11322,13.0,1995,10.0,4.0,380.0,1642.0,1,0.11,7.9,7.9,33.0,0.2,7.9,7.9,33.0,0.25,7.9,7.9,33.0,0,0,0,0,0,1
11323,7.0,2002,1.0,8.0,1661.0,488.0,6,0.06,6.6,7.2,24.0,0.14,7.0,7.2,24.0,0.14,7.0,7.2,24.0,0,0,0,0,0,1
11324,4.0,2007,5.0,168.0,1678.0,3936.0,5,0.18,6.0,7.0,1.0,0.08,6.0,7.0,1.0,0.08,6.0,7.0,1.0,0,0,0,0,0,1
11325,10.0,2011,9.0,26.0,1014.0,701.0,1,0.1,7.8,7.8,5.0,0.4,7.8,7.8,5.0,0.34,7.8,7.8,5.0,0,0,0,0,1,1
11326,17.0,2009,8.0,6.0,2267.0,571.0,10,0.19,5.2,5.2,39.8933506044905,0.19,5.2,5.2,32.29706390328152,0.11,5.2,5.2,34.81476683937824,1,0,0,0,0,1
11327,4.0,2006,12.0,29.0,511.0,755.0,3,0.25,6.0,6.4,5.0,0.87,7.53,7.75,13.0,0.04,6.45,7.25,9.0,1,0,0,0,0,1
11328,6.0,2015,3.0,270.0,1040.0,2471.0,3,0.22,6.03,6.78,14.5,0.22,6.03,6.78,14.5,0.22,6.03,6.78,14.5,0,0,0,0,0,1
11329,6.0,2010,1.0,68.0,938.0,3306.0,11,0.12,6.039757952973729,6.421583679114796,44.246983408748115,0.12,6.120172890733055,6.541791147994463,32.7447209653092,0.12,6.1493775933609935,6.577461964038736,36.71266968325792,0,0,0,0,0,1
11330,22.0,1998,9.0,9.0,2268.0,1039.0,1,0.09,6.9,6.9,37.0,0.09,6.9,6.9,37.0,0.09,6.9,6.9,37.0,0,0,0,0,1,1
11331,13.0,2000,2.0,19.0,51.0,3937.0,7,0.56,7.63,8.72,145.0,0.14,8.0,7.7,111.0,0.14,8.0,7.7,111.0,1,0,1,0,1,1
11332,6.0,2009,7.0,22.0,315.0,2444.0,2,0.1,5.4,5.85,3.0,1.72,5.4,5.85,3.0,0.22,5.4,7.0,3.0,0,0,0,0,0,1
11333,7.0,2006,9.0,4.0,504.0,2098.0,1,0.1,6.6,7.65,15.0,0.09,6.6,7.65,15.0,0.18,6.6,7.65,15.0,1,0,0,0,0,1
11334,9.0,2005,6.0,211.0,513.0,3938.0,11,0.01,6.9,8.2,0.0,0.01,6.9,8.2,0.0,0.01,6.9,8.2,0.0,0,0,0,0,0,1
11335,5.0,2011,10.0,12.0,1930.0,3284.0,9,0.2,5.1,5.25,12.0,0.13,4.6,5.25,12.0,0.13,4.6,5.25,12.0,0,0,0,0,0,1
11336,15.0,2012,4.0,81.0,1359.0,2220.0,5,0.26,4.6,5.75,29.0,0.26,4.6,5.75,29.0,0.26,4.6,5.75,29.0,0,0,0,0,0,1
11337,7.0,2005,4.0,149.0,634.0,1243.0,4,0.13,7.6,6.98,21.0,0.13,7.6,6.98,21.0,0.38,7.6,6.9,16.0,0,0,0,0,0,1
11338,4.0,2007,2.0,15.0,2269.0,2647.0,5,0.02,6.05,6.4,3.0,0.02,6.05,6.4,3.0,0.19,6.05,6.4,3.0,0,0,0,0,0,1
11339,6.0,2012,11.0,152.0,2270.0,2475.0,6,0.13,7.57,7.05,10.5,0.13,7.57,7.05,10.5,0.13,7.57,7.05,10.5,0,0,0,0,0,1
11340,17.0,2006,2.0,9.0,234.0,294.0,6,1.18,5.43,5.97,17.0,1.18,5.43,5.97,17.0,0.15,7.05,7.5,6.0,1,0,0,0,1,1
11341,7.0,2005,10.0,26.0,533.0,2214.0,10,0.03,4.8,4.8,46.396146867328426,0.03,4.8,4.8,45.01510299925285,0.03,4.8,4.8,45.991941509232575,0,0,0,0,0,1
11342,4.0,2009,8.0,29.0,120.0,3939.0,3,0.14,5.25,7.38,4.0,0.11,5.25,7.38,4.0,0.11,5.25,7.38,4.0,0,0,0,0,0,1
11343,10.0,2011,3.0,35.0,1677.0,3940.0,12,0.09,7.1,6.3,46.46252257676099,0.05,7.1,7.5,43.983293196869354,0.05,7.1,7.5,47.610174593618304,0,0,0,0,0,1
11344,15.0,2010,5.0,215.0,474.0,1754.0,12,0.1,7.7,6.0,1.0,0.02,4.0,5.5,2.0,0.1,7.7,6.0,1.0,0,1,0,0,0,1
11345,13.0,1996,2.0,31.0,2271.0,3941.0,1,0.14,6.074598214285714,6.518080357142857,51.629901960784316,0.14,6.105133928571427,6.627678571428572,32.81127450980392,0.14,6.240669642857141,6.645223214285716,43.85294117647059,0,0,0,0,0,1
11346,8.0,1998,1.0,51.0,254.0,324.0,1,0.5,6.6,7.7,46.05333068992863,0.5,6.6,7.7,42.11122125297383,1.05,6.6,7.7,45.49722442505948,1,0,0,0,0,1
11347,7.0,2009,3.0,5.0,2272.0,3461.0,4,0.19,6.5,6.52,31.5,0.19,6.5,6.52,31.5,0.11,3.43,3.17,14.0,0,0,0,0,0,1
11348,17.0,2005,5.0,6.0,61.0,3594.0,3,0.11,7.1,7.58,35.5,0.03,7.1,5.55,2.0,0.03,7.1,5.55,2.0,0,0,0,0,0,1
11349,11.0,2015,9.0,26.0,438.0,2668.0,6,0.25,6.37,6.42,33.0,0.66,6.55,7.65,14.0,0.66,6.55,7.65,14.0,1,0,0,0,0,1
11350,13.0,1996,7.0,14.0,2273.0,3821.0,1,0.72,6.074598214285714,6.518080357142857,51.629901960784316,0.72,6.105133928571427,6.627678571428572,32.81127450980392,0.72,6.240669642857141,6.645223214285716,43.85294117647059,0,0,0,0,0,1
11351,10.0,2013,6.0,204.0,2044.0,3531.0,1,0.08,3.0,3.0,1.0,0.08,3.0,3.0,1.0,0.08,3.0,3.0,1.0,0,0,0,0,0,1
11352,10.0,2013,9.0,405.0,1591.0,2642.0,1,0.0,0.0,0.0,0.0,0.0,0.0,0.0,0.0,0.06,0.0,0.0,0.0,0,0,0,0,0,1
11353,4.0,2009,9.0,241.0,2274.0,3942.0,11,0.24,7.07,7.17,69.5,0.24,7.07,7.17,69.5,0.24,7.07,7.17,69.5,0,0,0,0,0,1
11354,7.0,2009,1.0,15.0,87.0,102.0,1,0.1,7.45,6.83,55.5,0.15,7.45,6.83,55.5,0.98,7.45,6.83,55.5,0,0,1,0,0,1
11355,15.0,2008,8.0,8.0,31.0,3943.0,6,0.25,6.9,6.4,1.0,1.09,4.95,6.85,55.0,1.09,4.95,6.85,55.0,0,0,0,1,0,1
11356,7.0,2002,3.0,11.0,560.0,3944.0,3,0.18,7.5,7.5,47.00641389488024,0.2,6.25,7.5,45.229821773186515,0.2,6.25,7.5,46.14320581223748,1,0,0,0,0,1
11357,4.0,2008,4.0,26.0,311.0,939.0,4,0.34,5.23,6.45,5.0,0.37,8.1,8.7,17.0,0.18,8.1,8.0,2.0,1,0,0,0,0,1
11358,4.0,2009,11.0,26.0,2275.0,3945.0,1,0.1,8.0,8.0,1.0,0.1,8.0,8.0,1.0,0.1,8.0,8.0,1.0,0,0,0,0,0,1
11359,17.0,2005,5.0,22.0,81.0,3946.0,5,0.11,6.78,6.25,4.0,0.22,6.45,5.25,1.0,0.22,6.45,5.25,1.0,0,0,0,0,0,1
11360,9.0,2004,1.0,8.0,45.0,31.0,10,0.13,5.15,7.45,2.0,0.97,7.55,7.8,23.0,0.97,7.55,7.8,23.0,1,1,1,1,1,1
11361,17.0,2005,4.0,155.0,454.0,1399.0,1,0.26,6.4,6.9,50.56199677938808,0.21,6.4,6.9,37.569243156199676,0.21,6.4,6.9,43.750402576489535,0,0,0,0,0,1
11362,17.0,2009,4.0,331.0,2276.0,3947.0,1,0.05,6.06531266560678,6.414785373608896,47.58155002891845,0.05,6.151277159512439,6.537713301536816,45.36119144013881,0.05,6.18789083200847,6.572859035506092,49.094852515905146,0,0,0,0,0,1
11363,19.0,2005,1.0,8.0,45.0,651.0,9,0.12,7.18,6.87,4.5,0.28,4.4,7.6,4.5,0.58,7.52,8.05,11.0,1,0,1,0,0,1
11364,4.0,2011,9.0,26.0,1955.0,3323.0,1,0.09,6.0,7.3,3.0,0.09,6.0,7.3,3.0,0.12,6.0,7.3,3.0,0,0,0,0,0,1
11365,15.0,2011,1.0,3.0,102.0,1028.0,6,0.41,5.08,5.78,244.0,0.45,6.7,7.8,9.5,0.45,6.7,7.8,9.5,0,0,1,0,0,1
11366,6.0,2008,3.0,9.0,2128.0,2176.0,1,0.1,8.0,8.0,1.0,0.1,8.0,8.0,1.0,0.27,6.0,6.0,5.0,0,0,0,0,0,1
11367,9.0,2001,2.0,126.0,181.0,3948.0,5,0.47,6.139021106514271,6.505121660472657,45.75492383443607,0.47,6.228291143678569,6.610723651917854,45.895599322972764,0.47,6.258561110721547,6.648571628918048,47.25780889367595,0,0,0,0,1,1
11368,7.0,2006,7.0,85.0,195.0,398.0,2,1.2,7.8,7.6,1.0,0.08,7.8,5.4,1.0,1.76,6.37,6.32,29.5,0,0,0,0,0,1
11369,4.0,2007,4.0,58.0,2277.0,3949.0,1,0.3,6.099566138746374,6.4607807271916755,47.55820785897907,0.3,6.186688601383021,6.564681017176054,46.14738646101114,0.3,6.2206457729199345,6.6001962971225066,47.53813196229649,0,0,0,0,0,1
11370,4.0,2009,6.0,6.0,19.0,3950.0,3,0.12,5.77,6.75,17.0,0.07,6.2,6.35,176.0,0.07,6.2,6.35,176.0,0,0,1,0,0,1
11371,1.0,2007,9.0,312.0,1389.0,3951.0,10,0.04,5.8,5.8,47.35864844149208,0.25,5.8,5.8,46.229496678589676,0.25,5.8,5.8,47.57901124169648,0,0,0,0,0,1
11372,10.0,2013,10.0,26.0,1166.0,1207.0,1,0.09,4.3,3.5,4.0,0.09,4.3,3.5,4.0,0.3,4.3,5.75,11.0,0,0,0,0,0,1
11373,17.0,2007,5.0,9.0,369.0,3952.0,5,0.01,7.88,7.23,50.5,0.01,7.88,7.23,50.5,0.01,7.88,7.23,50.5,0,0,0,0,0,1
11374,1.0,2012,8.0,26.0,2278.0,1508.0,1,0.09,5.75,6.85,2.0,0.09,5.75,6.85,2.0,0.1,5.75,6.85,2.0,0,0,0,0,0,1
11375,7.0,2005,9.0,3.0,538.0,2869.0,11,0.1,7.68,7.87,39.0,0.1,6.9,8.3,39.0,0.16,7.55,8.25,36.0,0,0,0,0,0,1
11376,1.0,2006,2.0,24.0,1575.0,1692.0,12,0.14,4.6,4.78,16.0,0.19,6.7,7.15,3.0,0.15,6.7,6.3,3.0,0,0,0,0,0,1
11377,7.0,2004,9.0,9.0,148.0,3953.0,3,0.19,5.4,7.45,10.0,0.15,6.3,6.0,10.0,0.15,6.3,6.0,10.0,0,0,0,0,0,1
11378,1.0,2010,1.0,5.0,2279.0,3954.0,6,0.28,5.05,6.3,8.0,0.28,5.05,6.3,8.0,0.28,5.05,6.3,8.0,0,0,0,0,0,1
11379,4.0,2008,6.0,59.0,2280.0,3955.0,1,0.72,5.67,7.6,4.0,0.72,5.67,7.6,4.0,0.72,5.67,7.6,4.0,0,0,0,0,0,1
11380,1.0,2008,1.0,15.0,87.0,2326.0,1,0.09,6.076557377049176,6.4289414021625335,50.52577025484975,0.22,6.1574189047785115,6.543221137077076,48.40728413845569,0.22,6.202197418904775,6.585209277990916,49.56694560669456,0,0,1,0,0,1
11381,17.0,2009,2.0,6.0,196.0,2419.0,9,0.1,6.6,5.25,4.0,0.1,6.6,5.25,4.0,0.1,6.6,5.25,4.0,0,0,1,0,0,1
11382,19.0,2004,9.0,6.0,19.0,512.0,7,1.25,8.35,7.8,102.0,0.05,4.9,7.8,102.0,0.05,4.9,7.8,102.0,1,0,1,0,0,1
11383,17.0,2006,2.0,13.0,111.0,453.0,8,0.05,3.6,6.83,7.0,0.28,9.2,8.7,7.0,0.07,8.4,7.73,37.0,1,0,0,0,0,1
11384,13.0,1998,4.0,157.0,1594.0,3956.0,1,0.21,7.5,7.5,37.0,0.21,7.5,7.5,37.0,0.21,7.5,7.5,37.0,0,0,0,0,0,1
11385,19.0,2002,1.0,22.0,2281.0,3957.0,10,0.64,8.4,7.75,99.0,0.64,8.4,7.75,99.0,0.64,8.4,7.75,99.0,0,0,0,0,0,1
11386,4.0,2007,1.0,15.0,87.0,102.0,1,0.09,7.9,6.25,1.0,0.09,7.9,6.25,1.0,0.1,7.9,6.25,1.0,0,1,1,0,0,1
11387,4.0,2010,8.0,6.0,816.0,3958.0,10,0.11,6.057083503054985,6.415594704684301,49.885309852875615,0.17,6.142910386965374,6.540040733197534,48.07779759251003,0.17,6.1904786150712745,6.577492871690405,49.565425769059296,1,0,0,0,0,1
11388,4.0,2009,9.0,6.0,2282.0,3959.0,11,0.1,7.98,7.63,29.0,0.05,7.98,7.63,29.0,0.05,7.98,7.63,29.0,0,0,0,0,0,1
11389,5.0,2013,9.0,59.0,377.0,3050.0,11,0.01,7.5,4.5,75.5,0.02,7.5,7.33,75.5,0.14,3.3,4.8,75.5,0,0,0,0,0,1
11390,11.0,2016,9.0,49.0,1696.0,1720.0,3,0.02,5.5,6.3,3.0,0.03,4.0,7.3,2.0,0.02,4.0,7.3,2.0,0,0,0,0,0,1
11391,7.0,2006,10.0,155.0,1139.0,3960.0,9,0.1,4.8,6.15,1.0,0.04,6.0,7.0,1.0,0.04,6.0,7.0,1.0,0,0,0,0,0,1
11392,5.0,2009,9.0,15.0,2038.0,3519.0,9,0.11,7.1,6.85,2.0,0.11,7.1,6.85,2.0,0.11,7.1,6.85,2.0,0,0,0,0,0,1
11393,10.0,2013,6.0,204.0,2044.0,3531.0,1,0.02,6.016843832020995,6.3843011811023525,43.64141414141414,0.02,6.091391076115479,6.49972440944881,40.217532467532465,0.08,6.117578740157478,6.52308070866142,43.198232323232325,0,0,0,0,0,1
11394,7.0,2004,12.0,49.0,524.0,1160.0,2,0.04,7.8,7.6,3.0,0.11,7.8,7.6,3.0,0.2,7.8,7.6,3.0,1,0,0,0,0,1
11395,19.0,2002,1.0,8.0,45.0,31.0,11,0.14,7.7,7.5,13.5,1.66,7.93,8.4,13.5,3.4,7.9,6.4,14.0,1,1,1,0,1,1
11396,10.0,2014,9.0,239.0,377.0,3877.0,11,0.09,4.7,5.3,1.0,0.13,4.7,6.55,1.0,0.13,4.7,6.55,1.0,0,0,0,0,0,1
11397,4.0,2010,1.0,5.0,321.0,3647.0,7,0.1,5.5,7.28,5.5,0.32,6.0,7.28,5.5,0.1,5.5,7.28,5.5,0,0,0,0,0,1
11398,5.0,2011,8.0,15.0,87.0,297.0,4,0.01,8.0,8.3,181.0,0.03,6.0,5.8,24.0,0.2,4.5,4.0,1.0,0,0,1,0,0,1
11399,4.0,2010,6.0,42.0,2283.0,3961.0,1,0.11,6.036517973148549,6.446041576440007,42.41893830703013,0.11,6.13182763100909,6.5621524469467225,36.190578670492584,0.11,6.158211346903418,6.59756604590732,41.083213773314206,0,0,0,0,0,1
11400,1.0,2009,6.0,15.0,87.0,3240.0,11,0.11,5.57,8.0,1.0,0.44,7.0,8.4,3.0,0.02,7.0,8.4,3.0,1,0,1,0,0,1
11401,19.0,2002,1.0,73.0,640.0,1784.0,10,0.16,7.4,8.5,1.0,0.8,7.4,3.0,1.0,0.11,7.4,3.0,1.0,0,0,0,0,0,1
11402,1.0,2008,12.0,29.0,511.0,755.0,3,0.14,4.65,7.0,37.5,0.45,7.67,7.9,37.5,0.45,7.67,7.9,37.5,1,0,0,0,0,1
11403,5.0,2011,11.0,379.0,1931.0,3962.0,1,0.02,6.107652813930537,6.467882595817321,45.77475613360922,0.02,6.194403554438579,6.56657391616556,44.85269484678293,0.02,6.2266573916165795,6.606709451575302,45.76973100798108,0,0,0,0,0,1
11404,4.0,2010,9.0,3.0,2284.0,1220.0,1,0.1,6.036517973148549,6.446041576440007,42.41893830703013,0.1,6.13182763100909,6.5621524469467225,36.190578670492584,0.48,6.158211346903418,6.59756604590732,41.083213773314206,0,0,0,0,0,1
11405,13.0,1994,4.0,236.0,804.0,2196.0,1,0.0,0.0,0.0,0.0,0.0,0.0,0.0,0.0,0.0,0.0,0.0,0.0,1,0,0,0,0,1
11406,13.0,1995,1.0,113.0,425.0,3963.0,1,0.87,5.0,7.0,1.0,0.17,5.0,7.0,1.0,0.17,5.0,7.0,1.0,0,0,0,0,0,1
11407,1.0,2006,7.0,6.0,62.0,118.0,12,0.13,6.3,5.93,13.5,1.96,7.9,7.5,48.0,0.25,7.8,6.5,48.0,1,1,1,0,0,1
11408,5.0,2007,9.0,20.0,1051.0,1383.0,11,0.38,2.77,3.57,4.5,0.38,2.77,3.57,4.5,0.38,2.77,3.57,4.5,0,0,0,0,0,1
11409,5.0,2009,10.0,71.0,479.0,1642.0,3,0.31,6.13,7.45,17.0,0.24,4.15,5.3,1.0,0.01,4.15,5.3,1.0,1,0,0,0,0,1
11410,4.0,2008,7.0,59.0,947.0,3964.0,8,0.47,6.9,6.92,56.0,0.15,7.6,7.3,18.0,0.15,7.6,7.3,18.0,0,0,0,0,0,1
11411,6.0,2012,3.0,5.0,619.0,1999.0,11,0.25,4.7,6.12,3.0,0.24,4.2,5.4,1.0,0.1,4.2,5.3,1.0,0,0,0,0,0,1
11412,17.0,2009,11.0,26.0,2285.0,3965.0,1,0.09,6.06531266560678,6.414785373608896,47.58155002891845,0.09,6.151277159512439,6.537713301536816,45.36119144013881,0.09,6.18789083200847,6.572859035506092,49.094852515905146,0,0,0,0,0,1
11413,14.0,2003,3.0,22.0,460.0,2386.0,6,0.23,5.5,6.0,46.09553287602476,0.02,5.9,6.0,45.451815291952485,0.23,5.5,6.0,46.93090179019575,0,0,0,0,0,1
11414,19.0,2002,6.0,3.0,50.0,3966.0,8,1.76,6.37,6.32,29.5,0.18,5.2,8.3,29.5,0.18,5.2,8.3,29.5,0,0,0,0,1,1
11415,4.0,2010,6.0,26.0,2286.0,3967.0,1,0.1,6.036517973148549,6.446041576440007,42.41893830703013,0.1,6.13182763100909,6.5621524469467225,36.190578670492584,0.1,6.158211346903418,6.59756604590732,41.083213773314206,0,0,0,0,0,1
11416,13.0,1998,8.0,120.0,146.0,3968.0,1,0.12,7.1,7.1,9.0,0.2,7.1,7.1,9.0,0.2,7.1,7.1,9.0,0,0,0,0,0,1
11417,4.0,2007,6.0,26.0,2287.0,3969.0,1,0.1,6.099566138746374,6.4607807271916755,47.55820785897907,0.1,6.186688601383021,6.564681017176054,46.14738646101114,0.1,6.2206457729199345,6.6001962971225066,47.53813196229649,0,0,0,1,0,1
11418,10.0,2014,11.0,26.0,779.0,37.0,10,0.23,6.07,6.97,27.5,0.19,6.43,6.92,13.5,0.11,6.43,5.0,1.0,1,0,0,0,0,1
11419,13.0,1999,4.0,4.0,215.0,25.0,1,0.15,7.0,6.6,9.0,0.21,7.0,6.6,9.0,0.17,7.0,7.7,79.0,1,1,0,0,0,1
11420,4.0,2010,11.0,294.0,1142.0,2731.0,1,0.19,6.036517973148549,6.446041576440007,42.41893830703013,0.18,6.13182763100909,6.5621524469467225,36.190578670492584,0.18,6.158211346903418,6.59756604590732,41.083213773314206,0,0,0,0,0,1
11421,10.0,2011,11.0,54.0,147.0,3970.0,11,0.16,5.5,5.45,8.0,0.19,5.5,5.45,8.0,0.19,5.5,5.45,8.0,0,0,0,0,0,1
11422,7.0,2009,1.0,15.0,87.0,3971.0,1,0.09,5.7,7.55,27.0,0.09,5.7,7.55,27.0,0.09,5.7,7.55,27.0,0,0,1,0,0,1
11423,4.0,2009,8.0,241.0,120.0,3972.0,9,0.06,3.0,7.6,43.0,0.11,7.0,7.6,43.0,0.11,7.0,7.6,43.0,0,0,0,0,0,1
11424,7.0,2001,4.0,6.0,80.0,3973.0,12,0.1,7.6,6.7,4.0,0.74,6.63,7.2,5.0,0.74,6.63,7.2,5.0,0,0,0,0,0,1
11425,7.0,2003,6.0,96.0,2288.0,3974.0,11,1.08,6.4,8.25,97.0,0.05,6.4,8.25,97.0,0.02,5.25,7.65,37.0,1,0,0,0,0,1
11426,1.0,2009,11.0,60.0,853.0,3678.0,3,0.04,3.0,3.0,47.69869728713403,0.27,3.0,3.0,46.337630942788074,0.27,3.0,3.0,47.46736502820306,0,0,0,0,0,1
11427,1.0,2011,3.0,15.0,2189.0,3809.0,11,0.14,6.5,7.9,41.036795626576954,0.09,6.5,7.9,35.344407064760304,0.09,6.5,7.9,39.97560975609756,0,0,0,0,0,1
11428,24.0,1998,12.0,256.0,1369.0,3975.0,1,0.08,6.0160609318996405,6.403268817204285,46.05333068992863,0.08,6.099759856630821,6.523605734767007,42.11122125297383,0.08,6.1246594982078815,6.541229390680994,45.49722442505948,1,0,0,1,0,1
11429,19.0,2003,3.0,91.0,619.0,903.0,8,0.03,4.75,6.4,2.0,0.84,6.07,4.38,4.0,0.84,6.07,4.38,4.0,0,0,0,0,0,1
11430,15.0,2015,9.0,7.0,351.0,473.0,5,0.42,7.55,7.25,59.5,0.42,7.55,7.25,59.5,0.42,7.55,7.25,59.5,1,0,0,0,0,1
11431,5.0,2009,5.0,11.0,494.0,3976.0,9,0.43,6.4,7.2,6.0,0.04,7.4,6.3,2.0,0.04,7.4,6.3,2.0,0,0,0,0,0,1
11432,15.0,2010,8.0,8.0,32.0,3977.0,9,0.11,5.82,5.58,3.5,0.58,7.05,6.95,5.0,0.58,7.05,6.95,5.0,0,0,0,0,0,1
11433,4.0,2008,3.0,81.0,1029.0,1906.0,3,0.01,4.75,6.4,6.0,0.05,4.75,5.5,6.0,0.05,4.75,5.5,6.0,1,0,0,0,0,1
11434,4.0,2010,6.0,97.0,2289.0,3978.0,8,0.51,6.113035219305398,6.478658079243485,45.62894431036024,0.05,6.1999690200554625,6.577827327572197,44.9646017699115,0.05,6.233516223707835,6.62109571172349,46.39469920443372,0,0,0,0,0,1
11435,13.0,1997,10.0,255.0,380.0,2507.0,1,0.05,7.3,7.3,18.0,0.05,7.3,7.3,18.0,0.05,7.3,7.3,18.0,0,0,0,0,0,1
11436,4.0,2008,9.0,49.0,2290.0,3979.0,10,0.06,5.13,7.67,9.5,0.06,5.13,7.67,9.5,0.06,5.13,7.67,9.5,0,0,0,1,0,1
11437,5.0,2011,9.0,26.0,668.0,3880.0,2,0.14,5.95,6.8,16.0,0.09,6.0,7.3,3.0,0.09,6.0,7.3,3.0,0,0,0,0,0,1
11438,4.0,2011,11.0,90.0,473.0,2539.0,3,0.07,5.3,5.0,1.0,0.14,5.0,5.0,1.0,0.2,5.7,5.0,1.0,0,0,0,0,0,1
11439,17.0,2015,9.0,330.0,1826.0,3075.0,1,0.03,6.023708006279429,6.380546310832016,44.238808539944905,0.03,6.098238618524324,6.497463108320238,40.88240358126722,0.12,6.122084772370479,6.520916797488228,43.51325757575758,0,0,0,0,0,1
11440,24.0,1996,11.0,9.0,2291.0,3980.0,1,0.11,6.074598214285714,6.518080357142857,51.629901960784316,0.11,6.105133928571427,6.627678571428572,32.81127450980392,0.11,6.240669642857141,6.645223214285716,43.85294117647059,0,0,0,0,0,1
11441,12.0,1997,5.0,31.0,132.0,2595.0,1,0.32,8.2,8.2,36.0,0.47,6.4,6.4,18.0,0.47,6.4,6.4,18.0,0,0,0,0,0,1
11442,12.0,1998,7.0,406.0,2292.0,3981.0,1,0.0,0.0,0.0,0.0,0.0,0.0,0.0,0.0,0.0,0.0,0.0,0.0,0,0,0,0,0,1
11443,17.0,2010,5.0,15.0,87.0,3982.0,2,0.31,6.99,7.65,69.5,0.31,7.2,7.65,1.0,0.31,7.2,7.65,1.0,0,0,1,0,0,1
11444,12.0,1998,5.0,87.0,2293.0,3550.0,4,0.16,6.5,6.5,2.0,0.16,6.5,6.5,2.0,0.16,6.5,6.5,2.0,0,0,0,0,0,1
11445,12.0,1998,1.0,31.0,263.0,1896.0,1,0.11,5.0,5.0,1.0,0.32,5.0,5.0,1.0,0.14,5.0,5.0,1.0,1,0,0,0,0,1
11446,12.0,2002,1.0,5.0,73.0,86.0,11,0.1,4.15,7.65,2.0,0.58,9.1,8.1,2.0,0.57,8.33,7.43,14.0,1,0,1,1,1,1
11447,12.0,1998,3.0,31.0,302.0,3983.0,1,0.1,7.3,7.3,15.0,0.48,7.3,7.3,15.0,0.48,7.3,7.3,15.0,0,0,0,0,0,1
11448,11.0,2015,4.0,134.0,819.0,2584.0,3,0.06,4.0,6.4,5.0,0.06,4.0,6.4,5.0,0.2,5.9,6.92,4.0,0,0,0,0,0,1
11449,15.0,2008,9.0,22.0,433.0,76.0,11,0.14,6.67,6.15,10.5,0.04,7.9,7.8,116.0,0.48,7.17,7.42,150.5,1,1,0,1,1,1
11450,7.0,2004,9.0,12.0,269.0,1349.0,6,0.1,7.1,7.35,6.0,0.51,6.7,7.6,9.0,0.51,6.7,7.6,9.0,0,0,0,0,0,1
11451,15.0,2011,12.0,29.0,822.0,3984.0,2,0.15,7.07,7.12,27.5,0.04,6.0,6.5,15.0,0.04,6.0,6.5,15.0,0,0,0,1,0,1
11452,4.0,2008,5.0,42.0,1367.0,3985.0,9,0.11,4.75,5.8,6.0,0.21,6.2,7.03,7.0,0.21,6.2,7.03,7.0,0,0,0,0,0,1
11453,5.0,2006,9.0,59.0,1090.0,3986.0,3,0.02,6.0,7.1,28.0,0.17,4.0,7.4,7.0,0.17,4.0,7.4,7.0,1,0,0,0,0,1
11454,5.0,2014,10.0,72.0,676.0,3138.0,9,0.09,7.0,7.0,1.0,0.14,7.0,6.9,13.0,0.14,7.0,6.9,13.0,1,0,0,1,0,1
11455,19.0,2003,9.0,8.0,312.0,135.0,12,0.56,8.1,8.1,40.0,0.28,5.3,6.5,40.0,0.39,5.3,6.95,14.0,0,0,0,0,0,1
11456,14.0,2003,1.0,78.0,997.0,1756.0,3,0.11,5.77,7.43,12.0,0.05,3.7,5.9,12.0,0.05,3.7,5.9,12.0,1,0,0,0,0,1
11457,19.0,2005,7.0,8.0,541.0,1061.0,3,0.16,7.65,8.3,42.0,0.24,7.63,8.4,96.0,0.24,7.63,8.4,96.0,1,0,0,0,1,1
11458,1.0,2008,7.0,407.0,2294.0,3987.0,2,0.0,0.0,0.0,0.0,0.03,4.0,5.4,0.0,0.03,4.0,5.4,0.0,1,0,0,0,0,1
11459,4.0,2004,8.0,132.0,2295.0,3988.0,1,0.13,6.5,7.0,1.5,0.13,6.5,7.0,1.5,0.13,6.5,7.0,1.5,0,0,0,0,0,1
11460,1.0,2011,9.0,26.0,2296.0,3989.0,1,0.08,6.0,6.0,45.77475613360922,0.08,6.0,6.0,44.85269484678293,0.08,6.0,6.0,45.76973100798108,0,0,0,0,0,1
11461,4.0,2008,5.0,22.0,2297.0,3990.0,6,0.1,6.086907766358775,6.433157278522222,48.31761945392491,0.1,6.17208403798622,6.546401717184907,47.04635949943117,0.1,6.213763496812796,6.587383894887506,48.42512798634812,1,0,0,0,0,1
11462,7.0,2000,7.0,15.0,103.0,552.0,11,0.04,7.4,8.2,47.93749171417208,0.16,7.4,8.2,46.73472093331566,0.16,7.4,8.2,47.96314463741217,1,0,0,0,0,1
11463,7.0,2001,8.0,261.0,190.0,486.0,1,0.16,6.097708281522011,6.447693359860781,47.903901046622266,0.16,6.1815792091519635,6.559855757274357,46.559535136604595,0.16,6.221097985575736,6.597542899776213,47.730256898192195,0,0,0,0,0,1
11464,6.0,2013,11.0,26.0,1446.0,2378.0,1,0.09,6.016843832020995,6.3843011811023525,43.64141414141414,0.09,6.091391076115479,6.49972440944881,40.217532467532465,0.09,6.117578740157478,6.52308070866142,43.198232323232325,0,0,0,0,0,1
11465,17.0,2011,12.0,331.0,2298.0,3991.0,1,0.02,4.0,4.0,2.0,0.02,4.0,4.0,2.0,0.02,4.0,4.0,2.0,0,0,0,0,0,1
11466,6.0,2010,9.0,408.0,2140.0,3715.0,1,0.0,0.0,0.0,0.0,0.0,0.0,0.0,0.0,0.0,0.0,0.0,0.0,0,0,0,0,0,1
11467,13.0,1999,9.0,106.0,1164.0,3992.0,11,0.29,6.061918052256528,6.419675376088657,50.81841820151679,0.29,6.1457838479809945,6.541781472684061,48.978873239436616,0.29,6.190566112430714,6.57950910530481,50.00173347778981,0,0,0,0,0,1
11468,14.0,2005,6.0,40.0,98.0,519.0,9,0.16,6.7,6.0,1.0,0.16,6.7,6.0,1.0,0.16,7.4,7.65,1.0,1,0,0,0,0,1
11469,4.0,2010,11.0,241.0,473.0,3993.0,11,0.01,6.039757952973729,6.421583679114796,44.246983408748115,0.24,6.120172890733055,6.541791147994463,32.7447209653092,0.24,6.1493775933609935,6.577461964038736,36.71266968325792,0,0,0,0,0,1
11470,9.0,2002,10.0,228.0,646.0,1850.0,12,0.0,0.0,0.0,0.0,0.0,0.0,0.0,0.0,0.11,0.0,8.25,28.0,0,0,0,0,0,1
11471,27.0,1995,10.0,255.0,380.0,1642.0,1,0.12,7.6,7.6,31.0,0.12,7.6,7.6,31.0,0.2,7.6,7.6,31.0,1,0,0,0,0,1
11472,5.0,2007,9.0,33.0,1619.0,2686.0,3,0.75,5.15,7.05,7.0,0.19,5.6,5.65,2.0,0.19,5.6,5.65,2.0,0,0,0,0,0,1
11473,7.0,2010,1.0,5.0,783.0,422.0,9,0.11,5.1,8.1,49.51921757035004,0.11,5.1,8.1,47.858499199267904,0.11,5.1,8.1,49.493479752916954,0,0,0,0,0,1
11474,17.0,2012,11.0,331.0,269.0,3097.0,1,0.02,5.9,6.55,2.0,0.12,5.9,6.55,2.0,0.14,3.0,5.7,19.0,0,0,0,0,0,1
11475,9.0,2004,12.0,1.0,424.0,3994.0,1,0.08,7.0,7.0,1.0,0.4,7.0,7.0,1.0,0.4,7.0,7.0,1.0,0,0,0,0,0,1
11476,17.0,2009,1.0,4.0,571.0,1163.0,10,0.93,6.83,7.7,29.5,0.33,7.9,6.9,29.5,0.17,7.9,6.9,29.5,0,0,0,0,1,1
11477,4.0,2009,1.0,35.0,1086.0,603.0,10,0.57,3.0,2.0,39.8933506044905,0.07,3.0,2.0,32.29706390328152,1.27,3.0,2.0,34.81476683937824,0,0,0,0,0,1
11478,5.0,2014,10.0,26.0,1149.0,188.0,1,0.1,5.0,4.67,141.0,0.33,4.8,4.67,141.0,0.31,4.8,8.0,2.0,0,0,0,0,0,1
11479,15.0,2005,8.0,6.0,19.0,2235.0,3,0.1,8.05,7.9,121.0,0.2,8.15,7.6,109.0,0.2,8.15,7.6,109.0,1,0,1,0,0,1
11480,9.0,2004,7.0,1.0,2299.0,3995.0,1,0.08,7.1,7.1,24.0,0.08,7.1,7.1,24.0,0.08,7.1,7.1,24.0,0,0,0,0,0,1
11481,22.0,2000,11.0,256.0,1369.0,2271.0,1,0.25,6.080184531886015,6.4249240162822545,49.17336199229173,0.25,6.164715061058349,6.539900949796512,47.802772013044766,0.08,6.208497964721839,6.582871099050231,49.20360213459828,0,0,0,0,0,1
11482,19.0,2005,6.0,26.0,384.0,1207.0,1,0.18,4.0,7.0,1.0,1.45,4.0,7.0,1.0,0.2,4.0,8.0,2.0,0,0,0,0,0,1
11483,10.0,2013,6.0,237.0,2300.0,3996.0,1,0.28,6.016843832020995,6.3843011811023525,43.64141414141414,0.28,6.091391076115479,6.49972440944881,40.217532467532465,0.28,6.117578740157478,6.52308070866142,43.198232323232325,0,0,0,0,0,1
11484,14.0,2003,12.0,168.0,1678.0,2786.0,11,0.01,8.1,7.0,48.97781824201291,0.02,2.4,2.2,47.036252276113224,0.02,2.4,2.2,48.732577387849695,0,0,0,0,0,1
11485,15.0,2011,7.0,86.0,1772.0,2969.0,11,0.02,6.006015209125474,6.41599619771862,41.036795626576954,0.02,6.090570342205316,6.534011406844094,35.344407064760304,0.02,6.119920152091249,6.565832699619768,39.97560975609756,1,0,0,0,0,1
11486,11.0,2016,3.0,270.0,2301.0,3997.0,1,0.03,7.0,7.25,1.0,0.04,4.5,7.33,2.0,0.04,4.5,7.33,2.0,0,0,0,0,0,1
11487,10.0,2012,9.0,257.0,476.0,686.0,1,0.02,6.072961653015631,6.425969843633651,50.50295255548768,0.02,6.152457185405805,6.543201787043918,48.179596823457544,0.01,6.196662323157107,6.5816586001488995,49.25208715129302,0,0,0,0,0,1
11488,10.0,2011,5.0,6.0,19.0,3998.0,9,0.11,4.3,4.3,3.0,0.11,4.3,4.3,3.0,0.11,4.3,4.3,3.0,0,0,1,0,0,1
11489,6.0,2014,4.0,134.0,1121.0,3051.0,8,0.24,5.6,6.43,15.0,0.07,5.6,6.43,15.0,0.07,5.6,6.43,15.0,0,0,0,0,0,1
11490,24.0,1997,11.0,256.0,1369.0,2271.0,1,0.06,6.042070079121586,6.394020668496688,49.29562687356727,0.14,6.127673179396085,6.510931697077347,47.72615059072474,0.14,6.172315517519764,6.551114161149683,49.20948686298713,0,0,0,0,0,1
11491,23.0,2013,9.0,26.0,2302.0,3286.0,1,0.08,4.0,4.0,1.0,0.08,4.0,4.0,1.0,0.12,4.0,4.0,1.0,0,0,0,0,0,1
11493,18.0,2014,11.0,81.0,1027.0,1649.0,9,0.02,8.23,8.23,135.0,0.02,6.7,7.2,24.0,0.02,6.7,7.2,24.0,0,0,0,0,0,1
11494,13.0,1995,7.0,120.0,2304.0,4000.0,1,0.13,6.5,6.5,2.0,0.13,6.5,6.5,2.0,0.13,6.5,6.5,2.0,0,0,0,0,0,1
11495,13.0,1995,8.0,4.0,1014.0,2252.0,1,0.09,6.7,6.7,7.0,0.25,6.7,6.7,7.0,0.25,6.7,6.7,7.0,1,0,0,0,0,1
11496,7.0,2001,7.0,335.0,1968.0,4001.0,7,0.11,6.65,8.0,0.0,0.12,6.65,8.0,1.0,0.12,6.65,8.0,1.0,0,0,0,0,0,1
11497,4.0,2009,6.0,60.0,1407.0,4002.0,8,0.03,4.1,4.1,46.48216786984161,0.06,6.5,6.5,45.03658010990195,0.06,6.5,6.5,45.97128542182954,0,0,0,0,0,1
11498,5.0,2007,6.0,5.0,266.0,1454.0,11,0.15,3.25,4.43,1.0,0.23,5.5,4.43,0.0,0.23,5.5,4.43,0.0,0,0,0,0,0,1
11499,19.0,2003,9.0,11.0,560.0,4003.0,3,0.14,7.7,7.3,23.0,0.01,3.0,7.3,23.0,0.01,3.0,7.3,23.0,0,0,0,0,0,1
11500,17.0,2009,8.0,236.0,227.0,946.0,10,0.01,6.27,6.87,44.5,0.33,6.27,6.87,44.5,0.15,6.3,7.3,16.0,1,0,0,0,0,1
11501,7.0,2005,11.0,4.0,2305.0,4004.0,1,0.11,5.0,6.3,6.0,0.11,5.0,6.3,6.0,0.11,5.0,6.3,6.0,0,0,0,0,0,1
11502,4.0,2013,6.0,59.0,548.0,3502.0,1,0.05,3.8,3.8,43.64141414141414,0.27,8.7,8.7,40.217532467532465,0.27,8.7,8.7,43.198232323232325,0,0,0,0,0,1
11503,1.0,2011,9.0,217.0,2265.0,4005.0,1,0.11,7.0,7.62,20.0,0.08,6.95,7.5,18.0,0.08,6.95,7.5,18.0,0,0,0,0,0,1
11504,19.0,2003,9.0,196.0,1692.0,3447.0,3,0.23,6.3,7.75,5.5,0.03,5.7,6.0,1.0,0.03,5.7,6.0,1.0,0,0,0,0,0,1
11505,4.0,2008,11.0,105.0,1363.0,3688.0,6,0.93,4.55,4.7,0.0,0.02,4.55,4.7,0.0,0.05,5.9,6.77,35.0,0,0,0,0,0,1
11506,23.0,2015,9.0,4.0,180.0,1383.0,5,0.39,2.83,8.0,2.0,0.29,2.83,8.0,2.0,0.08,2.83,4.3,6.0,0,0,0,0,0,1
11507,21.0,1994,10.0,9.0,2306.0,4006.0,1,0.12,6.0,6.0,1.0,0.12,6.0,6.0,1.0,0.12,6.0,6.0,1.0,0,0,0,1,0,1
11508,15.0,2011,9.0,207.0,1093.0,3572.0,5,0.09,5.75,4.05,4.0,0.01,5.75,7.55,4.0,0.01,5.75,7.55,4.0,0,0,0,0,0,1
11509,1.0,2008,6.0,54.0,369.0,2163.0,11,0.27,3.6,4.55,2.0,0.43,5.43,6.37,2.0,0.43,5.43,6.37,2.0,0,0,0,0,0,1
11510,13.0,1997,4.0,72.0,697.0,1043.0,1,0.05,5.0,8.6,61.0,0.71,8.0,8.6,61.0,0.71,8.0,8.6,61.0,1,0,0,0,0,1
11511,6.0,2010,1.0,5.0,396.0,3647.0,7,0.09,5.9,6.25,4.0,0.24,5.9,6.25,4.0,0.09,5.9,6.25,4.0,0,0,0,0,0,1
11512,4.0,2008,5.0,6.0,19.0,4007.0,12,1.01,7.26,7.02,297.5,0.06,6.0,7.02,297.5,0.06,6.0,7.02,297.5,0,0,1,0,0,1
11513,14.0,2003,7.0,24.0,312.0,2927.0,11,0.17,7.6,7.85,3.0,0.18,4.7,5.5,3.0,0.18,4.7,5.5,3.0,0,0,0,0,0,1
11514,14.0,2002,9.0,40.0,971.0,2742.0,11,0.28,7.4,8.42,3.0,0.27,4.53,5.43,5.0,0.27,4.53,5.43,5.0,0,0,0,0,0,1
11515,4.0,2008,6.0,276.0,1547.0,4008.0,11,0.02,6.9,6.0,0.5,0.05,7.9,4.8,0.5,0.05,7.9,4.8,0.5,0,0,0,0,0,1
11516,18.0,2016,7.0,3.0,1559.0,2589.0,9,0.64,8.17,7.08,13.5,0.02,8.17,7.5,13.5,0.02,8.17,7.5,13.5,1,0,0,0,0,1
11517,4.0,2011,2.0,12.0,958.0,4009.0,3,0.11,6.140943212466283,6.506353760863086,45.95671494404213,0.1,6.223055888522631,6.602258016182238,45.441943712969056,0.1,6.255173059634411,6.642743482169622,46.805258393680056,0,0,0,0,0,1
11518,20.0,2015,9.0,6.0,19.0,23.0,10,0.2,6.3,7.07,78.5,0.22,6.5,3.5,1.0,0.32,6.55,6.1,0.0,1,1,1,0,0,1
11519,19.0,2006,9.0,22.0,425.0,76.0,11,0.22,6.1,6.75,2.0,0.39,7.67,7.48,114.5,0.07,6.93,6.93,83.5,1,1,0,1,1,1
11520,9.0,2001,1.0,29.0,1503.0,4010.0,10,1.67,8.5,8.5,46.801602564102566,1.67,8.5,8.5,44.4875,1.67,8.5,8.5,47.54919871794872,0,0,0,0,0,1
11521,14.0,2003,9.0,40.0,204.0,2791.0,10,0.17,7.1,7.9,47.44406405941743,0.11,7.3,8.2,45.58605082975514,0.11,7.3,8.2,46.54206800510619,0,0,0,0,0,1
11522,4.0,2009,6.0,12.0,958.0,4011.0,11,0.39,5.945329457364344,6.3206201550387675,32.76409185803758,0.04,6.042635658914737,6.440271317829467,23.798538622129435,0.04,6.047189922480624,6.441937984496127,28.856993736951985,0,0,0,0,0,1
11523,23.0,2015,9.0,152.0,1781.0,4012.0,10,0.07,6.8,7.15,15.0,0.06,6.8,6.5,2.0,0.06,6.8,6.5,2.0,1,0,0,0,0,1
11524,7.0,2007,9.0,26.0,2307.0,4013.0,1,0.09,6.099566138746374,6.4607807271916755,47.55820785897907,0.09,6.186688601383021,6.564681017176054,46.14738646101114,0.09,6.2206457729199345,6.6001962971225066,47.53813196229649,0,0,0,0,0,1
11525,17.0,2007,5.0,243.0,1178.0,3246.0,2,0.02,6.0,7.0,1.0,0.02,6.0,7.0,1.0,0.02,6.0,7.0,1.0,1,0,0,0,0,1
11526,4.0,2008,1.0,15.0,169.0,1360.0,7,0.15,6.7,8.5,20.0,0.4,6.07,6.82,20.0,0.51,5.0,7.1,14.0,0,0,0,0,0,1
11527,14.0,2004,9.0,36.0,130.0,3357.0,6,0.04,8.0,7.6,18.0,0.06,8.0,6.9,19.0,0.12,5.91,7.0,5.5,0,0,0,0,0,1
11528,7.0,2007,4.0,17.0,57.0,25.0,11,0.3,6.3,7.05,4.0,0.3,6.3,7.05,4.0,0.3,6.3,7.05,4.0,1,1,1,1,0,1
11529,1.0,2008,11.0,15.0,24.0,2767.0,9,0.16,6.4,7.35,9.0,9.02,7.1,7.35,28.0,0.17,4.95,5.15,1.0,1,0,0,0,0,1
11530,5.0,2016,1.0,8.0,27.0,77.0,8,1.23,8.35,5.72,7.0,1.23,8.35,5.72,7.0,1.23,8.35,5.72,7.0,1,1,1,1,0,1
11531,19.0,2002,2.0,11.0,390.0,2836.0,10,0.26,5.7,6.6,4.0,1.21,5.0,6.25,2.0,0.07,6.2,6.4,1.0,0,0,0,0,0,1
11532,5.0,2014,9.0,5.0,2161.0,3746.0,1,0.11,6.0370023640661925,6.4082836879432445,47.3185817805383,0.09,6.127933806146561,6.533567375886503,45.40683229813665,0.09,6.178366430260039,6.570146572104003,49.021868530020704,0,0,0,0,0,1
11533,1.0,2008,3.0,204.0,2024.0,2229.0,10,0.01,4.6,7.8,47.32791802049488,0.09,4.6,7.8,45.973319170207446,0.09,8.0,8.9,47.42195701074731,0,0,0,0,0,1
11534,13.0,2001,1.0,58.0,2308.0,4014.0,1,0.39,6.097708281522011,6.447693359860781,47.903901046622266,0.39,6.1815792091519635,6.559855757274357,46.559535136604595,0.39,6.221097985575736,6.597542899776213,47.730256898192195,0,0,0,0,0,1
11535,14.0,2005,9.0,29.0,1519.0,1699.0,9,0.15,7.5,8.1,2.0,0.03,7.9,7.9,2.0,0.1,5.0,4.0,2.0,0,0,0,0,0,1
11536,15.0,2008,3.0,8.0,43.0,43.0,11,0.18,6.4,6.9,15.5,2.06,6.23,6.32,69.5,0.67,4.97,5.95,61.5,0,0,1,0,0,1
11537,4.0,2009,8.0,42.0,1868.0,4015.0,5,0.1,6.5,7.1,9.0,0.02,3.9,1.8,9.0,0.02,3.9,1.8,9.0,0,0,0,0,0,1
11538,19.0,2002,4.0,6.0,1558.0,4016.0,12,0.02,5.7,8.2,1.0,0.2,5.7,7.0,1.0,0.2,5.7,7.0,1.0,0,0,0,0,0,1
11539,15.0,2013,9.0,42.0,225.0,273.0,4,0.79,5.9,6.15,61.5,0.79,5.9,6.15,61.5,0.79,5.9,6.15,61.5,1,0,0,1,0,1
11540,6.0,2014,11.0,81.0,1027.0,1649.0,9,0.27,7.6,7.2,51.0,0.27,7.6,7.2,51.0,0.27,7.6,7.2,51.0,0,0,0,0,0,1
11541,4.0,2009,6.0,35.0,1255.0,4017.0,5,0.33,5.4,5.15,2.0,0.07,2.65,5.2,2.0,0.07,2.65,5.2,2.0,0,0,0,0,0,1
11542,4.0,2010,6.0,33.0,1100.0,740.0,1,0.66,6.0,6.8,20.0,0.24,6.0,6.8,20.0,1.08,8.0,7.4,20.0,0,0,0,0,0,1
11543,7.0,2010,1.0,5.0,783.0,1242.0,9,0.09,7.8,7.8,1.0,0.09,7.8,7.8,1.0,0.31,7.5,7.5,1.0,0,0,0,0,0,1
11544,1.0,2010,6.0,52.0,1.0,4018.0,1,0.25,8.57,7.5,604.5,3.38,8.57,7.5,604.5,3.38,8.57,7.5,604.5,0,0,1,0,0,1
11545,17.0,2013,4.0,337.0,2309.0,2720.0,1,0.04,6.016843832020995,6.3843011811023525,43.64141414141414,0.04,6.091391076115479,6.49972440944881,40.217532467532465,0.04,6.117578740157478,6.52308070866142,43.198232323232325,0,0,0,0,0,1
11546,1.0,2009,6.0,15.0,87.0,373.0,11,0.11,6.6,8.0,1.0,0.11,5.57,8.0,1.0,0.45,5.97,7.0,5.5,1,0,1,0,0,1
11547,11.0,2016,9.0,6.0,1975.0,106.0,2,0.85,7.57,7.18,50.5,0.85,7.57,7.18,50.5,0.55,7.5,5.62,337.0,1,1,0,1,0,1
11548,17.0,2006,11.0,29.0,120.0,322.0,10,0.11,4.35,5.45,4.0,0.44,4.35,7.8,4.0,0.09,5.0,7.6,4.0,0,0,0,0,0,1
11549,7.0,2002,8.0,141.0,106.0,4019.0,10,0.41,5.75,8.5,0.0,0.09,7.0,7.45,1.0,0.09,7.0,7.45,1.0,0,0,0,0,0,1
11550,6.0,2010,9.0,20.0,280.0,3067.0,9,0.12,6.0,6.1,11.0,0.82,3.9,5.4,3.0,0.82,3.9,5.4,3.0,0,0,0,0,0,1
11551,13.0,1995,1.0,368.0,2310.0,4020.0,1,0.11,4.6,4.6,9.0,0.11,4.6,4.6,9.0,0.11,4.6,4.6,9.0,1,0,0,0,0,1
11552,17.0,2009,11.0,15.0,1589.0,1228.0,1,0.08,6.06531266560678,6.414785373608896,47.58155002891845,0.08,6.151277159512439,6.537713301536816,45.36119144013881,0.05,6.18789083200847,6.572859035506092,49.094852515905146,0,0,0,0,0,1
11553,17.0,2007,10.0,4.0,2165.0,1394.0,1,0.17,7.1,7.6,43.5,0.17,7.1,7.6,43.5,0.33,4.9,6.4,8.0,1,0,0,0,0,1
11554,9.0,2004,6.0,278.0,2311.0,4021.0,1,0.0,0.0,0.0,0.0,0.0,0.0,0.0,0.0,0.0,0.0,0.0,0.0,0,0,0,0,0,1
11555,13.0,1998,7.0,58.0,2312.0,4022.0,1,0.32,6.0160609318996405,6.403268817204285,46.05333068992863,0.32,6.099759856630821,6.523605734767007,42.11122125297383,0.32,6.1246594982078815,6.541229390680994,45.49722442505948,0,0,0,0,0,1
11556,15.0,2015,11.0,109.0,590.0,27.0,10,0.67,6.5,7.15,3.5,0.54,6.5,9.65,1.5,0.67,6.5,7.15,3.5,0,1,0,1,0,1
11557,19.0,2003,7.0,13.0,2313.0,4023.0,1,0.15,8.3,8.3,47.685338686698614,0.15,8.3,8.3,46.47707550835384,0.15,8.3,8.3,47.855459137417434,0,0,1,0,0,1
11558,5.0,2006,9.0,49.0,253.0,559.0,9,0.45,7.8,7.3,85.0,0.13,6.03,7.25,15.5,0.19,5.75,7.3,7.5,0,0,0,0,0,1
11559,6.0,2007,11.0,4.0,2314.0,4024.0,1,0.1,6.099566138746374,6.4607807271916755,47.55820785897907,0.1,6.186688601383021,6.564681017176054,46.14738646101114,0.1,6.2206457729199345,6.6001962971225066,47.53813196229649,0,0,0,0,0,1
11560,7.0,2004,6.0,4.0,285.0,459.0,10,0.38,7.8,6.65,6.0,0.06,6.4,8.2,6.0,0.33,4.55,5.05,1.0,1,0,0,0,0,1
11561,17.0,2007,4.0,9.0,918.0,4025.0,7,0.01,5.1,5.27,4.5,0.48,7.53,8.05,7.0,0.48,7.53,8.05,7.0,0,0,0,0,0,1
11562,4.0,2005,3.0,35.0,2315.0,1198.0,1,0.6,5.941533923303834,6.313171091445431,50.56199677938808,0.6,6.055781710914458,6.470575221238942,37.569243156199676,0.6,6.052935103244841,6.466165191740415,43.750402576489535,0,0,0,0,0,1
11563,4.0,2011,12.0,49.0,2316.0,4026.0,1,0.14,6.107652813930537,6.467882595817321,45.77475613360922,0.14,6.194403554438579,6.56657391616556,44.85269484678293,0.14,6.2266573916165795,6.606709451575302,45.76973100798108,0,0,0,0,0,1
11564,7.0,2005,1.0,64.0,640.0,1784.0,7,0.18,4.45,3.2,0.0,0.04,3.85,3.2,0.0,0.04,3.85,3.2,0.0,0,0,0,0,0,1
11565,6.0,2011,6.0,12.0,369.0,2863.0,10,0.12,3.7,4.5,46.89055793991416,0.26,4.0,4.5,45.688006676204104,0.26,4.0,4.5,48.2448736289938,0,0,0,0,0,1
11566,11.0,2014,1.0,54.0,332.0,4027.0,8,0.03,5.17,5.58,63.0,0.33,5.17,5.58,63.0,0.33,5.17,5.58,63.0,0,0,0,0,0,1
11567,4.0,2008,8.0,22.0,120.0,4028.0,5,0.11,6.55,6.85,3.0,0.24,6.55,0.2,3.0,0.24,6.55,0.2,3.0,0,0,0,0,0,1
11568,1.0,2008,11.0,328.0,902.0,4029.0,2,0.0,0.0,0.0,0.0,0.5,4.5,5.6,4.0,0.5,4.5,5.6,4.0,0,0,0,0,0,1
11569,15.0,2012,2.0,6.0,531.0,194.0,11,0.14,7.6,6.5,327.5,0.59,8.77,7.83,327.5,0.59,8.77,7.83,327.5,1,0,0,1,1,1
11570,10.0,2013,4.0,140.0,1322.0,2156.0,1,0.07,6.016843832020995,6.3843011811023525,43.64141414141414,0.07,6.091391076115479,6.49972440944881,40.217532467532465,0.12,6.117578740157478,6.52308070866142,43.198232323232325,0,0,0,0,0,1
11571,1.0,2011,6.0,127.0,655.0,959.0,1,0.02,6.107652813930537,6.467882595817321,45.77475613360922,0.02,6.194403554438579,6.56657391616556,44.85269484678293,0.78,6.2266573916165795,6.606709451575302,45.76973100798108,0,0,0,0,0,1
11572,9.0,2002,1.0,8.0,1661.0,488.0,1,0.26,6.4,7.0,1.0,0.18,6.4,7.0,1.0,0.13,6.4,7.5,1.0,0,0,0,0,0,1
11573,1.0,2010,7.0,9.0,34.0,4030.0,8,0.07,3.25,5.1,1.0,0.4,5.45,6.1,2.0,0.4,5.45,6.1,2.0,0,0,1,0,1,1
11574,4.0,2010,4.0,35.0,2317.0,4031.0,9,0.04,4.6,6.8,49.51921757035004,0.04,4.6,6.8,47.858499199267904,0.04,4.6,6.8,49.493479752916954,0,0,0,0,0,1
11575,4.0,2009,8.0,6.0,2318.0,4032.0,1,0.17,7.0,7.4,55.0,0.17,7.0,7.4,55.0,0.17,7.0,7.4,55.0,0,0,0,0,0,1
11576,7.0,2000,3.0,167.0,516.0,2229.0,8,0.29,5.3,6.05,5.0,0.29,5.3,6.05,5.0,0.06,5.3,6.05,5.0,0,0,0,0,0,1
11577,19.0,2003,4.0,9.0,55.0,834.0,3,0.25,8.7,8.6,55.0,0.9,6.15,6.85,55.0,0.45,8.5,8.5,55.0,1,0,1,0,0,1
11578,4.0,2008,11.0,17.0,2319.0,4033.0,1,0.15,8.7,8.7,3.0,0.15,8.7,8.7,3.0,0.15,8.7,8.7,3.0,0,0,0,0,0,1
11579,17.0,2010,10.0,4.0,2165.0,1394.0,1,0.09,4.5,4.5,2.0,0.09,4.5,4.5,2.0,0.03,4.5,4.5,2.0,1,0,0,0,0,1
11580,1.0,2007,6.0,6.0,922.0,4034.0,9,0.19,6.53,6.77,28.5,0.19,6.53,6.77,28.5,0.19,6.53,6.77,28.5,0,0,1,0,0,1
11581,4.0,2005,5.0,88.0,195.0,4035.0,9,0.03,3.0,6.3,20.0,0.14,3.0,4.0,20.0,0.14,3.0,4.0,20.0,0,0,0,0,0,1
11582,13.0,1998,9.0,8.0,2320.0,4036.0,1,0.09,6.0160609318996405,6.403268817204285,46.05333068992863,0.09,6.099759856630821,6.523605734767007,42.11122125297383,0.09,6.1246594982078815,6.541229390680994,45.49722442505948,0,0,0,0,0,1
11583,4.0,2008,1.0,11.0,805.0,1226.0,1,0.13,6.076557377049176,6.4289414021625335,50.52577025484975,0.17,6.1574189047785115,6.543221137077076,48.40728413845569,0.21,6.202197418904775,6.585209277990916,49.56694560669456,0,0,0,0,0,1
11584,10.0,2016,9.0,12.0,2321.0,1029.0,5,0.13,7.7,7.47,91.5,0.13,7.7,7.47,91.5,0.06,7.77,7.27,33.0,0,0,0,0,0,1
11585,24.0,1995,12.0,9.0,2322.0,4037.0,1,0.09,6.105477410782085,6.471694191344031,46.30825496342738,0.09,6.192767653758562,6.565149962034973,45.062225705329155,0.09,6.223125474563416,6.604986712224803,46.031556948798325,0,0,0,0,0,1
11586,10.0,2012,9.0,26.0,2323.0,4038.0,1,0.09,6.072961653015631,6.425969843633651,50.50295255548768,0.09,6.152457185405805,6.543201787043918,48.179596823457544,0.09,6.196662323157107,6.5816586001488995,49.25208715129302,0,0,0,0,0,1
11587,6.0,2009,1.0,3.0,368.0,1028.0,1,0.17,7.2,7.2,47.58155002891845,0.11,7.2,7.2,45.36119144013881,0.09,7.2,7.2,49.094852515905146,0,0,0,0,0,1
11588,19.0,2002,10.0,6.0,938.0,331.0,7,0.65,4.7,6.2,46.050303078013066,0.65,4.7,6.2,45.954538298039836,0.2,7.0,6.2,47.137605290088956,1,0,0,1,0,1
11589,24.0,1998,11.0,9.0,2324.0,4039.0,1,0.09,6.0160609318996405,6.403268817204285,46.05333068992863,0.09,6.099759856630821,6.523605734767007,42.11122125297383,0.09,6.1246594982078815,6.541229390680994,45.49722442505948,0,0,0,0,0,1
11590,13.0,1996,2.0,19.0,73.0,4040.0,1,0.13,6.074598214285714,6.518080357142857,51.629901960784316,0.13,6.105133928571427,6.627678571428572,32.81127450980392,0.13,6.240669642857141,6.645223214285716,43.85294117647059,0,0,1,0,0,1
11591,14.0,2005,3.0,64.0,1559.0,2420.0,11,0.02,5.7,5.7,44.6111833550065,0.02,5.7,5.7,34.02925877763329,0.02,5.7,5.7,39.31014304291288,0,0,0,0,0,1
11592,7.0,2002,7.0,91.0,734.0,4041.0,6,0.06,6.111391986782318,6.477045022717935,45.704528985507245,0.03,6.1999479553903605,6.578517967781952,44.989945652173915,0.03,6.2306790582404235,6.620103263114438,46.33048007246377,0,0,0,0,0,1
11593,11.0,2015,4.0,13.0,51.0,4042.0,1,0.09,6.023708006279429,6.380546310832016,44.238808539944905,0.09,6.098238618524324,6.497463108320238,40.88240358126722,0.09,6.122084772370479,6.520916797488228,43.51325757575758,0,0,1,0,0,1
11594,14.0,2004,3.0,6.0,921.0,658.0,9,0.21,5.2,6.7,47.36133139729699,0.2,5.2,8.7,45.73416731821736,1.19,3.0,8.7,46.57991734614096,0,0,0,0,0,1
11595,17.0,2010,4.0,134.0,1545.0,3474.0,1,0.14,8.0,8.0,3.0,0.04,6.0,6.0,1.0,0.04,6.0,6.0,1.0,0,0,0,0,0,1
11596,1.0,2009,1.0,88.0,2325.0,4043.0,12,0.22,3.3,3.3,45.496519612454144,0.22,3.3,3.3,44.671996989935096,0.22,3.3,3.3,45.642884018436646,1,0,0,0,0,1
11597,24.0,1997,7.0,69.0,2326.0,4044.0,1,0.26,9.3,9.3,4.0,0.26,9.3,9.3,4.0,0.26,9.3,9.3,4.0,0,0,0,0,0,1
11598,1.0,2009,1.0,15.0,87.0,4045.0,1,0.08,6.06531266560678,6.414785373608896,47.58155002891845,0.08,6.151277159512439,6.537713301536816,45.36119144013881,0.08,6.18789083200847,6.572859035506092,49.094852515905146,0,0,1,0,0,1
11599,19.0,2003,3.0,29.0,696.0,161.0,3,0.14,4.0,6.1,0.5,0.56,6.87,8.6,14.0,1.5,8.9,7.75,1.0,0,0,0,0,0,1
11600,4.0,2011,9.0,241.0,2327.0,4046.0,5,0.04,5.0,5.0,45.713787653402754,0.04,5.0,5.0,44.8219598363704,0.04,5.0,5.0,45.93584975827445,0,0,0,0,0,1
11601,1.0,2009,9.0,300.0,2328.0,4047.0,8,0.08,4.25,4.7,5.0,0.04,4.25,4.7,5.0,0.04,4.25,4.7,5.0,0,0,0,0,0,1
11602,7.0,2007,4.0,410.0,1405.0,4048.0,1,0.0,0.0,0.0,0.0,0.18,0.0,0.0,0.0,0.18,0.0,0.0,0.0,0,0,0,0,0,1
11603,4.0,2010,9.0,29.0,187.0,4049.0,1,0.27,7.13,7.4,309.5,0.28,7.13,7.4,309.5,0.28,7.13,7.4,309.5,0,0,0,0,0,1
11604,8.0,1996,6.0,51.0,2329.0,4050.0,1,0.53,7.3,7.3,3.0,0.53,7.3,7.3,3.0,0.53,7.3,7.3,3.0,0,0,0,0,0,1
11605,4.0,2005,6.0,12.0,1255.0,430.0,4,0.03,5.0,5.0,49.084012539184954,0.17,6.6,6.6,40.68526645768025,0.51,6.6,6.6,46.20940438871473,0,0,0,0,0,1
11606,21.0,1994,4.0,9.0,34.0,4051.0,1,0.09,6.6,6.6,8.0,0.12,6.0,6.0,1.0,0.12,6.0,6.0,1.0,1,0,1,0,0,1
11607,19.0,2002,1.0,40.0,210.0,2115.0,9,0.15,8.0,7.7,2.0,0.07,6.65,7.7,2.0,0.11,7.55,7.95,2.0,1,0,0,0,0,1
11608,19.0,2002,6.0,69.0,591.0,861.0,1,0.49,6.050969223702346,6.468989435002288,43.711032388663966,0.49,6.146789159393657,6.595062011943035,37.134362348178136,0.49,6.180679834634819,6.631194304088199,42.425607287449395,0,0,0,0,0,1
11609,5.0,2007,8.0,26.0,2330.0,4052.0,1,0.08,6.099566138746374,6.4607807271916755,47.55820785897907,0.08,6.186688601383021,6.564681017176054,46.14738646101114,0.08,6.2206457729199345,6.6001962971225066,47.53813196229649,0,0,0,0,0,1
11610,5.0,2009,7.0,300.0,2331.0,4053.0,6,0.1,4.8,5.3,50.939571150097464,0.1,4.8,5.3,48.451559454191035,0.1,4.8,5.3,49.943567251461985,0,0,0,0,0,1
11611,7.0,2006,10.0,102.0,2332.0,4054.0,1,0.16,6.65,7.3,48.764652014652015,0.16,6.65,7.3,40.60225885225885,0.16,6.65,7.3,45.93101343101343,1,0,0,0,0,1
11612,4.0,2009,8.0,12.0,958.0,4055.0,12,0.03,6.108570816186554,6.4735210905350415,45.496519612454144,0.03,6.194410150891657,6.572713477366295,44.671996989935096,0.03,6.223702846364916,6.612706618655714,45.642884018436646,0,0,0,0,0,1
11613,7.0,2005,9.0,26.0,40.0,4056.0,9,0.11,6.6,7.2,1.0,0.11,6.6,7.2,1.0,0.11,6.6,7.2,1.0,0,0,1,0,0,1
11614,7.0,2009,6.0,26.0,744.0,939.0,1,0.08,7.3,8.0,7.0,0.08,7.3,8.0,7.0,0.08,7.3,8.0,7.0,1,0,0,0,0,1
11615,24.0,1998,4.0,157.0,1594.0,3956.0,1,0.12,6.0,7.7,15.0,0.08,6.0,7.7,15.0,0.08,6.0,7.7,15.0,0,0,0,0,0,1
11616,5.0,2011,6.0,8.0,31.0,528.0,11,0.11,6.006015209125474,6.41599619771862,41.036795626576954,0.16,6.090570342205316,6.534011406844094,35.344407064760304,0.12,6.119920152091249,6.565832699619768,39.97560975609756,0,0,0,0,0,1
11617,19.0,2003,9.0,13.0,51.0,67.0,1,1.32,8.0,6.7,3.0,1.32,8.0,6.7,3.0,1.42,8.0,8.6,312.0,1,1,1,0,0,1
11618,19.0,2003,1.0,31.0,421.0,875.0,2,0.13,7.4,7.4,45.71270364268717,0.13,7.4,7.4,44.72560863994143,0.07,7.4,7.4,45.997345780706574,1,0,0,0,0,1
11619,19.0,2007,1.0,8.0,68.0,77.0,8,0.27,7.2,7.6,2.0,0.71,7.33,7.88,4.0,0.29,7.3,7.35,4.0,1,1,1,0,0,1
11620,17.0,2011,11.0,157.0,2333.0,4057.0,1,0.15,5.0,5.0,45.77475613360922,0.15,5.0,5.0,44.85269484678293,0.15,5.0,5.0,45.76973100798108,0,0,0,0,0,1
11621,14.0,2002,2.0,15.0,87.0,112.0,12,0.02,2.9,7.5,0.0,0.02,2.9,7.5,0.0,0.19,7.5,7.5,0.0,1,0,1,0,0,1
11622,1.0,2011,9.0,68.0,2140.0,3715.0,1,0.13,3.0,4.5,6.0,0.08,3.0,4.5,6.0,0.08,3.0,4.5,6.0,0,0,0,0,0,1
11623,4.0,2007,10.0,204.0,2334.0,4058.0,1,0.1,5.5,5.5,2.0,0.1,5.5,5.5,2.0,0.1,5.5,5.5,2.0,0,0,0,0,0,1
11624,7.0,2005,2.0,4.0,788.0,1468.0,11,0.15,6.6,7.25,5.0,0.56,5.6,6.8,5.0,0.46,6.45,7.5,1.0,0,0,0,0,0,1
11625,7.0,2009,6.0,3.0,1094.0,2568.0,10,0.13,8.0,8.0,39.8933506044905,0.19,8.0,8.0,32.29706390328152,0.19,8.0,8.0,34.81476683937824,0,0,0,0,0,1
11626,4.0,2008,10.0,204.0,2334.0,4058.0,1,0.09,4.6,7.8,50.52577025484975,0.09,4.6,7.8,48.40728413845569,0.05,4.6,7.8,49.56694560669456,0,0,0,0,0,1
11627,4.0,2010,1.0,26.0,2335.0,4059.0,1,0.09,6.036517973148549,6.446041576440007,42.41893830703013,0.09,6.13182763100909,6.5621524469467225,36.190578670492584,0.09,6.158211346903418,6.59756604590732,41.083213773314206,0,0,0,0,0,1
11628,7.0,2006,1.0,26.0,437.0,3913.0,1,0.1,6.9,8.7,48.764652014652015,1.27,6.9,8.7,40.60225885225885,0.03,6.9,8.7,45.93101343101343,0,0,0,0,0,1
11629,19.0,2004,2.0,5.0,186.0,2557.0,2,6.28,8.77,7.85,627.0,0.42,6.2,5.95,24.0,0.42,6.2,5.95,24.0,0,0,0,0,0,1
11630,15.0,2004,3.0,8.0,45.0,43.0,11,0.28,8.0,6.7,58.0,0.53,7.8,8.3,58.0,2.28,6.85,7.6,58.0,1,1,1,1,0,1
11631,13.0,1998,6.0,41.0,1014.0,4060.0,1,0.03,6.0160609318996405,6.403268817204285,46.05333068992863,0.02,6.099759856630821,6.523605734767007,42.11122125297383,0.02,6.1246594982078815,6.541229390680994,45.49722442505948,0,0,0,0,0,1
11632,5.0,2010,9.0,20.0,280.0,3067.0,9,0.12,6.0,5.85,11.0,0.4,3.65,5.6,3.0,0.4,3.65,5.6,3.0,0,0,0,0,0,1
11633,9.0,2002,3.0,29.0,495.0,1346.0,2,0.55,6.8,6.1,6.0,0.33,8.1,7.7,6.0,0.33,8.1,7.7,6.0,0,0,0,0,0,1
11634,17.0,2005,5.0,59.0,396.0,1808.0,1,0.07,5.3,8.0,1.0,0.02,5.3,8.0,1.0,0.34,5.3,6.0,2.0,0,0,0,0,0,1
11635,13.0,2000,7.0,11.0,399.0,547.0,9,0.08,3.0,6.9,19.0,0.49,3.0,6.5,2.0,1.38,3.0,6.8,12.0,1,0,0,0,0,1
11636,8.0,1994,4.0,72.0,400.0,4061.0,1,0.37,6.060073064770927,6.419377962085287,50.71839204668252,0.37,6.1445201421800935,6.542274881516566,48.91938621136806,0.37,6.189670221169031,6.580169826224309,49.949751458828615,0,0,0,0,0,1
11637,24.0,1998,12.0,9.0,34.0,2021.0,1,0.08,6.0160609318996405,6.403268817204285,46.05333068992863,0.15,6.099759856630821,6.523605734767007,42.11122125297383,0.15,6.1246594982078815,6.541229390680994,45.49722442505948,0,0,1,0,0,1
11638,17.0,2005,2.0,26.0,390.0,37.0,5,0.21,5.77,6.7,1.0,0.21,5.77,6.7,1.0,0.18,5.13,5.93,4.0,1,0,0,0,0,1
11639,13.0,1998,9.0,3.0,2336.0,4062.0,1,0.39,6.0160609318996405,6.403268817204285,46.05333068992863,0.39,6.099759856630821,6.523605734767007,42.11122125297383,0.39,6.1246594982078815,6.541229390680994,45.49722442505948,0,0,0,0,0,1
11640,4.0,2008,9.0,92.0,1737.0,4063.0,3,0.06,6.5,6.1,1.0,0.02,7.4,7.8,1.0,0.02,7.4,7.8,1.0,0,0,0,0,0,1
11641,13.0,1995,8.0,89.0,985.0,4064.0,1,0.9,6.9,6.9,38.0,0.9,6.9,6.9,38.0,0.9,6.9,6.9,38.0,0,0,0,0,0,1
11642,15.0,2012,3.0,8.0,218.0,43.0,11,0.28,6.27,8.6,39.0,1.38,6.27,6.38,117.0,2.89,6.75,7.5,59.0,1,1,0,1,1,1
11643,24.0,1995,12.0,411.0,2337.0,4065.0,1,0.0,0.0,0.0,0.0,0.0,0.0,0.0,0.0,0.0,0.0,0.0,0.0,0,0,0,0,0,1
11644,15.0,2004,12.0,8.0,46.0,169.0,12,0.48,7.8,6.8,1.0,0.49,4.55,5.4,13.0,0.29,6.2,7.4,32.0,0,0,1,0,0,1
11645,4.0,2008,9.0,17.0,61.0,4066.0,10,2.25,7.45,7.6,76.0,0.13,6.55,5.3,7.0,0.13,6.55,5.3,7.0,0,0,0,0,0,1
11646,17.0,2007,10.0,13.0,1279.0,1973.0,1,0.2,8.6,8.6,7.0,0.29,8.6,8.6,7.0,0.17,8.6,8.6,7.0,0,0,0,0,0,1
11647,1.0,2009,6.0,12.0,958.0,755.0,12,0.02,4.7,4.4,2.0,0.02,4.7,4.4,2.0,0.08,4.7,4.4,2.0,0,0,0,0,0,1
11648,10.0,2014,9.0,49.0,253.0,559.0,6,0.3,5.5,6.6,28.5,0.3,5.5,6.6,28.5,0.04,4.0,6.5,4.0,0,0,0,0,0,1
11649,17.0,2006,2.0,6.0,19.0,422.0,9,0.14,7.2,7.2,48.248510874082285,0.17,5.9,5.9,46.851849286604796,0.14,7.2,7.2,48.092395068569054,0,0,1,0,0,1
11650,1.0,2009,11.0,80.0,1737.0,4067.0,9,0.05,6.9,7.4,1.0,0.05,6.9,7.4,1.0,0.05,6.9,7.4,1.0,0,0,0,0,0,1
11651,6.0,2012,7.0,6.0,127.0,844.0,1,1.47,5.5,6.1,88.0,0.41,5.08,5.78,244.0,0.13,4.25,6.8,1.0,1,0,0,1,0,1
11652,1.0,2009,7.0,360.0,315.0,4068.0,12,0.04,3.75,6.25,1.0,0.14,3.35,3.43,26.5,0.04,6.53,7.2,6.5,0,0,0,0,0,1
11653,9.0,2005,4.0,11.0,327.0,188.0,1,0.13,5.8,5.0,5.0,0.17,5.8,6.3,3.0,0.27,5.8,6.45,74.0,0,0,0,0,0,1
11654,19.0,2003,3.0,26.0,40.0,335.0,12,0.09,7.7,7.7,17.0,0.28,5.3,5.95,17.0,0.28,5.3,5.95,17.0,0,0,1,0,0,1
11655,1.0,2009,6.0,68.0,2338.0,1458.0,3,0.12,6.5,6.5,47.69869728713403,0.12,6.5,6.5,46.337630942788074,0.47,6.5,6.5,47.46736502820306,0,0,0,0,0,1
11656,1.0,2009,6.0,15.0,87.0,4069.0,12,0.02,4.33,5.7,20.5,0.08,4.33,5.7,20.5,0.08,4.33,5.7,20.5,0,0,1,0,0,1
11657,17.0,2006,1.0,4.0,299.0,745.0,6,0.12,6.6,7.7,1.0,0.17,7.8,7.75,1.0,0.16,5.4,6.95,1.0,0,0,0,0,1,1
11658,7.0,2004,12.0,12.0,2339.0,4070.0,4,0.29,6.7,7.2,46.01646854878653,0.29,6.7,7.2,45.50305431731881,0.29,6.7,7.2,46.895781740135384,0,0,0,0,0,1
11659,14.0,2004,7.0,222.0,1638.0,2713.0,9,0.13,4.8,6.5,1.0,0.11,6.4,5.9,1.0,0.02,7.0,7.7,3.0,0,0,0,0,0,1
11660,19.0,2003,7.0,114.0,355.0,477.0,4,0.77,7.0,6.8,8.0,0.77,7.0,6.8,8.0,0.77,7.0,6.8,8.0,0,0,0,0,0,1
11661,4.0,2007,10.0,26.0,250.0,1207.0,1,0.08,7.0,6.1,15.0,0.05,7.0,6.1,15.0,0.04,7.0,6.1,15.0,0,0,0,0,0,1
11662,7.0,2007,4.0,26.0,954.0,625.0,1,0.08,5.0,6.0,2.0,0.08,5.0,6.0,2.0,0.26,6.0,6.0,2.0,1,0,0,0,0,1
11663,4.0,2010,5.0,297.0,2340.0,4071.0,12,0.16,7.2,7.2,5.0,0.02,7.2,7.2,5.0,0.06,7.2,7.2,5.0,0,0,0,0,0,1
11664,1.0,2008,6.0,1.0,2341.0,4072.0,1,0.3,6.9,7.05,3.0,0.3,6.9,7.05,3.0,0.3,6.9,7.05,3.0,0,0,0,0,0,1
11665,7.0,2002,12.0,49.0,524.0,4073.0,2,1.0,7.2,7.75,1.0,0.13,7.2,7.75,1.0,0.13,7.2,7.75,1.0,0,0,0,0,0,1
11666,6.0,2009,3.0,4.0,529.0,782.0,7,0.86,7.8,6.95,6.0,1.04,7.9,7.9,44.0,1.04,7.9,7.9,44.0,0,0,0,0,0,1
11667,23.0,2014,4.0,279.0,2342.0,4074.0,1,0.04,6.3,6.3,4.0,0.04,6.3,6.3,4.0,0.06,6.3,6.3,4.0,0,0,0,0,0,1
11668,15.0,2015,9.0,15.0,56.0,61.0,9,0.13,7.5,6.7,13.0,0.7,8.0,7.6,237.5,0.7,8.0,7.6,237.5,1,1,0,1,0,1
11669,6.0,2008,12.0,337.0,1768.0,2958.0,1,0.11,6.076557377049176,6.4289414021625335,50.52577025484975,0.11,6.1574189047785115,6.543221137077076,48.40728413845569,0.11,6.202197418904775,6.585209277990916,49.56694560669456,0,0,0,0,0,1
11670,6.0,2016,1.0,8.0,27.0,77.0,8,0.82,8.4,7.03,2.0,0.82,8.4,7.03,2.0,0.82,8.4,7.03,2.0,1,1,1,1,0,1
11671,4.0,2006,6.0,6.0,19.0,4075.0,3,0.2,4.9,6.4,2.0,0.42,5.92,6.25,15.5,0.42,5.92,6.25,15.5,0,0,1,0,0,1
11672,5.0,2011,3.0,6.0,1328.0,2509.0,1,0.1,7.0,3.0,1.0,0.01,7.0,5.85,5.5,0.12,5.8,5.9,5.0,0,0,0,0,0,1
11673,17.0,2005,1.0,42.0,891.0,4076.0,3,0.32,7.55,8.05,13.0,0.04,5.85,8.05,0.0,0.04,5.85,8.05,0.0,0,0,0,0,0,1
11674,9.0,2004,2.0,64.0,82.0,4077.0,11,0.05,4.45,7.0,1.0,0.49,7.17,7.92,12.5,0.49,7.17,7.92,12.5,0,0,1,0,0,1
11675,14.0,2006,7.0,6.0,62.0,118.0,3,0.08,5.78,5.65,3.0,0.12,6.4,7.35,1.0,0.57,7.5,6.25,23.0,1,1,1,0,0,1
11676,14.0,2004,6.0,68.0,317.0,1891.0,11,0.17,6.6,6.6,50.551418439716315,0.17,6.6,6.6,48.66979557780559,0.17,6.6,6.6,49.56727158948686,0,0,0,0,1,1
11677,17.0,2012,4.0,132.0,2343.0,4078.0,1,0.19,6.072961653015631,6.425969843633651,50.50295255548768,0.19,6.152457185405805,6.543201787043918,48.179596823457544,0.19,6.196662323157107,6.5816586001488995,49.25208715129302,0,0,0,0,0,1
11678,23.0,2015,1.0,345.0,1950.0,2509.0,1,0.12,5.3,5.3,3.0,0.12,5.3,5.3,3.0,0.02,6.0,6.0,1.0,0,0,0,0,0,1
11679,1.0,2011,1.0,241.0,441.0,616.0,1,0.03,7.2,7.95,3.0,0.06,4.0,7.95,3.0,0.04,4.0,7.95,3.0,0,0,0,0,0,1
11680,9.0,2002,7.0,88.0,315.0,49.0,12,0.02,8.05,7.2,58.0,0.02,8.05,7.2,58.0,1.49,8.05,7.2,58.0,1,0,0,1,0,1
11681,1.0,2008,4.0,71.0,1558.0,3275.0,4,0.24,6.05,6.4,3.0,0.01,7.0,7.6,5.0,0.13,6.0,7.05,4.0,0,0,0,0,0,1
11682,16.0,1987,1.0,11.0,2344.0,4079.0,1,0.45,4.0,4.0,2.0,0.45,4.0,4.0,2.0,0.45,4.0,4.0,2.0,0,0,0,0,0,1
11683,6.0,2011,6.0,26.0,1672.0,2775.0,1,0.08,6.107652813930537,6.467882595817321,45.77475613360922,0.08,6.194403554438579,6.56657391616556,44.85269484678293,0.05,6.2266573916165795,6.606709451575302,45.76973100798108,0,0,0,0,0,1
11684,4.0,2009,6.0,340.0,2345.0,4080.0,12,0.14,6.108570816186554,6.4735210905350415,45.496519612454144,0.05,6.194410150891657,6.572713477366295,44.671996989935096,0.05,6.223702846364916,6.612706618655714,45.642884018436646,0,0,0,0,0,1
11685,15.0,2009,4.0,241.0,1416.0,2140.0,10,0.08,7.07,7.17,69.5,0.24,7.07,7.17,69.5,0.11,7.0,7.6,43.0,1,0,0,0,0,1
11686,1.0,2008,9.0,1.0,814.0,4081.0,1,0.11,6.3,6.3,3.0,0.14,7.7,7.7,7.0,0.14,7.7,7.7,7.0,0,0,0,0,0,1
11687,14.0,2005,2.0,29.0,284.0,322.0,9,0.15,5.2,6.8,46.832143282161134,0.18,4.4,6.8,45.37718671902892,0.18,4.4,6.8,46.75086278709985,0,0,0,0,0,1
11688,11.0,2015,2.0,343.0,1882.0,3187.0,6,0.13,8.67,8.42,80.5,0.13,8.67,8.42,80.5,0.13,8.67,8.42,80.5,0,0,0,0,0,1
11689,6.0,2008,3.0,5.0,266.0,3293.0,1,0.12,2.0,2.0,50.52577025484975,0.12,2.0,2.0,48.40728413845569,0.12,2.0,2.0,49.56694560669456,0,0,0,0,0,1
11690,19.0,2002,3.0,181.0,851.0,2939.0,3,0.03,2.0,5.0,1.0,0.55,7.0,7.1,21.0,0.55,7.0,7.1,21.0,0,0,0,0,0,1
11691,14.0,2002,9.0,29.0,253.0,320.0,9,0.23,5.3,8.0,39.0,1.87,7.27,8.18,39.0,1.87,7.27,8.18,39.0,1,0,0,1,1,1
11692,4.0,2008,6.0,6.0,534.0,530.0,12,0.27,3.0,7.0,45.88682931064421,1.02,4.0,7.0,44.88565723215836,0.13,4.0,7.0,46.308734155235285,0,0,0,0,0,1
11693,4.0,2006,9.0,8.0,68.0,1579.0,11,0.2,4.9,6.5,2.0,0.27,6.8,8.3,2.0,0.13,4.2,5.4,0.0,0,0,1,0,0,1
11694,4.0,2011,1.0,15.0,2346.0,4082.0,1,0.11,6.107652813930537,6.467882595817321,45.77475613360922,0.11,6.194403554438579,6.56657391616556,44.85269484678293,0.11,6.2266573916165795,6.606709451575302,45.76973100798108,0,0,0,0,1,1
11695,10.0,2012,9.0,82.0,2347.0,4083.0,1,0.02,6.072961653015631,6.425969843633651,50.50295255548768,0.02,6.152457185405805,6.543201787043918,48.179596823457544,0.02,6.196662323157107,6.5816586001488995,49.25208715129302,0,0,0,0,0,1
11696,1.0,2008,9.0,5.0,243.0,191.0,1,0.1,2.0,4.85,7.5,0.14,5.5,4.85,7.5,3.05,5.0,6.0,20.0,0,0,0,0,0,1
11697,14.0,2004,6.0,36.0,1827.0,1450.0,6,0.14,7.9,7.9,0.0,0.14,7.9,7.9,0.0,0.15,5.35,8.4,0.0,0,0,0,0,0,1
11698,17.0,2011,10.0,15.0,2348.0,4084.0,1,0.1,8.0,8.3,181.0,0.1,8.0,8.3,181.0,0.1,8.0,8.3,181.0,0,0,0,0,0,1
11699,11.0,2015,4.0,49.0,2349.0,4085.0,1,0.33,6.023708006279429,6.380546310832016,44.238808539944905,0.33,6.098238618524324,6.497463108320238,40.88240358126722,0.33,6.122084772370479,6.520916797488228,43.51325757575758,0,0,0,1,0,1
11700,4.0,2007,1.0,11.0,805.0,1226.0,1,0.02,4.5,6.0,11.0,0.2,4.5,6.0,11.0,0.2,4.5,6.0,11.0,0,0,0,0,0,1
11701,13.0,1998,4.0,412.0,2350.0,3579.0,1,0.0,0.0,0.0,0.0,0.0,0.0,0.0,0.0,0.1,0.0,5.0,1.0,1,0,0,0,0,1
11702,1.0,2009,6.0,354.0,1389.0,4086.0,5,0.09,2.3,2.3,45.416876320821174,0.04,2.3,2.3,44.29963771762101,0.04,2.3,2.3,45.280718526718324,0,0,0,0,0,1
11703,7.0,2008,10.0,26.0,2351.0,3134.0,1,0.13,6.7,7.4,5.0,0.13,6.7,7.4,5.0,0.1,7.0,8.1,5.0,0,0,0,0,0,1
11704,24.0,1994,3.0,9.0,34.0,4087.0,1,0.08,6.6,6.6,8.0,0.09,6.6,6.6,8.0,0.09,6.6,6.6,8.0,0,0,1,0,0,1
11705,7.0,2005,6.0,23.0,2352.0,4088.0,6,2.38,8.7,8.7,39.5,2.38,8.7,8.7,39.5,2.38,8.7,8.7,39.5,0,0,0,0,0,1
11706,13.0,1995,11.0,89.0,1181.0,225.0,1,0.47,5.0,7.6,42.0,0.06,4.5,7.6,42.0,0.06,4.5,7.6,42.0,1,0,0,0,1,1
11707,4.0,2010,6.0,29.0,2353.0,4089.0,4,0.1,8.2,8.05,44.0,0.1,8.2,8.05,44.0,0.1,8.2,8.05,44.0,0,0,0,0,0,1
11708,11.0,2016,2.0,13.0,98.0,500.0,8,0.05,7.2,5.0,92.0,0.06,7.5,6.0,1.0,0.36,7.4,8.2,11.0,1,0,0,1,0,1
11709,23.0,2012,11.0,26.0,1446.0,2378.0,1,0.08,5.0,5.5,2.0,0.08,5.0,5.5,2.0,0.08,5.0,5.5,2.0,0,0,0,0,0,1
11710,1.0,2008,10.0,204.0,880.0,637.0,1,0.12,5.7,6.8,4.0,0.09,5.7,6.8,4.0,0.4,5.7,7.25,1.0,0,0,0,0,0,1
11711,17.0,2010,11.0,4.0,2354.0,4090.0,1,0.08,6.036517973148549,6.446041576440007,42.41893830703013,0.08,6.13182763100909,6.5621524469467225,36.190578670492584,0.08,6.158211346903418,6.59756604590732,41.083213773314206,0,0,0,0,0,1
11712,15.0,2009,4.0,272.0,2355.0,4091.0,10,0.05,7.0,7.4,23.0,0.05,7.0,7.4,23.0,0.05,7.0,7.4,23.0,0,0,0,0,0,1
11713,5.0,2008,1.0,79.0,441.0,616.0,11,0.03,4.75,5.0,3.0,0.01,4.75,5.5,0.5,0.41,4.0,7.5,0.5,0,0,0,0,0,1
11714,7.0,2002,4.0,95.0,61.0,4092.0,6,0.11,5.45,7.2,7.0,0.05,4.0,7.1,7.0,0.05,4.0,7.1,7.0,0,0,0,0,0,1
11715,16.0,1987,1.0,11.0,1508.0,4093.0,1,0.26,4.0,4.0,1.0,0.26,4.0,4.0,1.0,0.26,4.0,4.0,1.0,0,0,0,0,0,1
11716,6.0,2011,1.0,15.0,87.0,3207.0,1,0.08,6.107652813930537,6.467882595817321,45.77475613360922,0.13,6.194403554438579,6.56657391616556,44.85269484678293,0.13,6.2266573916165795,6.606709451575302,45.76973100798108,0,0,1,0,0,1
11717,25.0,1994,3.0,9.0,461.0,4094.0,1,0.08,6.060073064770927,6.419377962085287,50.71839204668252,0.08,6.1445201421800935,6.542274881516566,48.91938621136806,0.08,6.189670221169031,6.580169826224309,49.949751458828615,1,0,1,0,0,1
11718,4.0,2010,11.0,292.0,2356.0,4095.0,1,0.05,5.95,5.95,1.0,0.05,5.95,5.95,1.0,0.03,5.95,5.95,1.0,0,0,0,0,0,1
11719,13.0,1997,5.0,13.0,1362.0,4096.0,1,0.17,6.042070079121586,6.394020668496688,49.29562687356727,0.17,6.127673179396085,6.510931697077347,47.72615059072474,0.17,6.172315517519764,6.551114161149683,49.20948686298713,0,0,0,0,0,1
11720,17.0,2006,6.0,9.0,2357.0,4097.0,1,0.1,7.7,7.7,3.0,0.1,7.7,7.7,3.0,0.1,7.7,7.7,3.0,0,0,0,0,0,1
11721,7.0,2003,2.0,114.0,575.0,4098.0,8,0.06,5.5,7.3,2.0,0.1,5.65,5.25,2.0,0.1,5.65,5.25,2.0,0,0,0,0,0,1
11722,10.0,2014,4.0,140.0,1322.0,2156.0,1,0.13,6.0370023640661925,6.4082836879432445,47.3185817805383,0.13,6.127933806146561,6.533567375886503,45.40683229813665,0.13,6.178366430260039,6.570146572104003,49.021868530020704,0,0,0,0,0,1
11723,6.0,2008,7.0,5.0,321.0,2985.0,2,0.02,5.0,6.0,20.0,0.13,5.0,4.8,20.0,0.15,5.0,4.8,20.0,0,0,0,0,0,1
11724,9.0,2004,2.0,1.0,1.0,4099.0,1,0.08,7.0,7.0,1.0,0.08,7.0,7.0,1.0,0.08,7.0,7.0,1.0,0,0,1,0,0,1
11725,14.0,2003,2.0,6.0,19.0,194.0,3,0.79,7.9,8.5,20.0,1.55,7.8,7.7,20.0,0.14,8.27,7.55,81.5,1,0,1,0,1,1
11726,4.0,2009,11.0,217.0,1441.0,4100.0,1,0.0,0.0,0.0,0.0,0.02,4.0,6.0,26.0,0.02,4.0,6.0,26.0,0,0,0,0,0,1
11727,17.0,2010,6.0,69.0,2358.0,4101.0,1,0.09,6.036517973148549,6.446041576440007,42.41893830703013,0.09,6.13182763100909,6.5621524469467225,36.190578670492584,0.09,6.158211346903418,6.59756604590732,41.083213773314206,0,0,0,0,0,1
11728,1.0,2012,6.0,12.0,369.0,51.0,11,0.98,6.0,6.13,150.5,0.08,5.0,6.5,2.0,2.88,5.5,6.47,6.0,0,0,0,0,0,1
11729,23.0,2015,4.0,49.0,2349.0,4085.0,1,0.08,6.023708006279429,6.380546310832016,44.238808539944905,0.08,6.098238618524324,6.497463108320238,40.88240358126722,0.08,6.122084772370479,6.520916797488228,43.51325757575758,0,0,0,1,0,1
11730,6.0,2011,9.0,5.0,415.0,3686.0,11,0.09,6.006015209125474,6.41599619771862,41.036795626576954,0.09,6.090570342205316,6.534011406844094,35.344407064760304,0.09,6.119920152091249,6.565832699619768,39.97560975609756,0,0,0,0,0,1
11731,6.0,2011,3.0,15.0,2189.0,3809.0,11,0.09,6.5,7.9,41.036795626576954,0.09,6.5,7.9,35.344407064760304,0.09,6.5,7.9,39.97560975609756,0,0,0,0,0,1
11732,9.0,2002,2.0,13.0,51.0,453.0,9,0.22,5.0,7.05,1.0,0.22,5.0,7.05,1.0,1.64,6.0,6.0,4.0,0,0,1,0,0,1
11733,13.0,2000,10.0,167.0,661.0,970.0,1,0.04,6.080184531886015,6.4249240162822545,49.17336199229173,0.04,6.164715061058349,6.539900949796512,47.802772013044766,0.04,6.208497964721839,6.582871099050231,49.20360213459828,0,0,0,0,0,1
11734,13.0,1996,1.0,40.0,448.0,4102.0,1,0.0,0.0,0.0,0.0,0.0,0.0,0.0,0.0,0.0,0.0,0.0,0.0,1,0,0,0,0,1
11735,4.0,2011,5.0,97.0,2359.0,4103.0,1,0.09,6.107652813930537,6.467882595817321,45.77475613360922,0.09,6.194403554438579,6.56657391616556,44.85269484678293,0.09,6.2266573916165795,6.606709451575302,45.76973100798108,0,0,0,0,0,1
11736,17.0,2005,9.0,26.0,424.0,701.0,1,0.09,7.0,7.0,1.0,0.08,7.0,7.0,1.0,0.18,7.0,7.0,1.0,0,0,0,0,1,1
11737,10.0,2013,11.0,92.0,2037.0,3516.0,1,0.05,6.9,7.4,1.0,0.1,6.0,7.05,31.0,0.1,6.0,7.05,31.0,0,0,0,0,0,1
11738,10.0,2015,6.0,26.0,1344.0,2197.0,1,0.08,5.0,5.0,44.238808539944905,0.08,5.0,5.0,40.88240358126722,0.26,5.0,5.0,43.51325757575758,0,0,0,0,0,1
11739,7.0,2001,9.0,4.0,2360.0,4104.0,6,0.26,6.77,6.68,38.5,0.26,6.77,6.68,38.5,0.26,6.77,6.68,38.5,0,0,0,0,0,1
11740,4.0,2011,5.0,68.0,938.0,4105.0,11,0.1,6.7,6.95,5.0,0.19,6.7,6.95,5.0,0.19,6.7,6.95,5.0,0,0,0,0,0,1
11741,14.0,2006,9.0,6.0,579.0,2185.0,6,0.25,4.05,6.7,1.0,0.12,4.57,6.65,9.0,0.12,4.57,6.65,9.0,0,0,0,0,0,1
11742,19.0,2003,12.0,5.0,164.0,2592.0,11,0.56,7.7,7.3,1.5,0.08,4.8,5.22,1.5,0.08,4.8,5.22,1.5,0,0,0,0,0,1
11743,10.0,2015,9.0,239.0,779.0,3586.0,10,0.09,6.9,6.9,46.93294829482948,0.09,6.9,6.9,45.34031903190319,0.09,6.9,6.9,46.23432343234323,0,0,0,0,0,1
11744,10.0,2015,10.0,192.0,1602.0,2130.0,1,0.41,4.6,4.7,1.0,0.19,4.6,4.7,1.0,0.19,4.6,4.7,1.0,0,0,0,0,0,1
11745,4.0,2011,5.0,364.0,1407.0,4106.0,6,0.11,5.15,3.75,2.0,0.01,4.3,3.75,2.0,0.01,4.3,3.75,2.0,0,0,0,0,0,1
11746,4.0,2009,8.0,12.0,958.0,4107.0,12,0.08,6.108570816186554,6.4735210905350415,45.496519612454144,0.08,6.194410150891657,6.572713477366295,44.671996989935096,0.08,6.223702846364916,6.612706618655714,45.642884018436646,0,0,0,0,0,1
11747,23.0,2013,9.0,49.0,253.0,3004.0,1,0.19,6.2,7.25,41.0,1.2,6.2,7.25,41.0,1.2,6.2,7.25,41.0,0,0,0,0,0,1
11748,23.0,2013,11.0,157.0,2157.0,3742.0,1,0.05,6.016843832020995,6.3843011811023525,43.64141414141414,0.05,6.091391076115479,6.49972440944881,40.217532467532465,0.09,6.117578740157478,6.52308070866142,43.198232323232325,0,0,0,0,0,1
11749,24.0,1997,11.0,413.0,2361.0,4108.0,1,0.0,0.0,0.0,0.0,0.0,0.0,0.0,0.0,0.0,0.0,0.0,0.0,0,0,0,0,0,1
11750,23.0,2013,1.0,9.0,1923.0,3268.0,1,0.13,10.0,10.0,1.0,0.13,10.0,10.0,1.0,0.13,10.0,10.0,1.0,0,0,0,0,1,1
11751,17.0,2012,4.0,26.0,1405.0,2313.0,1,0.08,6.072961653015631,6.425969843633651,50.50295255548768,0.02,6.152457185405805,6.543201787043918,48.179596823457544,0.02,6.196662323157107,6.5816586001488995,49.25208715129302,1,0,0,0,0,1
11752,6.0,2007,4.0,149.0,1430.0,2593.0,4,0.08,7.57,6.83,14.5,0.06,6.6,6.83,14.5,0.06,6.6,6.83,14.5,0,0,0,0,0,1
11753,4.0,2009,5.0,36.0,460.0,1637.0,6,0.32,7.0,7.27,38.5,0.48,7.19,7.82,88.5,0.32,7.0,7.27,38.5,1,0,0,0,0,1
11754,4.0,2005,5.0,9.0,55.0,4109.0,2,0.01,5.0,6.0,1.0,1.83,8.0,7.3,73.0,1.83,8.0,7.3,73.0,0,0,1,0,0,1
11755,4.0,2008,5.0,75.0,1904.0,3238.0,9,0.0,0.0,0.0,0.0,0.13,0.0,0.0,0.0,0.13,0.0,0.0,0.0,0,0,0,0,0,1
11756,6.0,2013,10.0,26.0,148.0,2359.0,11,0.09,5.6,5.0,1.0,0.23,5.6,6.95,38.0,0.23,5.6,6.95,38.0,0,0,0,0,0,1
11757,15.0,2011,8.0,8.0,108.0,202.0,3,0.39,4.9,5.3,1.0,0.41,5.3,7.05,1.0,0.42,6.2,5.95,24.0,0,0,0,0,0,1
11758,9.0,2005,7.0,15.0,217.0,4110.0,1,0.1,6.55,8.1,0.0,0.44,6.55,8.1,0.0,0.44,6.55,8.1,0.0,0,0,0,0,0,1
11759,13.0,1995,1.0,261.0,2041.0,3522.0,1,0.11,5.0,5.0,46.30825496342738,0.11,5.0,5.0,45.062225705329155,0.11,5.0,5.0,46.031556948798325,0,0,0,0,0,1
11760,10.0,2014,4.0,9.0,2362.0,4111.0,1,0.15,7.8,7.8,4.0,0.15,7.8,7.8,4.0,0.15,7.8,7.8,4.0,0,0,0,0,0,1
11761,5.0,2008,6.0,26.0,1672.0,2775.0,1,0.08,5.0,5.0,2.0,0.08,5.0,5.0,2.0,0.08,5.0,5.0,2.0,0,0,0,0,0,1
11762,17.0,2012,11.0,15.0,1589.0,1228.0,1,0.13,6.0,6.0,1.0,0.13,6.0,6.0,1.0,0.03,6.0,6.0,1.0,0,0,0,0,0,1
11763,19.0,2002,3.0,54.0,330.0,4112.0,2,0.18,5.1,7.4,15.0,0.52,7.4,7.1,15.0,0.52,7.4,7.1,15.0,0,0,0,0,0,1
11764,3.0,2000,2.0,13.0,51.0,4113.0,8,0.22,3.95,6.7,2.0,0.08,6.9,7.95,6.0,0.08,6.9,7.95,6.0,1,0,1,0,0,1
11765,4.0,2011,6.0,5.0,513.0,781.0,9,0.23,5.8,5.8,49.94059640265068,0.05,5.8,5.8,48.186573051435786,0.38,5.8,5.8,49.52627011675607,0,0,0,0,0,1
11766,15.0,2003,8.0,8.0,108.0,4114.0,9,0.16,8.9,7.1,157.5,0.3,8.47,8.47,157.5,0.3,8.47,8.47,157.5,1,0,0,1,0,1
11767,9.0,2002,5.0,24.0,29.0,778.0,5,0.19,6.1,7.9,0.0,0.08,7.0,7.9,0.0,0.08,7.0,7.9,0.0,1,0,0,0,0,1
11768,18.0,2016,9.0,13.0,51.0,67.0,1,0.36,5.5,7.1,180.0,0.36,5.5,7.1,180.0,0.09,5.25,6.98,50.0,1,1,1,0,0,1
11769,5.0,2014,8.0,207.0,1093.0,1763.0,5,0.07,4.5,3.88,3.5,0.02,7.8,7.3,4.0,0.02,7.8,7.3,4.0,0,0,0,0,0,1
11770,4.0,2007,11.0,6.0,2363.0,4115.0,1,0.14,6.099566138746374,6.4607807271916755,47.55820785897907,0.14,6.186688601383021,6.564681017176054,46.14738646101114,0.14,6.2206457729199345,6.6001962971225066,47.53813196229649,0,0,0,0,0,1
11771,1.0,2009,3.0,7.0,2364.0,43.0,8,0.1,5.13,7.15,2.0,0.1,5.13,7.15,2.0,0.23,5.13,5.7,24.5,0,0,0,0,0,1
11772,4.0,2006,9.0,22.0,679.0,76.0,4,0.39,7.67,7.48,114.5,0.15,7.67,7.4,114.5,0.39,7.67,7.48,114.5,1,1,0,1,1,1
11773,7.0,2002,9.0,78.0,997.0,4116.0,1,0.13,5.3,7.4,43.711032388663966,0.13,5.3,7.4,37.134362348178136,0.13,5.3,7.4,42.425607287449395,0,0,0,0,0,1
11774,4.0,2010,5.0,6.0,87.0,4117.0,1,0.13,6.036517973148549,6.446041576440007,42.41893830703013,0.13,6.13182763100909,6.5621524469467225,36.190578670492584,0.13,6.158211346903418,6.59756604590732,41.083213773314206,0,0,1,0,0,1
11775,14.0,2005,11.0,383.0,1855.0,4118.0,6,0.02,5.3,4.5,50.08513282585055,0.02,5.3,4.5,48.5046605561597,0.02,5.3,4.5,49.91968308218114,0,0,0,0,0,1
11776,14.0,2005,3.0,91.0,619.0,903.0,8,0.38,6.72,7.62,15.0,0.09,4.25,7.4,0.0,0.04,6.0,6.25,1.0,0,0,0,0,0,1
11777,24.0,1995,3.0,9.0,365.0,4119.0,1,0.08,6.105477410782085,6.471694191344031,46.30825496342738,0.14,6.192767653758562,6.565149962034973,45.062225705329155,0.14,6.223125474563416,6.604986712224803,46.031556948798325,0,0,0,0,0,1
11778,15.0,2013,11.0,414.0,1762.0,2943.0,10,0.03,8.23,8.02,65.5,0.15,7.13,7.48,30.0,0.15,7.13,7.48,30.0,0,0,0,0,0,1
11779,13.0,1998,9.0,78.0,676.0,1087.0,1,0.33,6.0,6.7,7.0,0.14,6.0,6.7,7.0,0.67,6.0,3.0,1.0,0,0,0,0,0,1
11780,5.0,2009,9.0,29.0,228.0,392.0,10,0.13,6.1,7.0,1.0,0.29,6.1,7.0,1.0,0.25,6.1,7.0,1.0,0,0,0,0,0,1
11781,3.0,2001,2.0,13.0,51.0,4120.0,1,0.56,8.15,8.1,32.0,0.22,8.0,8.0,8.0,0.22,8.0,8.0,8.0,1,0,1,0,0,1
11782,14.0,2003,2.0,26.0,109.0,1657.0,12,0.09,5.35,5.2,17.0,0.32,5.63,7.42,9.0,0.32,5.63,7.42,9.0,0,0,0,0,0,1
11783,5.0,2006,10.0,35.0,365.0,1683.0,9,0.05,5.0,4.3,2.0,0.03,6.6,8.2,2.0,0.39,6.9,7.75,29.0,1,0,0,0,0,1
11784,4.0,2008,4.0,17.0,2365.0,4121.0,1,0.08,8.1,8.1,3.0,0.08,8.1,8.1,3.0,0.08,8.1,8.1,3.0,0,0,0,0,0,1
11785,7.0,2004,12.0,49.0,524.0,826.0,4,0.07,6.25,7.2,3.0,0.51,6.23,6.98,14.5,0.95,6.75,7.35,13.0,1,0,0,0,1,1
11786,4.0,2006,1.0,88.0,256.0,4122.0,7,0.03,4.0,6.5,2.0,0.2,4.0,6.9,2.0,0.2,4.0,6.9,2.0,0,0,0,0,0,1
11787,4.0,2008,4.0,58.0,1405.0,2313.0,1,0.13,7.3,5.0,2.0,0.13,7.3,7.1,1.0,0.18,7.3,7.1,1.0,1,0,0,0,0,1
11788,17.0,2008,10.0,155.0,1139.0,1850.0,10,0.07,6.65,7.75,14.0,0.19,6.45,7.5,14.0,0.04,6.45,7.5,14.0,0,0,0,0,0,1
11789,7.0,2002,8.0,9.0,295.0,4123.0,3,0.12,9.0,7.3,175.0,0.15,8.65,9.1,175.0,0.15,8.65,9.1,175.0,0,0,1,0,0,1
11790,4.0,2011,6.0,29.0,276.0,1655.0,2,0.12,7.0,7.33,21.0,0.2,8.2,8.2,2.0,0.2,8.2,8.2,2.0,1,0,0,1,0,1
11791,5.0,2012,8.0,281.0,1564.0,4124.0,8,0.2,4.2,6.4,1.0,0.2,4.2,6.4,1.0,0.2,4.2,6.4,1.0,0,0,0,0,0,1
11792,5.0,2011,10.0,68.0,2234.0,1123.0,6,0.08,3.0,4.58,1.5,0.09,4.0,6.5,6.0,0.1,4.9,6.1,6.0,0,0,0,0,0,1
11793,7.0,2004,12.0,18.0,135.0,4125.0,2,0.25,7.35,8.4,2.0,0.23,7.45,7.4,9.0,0.23,7.45,7.4,9.0,0,0,0,0,0,1
11794,19.0,2003,11.0,6.0,265.0,4126.0,12,0.16,7.55,8.25,36.0,0.64,8.17,8.2,120.0,0.64,8.17,8.2,120.0,0,0,1,0,0,1
11795,9.0,2005,6.0,88.0,1883.0,4127.0,8,0.06,6.00425126409957,6.412411513029939,41.584122203098104,0.13,6.08789187086736,6.5213418903150435,35.80141996557659,0.13,6.1182224815246915,6.556748346946714,40.565834767641995,0,0,0,0,0,1
11796,14.0,2002,12.0,22.0,1528.0,2738.0,9,1.19,8.2,7.5,67.0,0.18,7.29,7.45,22.0,0.18,7.29,7.45,22.0,1,0,0,0,0,1
11797,13.0,1998,11.0,193.0,2366.0,2496.0,1,0.41,6.0,6.0,1.0,0.41,6.0,6.0,1.0,0.21,6.0,6.0,1.0,0,0,0,0,0,1
11798,17.0,2010,9.0,15.0,2367.0,4128.0,1,0.09,6.036517973148549,6.446041576440007,42.41893830703013,0.09,6.13182763100909,6.5621524469467225,36.190578670492584,0.09,6.158211346903418,6.59756604590732,41.083213773314206,0,0,0,0,0,1
11799,13.0,1998,5.0,4.0,2368.0,4129.0,1,0.14,4.0,4.0,3.0,0.14,4.0,4.0,3.0,0.14,4.0,4.0,3.0,0,0,0,0,0,1
11800,8.0,1994,1.0,391.0,2369.0,4130.0,1,0.0,0.0,0.0,0.0,0.0,0.0,0.0,0.0,0.0,0.0,0.0,0.0,0,0,0,0,0,1
11801,7.0,2008,11.0,49.0,524.0,4131.0,1,0.25,4.0,4.1,9.0,0.48,5.33,7.07,10.0,0.05,5.33,7.07,10.0,0,0,0,0,0,1
11802,14.0,2002,3.0,2.0,365.0,4132.0,11,0.1,7.15,8.2,14.0,1.5,7.6,7.9,1.0,1.5,7.6,7.9,1.0,0,0,0,0,0,1
11803,6.0,2013,4.0,134.0,1430.0,2916.0,5,0.2,5.9,6.92,4.0,0.16,5.5,6.2,5.0,0.16,5.5,6.2,5.0,0,0,0,0,0,1
11804,6.0,2012,1.0,217.0,2370.0,1336.0,1,0.33,4.0,6.5,4.0,0.33,4.0,6.5,4.0,0.05,4.0,6.5,4.0,0,0,0,0,0,1
11805,13.0,1996,2.0,19.0,2371.0,4133.0,1,0.12,6.074598214285714,6.518080357142857,51.629901960784316,0.12,6.105133928571427,6.627678571428572,32.81127450980392,0.12,6.240669642857141,6.645223214285716,43.85294117647059,0,0,0,0,0,1
11806,11.0,2016,9.0,5.0,163.0,110.0,5,0.85,8.2,7.1,73.5,0.03,6.8,7.13,22.5,0.22,6.8,5.65,1.0,0,0,0,0,0,1
11807,13.0,1997,7.0,29.0,61.0,3648.0,1,1.69,7.2,7.2,6.0,0.1,8.4,8.4,5.0,0.1,8.4,8.4,5.0,0,0,0,0,0,1
11808,23.0,2015,11.0,337.0,2372.0,3554.0,1,0.08,6.023708006279429,6.380546310832016,44.238808539944905,0.08,6.098238618524324,6.497463108320238,40.88240358126722,0.11,6.122084772370479,6.520916797488228,43.51325757575758,0,0,0,0,0,1
11809,18.0,2014,11.0,179.0,590.0,2533.0,11,0.1,8.0,8.0,24.0,0.1,8.0,8.0,24.0,0.1,8.0,8.0,24.0,0,0,0,0,0,1
11810,9.0,2003,10.0,6.0,98.0,4134.0,11,0.25,7.03,7.6,71.0,0.33,6.2,8.0,71.0,0.33,6.2,8.0,71.0,0,0,0,0,0,1
11811,23.0,2013,9.0,4.0,648.0,944.0,9,0.13,7.75,8.0,3.5,0.11,7.75,5.6,1.0,0.3,7.75,5.75,1.0,1,0,0,1,0,1
11812,4.0,2009,5.0,85.0,2373.0,4135.0,6,0.14,4.75,5.15,9.0,0.14,4.75,5.15,9.0,0.14,4.75,5.15,9.0,0,0,0,0,0,1
11813,10.0,2013,8.0,33.0,1391.0,2294.0,1,0.21,6.016843832020995,6.3843011811023525,43.64141414141414,0.21,6.091391076115479,6.49972440944881,40.217532467532465,0.21,6.117578740157478,6.52308070866142,43.198232323232325,0,0,0,0,0,1
11814,1.0,2010,1.0,415.0,1016.0,4136.0,1,0.0,0.0,0.0,0.0,0.25,0.0,4.25,2.0,0.25,0.0,4.25,2.0,0,0,0,0,0,1
11815,19.0,2005,12.0,26.0,683.0,701.0,1,0.08,5.941533923303834,6.313171091445431,50.56199677938808,0.08,6.055781710914458,6.470575221238942,37.569243156199676,0.09,6.052935103244841,6.466165191740415,43.750402576489535,0,0,0,0,0,1
11816,7.0,2007,6.0,213.0,1255.0,2028.0,12,0.14,2.0,7.8,46.930714968914394,0.06,2.0,7.8,45.4678981348637,0.14,2.0,7.8,46.8644787183166,0,0,0,0,0,1
11817,4.0,2007,1.0,11.0,1086.0,1226.0,10,0.74,4.45,7.4,0.0,0.02,4.5,6.0,11.0,0.03,4.5,6.0,11.0,0,0,0,0,0,1
11818,4.0,2007,1.0,71.0,669.0,2859.0,1,0.03,4.7,7.6,47.55820785897907,0.3,5.9,7.6,46.14738646101114,0.16,5.9,7.6,47.53813196229649,0,0,0,0,0,1
11819,7.0,2007,12.0,49.0,524.0,1335.0,2,0.02,7.6,8.3,47.86400791034937,0.09,7.6,8.3,46.669215557020436,0.07,7.4,8.2,47.940870138431116,1,0,0,0,0,1
11820,4.0,2008,4.0,26.0,1863.0,588.0,8,1.7,6.7,8.5,11.0,0.14,5.57,6.47,11.0,0.11,7.1,7.8,11.0,1,0,0,0,0,1
11821,4.0,2010,11.0,26.0,326.0,2042.0,1,0.08,6.7,7.2,6.0,1.69,6.7,7.2,6.0,0.29,6.7,7.2,6.0,0,0,0,0,0,1
11822,6.0,2010,3.0,5.0,1016.0,3450.0,11,0.1,8.3,8.3,44.246983408748115,0.07,8.3,8.3,32.7447209653092,0.07,8.3,8.3,36.71266968325792,0,0,0,0,0,1
11823,10.0,2013,6.0,82.0,2374.0,4137.0,1,0.02,6.016843832020995,6.3843011811023525,43.64141414141414,0.02,6.091391076115479,6.49972440944881,40.217532467532465,0.02,6.117578740157478,6.52308070866142,43.198232323232325,0,0,0,0,0,1
11824,1.0,2010,8.0,75.0,1013.0,4138.0,6,0.02,5.0,5.0,49.04950405770965,0.07,5.0,5.0,47.05843101893598,0.07,5.0,5.0,48.10054102795311,0,0,0,0,0,1
11825,4.0,2010,5.0,80.0,669.0,4139.0,4,0.08,7.2,6.3,46.01039378063208,0.1,7.2,6.3,45.13714720297448,0.1,7.2,6.3,46.44710157174244,0,0,0,0,0,1
11826,4.0,2009,8.0,12.0,958.0,4140.0,6,0.14,7.4,7.42,150.0,0.33,7.4,7.42,150.0,0.33,7.4,7.42,150.0,0,0,0,0,0,1
11827,4.0,2008,11.0,29.0,120.0,4141.0,3,0.02,6.77,6.45,39.5,0.07,5.73,7.37,15.0,0.07,5.73,7.37,15.0,1,0,0,0,0,1
11828,9.0,2003,6.0,68.0,2375.0,4142.0,1,0.2,7.0,7.0,47.685338686698614,0.2,7.0,7.0,46.47707550835384,0.2,7.0,7.0,47.855459137417434,0,0,0,0,0,1
11829,14.0,2005,2.0,29.0,249.0,689.0,9,0.08,5.3,6.8,3.0,0.21,4.8,6.8,3.0,0.09,6.03,7.0,1.5,0,0,0,0,0,1
11830,5.0,2015,9.0,6.0,19.0,23.0,10,0.13,6.5,3.5,1.0,0.13,6.5,3.5,1.0,0.22,6.5,3.5,1.0,1,1,1,0,0,1
11831,19.0,2005,10.0,15.0,221.0,110.0,3,0.03,4.55,6.6,3.0,0.11,6.37,7.53,4.0,0.44,4.6,6.43,1.0,0,0,1,0,0,1
11832,15.0,2011,8.0,333.0,450.0,809.0,1,0.0,0.0,0.0,0.0,0.13,3.5,7.08,49.0,0.13,3.5,7.08,49.0,0,0,0,0,0,1
11833,14.0,2005,7.0,88.0,2376.0,4143.0,3,0.02,9.0,9.0,1.0,0.02,9.0,9.0,1.0,0.02,9.0,9.0,1.0,0,0,0,0,1,1
11834,1.0,2010,1.0,15.0,87.0,102.0,1,0.08,4.0,2.5,2.0,0.09,4.0,7.0,1.0,0.16,4.0,7.0,1.0,0,0,1,0,0,1
11835,7.0,2008,11.0,119.0,910.0,1872.0,10,0.49,3.7,7.3,47.32791802049488,0.49,3.7,7.3,45.973319170207446,0.17,3.7,3.6,47.42195701074731,0,0,0,0,0,1
11836,6.0,2015,1.0,6.0,332.0,4144.0,9,0.05,6.0,6.85,1.0,0.08,6.6,7.95,2.0,0.08,6.6,7.95,2.0,0,0,0,0,0,1
11837,14.0,2003,6.0,2.0,2377.0,4145.0,1,0.12,6.1012652384897565,6.454888152444128,47.685338686698614,0.12,6.1868883891584945,6.56346904959172,46.47707550835384,0.12,6.225610131376502,6.600911350455717,47.855459137417434,0,0,0,0,0,1
11838,10.0,2011,8.0,6.0,19.0,4146.0,6,0.23,8.03,7.5,47.5,0.06,8.03,7.5,47.5,0.06,8.03,7.5,47.5,1,0,1,0,0,1
11839,13.0,1995,7.0,8.0,1578.0,4147.0,1,0.16,5.9,5.9,12.0,0.19,5.0,5.0,1.0,0.19,5.0,5.0,1.0,0,0,0,0,0,1
11840,17.0,2008,11.0,26.0,1065.0,4148.0,1,0.07,6.6,6.4,17.0,0.37,6.6,6.4,17.0,0.03,6.6,6.4,17.0,0,0,0,0,0,1
11841,9.0,2001,2.0,6.0,2378.0,3307.0,1,0.41,3.0,3.0,1.0,0.41,3.0,3.0,1.0,0.41,3.0,3.0,1.0,0,0,0,0,0,1
11842,15.0,2012,4.0,26.0,804.0,332.0,10,0.35,8.1,7.87,95.5,0.26,4.0,4.5,2.0,2.07,8.63,8.77,365.0,0,0,0,1,0,1
11843,7.0,2006,6.0,416.0,2379.0,4149.0,5,0.0,0.0,0.0,0.0,0.0,0.0,0.0,0.0,0.0,0.0,0.0,0.0,0,0,0,0,0,1
11844,17.0,2010,11.0,292.0,2356.0,4095.0,1,0.09,5.0,5.0,42.41893830703013,0.09,5.0,5.0,36.190578670492584,0.03,5.0,5.0,41.083213773314206,0,0,0,0,0,1
11845,14.0,2002,3.0,29.0,1845.0,4150.0,2,0.09,5.6,6.0,45.95096739994699,0.14,4.8,6.0,45.15509320611361,0.14,4.8,6.0,46.44641752805018,0,0,0,0,0,1
11846,4.0,2005,4.0,1.0,51.0,4151.0,1,0.16,5.0,6.4,20.0,0.23,4.0,6.4,20.0,0.23,4.0,6.4,20.0,1,0,1,0,1,1
11847,8.0,1994,9.0,58.0,2380.0,4152.0,1,0.37,6.060073064770927,6.419377962085287,50.71839204668252,0.37,6.1445201421800935,6.542274881516566,48.91938621136806,0.37,6.189670221169031,6.580169826224309,49.949751458828615,0,0,0,0,0,1
11848,1.0,2008,6.0,155.0,1139.0,2645.0,7,0.19,6.45,7.5,14.0,0.06,7.4,7.8,17.0,0.19,6.45,7.5,14.0,0,0,0,0,0,1
11849,7.0,2009,12.0,26.0,2381.0,4153.0,1,0.08,6.5,6.5,2.0,0.08,6.5,6.5,2.0,0.08,6.5,6.5,2.0,0,0,0,0,0,1
11850,5.0,2014,6.0,33.0,71.0,2981.0,10,0.42,7.4,6.8,45.81693893596576,0.19,7.4,6.8,44.85673102122827,0.19,7.4,6.8,46.249585044116365,0,0,0,1,0,1
11851,17.0,2009,12.0,26.0,2381.0,4153.0,1,0.08,8.0,8.0,1.0,0.08,8.0,8.0,1.0,0.08,8.0,8.0,1.0,0,0,0,0,0,1
11852,4.0,2007,12.0,29.0,513.0,4154.0,12,0.12,6.05,7.0,4.0,0.3,4.3,7.0,4.0,0.3,4.3,7.0,4.0,0,0,0,0,0,1
11853,7.0,2004,7.0,64.0,460.0,2969.0,4,0.18,5.4,8.0,7.0,0.03,5.6,8.0,7.0,0.15,7.25,7.6,7.0,1,0,0,0,0,1
11854,1.0,2010,3.0,54.0,1013.0,4155.0,4,0.12,6.13196643055128,6.497064983061319,46.01039378063208,0.05,6.2144672004927735,6.595193255312639,45.13714720297448,0.05,6.248746535263336,6.634806744687414,46.44710157174244,0,0,0,0,0,1
11855,4.0,2007,6.0,140.0,2382.0,4156.0,1,0.02,6.099566138746374,6.4607807271916755,47.55820785897907,0.02,6.186688601383021,6.564681017176054,46.14738646101114,0.02,6.2206457729199345,6.6001962971225066,47.53813196229649,0,0,0,0,0,1
11856,4.0,2009,9.0,26.0,2383.0,4157.0,1,0.07,6.06531266560678,6.414785373608896,47.58155002891845,0.07,6.151277159512439,6.537713301536816,45.36119144013881,0.07,6.18789083200847,6.572859035506092,49.094852515905146,0,0,0,0,0,1
11857,19.0,2005,7.0,6.0,196.0,4158.0,3,0.08,7.07,7.45,16.5,1.25,8.35,7.8,102.0,1.25,8.35,7.8,102.0,1,0,1,1,0,1
11858,10.0,2012,7.0,13.0,51.0,565.0,1,0.14,8.75,8.8,419.0,0.72,6.0,7.8,53.0,0.76,6.77,6.4,104.0,0,0,1,0,0,1
11859,4.0,2008,12.0,49.0,2384.0,4159.0,11,0.06,7.2,7.2,48.44426425401161,0.06,7.2,7.2,46.782946398088086,0.06,7.2,7.2,48.1357972004097,0,0,0,0,0,1
11860,11.0,2016,10.0,152.0,676.0,1799.0,6,0.03,6.3,6.0,2.0,0.02,6.3,7.0,2.0,0.18,7.0,7.9,19.0,1,0,0,1,0,1
11861,23.0,2015,4.0,134.0,1003.0,4160.0,6,0.05,6.8,7.45,2.5,0.26,8.2,8.35,34.0,0.26,8.2,8.35,34.0,0,0,0,0,0,1
11862,10.0,2013,6.0,26.0,2385.0,4161.0,1,0.08,6.016843832020995,6.3843011811023525,43.64141414141414,0.08,6.091391076115479,6.49972440944881,40.217532467532465,0.08,6.117578740157478,6.52308070866142,43.198232323232325,0,0,0,0,0,1
11863,15.0,2012,11.0,81.0,1027.0,1649.0,9,0.08,4.9,6.45,29.0,0.04,4.9,4.0,3.0,0.04,4.9,4.0,3.0,0,0,0,0,0,1
11864,4.0,2009,3.0,49.0,524.0,4162.0,5,0.29,6.24,6.15,18.0,0.03,6.24,6.15,18.0,0.03,6.24,6.15,18.0,0,0,0,0,0,1
11865,22.0,2000,10.0,255.0,2386.0,4163.0,1,0.1,6.080184531886015,6.4249240162822545,49.17336199229173,0.1,6.164715061058349,6.539900949796512,47.802772013044766,0.1,6.208497964721839,6.582871099050231,49.20360213459828,0,0,0,0,0,1
11866,4.0,2009,6.0,1.0,2387.0,4164.0,1,0.11,6.06531266560678,6.414785373608896,47.58155002891845,0.11,6.151277159512439,6.537713301536816,45.36119144013881,0.11,6.18789083200847,6.572859035506092,49.094852515905146,0,0,0,0,0,1
11867,17.0,2009,9.0,29.0,228.0,392.0,10,0.12,6.5,1.3,1.0,0.25,6.5,6.1,1.0,0.16,6.5,8.0,1.0,0,0,0,0,0,1
11868,9.0,2003,2.0,5.0,548.0,2557.0,2,0.04,4.2,7.5,2.0,0.04,4.2,7.5,2.0,0.04,4.2,7.5,2.0,0,0,0,0,0,1
11869,9.0,2003,1.0,31.0,1077.0,875.0,1,0.28,7.0,8.3,15.0,0.18,7.75,7.2,15.0,0.77,7.2,8.2,2.5,1,0,0,0,0,1
11870,20.0,2014,11.0,26.0,779.0,37.0,10,0.11,6.0,5.75,1.0,0.11,6.0,5.75,1.0,0.11,6.0,5.75,1.0,1,0,0,0,0,1
11871,4.0,2005,9.0,6.0,729.0,716.0,6,0.31,6.15,6.95,30.0,0.6,7.0,6.9,22.5,0.6,7.0,6.9,22.5,1,0,0,1,0,1
11872,10.0,2012,9.0,26.0,386.0,526.0,1,0.07,6.072961653015631,6.425969843633651,50.50295255548768,0.07,6.152457185405805,6.543201787043918,48.179596823457544,0.13,6.196662323157107,6.5816586001488995,49.25208715129302,0,0,0,0,0,1
11873,4.0,2008,11.0,71.0,264.0,4165.0,11,0.23,7.3,7.5,7.0,0.21,7.3,7.65,18.0,0.21,7.3,7.65,18.0,0,0,0,0,1,1
11874,14.0,2002,9.0,24.0,79.0,2797.0,11,0.78,7.1,5.9,45.226486486486486,0.37,3.9,5.9,38.287837837837834,0.37,3.9,5.9,43.71081081081081,0,0,0,0,0,1
11875,17.0,2008,4.0,266.0,1217.0,4166.0,1,0.01,8.5,8.1,30.5,0.21,8.5,8.1,30.5,0.21,8.5,8.1,30.5,0,0,0,0,0,1
11876,4.0,2011,6.0,176.0,147.0,4167.0,10,0.28,6.02490849673202,6.3988126361655615,46.89055793991416,0.27,6.123793028322429,6.526827886710213,45.688006676204104,0.27,6.174326797385606,6.567407407407391,48.2448736289938,0,0,0,0,0,1
11877,17.0,2006,1.0,60.0,266.0,549.0,6,0.34,6.7,6.3,2.5,0.03,7.0,6.62,2.5,0.2,7.05,6.5,2.0,0,0,0,0,0,1
11878,7.0,2007,3.0,201.0,1328.0,2288.0,1,0.01,6.0,7.4,1.0,0.27,7.0,7.4,0.0,0.27,7.0,7.4,0.0,0,0,0,0,0,1
11879,7.0,2007,3.0,40.0,993.0,4168.0,11,0.12,2.75,4.0,0.0,0.03,5.7,4.0,0.0,0.03,5.7,4.0,0.0,0,0,0,0,0,1
11880,13.0,1998,1.0,3.0,2388.0,4169.0,1,0.11,5.7,5.7,7.0,0.11,5.7,5.7,7.0,0.11,5.7,5.7,7.0,0,0,0,0,0,1
11881,15.0,2011,7.0,36.0,130.0,837.0,4,0.33,6.57,6.73,30.0,0.33,6.57,6.73,30.0,0.33,6.57,6.73,30.0,1,0,0,0,0,1
11882,15.0,2009,7.0,20.0,162.0,1299.0,2,0.53,7.29,7.43,120.0,0.53,7.29,7.43,120.0,0.53,7.29,7.43,120.0,0,0,0,1,0,1
11883,19.0,2002,1.0,9.0,249.0,378.0,9,0.19,7.6,6.7,8.0,0.22,6.0,5.4,9.0,0.52,9.0,7.3,9.0,0,0,0,0,0,1
11884,13.0,2000,9.0,49.0,538.0,770.0,1,0.12,5.0,7.3,86.0,0.14,6.5,7.3,86.0,1.01,8.6,8.6,86.0,1,0,0,0,0,1
11885,19.0,2005,6.0,15.0,71.0,1994.0,11,0.12,6.2,6.95,19.0,2.38,8.7,8.7,39.5,0.3,7.8,8.7,39.5,1,0,0,1,0,1
11886,10.0,2011,7.0,59.0,2389.0,4170.0,5,0.02,6.111755932203392,6.476118644067852,45.713787653402754,0.02,6.196956779661042,6.574441525423776,44.8219598363704,0.02,6.226490677966133,6.61576610169494,45.93584975827445,0,0,0,0,0,1
11887,4.0,2007,5.0,1.0,2390.0,4171.0,1,0.11,6.099566138746374,6.4607807271916755,47.55820785897907,0.11,6.186688601383021,6.564681017176054,46.14738646101114,0.11,6.2206457729199345,6.6001962971225066,47.53813196229649,0,0,0,0,0,1
11888,12.0,2000,1.0,1.0,2391.0,4172.0,1,0.2,6.080184531886015,6.4249240162822545,49.17336199229173,0.2,6.164715061058349,6.539900949796512,47.802772013044766,0.2,6.208497964721839,6.582871099050231,49.20360213459828,0,0,0,0,0,1
11889,7.0,2008,9.0,22.0,824.0,3862.0,2,0.19,4.87,3.57,9.5,0.41,4.25,6.7,0.0,0.41,4.25,6.7,0.0,0,0,0,0,0,1
11890,4.0,2010,11.0,29.0,2274.0,4173.0,6,0.21,4.15,5.7,4.0,0.08,4.15,5.7,4.0,0.08,4.15,5.7,4.0,0,0,0,0,0,1
11891,9.0,2004,9.0,1.0,1.0,111.0,1,0.08,5.0,5.0,2.0,0.08,7.1,7.1,24.0,0.82,7.1,7.1,24.0,0,0,1,0,0,1
11892,7.0,2002,11.0,102.0,1164.0,3018.0,2,0.2,6.5,7.35,8.0,0.08,6.5,7.35,8.0,0.15,4.0,4.0,3.0,0,0,0,0,0,1
11893,4.0,2006,6.0,15.0,87.0,2798.0,1,0.1,6.057909446618223,6.454225824482941,48.764652014652015,0.14,6.140609278926769,6.574768026830625,40.60225885225885,0.17,6.179580771380661,6.604046953605371,45.93101343101343,0,0,1,0,1,1
11894,7.0,2005,9.0,13.0,51.0,4174.0,4,0.99,7.87,8.7,272.5,2.09,8.4,9.1,272.5,2.09,8.4,9.1,272.5,0,0,1,0,0,1
11895,10.0,2011,2.0,294.0,1142.0,2731.0,1,0.05,6.107652813930537,6.467882595817321,45.77475613360922,0.02,6.194403554438579,6.56657391616556,44.85269484678293,0.08,6.2266573916165795,6.606709451575302,45.76973100798108,0,0,0,0,0,1
11896,15.0,2010,7.0,17.0,433.0,984.0,8,0.59,5.07,5.28,104.5,1.27,7.33,7.1,240.0,0.59,5.07,5.28,104.5,0,0,0,0,0,1
11897,4.0,2009,11.0,59.0,2392.0,4175.0,1,0.1,4.2,2.4,47.58155002891845,0.1,4.2,2.4,45.36119144013881,0.1,4.2,2.4,49.094852515905146,0,0,0,0,0,1
11898,9.0,2002,1.0,15.0,87.0,1922.0,3,0.52,8.85,8.73,62.0,0.03,4.95,8.73,62.0,0.03,4.95,8.73,62.0,1,0,1,0,0,1
11899,4.0,2008,3.0,158.0,327.0,4176.0,3,0.09,5.1,5.1,46.75586556753329,0.02,5.1,5.1,44.35351934051997,0.02,5.1,5.1,47.66138237159163,0,0,0,0,0,1
11900,5.0,2007,4.0,92.0,1737.0,4177.0,6,0.01,5.7,5.7,3.0,0.01,5.7,5.7,3.0,0.01,5.7,5.7,3.0,0,0,0,0,0,1
11901,10.0,2013,4.0,26.0,2393.0,4178.0,1,0.08,6.016843832020995,6.3843011811023525,43.64141414141414,0.08,6.091391076115479,6.49972440944881,40.217532467532465,0.08,6.117578740157478,6.52308070866142,43.198232323232325,0,0,0,0,0,1
11902,23.0,2014,11.0,179.0,590.0,2533.0,11,0.21,8.15,8.2,24.0,0.21,8.15,8.2,24.0,0.21,8.15,8.2,24.0,0,0,0,0,0,1
11903,4.0,2008,9.0,155.0,2394.0,4179.0,10,0.06,3.0,4.35,2.0,0.06,3.0,4.35,2.0,0.06,3.0,4.35,2.0,0,0,0,0,0,1
11904,4.0,2008,8.0,417.0,516.0,4180.0,1,0.02,3.0,6.0,1.0,0.02,4.8,8.1,1.0,0.02,4.8,8.1,1.0,0,0,0,0,0,1
11905,4.0,2005,6.0,12.0,104.0,1275.0,9,0.04,7.2,7.4,8.0,0.22,6.35,5.65,1.0,0.36,7.1,7.4,1.0,0,0,0,0,0,1
11906,5.0,2009,7.0,36.0,2185.0,3800.0,5,0.1,1.85,3.45,3.0,0.09,3.8,3.37,11.0,0.09,3.8,3.37,11.0,0,0,0,0,0,1
11907,17.0,2012,11.0,26.0,2395.0,4181.0,1,0.07,6.072961653015631,6.425969843633651,50.50295255548768,0.07,6.152457185405805,6.543201787043918,48.179596823457544,0.07,6.196662323157107,6.5816586001488995,49.25208715129302,0,0,0,0,0,1
11908,6.0,2011,6.0,32.0,31.0,260.0,2,3.19,7.6,7.6,18.0,0.55,3.55,5.85,3.0,0.1,8.47,7.07,24.5,1,0,0,0,0,1
11909,15.0,2005,4.0,2.0,69.0,82.0,9,0.03,7.0,7.15,14.0,0.04,9.0,7.87,181.0,2.66,8.25,8.05,100.0,1,0,0,1,0,1
11910,14.0,2002,9.0,11.0,312.0,4182.0,9,0.15,4.15,5.85,1.0,0.27,4.15,6.0,1.0,0.27,4.15,6.0,1.0,0,0,0,0,0,1
11911,7.0,2003,12.0,49.0,524.0,1335.0,2,0.06,6.4,7.17,8.0,0.06,6.4,7.17,8.0,0.32,7.2,8.3,8.0,1,0,0,0,0,1
11912,14.0,2004,11.0,36.0,541.0,3064.0,9,0.08,7.9,5.4,47.36133139729699,0.44,8.8,8.5,45.73416731821736,0.44,8.8,8.5,46.57991734614096,0,0,0,0,0,1
11913,3.0,2000,9.0,15.0,56.0,61.0,1,0.14,9.4,9.2,49.17336199229173,0.14,9.4,9.2,47.802772013044766,6.03,9.4,9.2,49.20360213459828,1,1,0,0,0,1
11914,14.0,2002,3.0,117.0,612.0,4183.0,7,0.1,6.2,9.0,1.0,0.1,6.2,9.0,1.0,0.1,6.2,9.0,1.0,0,0,0,0,0,1
11915,17.0,2006,10.0,4.0,2165.0,1394.0,1,0.1,5.0,7.6,11.0,0.1,5.0,7.6,11.0,0.09,5.0,6.0,3.0,1,0,0,0,0,1
11916,21.0,1993,11.0,9.0,1959.0,3113.0,1,1.5,7.7,7.7,16.0,0.12,6.9,6.9,38.0,0.12,6.9,6.9,38.0,0,0,0,0,0,1
11917,1.0,2007,10.0,88.0,2396.0,4184.0,1,0.1,5.9,5.9,47.55820785897907,0.1,5.9,5.9,46.14738646101114,0.1,5.9,5.9,47.53813196229649,0,0,0,0,0,1
11918,5.0,2009,6.0,32.0,71.0,260.0,5,0.2,6.100858058608059,6.465022893772954,45.416876320821174,0.2,6.1914130036630235,6.564434981685036,44.29963771762101,0.2,6.221868131868156,6.605723443223496,45.280718526718324,1,0,0,0,0,1
11919,1.0,2006,2.0,6.0,19.0,422.0,11,0.13,6.05,7.3,127.0,0.37,4.0,7.3,127.0,0.05,4.0,7.3,127.0,0,0,1,0,0,1
11920,15.0,2009,1.0,9.0,363.0,498.0,10,4.58,6.1,6.35,6.0,1.15,8.3,8.05,6.0,1.15,8.3,8.05,6.0,1,0,0,0,0,1
11921,1.0,2007,1.0,12.0,266.0,549.0,6,0.05,6.73,7.0,3.0,0.05,6.73,8.0,3.0,0.03,7.8,8.0,3.0,0,0,0,0,0,1
11922,13.0,1996,7.0,22.0,2397.0,4185.0,1,0.16,6.074598214285714,6.518080357142857,51.629901960784316,0.16,6.105133928571427,6.627678571428572,32.81127450980392,0.16,6.240669642857141,6.645223214285716,43.85294117647059,0,0,0,0,0,1
11923,13.0,1998,12.0,197.0,2223.0,4186.0,4,0.12,7.3,7.3,3.0,0.12,7.3,7.3,3.0,0.12,7.3,7.3,3.0,0,0,0,0,0,1
11924,17.0,2012,4.0,26.0,1121.0,3894.0,1,0.07,7.25,7.95,29.0,0.34,7.25,7.95,29.0,0.09,7.25,7.95,29.0,0,0,0,0,0,1
11925,23.0,2012,4.0,266.0,1217.0,1972.0,1,0.06,5.0,5.0,1.0,0.2,5.0,5.0,1.0,0.2,5.0,5.0,1.0,0,0,0,0,0,1
11926,5.0,2006,7.0,22.0,60.0,488.0,11,0.11,5.1,6.4,28.0,0.02,7.3,7.45,28.0,0.06,4.2,1.2,0.0,0,0,1,0,0,1
11927,4.0,2009,2.0,12.0,1842.0,3024.0,1,0.03,6.06531266560678,6.414785373608896,47.58155002891845,0.14,6.151277159512439,6.537713301536816,45.36119144013881,0.14,6.18789083200847,6.572859035506092,49.094852515905146,0,0,0,0,0,1
11928,6.0,2012,7.0,26.0,1001.0,4187.0,7,0.94,8.9,8.38,315.0,0.16,5.67,6.43,26.5,0.16,5.67,6.43,26.5,0,0,0,1,0,1
11929,7.0,2008,9.0,15.0,460.0,470.0,11,0.11,7.6,7.73,98.0,0.53,7.6,7.73,98.0,0.18,6.8,7.55,53.0,1,0,0,0,0,1
11930,13.0,1998,9.0,89.0,2398.0,4188.0,1,0.42,6.0,6.0,1.0,0.42,6.0,6.0,1.0,0.42,6.0,6.0,1.0,0,0,0,0,0,1
11931,5.0,2012,6.0,12.0,369.0,51.0,11,0.85,5.9,6.68,95.5,0.12,7.05,7.1,13.0,0.19,7.3,6.2,13.0,0,0,0,0,0,1
11932,7.0,2001,1.0,15.0,373.0,243.0,3,0.75,7.4,7.05,72.0,0.75,7.4,7.05,72.0,0.06,7.4,7.05,72.0,0,0,0,0,0,1
11933,4.0,2011,1.0,158.0,853.0,1739.0,2,0.02,5.65,7.0,2.0,0.09,5.65,7.0,2.0,0.09,5.65,7.0,2.0,0,0,0,0,0,1
11934,4.0,2007,8.0,8.0,2399.0,1244.0,3,0.15,7.87,6.97,23.5,0.15,7.87,6.97,23.5,0.57,6.0,7.4,33.0,0,0,1,0,0,1
11935,1.0,2009,3.0,88.0,2049.0,3540.0,5,0.12,6.3,2.75,3.0,0.05,3.35,2.75,3.0,0.05,3.35,2.75,3.0,0,0,0,1,0,1
11936,10.0,2011,1.0,15.0,1271.0,2069.0,1,0.08,6.107652813930537,6.467882595817321,45.77475613360922,0.08,6.194403554438579,6.56657391616556,44.85269484678293,0.24,6.2266573916165795,6.606709451575302,45.76973100798108,0,0,0,0,0,1
11937,15.0,2003,8.0,2.0,522.0,83.0,7,0.04,8.95,8.3,16.0,0.61,6.6,8.5,0.0,5.12,9.03,7.62,86.0,0,0,0,0,0,1
11938,14.0,2002,2.0,11.0,390.0,2836.0,9,0.14,5.8,7.1,8.0,0.5,4.4,6.6,8.0,0.5,4.4,6.6,8.0,0,0,0,0,0,1
11939,14.0,2003,9.0,8.0,312.0,135.0,12,0.28,5.3,6.5,40.0,0.16,5.8,6.27,2.5,0.28,5.3,6.5,40.0,0,0,0,0,0,1
11940,4.0,2009,1.0,15.0,2400.0,4189.0,1,0.08,6.06531266560678,6.414785373608896,47.58155002891845,0.08,6.151277159512439,6.537713301536816,45.36119144013881,0.08,6.18789083200847,6.572859035506092,49.094852515905146,0,0,0,0,0,1
11941,7.0,2004,9.0,15.0,87.0,4190.0,6,0.07,5.65,7.5,0.0,0.1,5.65,7.5,0.0,0.1,5.65,7.5,0.0,0,0,1,0,0,1
11942,15.0,2010,8.0,42.0,875.0,4191.0,11,0.12,5.53,6.47,10.5,0.14,5.53,6.47,10.5,0.14,5.53,6.47,10.5,1,0,0,0,0,1
11943,10.0,2014,11.0,26.0,2401.0,4192.0,1,0.09,5.0,5.0,1.0,0.09,5.0,5.0,1.0,0.09,5.0,5.0,1.0,0,0,0,0,0,1
11944,19.0,2003,2.0,181.0,226.0,2353.0,10,0.11,5.9,5.15,3.0,0.42,6.7,5.15,3.0,0.42,6.7,5.15,3.0,0,0,0,0,0,1
11945,8.0,1991,1.0,161.0,31.0,77.0,1,0.16,6.106693207510081,6.4691025262951625,46.589164053206446,0.16,6.193868082178333,6.5654811756611196,45.098410295230885,0.16,6.226080802123285,6.606436646023833,45.99854006704877,0,0,0,0,0,1
11946,12.0,1997,3.0,51.0,2402.0,4193.0,1,0.18,6.042070079121586,6.394020668496688,49.29562687356727,0.18,6.127673179396085,6.510931697077347,47.72615059072474,0.18,6.172315517519764,6.551114161149683,49.20948686298713,0,0,0,0,0,1
11947,12.0,2000,12.0,68.0,1186.0,1165.0,1,0.11,6.0,7.15,10.0,0.11,6.0,7.15,10.0,0.11,6.0,7.15,10.0,0,0,0,0,0,1
11948,9.0,2001,6.0,35.0,605.0,967.0,1,0.0,0.0,0.0,0.0,0.25,0.0,0.0,0.0,0.25,0.0,0.0,0.0,0,0,0,0,0,1
11949,12.0,1999,11.0,196.0,2403.0,4194.0,1,0.2,5.9864729458917845,6.425400801603205,44.05604395604396,0.2,6.120961923847696,6.589959919839676,34.17912087912088,0.2,6.162114228456913,6.618947895791575,38.04120879120879,0,0,0,0,0,1
11950,2.0,1992,10.0,15.0,87.0,110.0,1,0.63,8.5,8.62,83.5,0.06,8.5,7.3,4.0,1.39,8.5,10.0,1.0,0,0,1,0,0,1
11951,12.0,1998,10.0,58.0,2404.0,4195.0,1,0.55,8.0,8.0,1.0,0.55,8.0,8.0,1.0,0.55,8.0,8.0,1.0,0,0,0,0,0,1
11952,12.0,2000,1.0,29.0,2405.0,4196.0,1,0.35,6.0,6.0,1.0,0.35,6.0,6.0,1.0,0.35,6.0,6.0,1.0,0,0,0,0,0,1
11953,5.0,2009,1.0,3.0,368.0,1028.0,1,0.09,6.3,6.6,5.0,0.37,6.3,6.6,5.0,0.09,6.3,6.6,5.0,0,0,0,0,0,1
11954,14.0,2004,9.0,49.0,253.0,559.0,7,0.07,6.93,8.08,15.5,0.86,6.1,7.65,2.0,1.35,6.6,7.77,12.5,0,0,0,0,0,1
11955,7.0,2006,11.0,4.0,2406.0,4197.0,1,0.08,7.0,7.1,16.0,0.08,7.0,7.1,16.0,0.08,7.0,7.1,16.0,0,0,0,0,1,1
11956,15.0,2009,12.0,338.0,2407.0,4198.0,8,0.02,7.1,7.1,3.0,0.02,7.1,8.8,3.0,0.02,7.1,8.8,3.0,0,0,0,0,0,1
11957,17.0,2009,9.0,418.0,743.0,2480.0,1,0.07,7.3,6.9,2.0,0.06,4.0,6.0,6.0,0.06,4.0,6.0,6.0,0,0,0,0,0,1
11958,23.0,2015,9.0,152.0,676.0,1240.0,7,0.06,7.3,7.3,15.0,0.06,7.3,7.3,15.0,0.06,7.3,7.3,15.0,1,0,0,0,0,1
11959,4.0,2010,11.0,90.0,473.0,4199.0,6,1.16,4.67,5.73,85.0,1.16,4.67,5.73,85.0,1.16,4.67,5.73,85.0,0,0,0,0,0,1
11960,4.0,2009,8.0,15.0,667.0,4200.0,9,0.09,6.9,6.55,2.0,0.76,6.9,6.55,2.0,0.76,6.9,6.55,2.0,0,0,0,0,0,1
11961,19.0,2003,1.0,8.0,45.0,31.0,11,0.17,7.3,8.3,20.0,3.49,7.7,6.45,20.0,3.49,7.7,6.45,20.0,1,1,1,0,1,1
11962,6.0,2015,3.0,270.0,1040.0,2810.0,6,0.02,5.75,6.75,1.0,0.03,6.1,5.92,6.0,0.03,6.1,5.92,6.0,0,0,0,0,1,1
11963,6.0,2013,12.0,26.0,2408.0,4201.0,1,0.07,6.016843832020995,6.3843011811023525,43.64141414141414,0.07,6.091391076115479,6.49972440944881,40.217532467532465,0.07,6.117578740157478,6.52308070866142,43.198232323232325,1,0,0,0,0,1
11964,15.0,2007,8.0,8.0,108.0,4202.0,2,0.01,7.2,7.45,1.0,0.02,7.2,7.45,1.0,0.02,7.2,7.45,1.0,0,0,0,1,0,1
11965,19.0,2003,2.0,6.0,196.0,194.0,3,0.29,7.8,8.2,113.0,0.03,3.6,3.6,113.0,0.29,7.8,8.2,113.0,1,0,1,0,1,1
11966,1.0,2008,1.0,3.0,102.0,1568.0,9,0.13,6.83,7.03,5.0,0.13,6.83,7.03,5.0,0.13,6.83,7.03,5.0,1,0,1,0,0,1
11967,17.0,2008,4.0,26.0,40.0,625.0,1,0.07,6.75,5.0,1.0,0.51,6.75,7.75,11.0,0.08,6.75,6.0,1.0,1,0,1,0,0,1
11968,14.0,2004,6.0,222.0,1878.0,3181.0,8,0.04,8.0,8.05,5.0,0.13,4.8,6.5,5.0,0.13,4.8,6.5,5.0,0,0,0,0,0,1
11969,5.0,2011,10.0,13.0,51.0,1855.0,11,0.33,7.83,7.78,68.0,0.33,7.83,7.78,68.0,0.33,7.83,7.78,68.0,1,0,1,0,1,1
11970,15.0,2016,7.0,3.0,127.0,2425.0,5,0.22,6.1,6.98,15.0,0.22,6.1,6.98,15.0,0.22,6.1,6.98,15.0,0,0,0,1,0,1
11971,9.0,2005,11.0,241.0,2409.0,4203.0,1,0.16,5.941533923303834,6.313171091445431,50.56199677938808,0.16,6.055781710914458,6.470575221238942,37.569243156199676,0.16,6.052935103244841,6.466165191740415,43.750402576489535,1,0,0,0,0,1
11972,13.0,1996,4.0,252.0,538.0,2046.0,1,0.02,6.074598214285714,6.518080357142857,51.629901960784316,0.12,6.105133928571427,6.627678571428572,32.81127450980392,0.12,6.240669642857141,6.645223214285716,43.85294117647059,0,0,0,0,0,1
11973,1.0,2010,6.0,349.0,1908.0,2157.0,5,0.04,4.4,6.9,49.88838251197281,0.13,4.4,6.9,48.341572686544104,0.27,4.4,6.9,49.79777537463309,0,0,0,0,0,1
11974,1.0,2007,2.0,141.0,1389.0,4204.0,7,0.11,6.6,7.62,2.0,0.22,1.9,3.6,2.0,0.22,1.9,3.6,2.0,0,0,0,0,0,1
11975,4.0,2006,7.0,11.0,40.0,1833.0,1,0.31,5.65,6.4,12.0,0.11,5.0,7.6,42.0,0.04,7.0,7.6,0.0,0,0,1,0,0,1
11976,17.0,2005,11.0,11.0,1736.0,2898.0,10,0.02,7.75,7.7,103.0,0.05,7.75,7.7,103.0,0.1,4.0,6.5,4.0,0,0,0,0,0,1
11977,6.0,2016,10.0,152.0,676.0,1799.0,6,0.02,5.7,6.2,2.0,0.33,5.55,6.3,14.0,0.16,7.7,7.9,19.0,1,0,0,1,0,1
11978,7.0,2000,9.0,419.0,2410.0,4205.0,1,0.0,0.0,0.0,0.0,0.0,0.0,0.0,0.0,0.0,0.0,0.0,0.0,0,0,0,0,0,1
11979,4.0,2006,9.0,26.0,2411.0,4206.0,1,0.09,6.057909446618223,6.454225824482941,48.764652014652015,0.09,6.140609278926769,6.574768026830625,40.60225885225885,0.09,6.179580771380661,6.604046953605371,45.93101343101343,0,0,0,0,0,1
11980,14.0,2003,7.0,54.0,2412.0,4207.0,11,0.03,5.7,5.7,48.97781824201291,0.03,5.7,5.7,47.036252276113224,0.03,5.7,5.7,48.732577387849695,0,0,0,0,0,1
11981,1.0,2007,7.0,12.0,1135.0,4208.0,4,0.14,5.7,6.9,7.0,0.07,4.0,6.9,7.0,0.07,4.0,6.9,7.0,0,0,0,0,0,1
11982,10.0,2014,5.0,5.0,2413.0,4209.0,10,0.26,6.25,5.65,1.5,0.26,6.25,5.65,1.5,0.26,6.25,5.65,1.5,1,0,0,0,0,1
11983,4.0,2010,9.0,26.0,2414.0,4210.0,1,0.08,6.036517973148549,6.446041576440007,42.41893830703013,0.08,6.13182763100909,6.5621524469467225,36.190578670492584,0.08,6.158211346903418,6.59756604590732,41.083213773314206,0,0,0,0,0,1
11984,7.0,2004,9.0,49.0,524.0,3854.0,3,0.08,7.0,8.0,3.0,0.08,7.0,8.0,3.0,0.09,6.9,7.95,3.0,0,0,0,0,0,1
11985,23.0,2015,4.0,157.0,1217.0,2474.0,1,0.02,7.33,8.27,11.0,0.15,7.33,8.27,11.0,0.04,7.33,8.1,41.0,0,0,0,0,0,1
11986,1.0,2010,8.0,35.0,2415.0,4211.0,3,0.1,6.08441887842466,6.453391481164448,46.59712738403579,0.1,6.169430650684952,6.553359375000063,45.16023075111843,0.1,6.204124571917825,6.5905062071918294,46.507829055804095,0,0,0,0,0,1
11987,10.0,2013,9.0,257.0,476.0,686.0,1,0.01,6.016843832020995,6.3843011811023525,43.64141414141414,0.01,6.091391076115479,6.49972440944881,40.217532467532465,0.09,6.117578740157478,6.52308070866142,43.198232323232325,0,0,0,0,0,1
11988,4.0,2008,11.0,82.0,2034.0,3509.0,1,0.01,6.076557377049176,6.4289414021625335,50.52577025484975,0.07,6.1574189047785115,6.543221137077076,48.40728413845569,0.07,6.202197418904775,6.585209277990916,49.56694560669456,0,0,0,0,0,1
11989,23.0,2015,6.0,107.0,2416.0,4212.0,1,0.21,5.8,6.35,6.0,0.21,5.8,6.35,6.0,0.21,5.8,6.35,6.0,0,0,0,0,0,1
11990,4.0,2008,1.0,314.0,151.0,854.0,3,0.0,0.0,0.0,0.0,0.12,4.13,5.95,2.5,0.02,3.0,4.2,2.5,0,0,0,0,0,1
11991,4.0,2007,7.0,35.0,2049.0,4213.0,8,0.03,5.6,5.8,45.82505399568034,0.03,5.6,5.8,44.64352566080428,0.03,5.6,5.8,45.60989406561761,0,0,0,0,0,1
11992,4.0,2010,9.0,54.0,1738.0,3.0,9,0.08,6.0,5.3,4.0,0.02,6.0,5.3,4.0,11.9,6.0,8.2,136.0,0,0,0,0,0,1
11993,6.0,2012,8.0,207.0,1529.0,4214.0,9,0.01,6.15,10.0,1.0,0.2,6.15,6.1,2.0,0.04,6.75,6.15,2.0,0,0,0,0,0,1
11994,13.0,1997,7.0,4.0,61.0,4215.0,12,9.72,9.1,9.05,512.0,0.07,9.1,8.3,3.0,0.07,9.1,8.3,3.0,0,0,0,0,0,1
11995,19.0,2005,2.0,6.0,1893.0,2093.0,1,0.09,4.05,4.8,0.0,0.13,4.05,7.0,1.0,0.05,7.0,8.0,1.0,0,0,0,0,0,1
11996,4.0,2008,11.0,6.0,19.0,4216.0,3,0.43,6.0618735498839875,6.397914733178649,46.75586556753329,0.05,6.136783642691404,6.510945475638044,44.35351934051997,0.05,6.166203596287693,6.540310324825992,47.66138237159163,0,0,1,0,0,1
11997,4.0,2008,6.0,60.0,1407.0,4217.0,8,0.04,5.0,5.0,46.06567270145545,0.04,5.0,5.0,45.24915690450834,0.04,5.0,5.0,46.436324103656375,0,0,0,0,0,1
11998,13.0,1998,3.0,52.0,799.0,4218.0,1,0.14,7.3,7.3,3.0,0.14,7.3,7.3,3.0,0.14,7.3,7.3,3.0,0,0,0,0,0,1
11999,4.0,2010,6.0,15.0,51.0,4219.0,1,0.07,7.65,8.85,86.0,0.42,7.65,8.85,86.0,0.42,7.65,8.85,86.0,0,0,1,0,0,1
12000,19.0,2004,9.0,8.0,109.0,2758.0,7,0.22,8.8,8.4,0.0,0.01,4.95,7.0,0.0,0.17,3.5,5.32,14.0,0,0,0,0,0,1
12001,7.0,2005,4.0,49.0,2417.0,4220.0,7,1.39,6.97,8.2,47.0,1.39,6.97,8.2,47.0,1.39,6.97,8.2,47.0,0,0,0,0,0,1
12002,17.0,2007,6.0,174.0,1617.0,2979.0,5,0.01,3.7,5.3,3.0,0.01,3.7,5.3,3.0,0.01,3.7,5.3,3.0,1,0,0,0,0,1
12003,1.0,2008,7.0,15.0,2418.0,4221.0,4,0.04,6.063185185185184,6.578740740740735,39.83984375,0.04,6.028518518518515,6.640296296296294,33.34765625,0.04,6.137925925925924,6.6077037037037005,45.02734375,0,0,0,0,0,1
12004,7.0,2006,8.0,15.0,87.0,729.0,3,0.26,7.3,8.0,1.0,0.26,7.3,8.0,1.0,0.05,7.3,7.0,1.0,0,0,1,0,0,1
12005,9.0,2006,9.0,58.0,2419.0,4222.0,1,0.18,6.057909446618223,6.454225824482941,48.764652014652015,0.18,6.140609278926769,6.574768026830625,40.60225885225885,0.18,6.179580771380661,6.604046953605371,45.93101343101343,0,0,0,0,0,1
12006,7.0,2005,3.0,29.0,1648.0,4223.0,7,0.3,7.36,7.27,5.5,0.3,7.36,7.27,5.5,0.3,7.36,7.27,5.5,1,0,0,0,0,1
12007,7.0,2008,6.0,5.0,1207.0,370.0,1,0.08,2.0,2.0,50.52577025484975,0.31,2.0,2.0,48.40728413845569,0.31,2.0,2.0,49.56694560669456,0,0,0,0,1,1
12008,4.0,2005,12.0,26.0,2420.0,4224.0,11,0.09,6.6,7.2,44.6111833550065,0.09,6.6,7.2,34.02925877763329,0.09,6.6,7.2,39.31014304291288,0,0,0,0,0,1
12009,1.0,2009,6.0,75.0,1013.0,4225.0,10,0.03,6.0,5.7,101.0,0.33,6.0,5.15,1.0,0.33,6.0,5.15,1.0,0,0,0,0,0,1
12010,7.0,2000,7.0,335.0,947.0,2952.0,4,0.05,6.3,6.3,7.0,0.43,6.3,6.3,7.0,0.43,6.3,6.3,7.0,0,0,0,0,1,1
12011,6.0,2014,7.0,90.0,2421.0,4226.0,6,0.22,4.73,6.2,22.5,0.22,4.73,6.2,22.5,0.22,4.73,6.2,22.5,0,0,0,0,0,1
12012,15.0,2015,9.0,6.0,19.0,106.0,11,0.25,6.1,5.05,2.0,0.07,4.0,5.05,2.0,1.05,6.4,7.3,56.0,1,1,1,1,0,1
12013,1.0,2011,1.0,140.0,2422.0,4227.0,1,0.12,6.107652813930537,6.467882595817321,45.77475613360922,0.12,6.194403554438579,6.56657391616556,44.85269484678293,0.12,6.2266573916165795,6.606709451575302,45.76973100798108,0,0,0,0,0,1
12014,19.0,2005,9.0,9.0,270.0,730.0,10,0.11,6.9,8.3,32.0,0.22,6.8,7.87,32.0,0.22,6.8,7.87,32.0,0,0,0,0,0,1
12015,14.0,2004,2.0,5.0,186.0,2557.0,2,0.2,6.0,7.15,3.0,0.2,6.0,7.15,3.0,0.2,6.0,7.15,3.0,0,0,0,0,0,1
12016,13.0,1997,9.0,31.0,155.0,4228.0,1,0.12,6.0,6.0,1.0,0.12,6.0,6.0,1.0,0.12,6.0,6.0,1.0,0,0,0,0,0,1
12017,7.0,2007,11.0,82.0,2034.0,3509.0,1,0.02,6.099566138746374,6.4607807271916755,47.55820785897907,0.11,6.186688601383021,6.564681017176054,46.14738646101114,0.11,6.2206457729199345,6.6001962971225066,47.53813196229649,0,0,0,0,0,1
12018,1.0,2010,10.0,9.0,448.0,4229.0,7,0.4,6.27,7.05,115.5,0.38,3.8,4.33,5.0,0.38,3.8,4.33,5.0,0,0,0,1,0,1
12019,5.0,2006,6.0,2.0,2423.0,4230.0,9,0.15,6.2,7.4,11.0,0.15,6.2,7.4,11.0,0.15,6.2,7.4,11.0,1,0,0,0,0,1
12020,9.0,2004,9.0,72.0,1824.0,4231.0,5,0.03,6.7,5.8,0.0,0.05,7.25,8.3,0.0,0.05,7.25,8.3,0.0,0,0,0,0,0,1
12021,4.0,2008,12.0,9.0,1719.0,2858.0,1,0.09,6.076557377049176,6.4289414021625335,50.52577025484975,0.09,6.1574189047785115,6.543221137077076,48.40728413845569,0.16,6.202197418904775,6.585209277990916,49.56694560669456,0,0,0,0,0,1
12022,4.0,2011,9.0,5.0,415.0,3686.0,11,0.08,3.5,4.0,2.0,0.09,3.5,4.0,2.0,0.09,3.5,4.0,2.0,0,0,0,0,0,1
12023,18.0,2014,9.0,49.0,1696.0,320.0,2,0.18,6.4,6.62,3.0,0.09,6.5,5.7,1.5,0.18,6.4,6.62,3.0,1,0,0,1,1,1
12024,17.0,2012,9.0,54.0,2424.0,4232.0,1,0.02,7.0,7.0,2.0,0.02,7.0,7.0,2.0,0.02,7.0,7.0,2.0,0,0,0,0,0,1
12025,13.0,1996,8.0,420.0,660.0,1411.0,1,0.0,0.0,0.0,0.0,0.0,0.0,0.0,0.0,0.0,0.0,0.0,0.0,1,0,0,0,0,1
12026,22.0,2001,3.0,9.0,294.0,253.0,5,2.24,8.35,7.45,34.0,1.81,5.67,7.1,108.0,1.81,5.67,7.1,108.0,1,0,0,1,1,1
12027,8.0,1992,4.0,180.0,34.0,4051.0,1,0.08,7.0,8.0,2.0,1.24,7.0,8.0,2.0,1.24,7.0,8.0,2.0,1,0,1,0,0,1
12028,20.0,2012,9.0,26.0,185.0,4233.0,11,0.07,9.0,7.65,398.0,0.88,8.07,8.07,121.0,0.88,8.07,8.07,121.0,0,0,1,0,1,1
12029,4.0,2008,1.0,11.0,2425.0,1751.0,1,0.1,3.7,7.0,1.0,0.1,3.7,7.0,1.0,0.36,3.7,7.5,1.0,0,0,0,0,0,1
12030,21.0,1993,9.0,13.0,51.0,57.0,1,0.18,7.0,6.3,6.0,0.52,7.0,6.3,6.0,2.0,7.0,7.1,8.0,1,0,1,0,0,1
12031,15.0,2007,12.0,8.0,46.0,487.0,3,0.1,5.3,6.8,7.0,0.02,7.2,7.4,21.0,0.02,6.0,6.4,5.0,0,0,1,0,0,1
12032,19.0,2003,10.0,223.0,1047.0,2037.0,1,0.01,4.6,3.65,1.0,0.38,5.0,4.0,2.0,0.26,5.0,4.0,2.0,0,0,0,0,0,1
12033,4.0,2010,4.0,26.0,40.0,4234.0,1,0.07,8.5,7.77,250.5,1.59,8.5,7.77,250.5,1.59,8.5,7.77,250.5,0,0,1,0,0,1
12034,9.0,2004,5.0,1.0,1.0,4235.0,1,0.07,7.1,7.1,41.0,0.07,7.1,7.1,41.0,0.07,7.1,7.1,41.0,0,0,1,0,0,1
12035,10.0,2014,9.0,237.0,1379.0,4236.0,1,0.08,6.0370023640661925,6.4082836879432445,47.3185817805383,0.25,6.127933806146561,6.533567375886503,45.40683229813665,0.25,6.178366430260039,6.570146572104003,49.021868530020704,0,0,0,0,0,1
12036,18.0,2015,4.0,81.0,1315.0,2140.0,1,0.05,7.73,7.17,56.0,0.27,7.73,7.17,56.0,0.02,8.23,8.23,135.0,1,0,0,0,0,1
12037,1.0,2009,11.0,157.0,1774.0,2974.0,1,0.01,5.0,5.0,2.0,0.01,5.0,5.0,2.0,0.15,5.0,5.0,2.0,0,0,0,0,0,1
12038,4.0,2005,6.0,12.0,1135.0,4237.0,5,0.02,6.9,7.5,45.790360209033224,0.05,6.9,7.5,44.90593505039194,0.05,6.9,7.5,46.025615901455765,0,0,0,0,0,1
12039,4.0,2008,9.0,91.0,1016.0,4238.0,1,0.28,4.77,6.4,29.0,0.36,5.0,4.5,2.0,0.36,5.0,4.5,2.0,0,0,0,0,0,1
12040,13.0,1995,7.0,8.0,2426.0,4239.0,1,0.09,6.0,6.0,1.0,0.09,6.0,6.0,1.0,0.09,6.0,6.0,1.0,0,0,0,0,0,1
12041,11.0,2015,9.0,6.0,280.0,4240.0,8,0.16,6.03,6.63,91.5,0.08,5.1,6.25,3.0,0.08,5.1,6.25,3.0,0,0,0,0,0,1
12042,7.0,2002,9.0,25.0,1090.0,4241.0,11,0.04,6.041660916707742,6.4426416954164525,45.226486486486486,0.04,6.128339083292261,6.56379004435682,38.287837837837834,0.04,6.1578265155248895,6.601498275012326,43.71081081081081,0,0,0,0,0,1
12043,13.0,1994,3.0,4.0,504.0,4242.0,1,0.37,6.060073064770927,6.419377962085287,50.71839204668252,0.37,6.1445201421800935,6.542274881516566,48.91938621136806,0.37,6.189670221169031,6.580169826224309,49.949751458828615,0,0,0,0,1,1
12044,4.0,2005,12.0,35.0,119.0,4243.0,1,0.25,5.941533923303834,6.313171091445431,50.56199677938808,0.25,6.055781710914458,6.470575221238942,37.569243156199676,0.25,6.052935103244841,6.466165191740415,43.750402576489535,0,0,0,0,0,1
12045,6.0,2010,4.0,331.0,1887.0,3203.0,1,0.08,6.036517973148549,6.446041576440007,42.41893830703013,0.08,6.13182763100909,6.5621524469467225,36.190578670492584,0.08,6.158211346903418,6.59756604590732,41.083213773314206,0,0,0,0,0,1
12046,13.0,2002,11.0,15.0,2427.0,4244.0,1,0.09,6.050969223702346,6.468989435002288,43.711032388663966,0.09,6.146789159393657,6.595062011943035,37.134362348178136,0.09,6.180679834634819,6.631194304088199,42.425607287449395,0,0,0,0,0,1
12047,6.0,2014,9.0,26.0,1653.0,1039.0,1,0.08,4.77,5.25,87.5,0.08,4.77,5.25,87.5,0.16,4.13,6.65,6.5,0,0,0,0,0,1
12048,4.0,2007,9.0,49.0,524.0,320.0,7,0.63,8.9,8.1,52.0,0.71,5.13,6.03,46.5,0.71,5.13,6.03,46.5,1,0,0,1,1,1
12049,27.0,1993,10.0,255.0,380.0,1642.0,1,0.14,5.0,7.6,31.0,0.39,5.0,7.6,31.0,0.39,5.0,7.6,31.0,1,0,0,0,0,1
12050,13.0,1998,9.0,421.0,1169.0,1903.0,1,0.0,0.0,0.0,0.0,0.32,0.0,7.3,4.0,0.32,0.0,7.3,4.0,0,0,0,0,0,1
12051,7.0,2002,10.0,159.0,1799.0,2794.0,11,0.13,4.0,4.0,3.0,0.15,4.0,4.0,3.0,0.17,4.0,4.0,3.0,0,0,0,0,0,1
12052,7.0,2003,11.0,4.0,923.0,4245.0,3,0.24,4.6,3.6,11.5,0.47,5.57,5.8,11.5,0.47,5.57,5.8,11.5,0,0,0,0,0,1
12053,13.0,1999,4.0,4.0,40.0,4246.0,10,1.86,7.2,8.25,44.0,0.4,8.0,7.3,10.0,0.4,8.0,7.3,10.0,0,0,1,0,0,1
12054,7.0,2002,4.0,254.0,1382.0,1385.0,1,0.25,6.050969223702346,6.468989435002288,43.711032388663966,0.25,6.146789159393657,6.595062011943035,37.134362348178136,0.25,6.180679834634819,6.631194304088199,42.425607287449395,0,0,0,0,0,1
12055,19.0,2004,1.0,8.0,27.0,651.0,9,0.16,7.18,6.6,2.0,0.16,7.18,6.6,2.0,0.45,7.22,8.2,9.0,1,0,1,0,0,1
12056,19.0,2005,6.0,40.0,210.0,519.0,10,0.69,7.07,8.03,17.5,0.89,7.3,8.0,1.0,0.16,6.7,6.0,1.0,1,0,0,0,0,1
12057,10.0,2013,9.0,5.0,513.0,3038.0,11,0.12,7.25,4.65,4.5,0.28,7.25,4.65,4.5,0.28,7.25,4.65,4.5,0,0,0,0,0,1
12058,7.0,2004,9.0,15.0,103.0,4247.0,3,0.09,9.0,7.7,4.0,0.21,6.0,7.3,4.0,0.21,6.0,7.3,4.0,0,0,0,0,0,1
12059,15.0,2009,9.0,13.0,51.0,67.0,3,5.11,7.8,7.05,676.0,5.11,7.8,7.05,676.0,5.11,7.8,7.05,676.0,1,1,1,0,0,1
12060,1.0,2008,11.0,103.0,1721.0,4248.0,11,0.59,4.0,5.95,3.0,0.03,6.5,7.35,7.0,0.05,6.7,7.25,26.5,1,0,0,0,0,1
12061,4.0,2008,11.0,49.0,2428.0,4249.0,1,0.12,6.076557377049176,6.4289414021625335,50.52577025484975,0.12,6.1574189047785115,6.543221137077076,48.40728413845569,0.12,6.202197418904775,6.585209277990916,49.56694560669456,0,0,0,0,0,1
12062,23.0,2014,1.0,15.0,1271.0,2069.0,1,0.12,6.0370023640661925,6.4082836879432445,47.3185817805383,0.12,6.127933806146561,6.533567375886503,45.40683229813665,0.14,6.178366430260039,6.570146572104003,49.021868530020704,0,0,0,0,0,1
12063,24.0,1997,9.0,13.0,51.0,776.0,1,0.1,6.0,6.9,15.0,0.2,6.0,7.0,1.0,0.2,6.0,7.0,1.0,1,0,1,0,0,1
12064,1.0,2010,1.0,26.0,384.0,1415.0,1,0.07,7.0,7.3,18.0,0.06,7.0,7.3,18.0,0.02,4.0,5.0,1.0,0,0,0,0,0,1
12065,15.0,2013,3.0,36.0,130.0,1661.0,5,0.39,7.4,6.68,76.5,0.39,7.4,6.68,76.5,0.39,7.4,6.68,76.5,0,0,0,0,0,1
12066,3.0,1998,1.0,15.0,87.0,1539.0,1,0.27,6.0160609318996405,6.403268817204285,46.05333068992863,0.27,6.099759856630821,6.523605734767007,42.11122125297383,0.11,6.1246594982078815,6.541229390680994,45.49722442505948,0,0,1,0,0,1
12067,9.0,2006,5.0,3.0,2429.0,4250.0,2,0.13,5.0,7.62,12.0,0.13,5.0,7.62,12.0,0.13,5.0,7.62,12.0,0,0,0,0,0,1
12068,11.0,2015,12.0,207.0,1529.0,4251.0,10,0.3,7.03,7.13,20.0,0.07,4.5,3.88,3.5,0.07,4.5,3.88,3.5,0,0,0,0,0,1
12069,13.0,2001,1.0,59.0,2257.0,4252.0,1,0.07,6.097708281522011,6.447693359860781,47.903901046622266,0.07,6.1815792091519635,6.559855757274357,46.559535136604595,0.07,6.221097985575736,6.597542899776213,47.730256898192195,0,0,0,0,0,1
12070,6.0,2015,9.0,239.0,548.0,4253.0,11,0.05,6.9,6.9,49.16500321957501,0.02,6.9,6.9,47.164037347070185,0.02,6.9,6.9,48.79145202833226,0,0,0,0,0,1
12071,19.0,2002,9.0,181.0,305.0,1491.0,12,0.11,4.2,5.35,2.0,1.76,6.37,6.32,29.5,0.43,6.37,6.32,29.5,0,0,0,0,0,1
12072,24.0,1995,6.0,273.0,1621.0,2688.0,1,0.19,6.105477410782085,6.471694191344031,46.30825496342738,0.19,6.192767653758562,6.565149962034973,45.062225705329155,0.19,6.223125474563416,6.604986712224803,46.031556948798325,0,0,0,0,0,1
12073,15.0,2012,9.0,127.0,411.0,558.0,5,0.01,7.2,8.15,128.0,0.64,7.2,8.15,128.0,1.35,8.1,8.23,848.0,0,0,0,0,0,1
12074,8.0,1993,9.0,106.0,2430.0,4254.0,1,0.0,0.0,0.0,0.0,0.0,0.0,0.0,0.0,0.0,0.0,0.0,0.0,0,0,0,0,0,1
12075,19.0,2004,12.0,64.0,116.0,894.0,11,0.04,5.95,6.5,3.0,3.61,6.57,7.62,97.5,0.15,5.6,6.5,97.5,1,0,0,0,0,1
12076,4.0,2007,4.0,69.0,819.0,4255.0,1,0.34,8.35,8.3,24.0,0.23,8.35,8.3,24.0,0.23,8.35,8.3,24.0,0,0,0,0,0,1
12077,1.0,2010,1.0,75.0,824.0,4256.0,3,0.05,5.07,4.95,3.0,0.06,5.07,4.95,3.0,0.06,5.07,4.95,3.0,0,0,0,0,0,1
12078,17.0,2007,4.0,49.0,2193.0,4257.0,8,0.05,6.95,8.6,11.0,0.06,6.0,5.0,4.0,0.06,6.0,5.0,4.0,0,0,0,0,0,1
12079,13.0,1997,8.0,14.0,399.0,4258.0,1,0.11,6.0,6.0,1.0,0.11,6.0,6.0,1.0,0.11,6.0,6.0,1.0,0,0,0,0,0,1
12080,10.0,2015,9.0,26.0,1121.0,3894.0,1,0.08,6.85,7.4,4.0,0.14,6.85,7.4,4.0,0.09,6.85,7.4,4.0,0,0,0,0,0,1
12081,13.0,1997,9.0,120.0,52.0,4259.0,1,0.21,7.97,5.0,1.0,1.59,7.97,8.6,102.0,1.59,7.97,8.6,102.0,0,0,0,0,0,1
12082,18.0,2015,9.0,6.0,19.0,23.0,10,0.08,4.0,4.0,46.93294829482948,0.08,4.0,4.0,45.34031903190319,0.08,4.0,4.0,46.23432343234323,1,1,1,0,0,1
12083,4.0,2007,2.0,11.0,2431.0,4260.0,2,0.32,4.9,6.9,47.86400791034937,0.32,4.9,6.9,46.669215557020436,0.32,4.9,6.9,47.940870138431116,0,0,0,0,0,1
12084,19.0,2002,1.0,9.0,218.0,3347.0,3,0.11,6.6,7.5,47.00641389488024,0.42,6.9,7.0,45.229821773186515,0.42,6.9,7.0,46.14320581223748,0,0,0,0,0,1
12085,7.0,2004,11.0,383.0,1140.0,3298.0,10,0.1,5.35,7.15,54.0,0.04,6.3,7.5,32.0,0.04,6.3,7.5,32.0,0,0,0,0,0,1
12086,4.0,2008,4.0,204.0,2432.0,4261.0,1,0.08,6.076557377049176,6.4289414021625335,50.52577025484975,0.08,6.1574189047785115,6.543221137077076,48.40728413845569,0.08,6.202197418904775,6.585209277990916,49.56694560669456,0,0,0,0,0,1
12087,4.0,2007,9.0,157.0,2129.0,3689.0,1,0.02,6.099566138746374,6.4607807271916755,47.55820785897907,0.02,6.186688601383021,6.564681017176054,46.14738646101114,0.02,6.2206457729199345,6.6001962971225066,47.53813196229649,0,0,0,0,0,1
12088,1.0,2010,1.0,1.0,231.0,664.0,6,7.69,9.4,9.0,896.5,0.25,6.25,6.0,896.5,0.25,6.25,6.0,896.5,1,1,0,0,0,1
12089,6.0,2011,10.0,68.0,2234.0,1123.0,6,0.09,4.0,6.5,6.0,0.09,4.0,6.5,6.0,0.09,4.0,6.5,6.0,0,0,0,0,0,1
12090,13.0,1995,7.0,89.0,2433.0,4262.0,1,0.08,6.105477410782085,6.471694191344031,46.30825496342738,0.08,6.192767653758562,6.565149962034973,45.062225705329155,0.08,6.223125474563416,6.604986712224803,46.031556948798325,0,0,0,0,0,1
12091,4.0,2007,11.0,15.0,250.0,2767.0,3,0.46,6.45,8.8,2.0,0.08,6.45,8.8,2.0,0.11,6.45,6.75,17.0,1,0,0,0,0,1
12092,1.0,2010,6.0,54.0,573.0,841.0,3,0.02,8.3,8.3,46.59712738403579,0.37,8.3,8.3,45.16023075111843,0.37,8.3,8.3,46.507829055804095,0,0,0,0,0,1
12093,7.0,2008,9.0,5.0,1783.0,4263.0,1,0.08,2.0,2.0,50.52577025484975,0.15,2.0,2.0,48.40728413845569,0.15,2.0,2.0,49.56694560669456,0,0,0,0,0,1
12094,4.0,2006,9.0,29.0,286.0,4264.0,10,0.09,5.6,5.6,48.40748280219009,0.06,7.1,5.6,47.08746314755019,0.06,7.1,5.6,48.39758528709813,0,0,0,0,0,1
12095,4.0,2006,9.0,12.0,2434.0,4265.0,8,0.09,6.4,7.15,8.0,0.09,6.4,7.15,8.0,0.09,6.4,7.15,8.0,0,0,0,0,0,1
12096,4.0,2008,5.0,13.0,687.0,4266.0,11,0.14,6.044421151439289,6.38992177722153,48.44426425401161,0.02,6.126584793491856,6.504150500625782,46.782946398088086,0.02,6.170384856070071,6.544500938673344,48.1357972004097,0,0,0,0,0,1
12097,7.0,2002,1.0,10.0,2435.0,4267.0,1,5.3,8.45,8.8,350.0,5.3,8.45,8.8,350.0,5.3,8.45,8.8,350.0,0,0,0,0,0,1
12098,11.0,2016,7.0,13.0,51.0,67.0,10,0.07,7.23,7.38,4.5,0.05,7.2,5.0,92.0,0.01,7.0,6.8,77.0,1,1,1,1,0,1
12099,17.0,2008,9.0,418.0,1497.0,4268.0,4,0.05,6.5,6.5,39.83984375,0.02,6.5,6.5,33.34765625,0.02,6.5,6.5,45.02734375,0,0,0,0,0,1
12100,5.0,2011,6.0,54.0,2436.0,2448.0,11,0.14,7.6,7.55,3.0,0.14,7.6,7.55,3.0,0.22,3.75,6.5,2.0,0,0,0,1,0,1
12101,19.0,2003,9.0,8.0,330.0,1528.0,11,0.15,6.5,6.5,22.0,0.11,3.95,5.6,22.0,0.17,4.0,6.0,1.0,0,0,0,0,0,1
12102,7.0,2006,9.0,13.0,765.0,4269.0,2,0.01,7.15,7.05,28.0,0.11,7.15,7.05,28.0,0.11,7.15,7.05,28.0,0,0,0,0,0,1
12103,1.0,2006,9.0,12.0,643.0,3024.0,1,0.14,6.0,7.2,48.764652014652015,0.29,6.7,7.2,40.60225885225885,0.29,6.7,7.2,45.93101343101343,0,0,0,0,0,1
12104,1.0,2010,5.0,364.0,2183.0,1108.0,6,0.07,6.5,6.5,49.04950405770965,0.07,6.5,6.5,47.05843101893598,0.06,6.5,6.5,48.10054102795311,0,0,0,0,0,1
12105,4.0,2008,2.0,213.0,1118.0,1801.0,12,0.18,3.4,7.0,45.88682931064421,0.18,3.4,7.0,44.88565723215836,0.18,3.4,7.0,46.308734155235285,0,0,0,0,0,1
12106,9.0,2002,10.0,31.0,534.0,987.0,11,0.12,5.9,7.5,45.226486486486486,0.2,7.5,7.5,38.287837837837834,0.13,5.0,6.8,43.71081081081081,0,0,0,0,0,1
12107,5.0,2015,1.0,5.0,783.0,86.0,10,0.11,6.5,6.98,19.5,0.08,6.5,7.0,1.0,0.2,2.9,3.08,19.5,1,0,0,1,1,1
12108,7.0,2007,10.0,234.0,1139.0,4270.0,4,0.04,6.10560068813916,6.4721246296473955,46.33363157894737,0.04,6.193031635286265,6.565692440026811,45.141684210526314,0.04,6.223270572493568,6.6041183217051005,46.104,1,0,0,0,0,1
12109,14.0,2003,8.0,15.0,552.0,787.0,3,0.41,7.6,8.45,90.0,0.27,6.72,8.42,23.0,0.18,5.35,6.5,23.0,0,0,0,0,0,1
12110,10.0,2014,4.0,5.0,186.0,624.0,1,0.09,6.0370023640661925,6.4082836879432445,47.3185817805383,0.13,6.127933806146561,6.533567375886503,45.40683229813665,0.13,6.178366430260039,6.570146572104003,49.021868530020704,0,0,0,0,0,1
12111,1.0,2008,11.0,35.0,805.0,4271.0,8,0.27,5.7,7.8,46.06567270145545,0.04,3.7,7.8,45.24915690450834,0.04,3.7,7.8,46.436324103656375,0,0,0,0,0,1
12112,17.0,2011,4.0,67.0,2437.0,1576.0,1,0.24,8.0,7.8,37.0,0.24,8.0,7.8,37.0,0.22,5.3,6.3,9.0,0,0,0,0,0,1
12113,9.0,2005,1.0,8.0,31.0,31.0,10,0.09,7.17,7.42,61.0,0.43,7.17,7.42,61.0,0.68,5.5,6.8,22.0,1,1,0,0,1,1
12114,7.0,2002,1.0,40.0,210.0,4272.0,4,0.09,7.7,8.0,7.0,0.18,5.5,7.3,7.0,0.18,5.5,7.3,7.0,0,0,0,0,0,1
12115,4.0,2010,7.0,5.0,399.0,1032.0,9,0.08,7.3,6.9,49.51921757035004,0.43,7.3,6.9,47.858499199267904,0.43,7.3,6.9,49.493479752916954,0,0,0,0,0,1
12116,4.0,2008,8.0,6.0,19.0,4273.0,10,0.13,6.102638001824813,6.459495894160645,47.32791802049488,0.13,6.191270529197094,6.566937728102246,45.973319170207446,0.13,6.229014598540156,6.60431341240881,47.42195701074731,0,0,1,0,0,1
12117,4.0,2006,6.0,1.0,2438.0,4274.0,1,0.1,7.0,7.0,1.0,0.1,7.0,7.0,1.0,0.1,7.0,7.0,1.0,0,0,0,0,0,1
12118,7.0,2004,12.0,68.0,2056.0,4275.0,11,0.15,7.9,7.4,50.551418439716315,0.11,7.9,7.4,48.66979557780559,0.11,7.9,7.4,49.56727158948686,0,0,0,0,0,1
12119,14.0,2006,3.0,11.0,53.0,59.0,3,0.28,5.97,7.12,44.5,0.76,4.3,5.25,23.0,0.03,4.75,6.13,22.0,1,0,0,0,0,1
12120,15.0,2011,12.0,81.0,2439.0,4276.0,10,0.06,7.5,7.12,46.5,0.05,7.5,7.5,46.5,0.02,7.0,6.15,14.0,1,0,0,0,0,1
12121,17.0,2008,5.0,91.0,1222.0,3048.0,9,0.14,6.8,8.0,1.0,0.06,7.2,8.0,1.0,0.14,6.8,8.0,1.0,0,0,0,0,0,1
12122,9.0,2005,11.0,29.0,243.0,4277.0,1,0.12,5.0,5.0,0.0,0.52,5.0,5.0,0.0,0.52,5.0,5.0,0.0,0,0,0,0,0,1
12123,17.0,2012,4.0,26.0,2440.0,4278.0,1,0.07,6.072961653015631,6.425969843633651,50.50295255548768,0.07,6.152457185405805,6.543201787043918,48.179596823457544,0.07,6.196662323157107,6.5816586001488995,49.25208715129302,0,0,0,0,0,1
12124,4.0,2008,9.0,6.0,19.0,298.0,12,0.08,5.0,8.6,278.5,2.34,5.0,8.6,278.5,1.08,7.39,7.0,278.5,1,0,1,0,1,1
12125,4.0,2011,5.0,90.0,473.0,4279.0,6,0.1,6.143474808933733,6.507432663055609,46.21515842632565,0.1,6.2255123543815465,6.604321436521517,45.67675327848823,0.1,6.256786376790091,6.645066409438314,47.00456137492873,0,0,0,0,0,1
12126,11.0,2015,11.0,127.0,2060.0,3559.0,9,0.22,8.25,7.75,118.0,0.11,8.1,7.68,6.0,0.06,5.0,7.68,0.0,0,0,0,0,0,1
12127,9.0,2003,9.0,6.0,19.0,1787.0,11,0.09,7.3,7.7,198.0,0.32,9.1,8.1,198.0,0.32,9.1,8.1,198.0,0,0,1,0,0,1
12128,4.0,2006,6.0,143.0,2441.0,4280.0,1,0.66,6.057909446618223,6.454225824482941,48.764652014652015,0.66,6.140609278926769,6.574768026830625,40.60225885225885,0.66,6.179580771380661,6.604046953605371,45.93101343101343,0,0,0,0,0,1
12129,10.0,2015,9.0,257.0,2442.0,4281.0,1,0.05,4.0,4.0,1.0,0.05,4.0,4.0,1.0,0.05,4.0,4.0,1.0,0,0,0,0,0,1
12130,14.0,2003,3.0,73.0,2443.0,4282.0,3,0.06,6.129625212947189,6.49317484900112,46.11504800747727,0.06,6.21220380981881,6.590912188322794,45.224657999830065,0.06,6.245301223478409,6.630641938980961,46.5193304443878,0,0,0,0,0,1
12131,17.0,2010,1.0,3.0,102.0,1028.0,3,0.18,7.4,5.3,46.59712738403579,0.23,7.4,5.3,45.16023075111843,0.18,7.4,5.3,46.507829055804095,0,0,1,0,0,1
12132,10.0,2014,9.0,26.0,548.0,582.0,11,0.03,4.3,5.0,1.0,0.13,4.3,8.0,1.0,0.09,4.3,6.0,1.0,0,0,0,0,0,1
12133,9.0,2003,6.0,126.0,2444.0,4283.0,10,0.08,4.55,6.0,2.0,0.08,4.55,6.0,2.0,0.08,4.55,6.0,2.0,0,0,0,0,0,1
12134,17.0,2010,1.0,5.0,783.0,1242.0,9,0.08,7.0,7.0,1.0,0.08,7.0,7.0,1.0,0.27,7.35,7.35,1.0,0,0,0,0,0,1
12135,9.0,2006,9.0,5.0,377.0,1609.0,5,0.1,4.15,6.05,1.0,0.09,4.15,6.05,1.0,0.09,4.15,6.05,1.0,1,0,0,0,0,1
12136,4.0,2009,6.0,422.0,1868.0,2590.0,3,0.05,6.091280098280098,6.442550368550418,47.69869728713403,0.06,6.175740786240802,6.554272727272775,46.337630942788074,0.11,6.215514742014753,6.591929975430013,47.46736502820306,0,0,0,0,0,1
12137,13.0,2000,6.0,59.0,2257.0,4252.0,1,1.06,6.080184531886015,6.4249240162822545,49.17336199229173,1.06,6.164715061058349,6.539900949796512,47.802772013044766,1.06,6.208497964721839,6.582871099050231,49.20360213459828,0,0,0,0,0,1
12138,4.0,2010,6.0,119.0,2445.0,4284.0,10,0.33,6.057083503054985,6.415594704684301,49.885309852875615,0.33,6.142910386965374,6.540040733197534,48.07779759251003,0.33,6.1904786150712745,6.577492871690405,49.565425769059296,0,0,0,0,0,1
12139,13.0,1997,3.0,13.0,51.0,500.0,1,0.07,7.0,7.8,5.0,0.17,7.0,9.0,1.0,0.88,7.0,8.0,7.0,1,0,1,0,0,1
12140,6.0,2010,1.0,49.0,2370.0,1336.0,1,0.11,6.036517973148549,6.446041576440007,42.41893830703013,0.11,6.13182763100909,6.5621524469467225,36.190578670492584,0.03,6.158211346903418,6.59756604590732,41.083213773314206,0,0,0,0,0,1
12141,17.0,2007,12.0,71.0,1497.0,4285.0,5,0.03,5.5,7.4,6.0,0.03,5.15,7.4,6.0,0.03,5.15,7.4,6.0,1,0,0,0,0,1
12142,15.0,2007,12.0,2.0,599.0,1678.0,10,12.14,8.3,7.98,879.0,0.04,8.95,8.3,16.0,0.39,7.7,7.72,346.5,1,0,0,1,0,1
12143,13.0,1998,10.0,4.0,524.0,4286.0,1,0.12,6.0160609318996405,6.403268817204285,46.05333068992863,0.12,6.099759856630821,6.523605734767007,42.11122125297383,0.12,6.1246594982078815,6.541229390680994,45.49722442505948,0,0,0,0,0,1
12144,17.0,2007,4.0,423.0,1929.0,4287.0,12,0.03,7.0,6.4,46.930714968914394,0.03,7.0,6.4,45.4678981348637,0.03,7.0,6.4,46.8644787183166,0,0,0,0,0,1
12145,13.0,1996,1.0,15.0,2446.0,4288.0,1,0.09,6.074598214285714,6.518080357142857,51.629901960784316,0.09,6.105133928571427,6.627678571428572,32.81127450980392,0.09,6.240669642857141,6.645223214285716,43.85294117647059,0,0,0,0,0,1
12146,6.0,2011,12.0,49.0,1556.0,1160.0,1,0.11,7.0,8.0,45.77475613360922,0.11,7.0,8.0,44.85269484678293,0.08,7.0,8.0,45.76973100798108,0,0,0,0,0,1
12147,20.0,2014,9.0,5.0,186.0,624.0,1,0.08,6.0370023640661925,6.4082836879432445,47.3185817805383,0.11,6.127933806146561,6.533567375886503,45.40683229813665,0.11,6.178366430260039,6.570146572104003,49.021868530020704,0,0,0,0,0,1
12148,17.0,2006,6.0,424.0,2447.0,4289.0,1,0.0,0.0,0.0,0.0,0.0,0.0,0.0,0.0,0.0,0.0,0.0,0.0,0,0,0,0,0,1
12149,14.0,2002,3.0,54.0,19.0,194.0,9,0.28,5.4,6.9,13.0,0.14,5.5,6.7,13.0,0.6,5.65,6.75,13.0,1,0,1,0,1,1
12150,4.0,2008,6.0,8.0,383.0,3427.0,9,0.11,6.5,7.5,45.66070409134158,1.45,6.5,7.5,44.78520456707897,0.11,6.5,7.5,45.78801141769743,0,0,0,0,0,1
12151,17.0,2009,8.0,6.0,19.0,571.0,10,0.09,5.2,5.2,39.8933506044905,0.19,5.2,5.2,32.29706390328152,0.19,5.2,5.2,34.81476683937824,1,0,1,0,0,1
12152,7.0,2005,10.0,255.0,1139.0,1850.0,2,0.07,5.0,6.5,20.0,0.1,4.0,6.5,20.0,0.11,6.53,8.28,16.5,0,0,0,0,0,1
12153,1.0,2009,10.0,59.0,533.0,2642.0,11,0.09,3.95,5.25,10.0,0.18,3.95,5.25,10.0,0.06,3.95,5.25,10.0,0,0,0,0,0,1
12154,13.0,2001,9.0,78.0,431.0,894.0,1,0.13,5.47,6.93,4.5,0.13,5.47,6.93,4.5,0.17,5.47,6.93,4.5,1,0,0,0,0,1
12155,9.0,2005,6.0,88.0,2448.0,4290.0,8,0.13,6.00425126409957,6.412411513029939,41.584122203098104,0.13,6.08789187086736,6.5213418903150435,35.80141996557659,0.13,6.1182224815246915,6.556748346946714,40.565834767641995,0,0,0,0,1,1
12156,7.0,2010,11.0,379.0,2449.0,4291.0,1,0.01,6.036517973148549,6.446041576440007,42.41893830703013,0.01,6.13182763100909,6.5621524469467225,36.190578670492584,0.01,6.158211346903418,6.59756604590732,41.083213773314206,0,0,0,0,0,1
12157,6.0,2010,2.0,4.0,572.0,387.0,11,0.27,5.7,6.03,15.0,0.6,5.87,6.03,15.0,0.83,7.65,8.25,18.0,0,0,0,0,0,1
12158,23.0,2014,4.0,279.0,950.0,1482.0,1,0.18,2.75,7.17,17.0,0.13,2.75,4.8,5.0,0.18,2.75,7.17,17.0,1,0,0,0,0,1
12159,7.0,2004,8.0,12.0,227.0,946.0,9,0.1,5.93,6.82,7.5,0.04,6.0,7.55,6.0,0.31,6.0,7.0,1.0,1,0,0,0,0,1
12160,4.0,2007,4.0,9.0,2450.0,4292.0,1,0.1,5.5,6.5,1.0,0.1,5.5,6.5,1.0,0.1,5.5,6.5,1.0,0,0,0,0,0,1
12161,5.0,2011,3.0,201.0,1825.0,3072.0,1,0.15,6.107652813930537,6.467882595817321,45.77475613360922,0.15,6.194403554438579,6.56657391616556,44.85269484678293,0.15,6.2266573916165795,6.606709451575302,45.76973100798108,0,0,0,0,0,1
12162,11.0,2015,4.0,299.0,1430.0,4293.0,7,0.04,6.139880960717037,6.50589384496888,45.723528507760875,0.02,6.228487500875293,6.610801064351274,45.88270324266175,0.02,6.258631048245915,6.6489517540788645,47.245274319963116,0,0,0,1,0,1
12163,19.0,2004,1.0,5.0,842.0,422.0,12,0.12,5.0,6.1,1.0,0.12,5.0,6.1,1.0,0.56,5.5,4.7,1.0,0,0,0,0,0,1
12164,19.0,2003,12.0,9.0,511.0,755.0,3,0.15,8.9,7.3,3.0,0.05,5.7,7.7,3.0,0.02,7.17,8.05,43.0,1,0,0,0,0,1
12165,1.0,2009,8.0,158.0,561.0,4294.0,5,0.15,6.49,8.0,1.0,0.04,6.49,7.5,1.0,0.04,6.49,7.5,1.0,0,0,0,0,0,1
12166,4.0,2011,2.0,35.0,913.0,4295.0,3,0.16,6.140943212466283,6.506353760863086,45.95671494404213,0.16,6.223055888522631,6.602258016182238,45.441943712969056,0.16,6.255173059634411,6.642743482169622,46.805258393680056,0,0,0,0,0,1
12167,17.0,2005,2.0,3.0,538.0,4296.0,12,0.02,3.4,5.4,0.0,0.06,3.75,5.4,0.0,0.06,3.75,5.4,0.0,0,0,0,0,0,1
12168,15.0,2010,9.0,33.0,670.0,1096.0,2,0.18,4.93,6.25,6.0,0.43,4.93,6.23,32.5,0.18,4.93,6.25,6.0,0,0,0,0,0,1
12169,7.0,2001,11.0,425.0,2451.0,4297.0,1,0.02,6.097708281522011,6.447693359860781,47.903901046622266,0.02,6.1815792091519635,6.559855757274357,46.559535136604595,0.02,6.221097985575736,6.597542899776213,47.730256898192195,0,0,0,0,0,1
12170,6.0,2013,4.0,134.0,819.0,4298.0,11,0.21,7.2,7.4,10.0,0.2,5.9,6.92,4.0,0.2,5.9,6.92,4.0,0,0,0,0,0,1
12171,7.0,2006,4.0,4.0,2165.0,1394.0,1,0.07,8.0,8.0,4.0,0.07,8.0,8.0,4.0,0.09,6.0,6.0,3.0,0,0,0,0,0,1
12172,14.0,2005,6.0,15.0,71.0,1994.0,11,0.12,5.7,6.6,44.6111833550065,0.3,7.8,6.6,34.02925877763329,0.3,7.8,6.6,39.31014304291288,1,0,0,1,0,1
12173,1.0,2009,6.0,75.0,1013.0,4299.0,11,0.21,5.945329457364344,6.3206201550387675,32.76409185803758,0.19,6.042635658914737,6.440271317829467,23.798538622129435,0.19,6.047189922480624,6.441937984496127,28.856993736951985,0,0,0,0,0,1
12174,7.0,2006,11.0,426.0,2452.0,4300.0,1,0.0,0.0,0.0,0.0,0.0,0.0,0.0,0.0,0.0,0.0,0.0,0.0,0,0,0,1,0,1
12175,13.0,1997,2.0,151.0,425.0,2476.0,1,0.15,8.53,8.03,921.0,1.03,8.53,8.03,921.0,0.21,8.53,6.9,26.0,0,0,0,0,1,1
12176,23.0,2012,3.0,4.0,100.0,124.0,2,0.39,7.95,7.9,107.0,1.37,7.6,7.8,79.0,0.34,7.4,7.2,23.0,1,0,0,0,1,1
12177,5.0,2011,6.0,54.0,910.0,3532.0,4,0.11,3.75,2.95,2.5,0.04,3.75,2.95,2.5,0.04,3.75,2.95,2.5,0,0,0,0,0,1
12178,7.0,2004,4.0,311.0,2453.0,47.0,4,0.04,5.5,7.5,5.0,0.05,5.3,5.3,5.0,0.05,5.3,5.3,5.0,1,0,0,0,0,1
12179,4.0,2010,6.0,364.0,2183.0,4301.0,5,0.02,6.067674978747517,6.4074128648342485,49.88838251197281,0.02,6.148580334372342,6.52310427883255,48.341572686544104,0.02,6.194015301785197,6.565334372343457,49.79777537463309,0,0,0,0,0,1
12180,5.0,2011,3.0,397.0,266.0,4302.0,3,0.09,2.0,2.0,0.0,0.08,2.0,2.0,0.0,0.08,2.0,2.0,0.0,0,0,0,0,0,1
12181,20.0,2014,9.0,26.0,672.0,1207.0,6,0.26,6.8,7.43,10.5,0.3,7.55,7.13,44.5,0.3,7.55,7.13,44.5,0,0,0,0,0,1
12182,8.0,1996,6.0,285.0,97.0,4303.0,1,0.19,6.074598214285714,6.518080357142857,51.629901960784316,0.19,6.105133928571427,6.627678571428572,32.81127450980392,0.19,6.240669642857141,6.645223214285716,43.85294117647059,0,0,0,0,0,1
12183,10.0,2014,12.0,26.0,683.0,701.0,1,0.07,7.7,7.7,3.0,0.07,7.7,7.7,3.0,0.14,7.7,7.7,3.0,0,0,0,0,1,1
12184,6.0,2011,8.0,12.0,2454.0,846.0,4,0.11,4.0,5.3,3.0,0.11,4.0,5.3,3.0,0.1,6.0,4.0,0.5,0,0,0,0,0,1
12185,9.0,2005,7.0,9.0,947.0,3252.0,10,0.09,5.55,8.7,0.0,0.09,8.1,8.7,41.0,0.13,8.1,8.2,50.0,0,0,0,0,1,1
12186,4.0,2008,9.0,427.0,993.0,4304.0,3,0.0,0.0,0.0,0.0,0.07,3.7,5.8,0.0,0.07,3.7,5.8,0.0,0,0,0,0,0,1
12187,13.0,1998,7.0,15.0,535.0,1087.0,1,0.22,3.0,3.0,1.0,0.67,3.0,3.0,1.0,0.67,3.0,3.0,1.0,0,0,0,0,0,1
12188,4.0,2007,6.0,428.0,1354.0,4305.0,9,0.0,0.0,0.0,0.0,0.26,0.0,0.0,0.0,0.26,0.0,0.0,0.0,0,0,0,0,0,1
12189,9.0,2002,9.0,15.0,755.0,112.0,5,0.01,5.6,7.0,1.0,0.02,6.8,8.0,1.0,2.39,6.15,7.5,1.0,1,0,0,0,0,1
12190,14.0,2004,12.0,9.0,511.0,755.0,3,0.09,6.1,6.45,4.0,0.12,7.0,7.42,39.5,0.12,7.0,7.42,39.5,1,0,0,0,0,1
12191,5.0,2009,8.0,59.0,2455.0,4306.0,1,0.11,3.9,2.8,47.58155002891845,0.11,3.9,2.8,45.36119144013881,0.11,3.9,2.8,49.094852515905146,0,0,0,0,0,1
12192,15.0,2014,1.0,15.0,87.0,102.0,11,0.16,7.0,6.93,21.0,0.16,7.0,6.93,21.0,0.16,7.0,6.93,21.0,0,1,1,0,0,1
12193,23.0,2013,9.0,33.0,249.0,411.0,1,0.17,6.0,4.62,5.0,0.23,6.0,4.62,5.0,0.23,6.0,4.62,5.0,1,0,0,1,0,1
12194,9.0,2001,7.0,429.0,286.0,4307.0,10,0.0,0.0,0.0,0.0,0.0,0.0,0.0,0.0,0.0,0.0,0.0,0.0,0,0,0,0,0,1
12195,7.0,2006,12.0,29.0,116.0,1018.0,6,0.2,5.5,6.65,8.0,1.23,5.97,7.68,94.0,0.3,7.36,7.27,5.5,0,0,0,1,0,1
12196,21.0,1993,9.0,9.0,34.0,4308.0,1,0.19,8.8,8.8,23.0,0.07,8.8,8.8,23.0,0.07,8.8,8.8,23.0,1,0,1,0,0,1
12197,4.0,2010,6.0,75.0,1013.0,4309.0,3,0.04,6.08441887842466,6.453391481164448,46.59712738403579,0.07,6.169430650684952,6.553359375000063,45.16023075111843,0.07,6.204124571917825,6.5905062071918294,46.507829055804095,0,0,0,0,0,1
12198,4.0,2010,6.0,195.0,2456.0,4310.0,10,0.31,6.057083503054985,6.415594704684301,49.885309852875615,0.31,6.142910386965374,6.540040733197534,48.07779759251003,0.31,6.1904786150712745,6.577492871690405,49.565425769059296,0,0,0,0,0,1
12199,10.0,2016,9.0,20.0,234.0,1321.0,6,0.09,7.0,7.25,21.0,0.09,7.0,7.25,21.0,0.09,7.0,7.25,21.0,0,1,0,1,0,1
12200,10.0,2014,11.0,430.0,2457.0,4311.0,1,0.0,0.0,0.0,0.0,0.0,0.0,0.0,0.0,0.0,0.0,0.0,0.0,0,0,0,0,0,1
12201,4.0,2007,12.0,29.0,120.0,1249.0,11,0.14,4.2,4.55,2.0,0.57,4.2,4.0,2.0,0.15,5.3,7.35,17.0,0,0,0,0,0,1
12202,5.0,2011,6.0,8.0,31.0,528.0,11,0.09,6.006015209125474,6.41599619771862,41.036795626576954,0.11,6.090570342205316,6.534011406844094,35.344407064760304,0.11,6.119920152091249,6.565832699619768,39.97560975609756,0,0,0,0,0,1
12203,5.0,2012,8.0,207.0,1529.0,4214.0,9,0.02,7.8,7.3,4.0,0.01,7.8,10.0,1.0,0.04,6.75,6.15,2.0,0,0,0,0,0,1
12204,6.0,2007,1.0,15.0,1271.0,2069.0,1,0.09,6.099566138746374,6.4607807271916755,47.55820785897907,0.09,6.186688601383021,6.564681017176054,46.14738646101114,0.16,6.2206457729199345,6.6001962971225066,47.53813196229649,0,0,0,0,0,1
12205,13.0,1996,3.0,101.0,2458.0,4312.0,1,0.33,6.074598214285714,6.518080357142857,51.629901960784316,0.33,6.105133928571427,6.627678571428572,32.81127450980392,0.33,6.240669642857141,6.645223214285716,43.85294117647059,0,0,0,0,0,1
12206,14.0,2003,1.0,40.0,83.0,2115.0,9,0.01,7.5,8.2,2.0,0.01,7.5,8.2,2.0,0.08,7.6,8.3,2.0,1,0,0,0,0,1
12207,4.0,2007,2.0,33.0,323.0,4313.0,1,1.58,7.5,7.5,2.0,0.66,7.5,7.5,2.0,0.66,7.5,7.5,2.0,0,0,0,0,0,1
12208,10.0,2014,6.0,257.0,2192.0,3815.0,1,0.02,6.0370023640661925,6.4082836879432445,47.3185817805383,0.02,6.127933806146561,6.533567375886503,45.40683229813665,0.09,6.178366430260039,6.570146572104003,49.021868530020704,0,0,0,0,0,1
12209,4.0,2011,5.0,431.0,687.0,2064.0,8,0.0,0.0,0.0,0.0,0.05,0.0,0.0,0.0,0.05,0.0,0.0,0.0,0,0,0,0,0,1
12210,23.0,2013,4.0,254.0,901.0,1385.0,1,0.1,8.0,8.0,1.0,0.02,5.0,5.0,1.0,0.02,5.0,5.0,1.0,1,0,0,0,0,1
12211,9.0,2001,3.0,29.0,286.0,747.0,11,0.2,4.0,5.3,9.0,0.07,5.7,5.3,9.0,1.07,5.7,5.3,9.0,0,0,0,0,0,1
12212,13.0,1998,12.0,432.0,2459.0,4314.0,1,0.04,6.0160609318996405,6.403268817204285,46.05333068992863,0.04,6.099759856630821,6.523605734767007,42.11122125297383,0.04,6.1246594982078815,6.541229390680994,45.49722442505948,0,0,0,0,0,1
12213,4.0,2012,5.0,198.0,508.0,4315.0,2,0.03,6.138056818181817,6.502425000000032,46.02221482652467,0.33,6.220569696969708,6.597999242424284,45.39450037440719,0.33,6.252096969696982,6.638678787878795,46.868749479990015,0,0,0,0,0,1
12214,1.0,2008,3.0,75.0,2460.0,4316.0,11,0.19,6.044421151439289,6.38992177722153,48.44426425401161,0.19,6.126584793491856,6.504150500625782,46.782946398088086,0.19,6.170384856070071,6.544500938673344,48.1357972004097,0,0,0,0,0,1
12215,14.0,2004,8.0,3.0,2461.0,4317.0,8,0.55,6.7,7.55,28.0,0.55,6.7,7.55,28.0,0.55,6.7,7.55,28.0,0,0,0,0,0,1
12216,4.0,2009,6.0,6.0,2462.0,1698.0,10,0.08,6.017120127287195,6.416451869530627,39.8933506044905,0.08,6.130859188544151,6.552171837708827,32.29706390328152,0.38,6.161694510739854,6.5963723150357945,34.81476683937824,0,0,0,0,0,1
12217,4.0,2007,4.0,8.0,117.0,4318.0,11,0.33,5.17,6.08,2.5,0.1,8.23,7.78,181.5,0.1,8.23,7.78,181.5,0,0,0,0,0,1
12218,14.0,2005,3.0,6.0,42.0,2996.0,8,0.21,6.25,7.2,4.0,0.57,7.49,7.85,89.0,0.57,7.49,7.85,89.0,0,0,1,0,0,1
12219,7.0,2004,4.0,159.0,2463.0,1397.0,9,0.07,5.8,7.8,47.36133139729699,0.07,5.8,7.8,45.73416731821736,0.5,6.6,7.7,46.57991734614096,0,0,0,0,0,1
12220,19.0,2005,10.0,26.0,533.0,2214.0,10,1.07,8.3,8.15,96.0,0.27,5.2,7.9,96.0,0.26,5.2,7.9,96.0,0,0,0,0,0,1
12221,5.0,2011,6.0,12.0,1343.0,4319.0,11,0.1,5.1,5.1,41.036795626576954,0.26,5.1,5.1,35.344407064760304,0.26,5.1,5.1,39.97560975609756,0,0,0,0,0,1
12222,23.0,2013,12.0,292.0,1430.0,4074.0,1,0.01,5.0,6.0,7.0,0.12,5.0,6.0,7.0,0.12,5.0,6.0,7.0,0,0,0,0,0,1
12223,9.0,2002,8.0,8.0,296.0,654.0,5,0.05,7.4,6.55,5.0,0.43,7.9,8.2,0.0,1.19,7.9,8.0,2.0,0,0,0,0,0,1
12224,14.0,2001,9.0,108.0,471.0,4320.0,11,0.17,8.3,7.75,10.0,1.16,8.3,7.75,10.0,1.16,8.3,7.75,10.0,0,0,0,0,0,1
12225,17.0,2006,7.0,15.0,410.0,552.0,6,0.05,4.35,4.45,1.0,0.05,4.35,4.45,1.0,0.08,7.8,7.9,6.0,1,0,0,0,0,1
12226,4.0,2006,7.0,33.0,195.0,1064.0,11,0.24,4.4,7.3,1.0,0.08,4.4,6.0,1.0,0.27,6.7,6.0,1.0,0,0,0,0,0,1
12227,4.0,2009,8.0,12.0,2464.0,1059.0,9,0.52,7.67,7.7,32.0,0.52,7.67,7.7,32.0,0.52,7.67,7.7,32.0,1,0,0,0,0,1
12228,13.0,1994,11.0,89.0,2465.0,4321.0,1,0.0,0.0,0.0,0.0,0.0,0.0,0.0,0.0,0.0,0.0,0.0,0.0,0,0,0,0,0,1
12229,15.0,2014,9.0,20.0,234.0,573.0,2,0.51,6.9,6.45,20.0,0.51,6.9,6.45,20.0,0.51,6.9,6.45,20.0,0,0,0,0,0,1
12230,1.0,2006,9.0,22.0,161.0,4322.0,7,0.06,6.15,7.4,5.0,1.66,7.1,7.8,59.0,1.66,7.1,7.8,59.0,0,0,0,0,0,1
12231,14.0,2005,6.0,3.0,787.0,2493.0,10,0.28,7.25,7.7,10.0,0.1,7.5,7.78,3.5,0.1,7.5,7.78,3.5,0,0,0,0,0,1
12232,14.0,2002,11.0,8.0,177.0,3089.0,3,0.27,6.9,7.0,0.0,0.14,6.1,8.1,0.0,0.14,6.1,8.1,0.0,0,0,0,0,0,1
12233,4.0,2009,12.0,42.0,2466.0,4323.0,4,0.01,6.1248507638072835,6.489690560125382,45.814278346084414,0.01,6.206650998824923,6.586756756756806,44.8149230636981,0.01,6.240787309048195,6.627685859772829,46.29712885756039,0,0,0,0,0,1
12234,22.0,1998,11.0,433.0,2467.0,4324.0,1,0.0,0.0,0.0,0.0,0.0,0.0,0.0,0.0,0.0,0.0,0.0,0.0,0,0,0,0,1,1
12235,9.0,2000,1.0,15.0,87.0,243.0,1,0.09,6.080184531886015,6.4249240162822545,49.17336199229173,0.14,6.164715061058349,6.539900949796512,47.802772013044766,0.32,6.208497964721839,6.582871099050231,49.20360213459828,0,0,1,0,0,1
12236,1.0,2008,10.0,9.0,947.0,1394.0,1,0.08,7.0,6.8,4.0,0.1,7.0,6.9,17.0,0.06,7.0,6.3,3.0,0,0,0,0,0,1
12237,22.0,2000,11.0,256.0,2468.0,4325.0,1,0.08,8.0,8.0,2.0,0.08,8.0,8.0,2.0,0.08,8.0,8.0,2.0,0,0,0,0,0,1
12238,7.0,2005,9.0,15.0,103.0,4326.0,2,0.42,6.67,7.55,33.5,0.06,6.67,8.0,1.0,0.06,6.67,8.0,1.0,0,0,0,0,0,1
12239,14.0,2003,9.0,8.0,109.0,488.0,10,0.13,8.3,7.7,1.0,0.21,4.7,4.0,1.0,0.03,5.65,3.0,1.0,0,0,0,0,0,1
12240,4.0,2008,8.0,17.0,61.0,4327.0,3,1.47,9.23,9.02,368.0,0.03,6.0,9.02,368.0,0.03,6.0,9.02,368.0,0,0,0,0,0,1
12241,7.0,2000,8.0,15.0,2469.0,4328.0,1,0.07,6.080184531886015,6.4249240162822545,49.17336199229173,0.07,6.164715061058349,6.539900949796512,47.802772013044766,0.07,6.208497964721839,6.582871099050231,49.20360213459828,0,0,0,0,0,1
12242,17.0,2006,7.0,5.0,315.0,4329.0,7,0.1,6.1,7.2,6.5,0.04,6.53,7.2,6.5,0.04,6.53,7.2,6.5,0,0,0,0,0,1
12243,1.0,2011,5.0,68.0,147.0,4105.0,11,0.19,6.006015209125474,6.41599619771862,41.036795626576954,0.07,6.090570342205316,6.534011406844094,35.344407064760304,0.07,6.119920152091249,6.565832699619768,39.97560975609756,0,0,0,0,0,1
12244,19.0,2002,1.0,31.0,401.0,3033.0,11,0.11,4.9,6.1,3.0,0.06,8.8,8.0,3.0,0.06,8.8,8.0,3.0,0,0,0,0,0,1
12245,11.0,2015,11.0,434.0,1397.0,2299.0,9,0.0,0.0,0.0,0.0,0.17,7.0,7.4,55.0,0.17,7.0,7.4,55.0,0,0,0,0,0,1
12246,9.0,2003,9.0,13.0,2470.0,4330.0,11,0.19,5.13,4.65,2.0,0.02,5.8,4.65,2.0,0.02,5.8,4.65,2.0,0,0,0,0,0,1
12247,14.0,2002,1.0,31.0,401.0,1802.0,7,0.02,6.7,6.7,2.0,0.2,7.05,6.5,2.0,0.2,7.05,6.5,2.0,0,0,0,0,0,1
12248,4.0,2010,8.0,158.0,2471.0,4331.0,6,0.02,6.033445600132071,6.393825326069004,49.04950405770965,0.02,6.117914809311541,6.507062902426945,47.05843101893598,0.02,6.163670133729564,6.549328050189856,48.10054102795311,0,0,0,0,0,1
12249,4.0,2010,8.0,12.0,958.0,4332.0,3,0.11,7.0,7.9,14.0,0.08,7.0,7.9,14.0,0.08,7.0,7.9,14.0,0,0,0,0,0,1
12250,4.0,2005,2.0,15.0,221.0,112.0,2,0.11,6.37,7.53,4.0,0.42,7.8,7.1,4.0,0.15,6.1,7.1,4.0,1,0,1,0,0,1
12251,17.0,2010,9.0,228.0,2472.0,4333.0,1,0.03,6.036517973148549,6.446041576440007,42.41893830703013,0.03,6.13182763100909,6.5621524469467225,36.190578670492584,0.03,6.158211346903418,6.59756604590732,41.083213773314206,0,0,0,0,0,1
12252,23.0,2014,9.0,59.0,2473.0,4334.0,1,0.05,4.0,4.0,47.3185817805383,0.05,4.0,4.0,45.40683229813665,0.05,4.0,4.0,49.021868530020704,0,0,0,0,0,1
12253,4.0,2011,8.0,29.0,120.0,1131.0,1,0.11,5.5,6.0,2.0,0.15,5.5,6.5,1.0,0.1,5.5,6.5,1.0,0,0,0,0,0,1
12254,8.0,1993,6.0,435.0,2474.0,4335.0,1,0.0,0.0,0.0,0.0,0.0,0.0,0.0,0.0,0.0,0.0,0.0,0.0,0,0,0,0,0,1
12255,7.0,2003,3.0,31.0,209.0,4336.0,10,0.14,6.8,8.1,2.0,0.28,5.75,6.6,2.0,0.28,5.75,6.6,2.0,1,0,0,0,0,1
12256,1.0,2008,1.0,57.0,783.0,422.0,6,0.05,3.9,4.4,48.31761945392491,0.05,3.9,4.4,47.04635949943117,0.27,3.9,4.4,48.42512798634812,0,0,0,0,0,1
12257,4.0,2007,9.0,26.0,2475.0,4337.0,1,0.08,6.099566138746374,6.4607807271916755,47.55820785897907,0.08,6.186688601383021,6.564681017176054,46.14738646101114,0.08,6.2206457729199345,6.6001962971225066,47.53813196229649,0,0,0,0,0,1
12258,17.0,2011,6.0,15.0,87.0,3240.0,1,0.07,6.107652813930537,6.467882595817321,45.77475613360922,0.12,6.194403554438579,6.56657391616556,44.85269484678293,0.08,6.2266573916165795,6.606709451575302,45.76973100798108,1,0,1,0,0,1
12259,5.0,2012,10.0,49.0,524.0,320.0,2,0.02,4.97,6.65,60.5,0.02,4.97,6.65,60.5,0.3,4.97,6.65,60.5,0,0,0,0,0,1
12260,4.0,2008,6.0,12.0,1135.0,1835.0,10,0.09,6.55,6.25,15.0,0.17,6.55,6.25,15.0,0.34,6.55,6.25,15.0,0,0,0,0,0,1
12261,17.0,2010,10.0,266.0,1217.0,4338.0,1,0.16,6.036517973148549,6.446041576440007,42.41893830703013,0.16,6.13182763100909,6.5621524469467225,36.190578670492584,0.16,6.158211346903418,6.59756604590732,41.083213773314206,1,0,0,1,0,1
12262,17.0,2006,10.0,26.0,323.0,637.0,1,0.08,5.0,7.1,22.0,0.36,5.0,7.1,22.0,0.31,3.0,3.8,4.0,0,0,0,0,0,1
12263,4.0,2011,2.0,54.0,1996.0,4339.0,1,0.21,6.107652813930537,6.467882595817321,45.77475613360922,0.03,6.194403554438579,6.56657391616556,44.85269484678293,0.03,6.2266573916165795,6.606709451575302,45.76973100798108,0,0,0,0,0,1
12264,1.0,2007,10.0,105.0,573.0,4340.0,5,0.05,6.0,6.5,17.5,0.05,6.0,6.5,17.5,0.05,6.0,6.5,17.5,0,0,0,0,0,1
12265,4.0,2008,11.0,228.0,2476.0,4341.0,1,0.01,6.076557377049176,6.4289414021625335,50.52577025484975,0.01,6.1574189047785115,6.543221137077076,48.40728413845569,0.05,6.202197418904775,6.585209277990916,49.56694560669456,0,0,0,0,0,1
12266,13.0,1997,3.0,4.0,61.0,4342.0,1,0.09,3.5,3.5,2.0,1.09,3.5,3.5,2.0,1.09,3.5,3.5,2.0,0,0,0,0,0,1
12267,6.0,2008,7.0,85.0,1448.0,4343.0,8,0.05,5.45,5.45,46.06567270145545,0.05,5.45,5.45,45.24915690450834,0.05,5.45,5.45,46.436324103656375,0,0,0,0,0,1
12268,4.0,2004,11.0,6.0,2477.0,4344.0,1,0.01,5.2,4.8,47.43754583231484,0.01,5.2,4.8,46.20019555120997,0.01,5.2,4.8,48.87949156685407,0,0,0,0,0,1
12269,7.0,2009,6.0,59.0,2478.0,4345.0,1,0.07,6.06531266560678,6.414785373608896,47.58155002891845,0.07,6.151277159512439,6.537713301536816,45.36119144013881,0.07,6.18789083200847,6.572859035506092,49.094852515905146,0,0,0,0,0,1
12270,4.0,2010,6.0,82.0,2479.0,4346.0,1,0.02,7.0,7.0,11.0,0.02,7.0,7.0,11.0,0.02,7.0,7.0,11.0,0,0,0,0,0,1
12271,23.0,2015,1.0,345.0,2161.0,3200.0,11,0.11,2.7,2.55,19.0,0.08,2.7,2.55,19.0,0.08,2.7,2.55,19.0,0,0,0,0,0,1
12272,9.0,2002,5.0,54.0,1223.0,1978.0,1,0.4,7.6,8.6,33.5,0.4,7.6,8.6,33.5,0.31,7.5,7.98,33.5,0,0,0,0,0,1
12273,7.0,2007,4.0,49.0,2152.0,3735.0,1,0.15,4.65,6.6,1.0,0.15,4.65,6.6,1.0,0.15,4.65,6.6,1.0,0,0,0,0,0,1
12274,1.0,2009,8.0,129.0,2480.0,3056.0,1,0.35,6.06531266560678,6.414785373608896,47.58155002891845,0.35,6.151277159512439,6.537713301536816,45.36119144013881,0.35,6.18789083200847,6.572859035506092,49.094852515905146,0,0,0,0,0,1
12275,23.0,2014,9.0,49.0,253.0,559.0,6,0.15,6.5,6.5,0.0,0.15,6.5,6.5,0.0,0.03,7.0,7.0,0.0,0,0,0,0,0,1
12276,10.0,2012,9.0,217.0,1927.0,320.0,1,0.08,6.4,7.7,3.0,0.08,6.4,7.7,3.0,0.27,6.4,7.05,4.0,1,0,0,1,1,1
12277,1.0,2009,11.0,1.0,2481.0,4347.0,1,0.1,6.06531266560678,6.414785373608896,47.58155002891845,0.1,6.151277159512439,6.537713301536816,45.36119144013881,0.1,6.18789083200847,6.572859035506092,49.094852515905146,0,0,0,0,0,1
12278,7.0,2004,1.0,88.0,538.0,4348.0,8,0.06,5.0,8.5,0.0,0.34,7.7,8.5,0.0,0.34,7.7,8.5,0.0,1,0,0,0,0,1
12279,9.0,2005,2.0,6.0,237.0,194.0,3,0.08,8.5,7.9,4.0,0.31,7.4,7.35,1.0,0.03,7.7,7.9,113.0,1,0,0,0,1,1
12280,7.0,2000,4.0,419.0,2482.0,4349.0,1,0.07,6.080184531886015,6.4249240162822545,49.17336199229173,0.07,6.164715061058349,6.539900949796512,47.802772013044766,0.07,6.208497964721839,6.582871099050231,49.20360213459828,0,0,0,0,0,1
12281,7.0,2004,7.0,26.0,1392.0,701.0,9,0.73,7.8,8.45,7.0,0.73,7.8,8.45,7.0,0.08,7.8,8.45,7.0,0,0,0,0,0,1
12282,15.0,2011,9.0,436.0,2483.0,3559.0,1,0.02,6.0,5.3,3.0,0.02,6.0,5.3,3.0,0.02,6.0,5.3,3.0,0,0,0,0,0,1
12283,1.0,2007,5.0,167.0,1430.0,4350.0,3,0.06,6.0,7.1,45.66953053083768,0.06,6.0,7.1,44.51851283624834,0.06,6.0,7.1,45.52531451365449,0,0,0,0,0,1
12284,14.0,2001,3.0,8.0,27.0,2281.0,11,0.15,7.55,5.75,11.0,0.18,7.55,7.1,11.0,0.25,7.55,6.7,3.0,0,0,1,0,0,1
12285,1.0,2007,1.0,15.0,2484.0,1938.0,1,0.08,7.0,6.3,45.0,0.08,7.0,6.3,45.0,0.08,7.0,6.3,45.0,0,0,0,0,0,1
12286,17.0,2009,4.0,49.0,2485.0,3082.0,1,0.23,6.06531266560678,6.414785373608896,47.58155002891845,0.23,6.151277159512439,6.537713301536816,45.36119144013881,0.23,6.18789083200847,6.572859035506092,49.094852515905146,0,0,0,0,0,1
12287,4.0,2007,12.0,6.0,2486.0,4351.0,1,0.1,6.099566138746374,6.4607807271916755,47.55820785897907,0.1,6.186688601383021,6.564681017176054,46.14738646101114,0.1,6.2206457729199345,6.6001962971225066,47.53813196229649,0,0,0,0,0,1
12288,19.0,2003,9.0,73.0,1150.0,4352.0,1,0.24,6.1,6.55,3.0,0.21,6.1,6.55,3.0,0.21,6.1,6.55,3.0,0,0,0,0,0,1
12289,24.0,1998,8.0,187.0,13.0,2644.0,1,0.42,5.0,7.5,37.0,0.21,5.0,7.5,37.0,0.19,5.0,7.3,3.0,0,0,0,0,1,1
12290,17.0,2008,4.0,9.0,2487.0,4353.0,5,0.54,4.4,4.83,14.5,0.54,4.4,4.83,14.5,0.03,4.8,5.1,5.0,0,0,0,0,0,1
12291,11.0,2015,9.0,127.0,2199.0,4354.0,2,0.03,5.0,7.35,6.0,0.09,5.0,6.0,4.0,0.09,5.0,6.0,4.0,0,0,0,0,0,1
12292,6.0,2011,9.0,139.0,748.0,2464.0,12,0.68,4.5,6.13,16.0,0.13,4.5,6.13,16.0,0.22,7.6,8.5,16.0,0,0,0,0,0,1
12293,17.0,2008,10.0,418.0,1497.0,4355.0,6,0.02,6.45,7.05,7.0,0.07,6.45,7.05,7.0,0.04,7.2,7.4,8.0,0,0,0,0,0,1
12294,17.0,2007,6.0,126.0,24.0,778.0,3,0.07,3.0,3.12,1.5,0.16,7.4,6.1,1.0,0.02,5.0,6.0,1.0,1,0,0,0,0,1
12295,1.0,2008,11.0,35.0,2488.0,4356.0,1,0.27,4.6,7.0,50.52577025484975,0.27,4.6,7.0,48.40728413845569,0.27,4.6,7.0,49.56694560669456,1,0,0,0,0,1
12296,19.0,2002,3.0,8.0,1480.0,3330.0,1,0.1,5.0,7.15,10.0,0.12,5.75,7.15,10.0,0.12,5.75,7.15,10.0,0,0,0,0,1,1
12297,15.0,2014,9.0,20.0,234.0,829.0,11,0.45,7.05,7.05,10.0,0.45,7.05,7.05,10.0,0.45,7.05,7.05,10.0,0,1,0,0,0,1
12298,18.0,2013,10.0,2.0,144.0,176.0,1,0.34,6.0,5.5,11.0,3.2,6.0,5.5,11.0,3.2,6.0,5.5,11.0,1,0,0,1,1,1
12299,9.0,2004,9.0,1.0,1.0,4357.0,1,0.07,7.0,7.0,1.0,0.07,7.0,7.0,1.0,0.07,7.0,7.0,1.0,0,0,1,0,0,1
12300,6.0,2013,11.0,379.0,2489.0,3962.0,1,0.01,8.0,8.0,3.0,0.01,8.0,8.0,3.0,0.06,7.0,7.0,1.0,0,0,0,0,0,1
12301,7.0,2007,8.0,9.0,2490.0,4358.0,1,0.1,7.0,6.9,17.0,0.1,7.0,6.9,17.0,0.1,7.0,6.9,17.0,0,0,0,0,0,1
12302,4.0,2008,9.0,26.0,2491.0,4359.0,1,0.07,6.076557377049176,6.4289414021625335,50.52577025484975,0.07,6.1574189047785115,6.543221137077076,48.40728413845569,0.07,6.202197418904775,6.585209277990916,49.56694560669456,0,0,0,0,0,1
12303,4.0,2006,7.0,22.0,245.0,488.0,11,0.08,7.4,7.4,132.0,0.16,5.1,5.77,28.5,0.43,5.03,5.03,4.0,0,0,0,0,0,1
12304,23.0,2014,9.0,4.0,91.0,231.0,7,0.02,5.85,5.9,2.0,0.32,5.85,5.9,2.0,0.73,6.65,8.05,23.0,0,0,0,0,0,1
12305,9.0,2002,6.0,9.0,34.0,515.0,6,0.23,8.5,7.3,10.0,0.1,8.5,8.4,10.0,0.26,3.0,7.7,51.0,0,0,1,0,0,1
12306,17.0,2011,4.0,72.0,1481.0,2451.0,1,0.09,7.83,8.45,3.5,0.05,7.83,8.45,3.5,0.05,7.83,8.45,3.5,1,0,0,0,0,1
12307,7.0,2004,4.0,4.0,1100.0,717.0,6,0.27,6.03,7.13,35.0,0.06,6.7,8.6,35.0,0.42,6.7,5.5,2.0,1,0,0,0,0,1
12308,9.0,2004,9.0,6.0,19.0,512.0,3,0.81,7.0,7.6,20.0,0.07,5.43,4.93,1.5,0.07,5.43,4.93,1.5,1,0,1,0,0,1
12309,7.0,2003,3.0,9.0,34.0,4360.0,3,0.08,7.1,8.3,1.0,0.06,7.9,7.6,1.0,0.06,7.9,7.6,1.0,0,0,1,0,0,1
12310,5.0,2014,11.0,81.0,1027.0,1649.0,9,0.08,7.53,7.13,43.5,0.08,7.53,7.13,43.5,0.08,7.53,7.13,43.5,0,0,0,0,0,1
12311,13.0,1995,5.0,31.0,132.0,4361.0,1,0.1,6.0,6.0,2.0,0.53,6.0,6.0,2.0,0.53,6.0,6.0,2.0,1,0,0,0,0,1
12312,19.0,2004,6.0,68.0,656.0,2877.0,11,0.08,6.5,7.7,3.0,0.16,5.45,7.6,0.0,0.16,5.45,7.6,0.0,0,0,0,0,0,1
12313,15.0,2005,4.0,18.0,97.0,551.0,2,0.76,7.0,6.8,15.0,1.14,7.25,7.28,96.0,1.14,7.25,7.28,96.0,0,0,0,0,0,1
12314,4.0,2007,12.0,437.0,1795.0,2298.0,1,0.02,4.2,7.4,47.55820785897907,0.02,4.2,7.4,46.14738646101114,0.19,4.2,7.4,47.53813196229649,0,0,0,0,0,1
12315,23.0,2013,1.0,15.0,1271.0,2069.0,1,0.17,9.0,9.0,1.0,0.17,9.0,9.0,1.0,0.2,9.0,9.0,1.0,0,0,0,0,0,1
12316,24.0,1994,7.0,9.0,2492.0,4362.0,1,0.07,8.5,8.5,2.0,0.07,8.5,8.5,2.0,0.07,8.5,8.5,2.0,0,0,0,0,0,1
12317,14.0,2002,1.0,6.0,1383.0,4363.0,1,0.26,7.0,7.1,11.0,0.06,7.0,7.1,11.0,0.06,7.0,7.1,11.0,0,0,0,0,0,1
12318,14.0,2005,7.0,438.0,2493.0,4364.0,10,0.0,0.0,0.0,0.0,0.0,0.0,0.0,0.0,0.0,0.0,0.0,0.0,0,0,0,0,0,1
12319,13.0,1998,7.0,19.0,1383.0,2388.0,1,0.23,7.0,6.9,7.0,0.23,7.0,6.9,7.0,0.23,8.0,7.22,15.5,1,0,0,0,0,1
12320,13.0,1995,7.0,351.0,149.0,184.0,1,0.0,0.0,0.0,0.0,0.0,0.0,0.0,0.0,1.95,9.0,8.12,32.0,0,0,0,0,0,1
12321,4.0,2008,6.0,388.0,2494.0,4365.0,1,0.1,6.076557377049176,6.4289414021625335,50.52577025484975,0.1,6.1574189047785115,6.543221137077076,48.40728413845569,0.1,6.202197418904775,6.585209277990916,49.56694560669456,0,0,0,0,0,1
12322,4.0,2005,6.0,1.0,2495.0,4366.0,1,0.11,7.0,7.0,1.0,0.11,7.0,7.0,1.0,0.11,7.0,7.0,1.0,0,0,0,0,0,1
12323,17.0,2009,10.0,17.0,57.0,4367.0,1,0.17,7.45,8.0,2.0,2.25,7.45,7.6,76.0,2.25,7.45,7.6,76.0,0,0,1,0,0,1
12324,10.0,2014,9.0,26.0,1771.0,3424.0,1,0.07,6.0,6.0,3.0,0.1,7.2,7.2,6.0,0.1,7.2,7.2,6.0,0,0,0,0,0,1
12325,15.0,2011,12.0,2.0,1114.0,1678.0,8,1.44,4.1,3.95,1.0,0.35,7.5,6.37,22.5,0.22,7.4,6.35,5.0,1,0,0,0,0,1
12326,1.0,2007,4.0,9.0,918.0,4025.0,7,0.08,7.15,7.5,13.0,0.25,7.35,8.4,2.0,0.08,4.53,4.93,3.0,0,0,0,0,0,1
12327,4.0,2011,11.0,26.0,2496.0,4368.0,1,0.08,6.107652813930537,6.467882595817321,45.77475613360922,0.08,6.194403554438579,6.56657391616556,44.85269484678293,0.06,6.2266573916165795,6.606709451575302,45.76973100798108,0,0,0,0,0,1
12328,17.0,2007,4.0,266.0,1217.0,2474.0,10,0.01,7.07,7.83,15.0,0.13,7.07,7.83,15.0,0.21,8.5,8.1,30.5,0,0,0,0,0,1
12329,4.0,2009,5.0,60.0,1407.0,1108.0,5,0.11,3.75,3.75,0.0,0.09,3.75,3.75,0.0,0.04,3.75,3.75,0.0,0,0,0,0,0,1
12330,4.0,2010,9.0,272.0,2497.0,4354.0,6,0.01,6.033445600132071,6.393825326069004,49.04950405770965,0.01,6.117914809311541,6.507062902426945,47.05843101893598,0.01,6.163670133729564,6.549328050189856,48.10054102795311,0,0,0,0,0,1
12331,7.0,2002,9.0,49.0,524.0,3834.0,12,0.01,7.9,8.6,46.100670307845085,0.09,6.7,8.2,45.57816120489904,0.09,6.7,8.2,46.971367096987755,1,0,0,0,1,1
12332,4.0,2008,4.0,129.0,2498.0,4369.0,8,0.01,3.0,7.0,46.06567270145545,0.05,3.0,7.0,45.24915690450834,0.05,3.0,7.0,46.436324103656375,0,0,0,0,0,1
12333,10.0,2014,9.0,5.0,852.0,158.0,1,0.07,4.9,4.9,11.0,0.07,4.9,4.9,11.0,0.26,4.9,4.9,11.0,0,0,0,1,0,1
12334,9.0,2004,9.0,33.0,98.0,1096.0,11,0.76,3.9,7.6,50.551418439716315,0.4,6.6,6.2,48.66979557780559,0.67,6.6,6.2,49.56727158948686,0,0,0,0,0,1
12335,1.0,2008,10.0,155.0,1139.0,2980.0,4,0.12,7.3,8.9,2.0,0.15,7.3,7.4,17.0,0.15,7.3,7.4,17.0,1,0,0,0,0,1
12336,17.0,2011,6.0,4.0,2499.0,4370.0,1,0.15,4.0,4.0,2.0,0.15,4.0,4.0,2.0,0.15,4.0,4.0,2.0,0,0,0,0,0,1
12337,9.0,2001,8.0,15.0,87.0,787.0,9,0.17,7.0,7.6,27.0,0.21,6.9,7.6,27.0,1.02,6.9,4.9,9.0,0,0,1,0,0,1
12338,10.0,2015,5.0,1.0,1.0,4371.0,3,1.55,5.8,6.3,33.0,0.71,7.0,7.4,10.0,0.71,7.0,7.4,10.0,1,1,1,1,0,1
12339,17.0,2011,4.0,257.0,2500.0,4372.0,6,0.03,6.5,7.7,46.21515842632565,0.04,6.5,7.7,45.67675327848823,0.04,6.5,7.7,47.00456137492873,0,0,0,0,0,1
12340,17.0,2011,10.0,26.0,2501.0,4373.0,1,0.08,6.107652813930537,6.467882595817321,45.77475613360922,0.08,6.194403554438579,6.56657391616556,44.85269484678293,0.08,6.2266573916165795,6.606709451575302,45.76973100798108,0,0,0,0,0,1
12341,4.0,2008,4.0,105.0,2502.0,4374.0,9,0.03,4.0,6.0,1.0,0.03,4.0,6.0,1.0,0.03,4.0,6.0,1.0,0,0,0,0,0,1
12342,4.0,2006,12.0,6.0,2503.0,2210.0,10,0.01,6.57,7.1,53.5,0.01,6.57,7.1,53.5,0.04,4.1,3.9,53.5,0,0,0,0,0,1
12343,7.0,2008,11.0,26.0,1065.0,4148.0,1,0.07,8.0,8.53,6.0,0.03,8.0,8.53,6.0,0.03,8.0,8.53,6.0,0,0,0,0,0,1
12344,17.0,2006,9.0,26.0,2504.0,2660.0,11,0.2,3.3,4.9,5.0,0.2,3.3,4.9,5.0,0.19,3.3,7.8,5.0,0,0,0,0,0,1
12345,4.0,2009,5.0,300.0,2505.0,4375.0,8,0.05,6.2,5.3,46.48216786984161,0.05,6.2,5.3,45.03658010990195,0.05,6.2,5.3,45.97128542182954,0,0,0,0,0,1
12346,9.0,2001,2.0,135.0,970.0,4376.0,10,0.71,7.0,7.05,6.5,0.71,7.0,7.05,6.5,0.71,7.0,7.05,6.5,0,0,0,0,0,1
12347,13.0,2000,9.0,41.0,1882.0,3187.0,1,0.08,5.5,5.5,2.0,0.08,5.5,5.5,2.0,0.08,5.5,5.5,2.0,0,0,0,0,0,1
12348,15.0,2010,3.0,5.0,252.0,1007.0,5,0.33,6.17,6.5,4.5,0.74,7.2,7.58,111.5,0.74,7.2,7.58,111.5,0,0,0,0,0,1
12349,5.0,2011,9.0,5.0,415.0,3686.0,11,0.07,6.006015209125474,6.41599619771862,41.036795626576954,0.07,6.090570342205316,6.534011406844094,35.344407064760304,0.07,6.119920152091249,6.565832699619768,39.97560975609756,0,0,0,0,0,1
12350,8.0,1995,8.0,439.0,1.0,2.0,1,0.0,0.0,0.0,0.0,4.12,9.0,8.8,191.0,2.75,9.0,6.7,23.0,0,0,1,0,0,1
12351,1.0,2007,7.0,428.0,1819.0,4377.0,11,0.07,6.040827382418117,6.401622753016487,46.33063646170442,0.07,6.128320610687007,6.525843388327981,44.32092772384035,0.07,6.170034474267415,6.558697365180981,47.683791801510246,0,0,0,0,0,1
12352,19.0,2005,1.0,68.0,938.0,1170.0,3,0.06,6.1,7.0,5.0,0.14,4.93,7.0,5.0,0.14,4.93,7.0,5.0,1,0,0,0,0,1
12353,11.0,2016,9.0,440.0,75.0,4378.0,7,0.0,0.0,0.0,0.0,1.11,7.37,7.4,74.5,1.11,7.37,7.4,74.5,0,0,0,0,0,1
12354,23.0,2012,9.0,59.0,1090.0,1760.0,1,0.16,6.9,7.55,2.0,0.08,6.9,7.55,2.0,0.2,6.27,6.77,9.0,1,0,0,0,0,1
12355,7.0,2005,4.0,49.0,901.0,1385.0,4,0.19,5.7,5.2,1.0,0.01,5.7,5.2,1.0,0.07,5.7,5.2,1.0,1,0,0,0,0,1
12356,13.0,2002,8.0,53.0,2506.0,4379.0,1,0.16,6.050969223702346,6.468989435002288,43.711032388663966,0.16,6.146789159393657,6.595062011943035,37.134362348178136,0.16,6.180679834634819,6.631194304088199,42.425607287449395,0,0,0,0,0,1
12357,4.0,2011,6.0,11.0,1847.0,3109.0,1,0.26,6.107652813930537,6.467882595817321,45.77475613360922,0.14,6.194403554438579,6.56657391616556,44.85269484678293,0.14,6.2266573916165795,6.606709451575302,45.76973100798108,0,0,0,0,0,1
12358,4.0,2010,6.0,298.0,1652.0,4380.0,11,0.17,7.6,7.6,44.246983408748115,0.17,7.6,7.6,32.7447209653092,0.17,7.6,7.6,36.71266968325792,0,0,0,0,0,1
12359,13.0,1998,6.0,15.0,2507.0,4381.0,1,0.07,6.0160609318996405,6.403268817204285,46.05333068992863,0.07,6.099759856630821,6.523605734767007,42.11122125297383,0.07,6.1246594982078815,6.541229390680994,45.49722442505948,0,0,0,0,0,1
12360,13.0,2000,1.0,142.0,280.0,4382.0,12,0.14,6.138392947103263,6.5070212306585455,45.98973224863755,0.14,6.227056495142138,6.610206549118421,45.805110180870386,0.14,6.255704210147533,6.64688952860742,47.015441118395074,0,0,0,0,0,1
12361,15.0,2007,7.0,40.0,49.0,1010.0,11,0.11,6.65,6.45,5.0,6.11,8.8,8.35,682.0,0.28,7.75,8.2,0.0,1,0,0,0,1,1
12362,14.0,2004,12.0,57.0,1374.0,4383.0,11,0.76,8.8,8.8,50.551418439716315,0.76,8.8,8.8,48.66979557780559,0.76,8.8,8.8,49.56727158948686,0,0,0,0,0,1
12363,20.0,2015,6.0,26.0,725.0,981.0,1,0.07,6.023708006279429,6.380546310832016,44.238808539944905,0.07,6.098238618524324,6.497463108320238,40.88240358126722,0.19,6.122084772370479,6.520916797488228,43.51325757575758,1,0,0,0,0,1
12364,15.0,2011,11.0,81.0,2508.0,4384.0,4,0.24,9.0,7.18,50.5,0.04,8.13,7.7,71.5,0.04,8.13,7.7,71.5,0,0,0,0,0,1
12365,14.0,2005,6.0,2.0,538.0,4385.0,9,0.09,9.4,9.0,19.0,0.1,5.8,6.8,19.0,0.1,5.8,6.8,19.0,0,0,0,0,0,1
12366,9.0,2005,6.0,9.0,55.0,62.0,1,0.13,6.1,6.4,24.0,0.17,6.1,6.4,24.0,2.9,6.65,7.75,34.0,0,0,1,0,0,1
12367,11.0,2016,3.0,26.0,1328.0,1686.0,6,0.28,6.03,6.53,27.5,0.17,7.0,7.92,2.0,0.09,7.5,7.6,5.0,0,0,0,1,0,1
12368,5.0,2011,11.0,5.0,149.0,2759.0,1,0.18,2.0,6.0,1.0,0.17,2.0,8.0,20.0,0.17,2.0,8.0,20.0,1,0,0,0,0,1
12369,7.0,2001,6.0,22.0,2509.0,4386.0,3,0.18,6.7,7.35,20.0,0.18,6.7,7.35,20.0,0.18,6.7,7.35,20.0,0,0,0,0,0,1
12370,10.0,2014,8.0,251.0,1014.0,2252.0,1,0.04,1.5,7.5,4.0,0.12,1.5,7.5,4.0,0.06,1.5,3.75,22.0,1,0,0,1,0,1
12371,7.0,2001,8.0,95.0,61.0,732.0,1,0.41,6.17,7.0,2.0,0.34,6.17,7.03,7.0,0.41,6.17,7.0,2.0,0,0,0,0,0,1
12372,7.0,2006,3.0,105.0,993.0,4387.0,6,0.01,5.4,5.4,46.07439501637249,0.05,5.4,5.4,45.62994169794745,0.05,5.4,5.4,46.82677102467854,0,0,0,0,0,1
12373,15.0,2005,7.0,5.0,9.0,16.0,11,0.17,5.9,8.1,162.5,2.02,8.13,7.85,162.5,1.12,7.8,5.55,9.0,1,0,1,1,1,1
12374,4.0,2011,8.0,29.0,120.0,1131.0,5,0.47,4.87,6.6,37.5,0.16,4.13,6.1,1.5,0.04,4.13,6.1,1.5,0,0,0,0,0,1
12375,17.0,2006,6.0,370.0,2510.0,4388.0,1,0.11,6.057909446618223,6.454225824482941,48.764652014652015,0.11,6.140609278926769,6.574768026830625,40.60225885225885,0.11,6.179580771380661,6.604046953605371,45.93101343101343,0,0,0,0,0,1
12376,10.0,2013,7.0,5.0,243.0,392.0,10,0.31,7.0,6.27,5.5,0.14,7.0,6.27,5.5,0.19,7.0,3.8,5.5,0,0,0,0,0,1
12377,6.0,2016,1.0,15.0,87.0,102.0,9,0.28,7.2,6.0,47.43068327319288,0.28,7.2,6.0,45.61122104527995,0.28,7.2,6.0,46.58020020952159,0,1,1,1,0,1
12378,7.0,2001,7.0,120.0,2109.0,4389.0,1,0.02,4.0,8.1,0.0,0.02,4.0,8.1,0.0,0.02,4.0,8.1,0.0,0,0,0,0,0,1
12379,5.0,2009,11.0,379.0,1576.0,2475.0,6,0.01,6.072216863165409,6.424708824580193,50.939571150097464,0.01,6.151868524473027,6.540253662022141,48.451559454191035,0.01,6.1993461950696656,6.582299035369757,49.943567251461985,0,0,0,0,0,1
12380,15.0,2010,11.0,42.0,1762.0,4390.0,2,0.09,6.5,1.0,1.0,0.1,6.5,7.1,9.0,0.1,6.5,7.1,9.0,0,0,0,0,0,1
12381,5.0,2011,3.0,13.0,1467.0,1686.0,3,1.22,8.25,7.95,260.0,0.17,6.47,5.43,18.0,0.17,6.47,5.43,18.0,0,0,0,0,1,1
12382,7.0,2008,11.0,11.0,1140.0,1409.0,6,0.49,5.43,5.15,130.5,0.12,4.65,7.15,16.0,0.49,5.43,5.15,130.5,1,0,0,0,0,1
12383,7.0,2008,10.0,152.0,676.0,1799.0,12,0.04,6.7,7.0,4.0,0.05,5.0,7.0,4.0,0.04,7.5,7.15,1.0,1,0,0,0,0,1
12384,7.0,2003,6.0,73.0,91.0,2936.0,11,0.01,4.4,6.8,13.5,0.05,7.75,6.8,13.5,0.15,7.75,6.8,13.5,0,0,0,0,0,1
12385,17.0,2008,11.0,82.0,2034.0,3509.0,1,0.1,6.076557377049176,6.4289414021625335,50.52577025484975,0.1,6.1574189047785115,6.543221137077076,48.40728413845569,0.1,6.202197418904775,6.585209277990916,49.56694560669456,0,0,0,0,0,1
12386,10.0,2014,11.0,26.0,2511.0,4391.0,1,0.07,6.0370023640661925,6.4082836879432445,47.3185817805383,0.07,6.127933806146561,6.533567375886503,45.40683229813665,0.07,6.178366430260039,6.570146572104003,49.021868530020704,0,0,0,0,0,1
12387,19.0,2005,10.0,26.0,672.0,1207.0,1,0.07,7.0,7.7,20.0,0.55,7.0,7.7,20.0,0.13,7.0,5.0,5.0,0,0,0,0,0,1
12388,14.0,2003,1.0,24.0,390.0,1277.0,1,0.11,4.7,8.5,1.0,0.21,4.7,8.5,1.0,0.56,4.7,8.5,1.0,0,0,0,0,0,1
12389,4.0,2006,9.0,15.0,534.0,4110.0,11,0.06,6.4,6.6,3.0,0.07,2.4,3.6,3.0,0.07,4.5,7.38,4.5,0,0,0,0,0,1
12390,13.0,2001,1.0,31.0,2512.0,4392.0,1,0.14,5.0,5.0,47.903901046622266,0.14,5.0,5.0,46.559535136604595,0.14,5.0,5.0,47.730256898192195,0,0,0,0,0,1
12391,20.0,2015,9.0,1.0,2513.0,4393.0,8,0.01,8.2,7.9,45.75685693106004,0.01,8.2,7.9,44.82468495181616,0.01,8.2,7.9,45.94250370644922,0,0,0,1,0,1
12392,5.0,2011,3.0,5.0,321.0,2995.0,11,0.07,3.5,2.0,0.0,0.1,4.0,2.0,1.0,0.1,4.0,2.0,1.0,0,0,0,0,0,1
12393,4.0,2007,5.0,17.0,61.0,4394.0,6,1.26,8.0,8.2,214.5,0.01,5.5,8.2,214.5,0.01,5.5,8.2,214.5,1,0,0,0,0,1
12394,7.0,2001,9.0,156.0,2514.0,4395.0,1,0.05,6.097708281522011,6.447693359860781,47.903901046622266,0.05,6.1815792091519635,6.559855757274357,46.559535136604595,0.05,6.221097985575736,6.597542899776213,47.730256898192195,0,0,0,0,0,1
12395,7.0,2009,1.0,11.0,805.0,1226.0,1,0.17,6.06531266560678,6.414785373608896,47.58155002891845,0.17,6.151277159512439,6.537713301536816,45.36119144013881,0.17,6.18789083200847,6.572859035506092,49.094852515905146,0,0,0,0,0,1
12396,1.0,2015,9.0,26.0,548.0,4396.0,11,0.46,7.0,6.35,11.0,0.03,7.0,6.35,11.0,0.03,7.0,6.35,11.0,0,0,0,0,0,1
12397,10.0,2016,11.0,365.0,1003.0,1563.0,6,0.04,6.8,7.2,4.0,0.28,6.03,6.53,27.5,0.03,6.03,8.3,88.0,1,0,0,0,0,1
12398,9.0,2005,9.0,15.0,87.0,2604.0,1,0.08,2.0,2.0,1.0,0.11,2.0,2.0,1.0,0.14,2.0,2.0,1.0,0,0,1,0,0,1
12399,9.0,2002,5.0,91.0,61.0,4361.0,1,0.14,6.050969223702346,6.468989435002288,43.711032388663966,0.06,6.146789159393657,6.595062011943035,37.134362348178136,0.06,6.180679834634819,6.631194304088199,42.425607287449395,1,0,0,0,0,1
12400,1.0,2008,5.0,6.0,1102.0,800.0,7,1.59,8.5,7.77,250.5,0.02,8.5,7.77,250.5,0.02,8.5,7.77,250.5,0,0,0,0,0,1
12401,1.0,2010,10.0,204.0,880.0,637.0,1,0.03,5.5,7.7,3.0,0.07,5.5,7.7,3.0,0.15,5.5,5.9,4.0,0,0,0,0,0,1
12402,6.0,2012,9.0,9.0,2515.0,4397.0,1,0.17,5.77,6.95,27.0,0.17,5.77,6.95,27.0,0.03,5.77,6.95,27.0,0,0,0,0,0,1
12403,5.0,2011,7.0,381.0,1360.0,4398.0,1,0.04,7.2,7.2,45.77475613360922,0.05,7.2,7.2,44.85269484678293,0.05,7.2,7.2,45.76973100798108,0,0,0,0,0,1
12404,24.0,1995,11.0,282.0,2516.0,4399.0,1,0.0,0.0,0.0,0.0,0.0,0.0,0.0,0.0,0.0,0.0,0.0,0.0,0,0,0,0,0,1
12405,11.0,2014,9.0,12.0,687.0,1029.0,5,0.32,5.0,6.6,11.0,0.49,7.7,7.73,42.5,0.49,7.7,7.73,42.5,0,0,0,0,0,1
12406,10.0,2011,9.0,82.0,2517.0,4400.0,1,0.02,6.107652813930537,6.467882595817321,45.77475613360922,0.02,6.194403554438579,6.56657391616556,44.85269484678293,0.02,6.2266573916165795,6.606709451575302,45.76973100798108,0,0,0,0,0,1
12407,7.0,2006,11.0,159.0,2518.0,4401.0,1,0.06,6.9,7.9,48.764652014652015,0.06,6.9,7.9,40.60225885225885,0.06,6.9,7.9,45.93101343101343,0,0,0,0,0,1
12408,14.0,2005,9.0,6.0,1725.0,3457.0,3,0.07,5.4,1.9,47.0,0.16,7.52,7.55,47.0,0.16,7.52,7.55,47.0,0,0,0,0,0,1
12409,4.0,2009,1.0,167.0,2519.0,4402.0,2,0.05,6.104990465293672,6.471661899313569,46.313123359580054,0.05,6.191879290617869,6.565022883295242,45.077952755905514,0.05,6.222345537757457,6.603920671243372,46.040734908136486,0,0,0,0,0,1
12410,1.0,2010,3.0,224.0,1067.0,4403.0,10,0.24,6.057083503054985,6.415594704684301,49.885309852875615,0.31,6.142910386965374,6.540040733197534,48.07779759251003,0.31,6.1904786150712745,6.577492871690405,49.565425769059296,0,0,0,0,0,1
12411,4.0,2009,8.0,6.0,147.0,214.0,1,0.16,6.06531266560678,6.414785373608896,47.58155002891845,0.39,6.151277159512439,6.537713301536816,45.36119144013881,0.34,6.18789083200847,6.572859035506092,49.094852515905146,0,0,0,0,0,1
12412,11.0,2015,4.0,42.0,1423.0,2341.0,1,0.38,6.0,6.6,60.0,0.09,6.17,6.1,33.5,0.09,6.17,6.1,33.5,1,0,0,0,0,1
12413,17.0,2010,6.0,59.0,2520.0,4404.0,1,0.1,4.0,4.0,42.41893830703013,0.1,4.0,4.0,36.190578670492584,0.1,4.0,4.0,41.083213773314206,0,0,0,0,0,1
12414,4.0,2010,8.0,239.0,2146.0,3879.0,3,0.0,0.0,0.0,0.0,0.0,0.0,0.0,0.0,0.0,0.0,0.0,0.0,0,0,0,0,0,1
12415,23.0,2016,11.0,365.0,1003.0,1563.0,6,0.03,6.9,6.65,4.0,0.11,5.9,6.18,5.5,0.03,8.9,8.68,75.0,1,0,0,0,0,1
12416,4.0,2009,12.0,9.0,1552.0,2548.0,1,0.14,5.0,8.1,24.0,0.14,5.0,8.1,24.0,0.08,7.35,8.1,24.0,1,0,0,0,0,1
12417,15.0,2009,7.0,26.0,2521.0,4405.0,2,0.01,8.0,7.8,24.0,0.06,8.1,8.2,85.0,0.06,8.1,8.2,85.0,0,0,0,0,0,1
12418,5.0,2011,1.0,49.0,2522.0,2300.0,9,0.21,5.65,6.15,3.5,0.21,5.65,6.15,3.5,0.21,5.65,6.15,3.5,0,0,0,0,0,1
12419,4.0,2007,2.0,33.0,284.0,1115.0,2,0.07,4.87,6.22,3.5,0.14,4.87,6.22,3.5,0.46,7.6,8.0,3.5,0,0,0,0,0,1
12420,4.0,2009,7.0,85.0,2523.0,4406.0,1,0.19,6.6,7.65,2.0,0.02,6.5,7.2,16.0,0.02,6.5,7.2,16.0,0,0,0,0,0,1
12421,1.0,2008,3.0,240.0,573.0,4407.0,3,0.03,6.0,4.7,0.0,0.93,4.55,4.7,0.0,0.05,6.0,6.5,17.5,0,0,0,0,0,1
12422,7.0,2008,9.0,26.0,683.0,701.0,1,0.06,8.0,8.0,3.0,0.06,8.0,8.0,3.0,0.26,8.0,8.0,3.0,0,0,0,0,0,1
12423,14.0,2005,11.0,3.0,2524.0,4408.0,10,0.17,8.7,8.2,55.0,0.17,8.7,8.2,55.0,0.17,8.7,8.2,55.0,0,0,0,0,0,1
12424,14.0,2003,9.0,114.0,355.0,2613.0,7,0.08,6.2,8.1,45.79083511777302,0.08,6.2,8.1,44.859186295503214,0.08,6.2,8.1,46.22372591006424,0,0,0,0,0,1
12425,17.0,2007,7.0,15.0,993.0,997.0,9,0.31,5.4,6.55,4.0,0.06,2.7,8.5,2.0,0.75,4.95,5.25,1.0,0,0,0,0,0,1
12426,4.0,2011,9.0,5.0,650.0,2276.0,9,0.11,3.6,3.8,4.0,0.24,4.7,4.2,4.0,0.24,4.7,4.2,4.0,1,0,0,1,0,1
12427,7.0,2002,9.0,15.0,2525.0,61.0,1,0.08,6.050969223702346,6.468989435002288,43.711032388663966,0.08,6.146789159393657,6.595062011943035,37.134362348178136,0.07,6.180679834634819,6.631194304088199,42.425607287449395,1,1,0,0,0,1
12428,4.0,2006,6.0,286.0,2526.0,4409.0,1,0.19,6.4,8.4,48.764652014652015,0.19,6.4,8.4,40.60225885225885,0.19,6.4,8.4,45.93101343101343,0,0,0,0,0,1
12429,4.0,2007,9.0,208.0,1354.0,4410.0,10,0.05,6.9,7.5,1.0,0.13,6.9,3.0,1.0,0.13,6.9,3.0,1.0,0,0,0,0,0,1
12430,15.0,2007,4.0,11.0,110.0,136.0,10,0.33,7.8,7.4,183.0,0.33,7.8,7.4,183.0,0.33,7.8,7.4,183.0,0,0,0,0,0,1
12431,22.0,1998,3.0,53.0,2268.0,4411.0,1,0.1,6.0160609318996405,6.403268817204285,46.05333068992863,0.08,6.099759856630821,6.523605734767007,42.11122125297383,0.08,6.1246594982078815,6.541229390680994,45.49722442505948,0,0,0,0,0,1
12432,4.0,2008,8.0,15.0,2527.0,4412.0,1,0.08,6.75,7.65,2.0,0.08,6.75,7.65,2.0,0.08,6.75,7.65,2.0,0,0,0,0,0,1
12433,1.0,2009,11.0,6.0,519.0,4413.0,3,0.11,5.0,6.3,6.0,0.11,5.0,6.3,6.0,0.11,5.0,6.3,6.0,0,0,0,0,0,1
12434,9.0,2002,1.0,6.0,195.0,3172.0,1,0.11,6.050969223702346,6.468989435002288,43.711032388663966,0.11,6.146789159393657,6.595062011943035,37.134362348178136,0.11,6.180679834634819,6.631194304088199,42.425607287449395,0,0,0,0,0,1
12435,4.0,2010,8.0,340.0,2528.0,2277.0,1,0.1,7.0,7.4,23.0,0.1,7.0,7.4,23.0,0.05,7.0,7.4,23.0,0,0,0,0,0,1
12436,17.0,2007,4.0,417.0,1907.0,4414.0,12,0.02,3.0,6.0,1.0,0.13,4.1,6.3,1.0,0.13,4.1,6.3,1.0,0,0,0,0,0,1
12437,19.0,2003,2.0,31.0,421.0,2305.0,2,0.1,5.5,6.4,2.0,0.1,5.5,6.4,2.0,0.1,5.5,6.4,2.0,0,0,0,0,0,1
12438,1.0,2009,9.0,240.0,2143.0,4415.0,1,0.06,6.0,7.4,3.5,0.03,6.0,7.4,3.5,0.06,6.0,7.4,3.5,0,0,0,0,0,1
12439,6.0,2014,12.0,26.0,2529.0,4416.0,1,0.06,6.0370023640661925,6.4082836879432445,47.3185817805383,0.06,6.127933806146561,6.533567375886503,45.40683229813665,0.06,6.178366430260039,6.570146572104003,49.021868530020704,0,0,0,0,0,1
12440,17.0,2010,9.0,26.0,1065.0,1273.0,1,0.07,6.1,7.5,42.41893830703013,0.07,6.1,7.5,36.190578670492584,0.01,6.1,7.5,41.083213773314206,0,0,0,0,0,1
12441,19.0,2003,9.0,6.0,62.0,1787.0,11,0.07,2.6,3.9,2.0,0.11,5.85,6.35,2.0,0.11,5.85,6.35,2.0,0,0,1,0,0,1
12442,15.0,2008,4.0,441.0,769.0,1164.0,10,0.04,6.75,6.15,2.0,0.02,6.75,6.85,4.0,0.02,6.75,6.85,4.0,0,0,0,0,0,1
12443,4.0,2008,1.0,79.0,441.0,616.0,11,0.41,4.0,7.5,48.44426425401161,0.41,4.0,7.5,46.782946398088086,0.08,4.0,7.5,48.1357972004097,0,0,0,0,0,1
12444,15.0,2011,9.0,13.0,359.0,325.0,10,0.33,6.4,7.0,36.5,0.33,6.4,7.0,36.5,0.33,6.4,7.0,36.5,1,0,1,1,0,1
12445,4.0,2007,6.0,5.0,1517.0,1454.0,11,0.1,6.5,7.55,7.0,0.1,6.5,7.55,7.0,0.1,6.5,7.55,7.0,0,0,0,0,0,1
12446,4.0,2009,9.0,52.0,1868.0,3771.0,1,0.15,6.06531266560678,6.414785373608896,47.58155002891845,0.05,6.151277159512439,6.537713301536816,45.36119144013881,0.05,6.18789083200847,6.572859035506092,49.094852515905146,0,0,0,0,0,1
12447,19.0,2002,1.0,15.0,791.0,1922.0,11,0.19,7.5,7.5,1.0,0.29,7.5,7.5,1.0,0.02,6.1,7.0,1.0,1,0,0,0,0,1
12448,4.0,2008,5.0,29.0,2530.0,4417.0,9,0.18,5.6,5.6,45.66070409134158,0.18,5.6,5.6,44.78520456707897,0.18,5.6,5.6,45.78801141769743,0,0,0,0,0,1
12449,10.0,2014,9.0,26.0,2531.0,4418.0,1,0.06,6.0370023640661925,6.4082836879432445,47.3185817805383,0.06,6.127933806146561,6.533567375886503,45.40683229813665,0.06,6.178366430260039,6.570146572104003,49.021868530020704,0,0,0,0,0,1
12450,5.0,2012,7.0,26.0,1001.0,4187.0,7,0.39,6.5,6.85,26.0,0.01,5.7,7.2,45.5,0.01,5.7,7.2,45.5,0,0,0,1,0,1
12451,4.0,2008,4.0,26.0,2532.0,2313.0,1,0.06,7.3,7.1,1.0,0.06,7.3,7.1,1.0,0.13,7.3,7.1,1.0,1,0,0,0,0,1
12452,6.0,2016,4.0,134.0,777.0,2725.0,6,0.18,8.57,8.23,92.5,0.18,8.57,8.23,92.5,0.18,8.57,8.23,92.5,0,0,0,0,0,1
12453,7.0,2011,9.0,15.0,87.0,102.0,9,0.2,5.4,6.1,31.5,0.21,7.13,6.73,31.5,0.21,7.13,6.73,31.5,0,1,1,0,0,1
12454,14.0,2004,7.0,11.0,337.0,1233.0,9,0.18,5.7,8.3,4.0,0.02,5.7,6.5,4.0,0.06,3.0,6.5,4.0,0,0,0,0,0,1
12455,1.0,2007,6.0,22.0,1255.0,2028.0,12,0.76,5.3,4.7,63.5,0.14,2.0,4.7,63.5,0.14,2.0,4.7,63.5,0,0,0,0,0,1
12456,15.0,2011,4.0,77.0,498.0,593.0,2,0.52,7.1,7.17,119.0,0.16,6.85,7.6,4.0,0.19,7.7,8.1,4.0,0,0,0,1,0,1
12457,17.0,2012,9.0,26.0,2501.0,4373.0,1,0.07,3.0,3.0,50.50295255548768,0.07,3.0,3.0,48.179596823457544,0.06,3.0,3.0,49.25208715129302,0,0,0,0,0,1
12458,12.0,1999,11.0,26.0,424.0,1545.0,1,0.18,6.0,6.0,2.0,0.14,6.0,6.0,2.0,0.11,7.0,7.0,1.0,0,0,0,0,0,1
12459,14.0,2005,7.0,3.0,1772.0,2969.0,10,0.06,5.98,6.2,0.0,0.15,7.25,7.6,7.0,0.07,5.5,7.13,12.0,1,0,0,0,0,1
12460,15.0,2013,9.0,13.0,1068.0,1783.0,6,0.35,7.07,7.17,172.0,0.35,7.07,7.17,172.0,0.35,7.07,7.17,172.0,0,0,0,0,0,1
12461,6.0,2011,9.0,4.0,86.0,1438.0,1,0.12,8.55,8.35,163.0,2.63,8.55,8.35,163.0,2.63,8.55,8.35,163.0,0,0,0,0,0,1
12462,7.0,2003,6.0,6.0,285.0,4419.0,7,0.29,6.75,6.7,4.0,1.63,9.0,8.4,4.0,1.63,9.0,8.4,4.0,0,0,0,0,0,1
12463,4.0,2011,6.0,1.0,2533.0,4420.0,1,0.54,6.0,8.0,2.0,0.54,6.0,8.0,2.0,0.54,6.0,8.0,2.0,0,0,0,0,0,1
12464,13.0,1996,1.0,40.0,817.0,1255.0,1,0.07,6.074598214285714,6.518080357142857,51.629901960784316,0.07,6.105133928571427,6.627678571428572,32.81127450980392,0.07,6.240669642857141,6.645223214285716,43.85294117647059,0,0,0,0,1,1
12465,5.0,2007,1.0,57.0,761.0,422.0,1,0.14,5.3,5.1,47.55820785897907,0.14,5.3,5.1,46.14738646101114,0.63,5.3,5.1,47.53813196229649,0,0,0,0,0,1
12466,1.0,2011,1.0,6.0,1844.0,530.0,1,0.09,3.0,3.0,1.0,0.09,3.0,3.0,1.0,0.08,3.0,3.0,1.0,0,0,0,0,0,1
12467,7.0,2008,11.0,157.0,2534.0,4421.0,1,0.02,6.076557377049176,6.4289414021625335,50.52577025484975,0.02,6.1574189047785115,6.543221137077076,48.40728413845569,0.02,6.202197418904775,6.585209277990916,49.56694560669456,0,0,0,0,0,1
12468,12.0,1999,3.0,196.0,428.0,1645.0,1,0.11,3.0,3.0,1.0,0.29,3.0,3.0,1.0,0.29,3.0,3.0,1.0,0,0,0,0,0,1
12469,12.0,1999,1.0,29.0,366.0,1512.0,1,0.14,5.9864729458917845,6.425400801603205,44.05604395604396,1.06,6.120961923847696,6.589959919839676,34.17912087912088,0.18,6.162114228456913,6.618947895791575,38.04120879120879,0,0,0,0,0,1
12470,12.0,1998,1.0,14.0,11.0,4422.0,1,0.09,6.0160609318996405,6.403268817204285,46.05333068992863,0.09,6.099759856630821,6.523605734767007,42.11122125297383,0.09,6.1246594982078815,6.541229390680994,45.49722442505948,0,0,1,0,0,1
12471,12.0,2000,1.0,8.0,615.0,454.0,1,0.12,5.0,5.0,2.0,0.56,5.0,8.0,1.0,0.59,5.0,8.0,1.0,0,0,0,0,0,1
12472,12.0,1998,3.0,29.0,680.0,2229.0,4,0.18,6.052137982195835,6.402181008902078,48.81293564597179,0.26,6.132449554896137,6.516338278931762,46.86116064191928,0.26,6.179810089020755,6.557373887240361,48.54895444966769,0,0,0,0,0,1
12473,12.0,1998,3.0,6.0,2254.0,3916.0,10,0.16,5.0,5.0,1.0,0.16,5.0,5.0,1.0,0.16,5.0,5.0,1.0,0,0,0,0,0,1
12474,12.0,1998,6.0,106.0,932.0,4423.0,1,0.47,5.2,5.2,5.0,0.39,5.5,5.5,4.0,0.39,5.5,5.5,4.0,0,0,0,0,0,1
12475,24.0,1997,10.0,13.0,51.0,257.0,1,0.07,7.0,7.0,7.0,0.07,7.0,7.0,7.0,0.34,7.5,7.5,13.0,0,0,1,0,0,1
12476,12.0,1998,1.0,14.0,2535.0,4424.0,1,0.09,6.0160609318996405,6.403268817204285,46.05333068992863,0.09,6.099759856630821,6.523605734767007,42.11122125297383,0.09,6.1246594982078815,6.541229390680994,45.49722442505948,0,0,0,0,0,1
12477,12.0,1998,5.0,31.0,1167.0,1898.0,1,0.08,7.0,7.0,1.0,0.08,7.0,7.0,1.0,0.08,7.0,7.0,1.0,0,0,0,0,0,1
12478,12.0,1998,7.0,126.0,24.0,819.0,1,0.79,6.3,6.3,6.0,0.47,6.3,6.3,6.0,0.96,8.0,8.0,1.0,1,0,0,0,0,1
12479,12.0,2000,3.0,320.0,82.0,2934.0,12,0.16,5.7,7.7,3.0,1.33,8.0,7.7,3.0,1.33,8.0,7.7,3.0,0,0,1,0,0,1
12480,19.0,2002,5.0,6.0,511.0,4425.0,10,0.31,8.05,8.45,11.5,0.02,7.17,8.05,43.0,0.02,7.17,8.05,43.0,1,0,0,0,0,1
12481,23.0,2014,4.0,229.0,1217.0,1972.0,1,0.14,6.23,8.5,6.0,0.02,6.23,8.5,6.0,0.31,6.23,8.17,16.0,0,0,0,0,0,1
12482,18.0,2015,9.0,152.0,676.0,1240.0,6,0.21,8.9,7.9,19.5,0.16,7.7,7.9,19.0,0.11,7.5,8.3,4.0,1,0,0,0,0,1
12483,10.0,2012,9.0,26.0,1885.0,3198.0,1,0.07,6.072961653015631,6.425969843633651,50.50295255548768,0.07,6.152457185405805,6.543201787043918,48.179596823457544,0.09,6.196662323157107,6.5816586001488995,49.25208715129302,0,0,0,0,0,1
12484,14.0,2004,3.0,7.0,88.0,580.0,11,0.2,4.0,7.4,50.551418439716315,0.2,4.0,7.4,48.66979557780559,0.2,4.0,7.4,49.56727158948686,0,0,0,0,0,1
12485,9.0,2005,3.0,68.0,663.0,501.0,4,0.06,4.7,9.18,66.0,0.14,8.55,9.18,66.0,0.91,6.3,8.85,1.0,0,0,0,0,1,1
12486,11.0,2016,7.0,5.0,20.0,4426.0,9,0.02,5.0,5.0,25.0,1.91,7.3,6.6,25.0,1.91,7.3,6.6,25.0,0,0,0,1,0,1
12487,17.0,2006,9.0,5.0,315.0,4427.0,10,0.37,7.03,7.0,18.5,0.02,6.55,7.15,4.0,0.02,6.55,7.15,4.0,0,0,0,0,1,1
12488,4.0,2007,10.0,88.0,2396.0,4184.0,1,0.05,3.4,5.2,1.0,0.07,3.5,3.47,2.5,0.07,3.5,3.47,2.5,0,0,0,0,0,1
12489,15.0,1992,12.0,8.0,721.0,2702.0,2,0.0,0.0,0.0,0.0,0.0,0.0,0.0,0.0,0.0,0.0,0.0,0.0,1,0,0,0,0,1
12490,5.0,2014,10.0,26.0,1000.0,588.0,11,0.02,2.6,2.9,1.0,0.1,2.6,6.0,1.0,0.09,2.6,6.0,1.0,1,0,0,0,0,1
12491,4.0,2007,11.0,40.0,1255.0,4428.0,11,0.07,3.7,5.8,2.0,0.09,4.65,6.15,2.0,0.09,4.65,6.15,2.0,0,0,0,0,0,1
12492,4.0,2009,6.0,90.0,473.0,4429.0,5,0.49,3.6,2.0,1.0,0.49,3.6,2.0,1.0,0.49,3.6,2.0,1.0,0,0,0,0,0,1
12493,17.0,2010,1.0,15.0,2536.0,1539.0,1,0.07,7.0,7.0,1.0,0.07,7.0,7.0,1.0,0.19,7.0,7.0,1.0,0,0,0,0,0,1
12494,7.0,2006,7.0,54.0,2537.0,4430.0,4,0.06,5.4,3.6,46.51040884215045,0.03,5.6,3.6,45.10081553814787,0.03,5.6,3.6,46.075008048073826,0,0,0,0,1,1
12495,4.0,2008,5.0,298.0,1652.0,4431.0,8,0.03,4.0,4.0,46.06567270145545,0.05,4.0,4.0,45.24915690450834,0.05,4.0,4.0,46.436324103656375,0,0,0,0,0,1
12496,1.0,2010,7.0,54.0,448.0,4432.0,10,0.14,3.6,2.4,1.0,0.07,3.25,5.1,1.0,0.07,3.25,5.1,1.0,0,0,0,0,0,1
12497,1.0,2010,5.0,71.0,1000.0,4433.0,10,0.41,7.97,7.88,86.5,0.18,6.5,5.8,5.0,0.18,6.5,5.8,5.0,0,0,0,1,0,1
12498,13.0,1999,3.0,68.0,2538.0,4434.0,1,0.15,4.0,4.0,3.0,0.15,4.0,4.0,3.0,0.15,4.0,4.0,3.0,0,0,0,0,0,1
12499,17.0,2006,1.0,57.0,783.0,422.0,4,0.06,3.8,3.8,46.51040884215045,0.03,3.8,3.8,45.10081553814787,0.03,3.8,3.8,46.075008048073826,0,0,0,0,0,1
12500,17.0,2006,9.0,15.0,1614.0,4435.0,3,0.13,5.1,5.8,10.0,0.19,6.8,6.7,10.0,0.19,6.8,6.7,10.0,1,0,0,0,0,1
12501,24.0,1994,1.0,9.0,34.0,4436.0,1,0.07,6.060073064770927,6.419377962085287,50.71839204668252,0.08,6.1445201421800935,6.542274881516566,48.91938621136806,0.08,6.189670221169031,6.580169826224309,49.949751458828615,0,0,1,0,0,1
12502,10.0,2013,4.0,26.0,1105.0,1775.0,1,0.07,6.016843832020995,6.3843011811023525,43.64141414141414,0.07,6.091391076115479,6.49972440944881,40.217532467532465,0.36,6.117578740157478,6.52308070866142,43.198232323232325,0,0,0,0,0,1
12503,15.0,2009,3.0,8.0,191.0,240.0,9,0.66,7.75,7.6,4.5,2.68,7.47,6.65,221.0,2.68,7.47,6.65,221.0,1,1,0,1,0,1
12504,15.0,2003,12.0,2.0,702.0,799.0,8,0.07,8.4,7.25,3.0,0.07,8.4,7.25,3.0,0.03,7.25,6.5,57.0,1,0,0,0,1,1
12505,4.0,2008,1.0,5.0,513.0,3647.0,8,0.52,6.3,6.8,20.0,0.02,4.35,2.0,3.0,0.1,7.0,8.0,3.0,0,0,0,0,0,1
12506,7.0,2006,7.0,22.0,1528.0,2738.0,3,0.42,3.9,5.1,11.0,0.02,7.1,6.9,11.0,0.07,6.68,7.7,29.0,1,0,0,0,0,1
12507,7.0,2004,7.0,26.0,51.0,701.0,6,0.22,6.1,8.0,10.0,0.57,5.8,7.5,10.0,0.4,5.8,7.0,1.0,0,0,1,0,0,1
12508,18.0,2015,9.0,127.0,509.0,751.0,8,0.01,6.7,6.95,3.0,0.16,8.2,7.6,205.5,0.16,8.2,7.6,205.5,0,0,0,1,1,1
12509,9.0,2004,1.0,88.0,548.0,1242.0,6,0.03,5.75,7.25,3.0,0.07,5.8,6.0,3.0,0.36,5.45,8.22,2.0,0,0,0,0,0,1
12510,15.0,2010,9.0,8.0,387.0,2192.0,11,0.14,5.0,5.8,44.246983408748115,0.14,6.0,5.8,32.7447209653092,0.14,6.0,5.8,36.71266968325792,0,0,1,0,0,1
12511,9.0,2002,10.0,102.0,676.0,1799.0,8,0.35,8.35,8.4,35.0,0.12,7.24,7.83,29.5,0.12,7.24,7.83,29.5,1,0,0,0,0,1
12512,17.0,2007,2.0,162.0,2539.0,3270.0,1,0.14,6.0,7.7,3.0,0.14,6.0,7.7,3.0,0.14,6.0,7.7,3.0,0,0,0,0,0,1
12513,15.0,2004,12.0,2.0,702.0,799.0,11,8.49,7.75,8.2,158.0,0.06,7.75,7.75,1.0,0.03,7.25,6.5,57.0,1,0,0,0,1,1
12514,17.0,2008,10.0,13.0,1279.0,1973.0,1,0.09,6.2,8.4,2.0,0.08,6.2,6.0,2.0,0.08,6.2,6.0,2.0,0,0,0,0,0,1
12515,4.0,2009,6.0,140.0,2540.0,4437.0,1,0.04,6.06531266560678,6.414785373608896,47.58155002891845,0.04,6.151277159512439,6.537713301536816,45.36119144013881,0.04,6.18789083200847,6.572859035506092,49.094852515905146,0,0,0,0,0,1
12516,1.0,2010,11.0,69.0,1688.0,1241.0,3,0.03,4.9,6.55,8.0,0.12,4.9,6.55,8.0,0.12,4.9,6.55,8.0,0,0,0,0,0,1
12517,4.0,2008,11.0,232.0,2541.0,4438.0,10,0.03,4.7,4.7,47.32791802049488,0.02,4.7,4.7,45.973319170207446,0.02,4.7,4.7,47.42195701074731,0,0,0,0,0,1
12518,4.0,2008,8.0,49.0,524.0,4439.0,10,0.19,7.2,7.1,5.0,0.07,7.2,7.1,5.0,0.07,7.2,7.1,5.0,0,0,0,0,0,1
12519,5.0,2012,9.0,12.0,958.0,846.0,3,0.09,4.8,6.0,2.0,0.04,4.8,6.0,2.0,0.04,4.8,6.0,2.0,0,0,0,0,0,1
12520,10.0,2012,10.0,3.0,385.0,1237.0,1,0.1,7.7,7.85,756.0,1.22,7.7,7.85,756.0,0.05,7.7,7.85,756.0,0,0,0,0,0,1
12521,17.0,2006,5.0,174.0,1222.0,2107.0,3,0.2,4.55,2.5,46.75953239375068,0.31,4.55,2.5,45.315415710695945,0.31,4.55,2.5,46.241942532503,0,0,0,0,0,1
12522,9.0,2005,3.0,88.0,499.0,792.0,1,0.18,6.25,6.0,0.5,0.02,6.25,6.0,0.5,0.09,4.9,4.0,1.0,0,0,0,0,0,1
12523,23.0,2015,4.0,279.0,2342.0,4074.0,1,0.02,6.3,6.3,4.0,0.02,6.3,6.3,4.0,0.06,6.3,6.3,4.0,0,0,0,0,0,1
12524,7.0,2006,6.0,418.0,2542.0,4440.0,1,0.03,7.7,7.7,15.0,0.03,7.7,7.7,15.0,0.03,7.7,7.7,15.0,0,0,0,0,0,1
12525,1.0,2014,9.0,33.0,2146.0,2294.0,11,0.07,6.1,6.1,49.06956599392749,0.09,6.1,6.1,47.025629576710124,0.07,6.1,6.1,48.061618146097516,0,0,0,0,0,1
12526,6.0,2016,9.0,49.0,253.0,1600.0,1,0.2,7.0,5.4,8.0,0.13,7.0,5.4,8.0,0.2,7.0,5.4,8.0,0,0,0,1,0,1
12527,4.0,2010,6.0,158.0,2543.0,4441.0,1,0.37,7.0,7.0,42.41893830703013,0.37,7.0,7.0,36.190578670492584,0.37,7.0,7.0,41.083213773314206,0,0,0,0,0,1
12528,17.0,2005,1.0,15.0,103.0,102.0,1,0.07,4.5,7.38,4.5,1.2,4.5,8.0,1.0,0.47,4.5,9.0,1.0,0,0,0,0,0,1
12529,7.0,2000,1.0,49.0,524.0,1336.0,1,0.11,6.0,7.3,86.0,0.15,6.0,7.3,86.0,0.15,6.0,7.3,86.0,0,0,0,0,0,1
12530,9.0,2003,2.0,29.0,277.0,626.0,3,0.12,6.7,5.45,9.0,0.22,6.1,7.03,7.5,0.99,7.9,8.0,33.0,1,0,0,0,1,1
12531,4.0,2010,5.0,288.0,2544.0,4442.0,1,0.19,6.036517973148549,6.446041576440007,42.41893830703013,0.19,6.13182763100909,6.5621524469467225,36.190578670492584,0.19,6.158211346903418,6.59756604590732,41.083213773314206,0,0,0,0,0,1
12532,14.0,2004,6.0,2.0,2545.0,4443.0,1,0.17,6.05,8.2,0.0,0.17,6.05,8.2,0.0,0.17,6.05,8.2,0.0,0,0,0,0,0,1
12533,25.0,1994,4.0,9.0,2546.0,4444.0,1,0.06,6.060073064770927,6.419377962085287,50.71839204668252,0.06,6.1445201421800935,6.542274881516566,48.91938621136806,0.06,6.189670221169031,6.580169826224309,49.949751458828615,0,0,0,0,0,1
12534,20.0,2013,9.0,13.0,377.0,4445.0,8,0.22,5.87,6.05,17.0,0.1,5.87,6.05,17.0,0.1,5.87,6.05,17.0,0,0,0,0,0,1
12535,15.0,2008,9.0,20.0,60.0,160.0,9,1.32,6.65,7.3,69.0,1.32,6.65,7.3,69.0,1.32,6.65,7.3,69.0,0,0,1,0,0,1
12536,23.0,2015,4.0,49.0,901.0,1385.0,6,0.06,7.1,7.45,7.0,0.06,7.1,7.45,7.0,0.02,7.1,6.9,11.0,1,0,0,0,0,1
12537,17.0,2010,6.0,442.0,2547.0,4446.0,1,0.0,0.0,0.0,0.0,0.0,0.0,0.0,0.0,0.04,0.0,0.0,0.0,0,0,0,0,0,1
12538,4.0,2010,12.0,6.0,94.0,214.0,10,0.08,6.057083503054985,6.415594704684301,49.885309852875615,0.13,6.142910386965374,6.540040733197534,48.07779759251003,0.29,6.1904786150712745,6.577492871690405,49.565425769059296,0,0,0,0,0,1
12539,7.0,2007,1.0,26.0,1289.0,2096.0,1,0.08,6.0,6.0,1.0,0.08,6.0,6.0,1.0,0.28,6.0,6.0,1.0,0,0,0,0,0,1
12540,13.0,2002,1.0,26.0,40.0,1860.0,1,0.14,9.0,8.12,4.5,0.8,9.0,8.12,4.5,0.14,8.0,8.15,8.5,1,0,1,0,0,1
12541,7.0,2009,10.0,443.0,1997.0,3420.0,1,0.0,0.0,0.0,0.0,0.11,0.0,8.0,2.0,0.11,0.0,8.0,2.0,0,0,0,0,0,1
12542,18.0,2016,9.0,6.0,1170.0,1906.0,3,0.37,8.13,6.32,56.0,0.05,7.0,6.9,38.0,0.24,6.7,7.5,9.0,1,0,0,1,0,1
12543,4.0,2007,4.0,92.0,2548.0,4447.0,7,0.02,7.4,7.8,45.63975989965956,0.02,7.4,7.8,44.98176850026877,0.02,7.4,7.8,46.415427342770116,0,0,0,0,0,1
12544,4.0,2005,9.0,15.0,87.0,110.0,12,0.04,3.8,6.0,1.0,0.12,5.7,6.6,1.0,0.04,3.8,6.0,1.0,0,0,1,0,0,1
12545,1.0,2011,7.0,11.0,377.0,553.0,10,0.2,6.23,6.3,154.0,0.19,5.2,6.5,154.0,0.48,5.2,4.8,4.0,0,0,0,0,1,1
12546,17.0,2006,9.0,11.0,1281.0,1279.0,10,0.79,7.43,8.25,260.0,0.05,7.43,8.25,260.0,0.56,6.75,6.9,9.0,0,0,0,0,0,1
12547,6.0,2009,6.0,4.0,121.0,373.0,1,0.09,6.06531266560678,6.414785373608896,47.58155002891845,0.23,6.151277159512439,6.537713301536816,45.36119144013881,0.23,6.18789083200847,6.572859035506092,49.094852515905146,1,0,0,0,0,1
12548,13.0,1995,5.0,89.0,2115.0,888.0,1,0.07,4.5,7.6,42.0,0.07,4.5,7.6,42.0,0.07,4.5,7.6,42.0,0,0,0,0,0,1
12549,9.0,2005,9.0,59.0,286.0,4448.0,11,0.08,6.9,6.0,1.0,0.22,6.9,8.4,1.0,0.22,6.9,8.4,1.0,0,0,0,0,0,1
12550,4.0,2006,1.0,8.0,27.0,31.0,1,0.24,4.0,6.1,11.0,0.28,7.0,6.5,14.0,0.28,7.0,6.5,14.0,1,1,1,0,1,1
12551,19.0,2003,9.0,13.0,620.0,67.0,12,0.03,4.85,2.0,1.0,0.03,4.85,2.0,1.0,1.45,5.55,7.0,18.0,1,1,0,0,0,1
12552,9.0,2002,11.0,181.0,1397.0,2299.0,3,0.17,6.23,7.65,25.5,0.03,5.0,5.3,4.0,0.06,5.0,7.7,68.0,0,0,0,0,0,1
12553,1.0,2011,11.0,179.0,622.0,2765.0,10,0.09,6.6,6.5,26.0,0.09,6.6,6.5,26.0,0.09,6.6,6.5,26.0,0,0,0,0,0,1
12554,23.0,2016,9.0,26.0,768.0,2313.0,5,0.35,9.07,8.58,210.0,0.17,7.5,7.63,13.0,0.07,7.5,7.63,13.0,1,0,0,0,0,1
12555,24.0,1995,11.0,444.0,2549.0,4449.0,1,0.0,0.0,0.0,0.0,0.0,0.0,0.0,0.0,0.0,0.0,0.0,0.0,0,0,0,0,0,1
12556,19.0,2002,1.0,5.0,11.0,1865.0,9,0.13,5.3,5.4,4.0,1.19,7.3,7.0,27.0,1.19,7.3,7.0,27.0,0,0,1,0,0,1
12557,4.0,2009,6.0,219.0,2550.0,4450.0,1,0.0,0.0,0.0,0.0,0.0,0.0,0.0,0.0,0.0,0.0,0.0,0.0,0,0,0,0,0,1
12558,5.0,2014,4.0,42.0,1472.0,1164.0,8,0.09,6.17,6.1,33.5,0.11,8.0,6.7,25.0,0.54,7.53,7.15,100.0,0,0,0,0,0,1
12559,17.0,2012,8.0,26.0,2278.0,1508.0,1,0.06,3.0,6.45,2.0,0.06,3.0,6.45,2.0,0.34,5.6,6.45,2.0,0,0,0,0,0,1
12560,10.0,2015,9.0,257.0,476.0,686.0,1,0.04,6.023708006279429,6.380546310832016,44.238808539944905,0.04,6.098238618524324,6.497463108320238,40.88240358126722,0.08,6.122084772370479,6.520916797488228,43.51325757575758,0,0,0,0,0,1
12561,7.0,2005,9.0,49.0,757.0,2046.0,11,0.05,6.8,7.8,13.0,0.24,6.67,6.67,6.5,0.29,6.67,6.67,6.5,0,0,0,0,0,1
12562,4.0,2011,5.0,71.0,1360.0,4451.0,6,0.05,7.7,8.05,38.0,0.05,7.2,8.05,38.0,0.05,7.2,8.05,38.0,0,0,0,0,0,1
12563,14.0,2005,1.0,3.0,96.0,4452.0,10,0.06,6.35,7.75,17.0,0.06,6.35,7.75,17.0,0.06,6.35,7.75,17.0,0,0,0,0,0,1
12564,4.0,2007,5.0,22.0,2551.0,4453.0,4,0.02,6.7,7.55,2.0,0.02,6.7,7.55,2.0,0.02,6.7,7.55,2.0,0,0,0,0,0,1
12565,10.0,2013,4.0,157.0,1100.0,3244.0,1,0.02,5.5,5.5,2.0,0.08,5.5,5.5,2.0,0.13,5.5,5.5,2.0,1,0,0,0,0,1
12566,5.0,2008,9.0,22.0,1051.0,3862.0,2,0.09,3.4,3.8,5.5,0.23,2.4,3.25,8.0,0.23,2.4,3.25,8.0,0,0,0,0,0,1
12567,14.0,2003,12.0,9.0,511.0,755.0,3,0.07,6.9,7.8,12.5,0.06,6.5,7.3,12.5,0.05,7.17,6.93,12.5,1,0,0,0,0,1
12568,15.0,2010,1.0,15.0,87.0,102.0,9,0.41,7.5,6.93,41.0,0.41,7.5,6.93,41.0,0.41,7.5,6.93,41.0,0,0,1,0,0,1
12569,4.0,2007,5.0,445.0,2552.0,4415.0,1,0.0,0.0,0.0,0.0,0.0,0.0,0.0,0.0,0.0,0.0,0.0,0.0,0,0,0,0,0,1
12570,23.0,2014,10.0,232.0,1537.0,2552.0,7,0.18,7.0,7.9,19.0,0.2,6.77,6.95,8.0,0.05,6.0,7.1,16.0,1,0,0,0,0,1
12571,10.0,2014,4.0,26.0,2393.0,4178.0,1,0.06,6.0370023640661925,6.4082836879432445,47.3185817805383,0.06,6.127933806146561,6.533567375886503,45.40683229813665,0.07,6.178366430260039,6.570146572104003,49.021868530020704,0,0,0,0,0,1
12572,17.0,2005,4.0,155.0,1736.0,1399.0,11,0.03,4.75,3.5,2.0,0.16,4.75,6.35,12.5,0.16,4.75,6.4,5.0,0,0,0,0,0,1
12573,23.0,2014,11.0,26.0,2553.0,4454.0,1,0.06,6.0370023640661925,6.4082836879432445,47.3185817805383,0.06,6.127933806146561,6.533567375886503,45.40683229813665,0.06,6.178366430260039,6.570146572104003,49.021868530020704,0,0,0,0,0,1
12574,7.0,2001,7.0,78.0,997.0,4455.0,11,0.04,3.95,3.95,49.86247139588101,0.04,3.95,3.95,48.43188405797101,0.04,3.95,3.95,49.87780320366133,0,0,0,0,0,1
12575,10.0,2014,4.0,107.0,1781.0,4456.0,6,0.26,8.5,8.1,175.5,0.26,8.5,8.1,175.5,0.26,8.5,8.1,175.5,0,0,0,0,0,1
12576,4.0,2005,5.0,11.0,834.0,451.0,10,1.66,7.1,7.8,59.0,1.66,7.1,7.8,59.0,1.66,7.1,7.8,59.0,0,0,0,0,0,1
12577,1.0,2010,6.0,35.0,2554.0,4457.0,5,0.07,6.067674978747517,6.4074128648342485,49.88838251197281,0.07,6.148580334372342,6.52310427883255,48.341572686544104,0.07,6.194015301785197,6.565334372343457,49.79777537463309,0,0,0,0,0,1
12578,1.0,2009,9.0,85.0,824.0,4458.0,9,0.06,6.7,4.43,2.0,0.07,4.0,4.43,2.0,0.07,4.0,4.43,2.0,0,0,0,0,0,1
12579,10.0,2016,9.0,26.0,2555.0,4459.0,1,0.09,8.0,8.0,1.0,0.09,8.0,8.0,1.0,0.09,8.0,8.0,1.0,0,0,0,0,0,1
12580,7.0,2006,9.0,12.0,743.0,2480.0,1,0.12,7.0,7.4,34.0,0.14,7.0,8.4,9.0,0.21,5.8,6.6,2.0,0,0,0,0,0,1
12581,7.0,2004,1.0,155.0,2556.0,4460.0,1,0.1,4.0,6.5,20.0,0.1,4.0,6.5,20.0,0.1,4.0,6.5,20.0,0,0,0,0,0,1
12582,4.0,2006,6.0,1.0,2557.0,4461.0,1,0.09,6.057909446618223,6.454225824482941,48.764652014652015,0.09,6.140609278926769,6.574768026830625,40.60225885225885,0.09,6.179580771380661,6.604046953605371,45.93101343101343,0,0,0,0,0,1
12583,4.0,2008,11.0,15.0,534.0,4110.0,11,0.09,4.5,7.1,4.5,0.06,4.5,7.1,4.5,0.07,4.5,7.38,4.5,0,0,0,0,0,1
12584,4.0,2011,8.0,6.0,19.0,571.0,3,0.12,3.7,5.3,3.0,0.39,3.7,5.3,3.0,0.1,3.7,5.3,3.0,1,0,1,0,0,1
12585,15.0,2007,7.0,29.0,2521.0,4405.0,3,0.56,6.7,7.6,15.0,0.03,7.2,7.85,15.0,0.03,7.2,7.85,15.0,0,0,0,0,0,1
12586,9.0,2004,1.0,11.0,1666.0,1226.0,1,0.13,5.85,6.1,4.0,0.13,5.85,6.1,4.0,0.13,7.0,7.3,4.0,0,0,0,0,0,1
12587,14.0,2004,9.0,33.0,460.0,1096.0,11,0.34,5.75,7.75,5.0,0.1,6.3,6.2,5.0,0.67,6.3,6.2,5.0,0,0,0,0,0,1
12588,17.0,2012,9.0,379.0,1931.0,3962.0,1,0.01,8.0,8.0,2.0,0.08,7.0,7.0,1.0,0.08,7.0,7.0,1.0,0,0,0,0,0,1
12589,1.0,2011,9.0,9.0,448.0,2561.0,7,0.2,6.05,6.7,8.0,0.11,5.5,6.5,1.0,0.11,5.5,6.5,1.0,0,0,0,1,0,1
12590,4.0,2008,9.0,26.0,2558.0,4462.0,1,0.06,5.0,5.0,2.0,0.06,5.0,5.0,2.0,0.06,5.0,5.0,2.0,0,0,0,0,0,1
12591,4.0,2008,12.0,26.0,683.0,701.0,1,0.06,8.0,8.0,2.0,0.06,8.0,8.0,2.0,0.08,5.0,5.0,2.0,0,0,0,0,0,1
12592,7.0,2006,3.0,26.0,619.0,4463.0,9,0.58,5.1,7.05,5.0,0.05,4.8,8.0,1.0,0.05,4.8,8.0,1.0,0,0,0,0,0,1
12593,1.0,2011,2.0,68.0,2559.0,4464.0,11,0.07,6.006015209125474,6.41599619771862,41.036795626576954,0.03,6.090570342205316,6.534011406844094,35.344407064760304,0.03,6.119920152091249,6.565832699619768,39.97560975609756,0,0,0,0,0,1
12594,6.0,2016,6.0,26.0,744.0,939.0,1,0.09,8.2,8.2,6.0,0.09,8.2,8.2,6.0,0.13,8.2,8.2,6.0,0,0,0,0,0,1
12595,13.0,1999,9.0,89.0,985.0,2308.0,1,0.02,6.0,6.0,1.0,0.23,7.8,7.8,9.0,0.24,6.5,6.5,10.0,0,0,0,0,0,1
12596,13.0,1996,10.0,31.0,2560.0,4465.0,1,0.14,6.074598214285714,6.518080357142857,51.629901960784316,0.14,6.105133928571427,6.627678571428572,32.81127450980392,0.14,6.240669642857141,6.645223214285716,43.85294117647059,0,0,0,0,0,1
12597,17.0,2012,9.0,26.0,1591.0,2642.0,1,0.06,6.072961653015631,6.425969843633651,50.50295255548768,0.06,6.152457185405805,6.543201787043918,48.179596823457544,0.12,6.196662323157107,6.5816586001488995,49.25208715129302,0,0,0,0,0,1
12598,29.0,1995,11.0,15.0,87.0,4466.0,1,0.09,7.0,8.1,68.0,0.09,7.0,8.1,68.0,0.09,7.0,8.1,68.0,0,0,1,0,0,1
12599,2.0,1989,5.0,446.0,65.0,4467.0,1,0.0,0.0,0.0,0.0,0.45,0.0,4.0,2.0,0.45,0.0,4.0,2.0,0,0,0,0,0,1
12600,4.0,2010,6.0,26.0,2561.0,4468.0,1,0.07,6.036517973148549,6.446041576440007,42.41893830703013,0.07,6.13182763100909,6.5621524469467225,36.190578670492584,0.07,6.158211346903418,6.59756604590732,41.083213773314206,0,0,0,0,0,1
12601,6.0,2015,11.0,179.0,590.0,2220.0,1,0.07,8.0,8.2,24.0,0.07,8.0,8.2,24.0,0.25,4.65,6.0,29.0,0,0,0,0,0,1
12602,5.0,2010,7.0,5.0,11.0,4469.0,6,0.13,6.2,7.3,292.0,0.19,7.1,7.32,292.0,0.19,7.1,7.32,292.0,1,0,1,1,0,1
12603,5.0,2008,9.0,49.0,253.0,320.0,9,0.2,5.4,7.1,6.0,0.2,5.4,7.1,6.0,0.2,5.4,7.1,6.0,0,0,0,0,0,1
12604,5.0,2007,7.0,5.0,1560.0,2985.0,12,0.02,5.5,6.85,5.0,0.2,3.67,4.73,27.5,0.14,5.3,6.7,27.5,0,0,0,0,0,1
12605,9.0,2004,3.0,88.0,2562.0,4470.0,2,0.02,4.8,8.1,46.47551686615887,0.02,4.8,8.1,44.46300326441784,0.02,4.8,8.1,47.88805767138194,0,0,0,0,0,1
12606,4.0,2012,5.0,71.0,1360.0,1324.0,3,0.33,8.3,8.42,69.5,0.06,8.3,8.42,69.5,0.04,8.3,8.42,69.5,0,0,0,0,0,1
12607,11.0,2016,4.0,17.0,2563.0,4471.0,1,0.13,6.0,6.5,13.0,0.13,6.0,6.5,13.0,0.13,6.0,6.5,13.0,0,0,0,1,0,1
12608,7.0,2010,7.0,4.0,593.0,213.0,11,0.1,7.33,8.08,30.5,0.46,7.33,8.08,30.5,0.28,7.0,7.57,10.0,1,0,0,0,0,1
12609,14.0,2005,8.0,7.0,1884.0,3192.0,1,0.06,3.6,3.6,50.56199677938808,0.06,3.6,3.6,37.569243156199676,0.06,3.6,3.6,43.750402576489535,0,0,0,0,0,1
12610,4.0,2007,1.0,8.0,394.0,454.0,10,0.18,5.96,5.95,4.5,0.21,7.0,7.33,55.0,0.39,6.67,6.5,1.5,0,0,0,0,1,1
12611,7.0,2008,6.0,385.0,2564.0,4472.0,1,0.1,6.076557377049176,6.4289414021625335,50.52577025484975,0.1,6.1574189047785115,6.543221137077076,48.40728413845569,0.1,6.202197418904775,6.585209277990916,49.56694560669456,0,0,0,0,0,1
12612,24.0,1996,8.0,256.0,2565.0,4473.0,1,0.0,0.0,0.0,0.0,0.0,0.0,0.0,0.0,0.0,0.0,0.0,0.0,0,0,0,0,0,1
12613,17.0,2012,4.0,26.0,2566.0,4474.0,1,0.06,5.0,5.5,2.0,0.06,5.0,5.5,2.0,0.06,5.0,5.5,2.0,0,0,0,0,0,1
12614,5.0,2009,9.0,85.0,824.0,4458.0,9,0.27,5.8,7.3,10.0,0.26,5.8,5.5,10.0,0.06,5.27,4.65,1.5,0,0,0,0,0,1
12615,8.0,1993,2.0,15.0,87.0,648.0,1,0.31,9.0,9.0,1.0,0.06,7.4,7.4,19.0,1.2,7.6,7.6,9.0,0,0,1,0,0,1
12616,4.0,2006,5.0,15.0,29.0,4475.0,4,0.05,4.6,7.2,2.5,1.57,6.4,7.8,2.5,1.57,6.4,7.8,2.5,0,0,0,0,0,1
12617,13.0,1997,9.0,15.0,1388.0,4476.0,1,0.13,4.0,4.0,3.0,0.09,4.0,4.0,3.0,0.09,4.0,4.0,3.0,0,0,1,0,0,1
12618,15.0,2009,9.0,8.0,116.0,1363.0,12,0.51,6.93,7.68,131.5,0.51,6.93,7.68,131.5,0.51,6.93,7.68,131.5,0,0,0,0,0,1
12619,4.0,2010,4.0,228.0,2567.0,4477.0,1,0.19,6.4,7.2,3.0,0.19,6.4,7.2,3.0,0.19,6.4,7.2,3.0,0,0,0,0,0,1
12620,14.0,2002,11.0,6.0,1305.0,225.0,9,0.14,5.5,6.7,13.0,0.28,7.57,7.62,12.0,2.43,8.3,8.45,36.0,1,0,0,0,1,1
12621,5.0,2011,9.0,49.0,1604.0,2661.0,3,0.24,5.9,7.45,12.0,0.19,4.97,7.13,15.0,0.19,4.97,7.13,15.0,0,0,0,1,0,1
12622,17.0,2007,10.0,447.0,2568.0,4478.0,1,0.0,0.0,0.0,0.0,0.0,0.0,0.0,0.0,0.0,0.0,0.0,0.0,0,0,0,0,0,1
12623,4.0,2005,7.0,35.0,940.0,3931.0,7,0.04,3.5,6.5,2.0,0.46,5.15,6.5,2.0,0.46,5.15,6.5,2.0,0,0,0,0,0,1
12624,7.0,2006,6.0,15.0,71.0,1994.0,3,0.07,6.7,7.8,3.0,0.07,8.0,7.8,3.0,0.07,8.0,7.8,3.0,0,0,0,0,0,1
12625,4.0,2007,10.0,204.0,2334.0,4058.0,1,0.09,6.8,6.8,4.0,0.09,6.8,6.8,4.0,0.08,6.8,6.8,4.0,0,0,0,0,0,1
12626,4.0,2008,4.0,17.0,384.0,4479.0,1,0.08,6.076557377049176,6.4289414021625335,50.52577025484975,0.08,6.1574189047785115,6.543221137077076,48.40728413845569,0.08,6.202197418904775,6.585209277990916,49.56694560669456,0,0,0,0,0,1
12627,17.0,2011,11.0,59.0,2569.0,4480.0,1,0.18,5.55,6.4,1.0,0.18,5.55,6.4,1.0,0.02,5.55,6.4,1.0,0,0,0,0,0,1
12628,14.0,2002,9.0,49.0,538.0,3054.0,11,0.29,7.9,7.6,3.0,0.21,6.8,8.5,3.0,0.21,6.8,8.5,3.0,0,0,0,0,0,1
12629,1.0,2010,2.0,54.0,173.0,4481.0,10,0.12,3.6,2.1,49.885309852875615,0.02,5.0,2.1,48.07779759251003,0.02,5.0,2.1,49.565425769059296,0,0,0,0,0,1
12630,7.0,2006,7.0,6.0,196.0,4482.0,3,0.08,5.4,1.9,46.75953239375068,0.07,5.4,1.9,45.315415710695945,0.07,5.4,1.9,46.241942532503,1,0,1,1,0,1
12631,7.0,2006,7.0,22.0,63.0,3631.0,6,0.04,8.07,8.53,218.0,0.04,8.07,8.53,218.0,0.1,6.0,7.0,5.0,0,0,0,0,0,1
12632,17.0,2005,4.0,167.0,950.0,3811.0,2,0.51,5.3,8.1,45.65814307458143,0.05,5.3,8.1,44.52978183663115,0.05,5.3,8.1,45.452511415525116,0,0,0,0,0,1
12633,3.0,1991,9.0,15.0,87.0,110.0,1,1.39,10.0,10.0,1.0,1.39,10.0,10.0,1.0,2.23,6.8,6.8,27.0,0,0,1,0,0,1
12634,4.0,2010,11.0,15.0,460.0,4483.0,9,0.23,7.6,6.55,47.5,0.59,7.12,7.17,56.5,0.59,7.12,7.17,56.5,0,0,0,0,0,1
12635,15.0,2005,8.0,8.0,108.0,4484.0,2,0.17,8.7,8.1,13.0,0.4,5.65,7.15,13.0,0.4,5.65,7.15,13.0,0,0,0,1,0,1
12636,4.0,2011,2.0,71.0,1360.0,4485.0,9,0.14,6.75,7.5,8.0,0.06,6.75,7.5,8.0,0.06,6.75,7.5,8.0,0,0,0,0,0,1
12637,19.0,2003,9.0,13.0,51.0,67.0,1,0.08,6.0,6.4,29.0,0.63,8.0,9.0,1.0,1.29,8.0,9.0,1.0,1,1,1,0,0,1
12638,4.0,2008,1.0,3.0,87.0,2962.0,8,0.46,7.0,7.4,26.0,0.15,6.7,8.5,26.0,0.15,6.7,8.5,26.0,0,0,1,0,0,1
12639,4.0,2008,1.0,6.0,19.0,4486.0,11,0.09,6.69,7.08,7.0,0.23,6.93,6.53,13.5,0.23,6.93,6.53,13.5,0,0,1,0,0,1
12640,1.0,2009,1.0,241.0,938.0,2162.0,8,0.18,4.87,6.2,22.5,0.08,4.0,6.2,22.5,0.01,4.75,5.5,0.5,0,0,0,0,0,1
12641,20.0,2014,9.0,5.0,852.0,158.0,1,0.07,4.9,4.9,11.0,0.07,4.9,4.9,11.0,0.21,4.9,4.9,11.0,0,0,0,1,0,1
12642,23.0,2015,11.0,134.0,819.0,4487.0,1,0.15,7.33,8.27,11.0,0.01,7.33,7.2,6.0,0.01,7.33,7.2,6.0,0,0,0,1,0,1
12643,13.0,1998,10.0,255.0,380.0,1280.0,1,0.17,8.0,8.0,20.0,0.17,8.0,8.0,20.0,0.1,7.0,7.0,1.0,0,0,0,0,0,1
12644,4.0,2009,5.0,158.0,2570.0,4488.0,1,0.18,6.06531266560678,6.414785373608896,47.58155002891845,0.18,6.151277159512439,6.537713301536816,45.36119144013881,0.18,6.18789083200847,6.572859035506092,49.094852515905146,0,0,0,0,0,1
12645,6.0,2008,9.0,155.0,181.0,4489.0,9,0.15,6.4,7.5,14.0,2.8,8.03,7.25,126.5,2.8,8.03,7.25,126.5,0,0,0,0,0,1
12646,10.0,2016,6.0,237.0,1700.0,2825.0,1,0.07,7.3,7.3,3.0,0.07,7.3,7.3,3.0,0.17,7.3,7.3,3.0,0,0,0,0,0,1
12647,15.0,2001,9.0,8.0,1663.0,135.0,11,0.12,5.75,7.15,10.0,0.17,5.75,7.15,10.0,3.73,5.7,6.95,40.0,0,0,0,0,0,1
12648,17.0,2009,1.0,4.0,2571.0,4490.0,1,0.09,6.06531266560678,6.414785373608896,47.58155002891845,0.09,6.151277159512439,6.537713301536816,45.36119144013881,0.09,6.18789083200847,6.572859035506092,49.094852515905146,0,0,0,0,0,1
12649,4.0,2006,9.0,85.0,2562.0,4491.0,10,0.57,6.3,6.9,1.0,0.06,8.3,7.85,2.0,0.06,8.3,7.85,2.0,0,0,0,0,0,1
12650,14.0,2004,9.0,8.0,137.0,2758.0,7,0.17,3.5,5.32,14.0,0.38,6.35,7.05,20.0,0.17,3.5,5.32,14.0,0,0,1,0,0,1
12651,15.0,2014,9.0,17.0,1099.0,1904.0,6,0.15,5.75,6.75,41.5,0.15,5.75,6.75,41.5,0.15,5.75,6.75,41.5,0,0,0,1,1,1
12652,11.0,2015,9.0,49.0,524.0,1335.0,1,0.08,6.023708006279429,6.380546310832016,44.238808539944905,0.04,6.098238618524324,6.497463108320238,40.88240358126722,0.09,6.122084772370479,6.520916797488228,43.51325757575758,1,0,0,0,0,1
12653,4.0,2011,6.0,97.0,2572.0,4492.0,1,0.1,7.0,7.5,46.0,0.1,7.0,7.5,46.0,0.1,7.0,7.5,46.0,0,0,0,0,0,1
12654,4.0,2008,8.0,417.0,2573.0,4493.0,3,0.06,4.1,7.05,1.0,0.06,4.1,7.05,1.0,0.06,4.1,7.05,1.0,0,0,0,0,0,1
12655,11.0,2015,11.0,337.0,2372.0,3554.0,1,0.02,7.3,7.3,4.0,0.07,7.3,7.3,4.0,0.03,7.3,7.3,4.0,0,0,0,0,0,1
12656,5.0,2013,3.0,42.0,619.0,4494.0,1,0.23,7.13,6.1,67.0,0.1,7.2,4.0,67.0,0.1,7.2,4.0,67.0,0,0,0,0,0,1
12657,24.0,1998,2.0,9.0,55.0,4495.0,1,0.08,8.2,8.2,5.0,0.12,9.3,9.3,4.0,0.12,9.3,9.3,4.0,0,0,1,0,0,1
12658,7.0,2007,4.0,134.0,901.0,4496.0,4,0.03,8.0,8.0,24.0,0.1,6.55,7.4,20.0,0.1,6.55,7.4,20.0,1,0,0,0,0,1
12659,4.0,2010,9.0,204.0,2574.0,4497.0,1,0.14,7.7,7.6,2.0,0.14,7.7,7.6,2.0,0.14,7.7,7.6,2.0,0,0,0,0,0,1
12660,13.0,1999,1.0,120.0,2575.0,4498.0,1,0.08,5.9864729458917845,6.425400801603205,44.05604395604396,0.08,6.120961923847696,6.589959919839676,34.17912087912088,0.08,6.162114228456913,6.618947895791575,38.04120879120879,0,0,0,0,0,1
12661,9.0,2001,4.0,15.0,965.0,995.0,3,0.21,6.9,7.6,27.0,0.21,6.9,7.6,27.0,0.75,7.4,7.05,72.0,1,0,0,0,0,1
12662,13.0,2000,9.0,53.0,2576.0,4499.0,9,0.58,8.01,7.75,65.0,0.58,8.01,7.75,65.0,0.58,8.01,7.75,65.0,0,0,0,0,0,1
12663,8.0,1992,10.0,15.0,87.0,110.0,1,0.13,8.5,8.62,83.5,0.63,8.5,8.62,83.5,0.06,8.5,7.3,4.0,0,0,1,0,0,1
12664,7.0,2002,1.0,448.0,2577.0,4500.0,1,0.0,0.0,0.0,0.0,0.0,0.0,0.0,0.0,0.0,0.0,0.0,0.0,0,0,0,0,0,1
12665,1.0,2008,6.0,40.0,1761.0,4501.0,10,0.11,6.8,6.3,4.0,0.15,3.7,3.58,9.0,0.15,3.7,3.58,9.0,0,0,0,0,0,1
12666,15.0,2009,2.0,8.0,41.0,672.0,11,0.33,7.5,7.7,469.0,1.17,7.47,7.68,469.0,1.17,7.47,7.68,469.0,0,0,1,0,0,1
12667,17.0,2006,4.0,11.0,2193.0,4502.0,7,0.16,5.7,6.6,3.0,0.16,5.7,6.6,3.0,0.16,5.7,6.6,3.0,0,0,0,0,0,1
12668,9.0,2003,9.0,11.0,1755.0,1233.0,11,0.16,7.1,6.85,4.0,0.16,5.0,3.0,1.0,0.58,2.4,6.1,1.0,0,0,0,0,0,1
12669,17.0,2006,6.0,9.0,2578.0,4503.0,1,0.09,7.0,5.3,4.0,0.09,7.0,5.3,4.0,0.09,7.0,5.3,4.0,0,0,0,0,0,1
12670,6.0,2011,3.0,397.0,266.0,4302.0,3,0.01,2.95,3.1,0.0,0.01,2.0,3.1,0.0,0.01,2.0,3.1,0.0,0,0,0,0,0,1
12671,7.0,2000,1.0,49.0,524.0,2300.0,1,0.07,7.3,7.3,5.0,0.05,7.3,7.3,5.0,0.19,7.3,5.5,2.0,1,0,0,0,0,1
12672,14.0,2005,9.0,114.0,1460.0,3525.0,2,0.22,5.5,6.4,2.0,0.05,6.5,7.0,1.0,0.05,6.5,7.0,1.0,0,0,0,0,0,1
12673,23.0,2014,4.0,17.0,1534.0,4504.0,1,0.17,5.5,5.5,2.0,0.11,5.5,5.5,2.0,0.11,5.5,5.5,2.0,0,0,0,0,0,1
12674,19.0,2006,9.0,6.0,62.0,952.0,10,0.78,7.25,7.55,127.0,0.25,7.8,6.5,127.0,0.25,7.8,6.5,127.0,1,0,1,0,1,1
12675,17.0,2011,4.0,15.0,2579.0,4505.0,1,0.07,6.107652813930537,6.467882595817321,45.77475613360922,0.07,6.194403554438579,6.56657391616556,44.85269484678293,0.07,6.2266573916165795,6.606709451575302,45.76973100798108,0,0,0,0,0,1
12676,4.0,2009,10.0,204.0,2580.0,4506.0,1,0.08,6.06531266560678,6.414785373608896,47.58155002891845,0.08,6.151277159512439,6.537713301536816,45.36119144013881,0.08,6.18789083200847,6.572859035506092,49.094852515905146,0,0,0,0,0,1
12677,4.0,2008,4.0,134.0,819.0,4507.0,3,0.01,7.43,7.97,64.5,0.51,7.43,7.97,64.5,0.04,7.43,5.8,6.0,0,0,0,0,0,1
12678,15.0,2006,4.0,29.0,2581.0,4508.0,6,0.14,7.0,7.2,4.0,0.14,7.0,7.2,4.0,0.14,7.0,7.2,4.0,0,0,0,0,0,1
12679,4.0,2007,6.0,13.0,2582.0,4509.0,1,0.13,6.099566138746374,6.4607807271916755,47.55820785897907,0.13,6.186688601383021,6.564681017176054,46.14738646101114,0.13,6.2206457729199345,6.6001962971225066,47.53813196229649,0,0,0,0,0,1
12680,17.0,2009,9.0,26.0,2583.0,1545.0,1,0.07,6.06531266560678,6.414785373608896,47.58155002891845,0.07,6.151277159512439,6.537713301536816,45.36119144013881,0.02,6.18789083200847,6.572859035506092,49.094852515905146,0,0,0,0,0,1
12681,7.0,2007,10.0,4.0,2165.0,1394.0,1,0.08,7.0,6.6,5.0,0.08,7.0,6.6,5.0,0.1,7.0,6.9,17.0,0,0,0,0,0,1
12682,7.0,2004,9.0,9.0,758.0,2460.0,6,0.07,5.35,6.4,1.0,0.24,5.6,6.2,2.0,0.22,6.3,5.9,2.0,0,0,0,0,0,1
12683,7.0,2006,9.0,26.0,1591.0,2642.0,1,0.07,6.057909446618223,6.454225824482941,48.764652014652015,0.07,6.140609278926769,6.574768026830625,40.60225885225885,0.14,6.179580771380661,6.604046953605371,45.93101343101343,0,0,0,0,0,1
12684,13.0,2001,7.0,53.0,605.0,1401.0,11,0.2,6.9,6.7,49.86247139588101,0.87,4.8,6.7,48.43188405797101,0.87,4.8,6.7,49.87780320366133,0,0,0,0,0,1
12685,13.0,1995,10.0,87.0,1302.0,4510.0,1,0.36,5.0,6.6,22.0,0.36,5.0,6.6,22.0,0.36,5.0,6.6,22.0,0,0,0,0,0,1
12686,19.0,2005,1.0,8.0,2584.0,590.0,1,0.14,5.0,6.0,2.0,0.14,5.0,6.0,2.0,0.14,5.0,6.0,2.0,1,1,0,0,0,1
12687,7.0,2001,4.0,4.0,1100.0,4511.0,11,0.19,8.3,8.05,2.0,0.19,8.3,8.05,2.0,0.19,8.3,8.05,2.0,0,0,0,0,0,1
12688,11.0,2015,1.0,6.0,332.0,4144.0,9,0.09,6.35,5.55,5.0,0.03,6.4,7.45,2.0,0.03,6.4,7.45,2.0,0,0,0,0,0,1
12689,19.0,2003,4.0,5.0,227.0,2819.0,5,0.67,7.2,8.2,54.0,0.17,6.6,6.8,5.0,0.17,6.6,6.8,5.0,0,0,0,0,0,1
12690,19.0,2002,1.0,31.0,401.0,1802.0,7,0.35,7.94,8.18,19.5,0.35,7.94,8.18,19.5,0.35,7.94,8.18,19.5,0,0,0,0,0,1
12691,11.0,2015,9.0,49.0,901.0,4512.0,4,0.05,4.4,6.85,2.0,0.03,4.4,6.7,7.0,0.03,4.4,6.7,7.0,0,0,0,0,0,1
12692,15.0,1999,9.0,8.0,220.0,4513.0,6,0.62,9.0,7.15,10.0,2.08,9.0,7.6,13.0,2.08,9.0,7.6,13.0,0,0,0,0,0,1
12693,19.0,2005,9.0,13.0,765.0,1167.0,11,0.51,6.9,7.52,7.0,0.22,8.6,8.0,7.0,0.22,8.6,8.0,7.0,0,0,0,1,0,1
12694,5.0,2006,12.0,8.0,46.0,169.0,7,0.56,8.8,6.9,8.0,0.25,6.05,7.4,8.0,0.31,6.0,7.0,21.0,0,0,1,0,0,1
12695,4.0,2007,4.0,49.0,2585.0,4514.0,1,0.09,6.099566138746374,6.4607807271916755,47.55820785897907,0.09,6.186688601383021,6.564681017176054,46.14738646101114,0.09,6.2206457729199345,6.6001962971225066,47.53813196229649,0,0,0,0,0,1
12696,4.0,2007,4.0,71.0,1294.0,4515.0,2,0.03,6.096028933092221,6.447459915611864,47.86400791034937,0.03,6.181521398432808,6.558079566003666,46.669215557020436,0.03,6.219385171790244,6.594602772754711,47.940870138431116,0,0,0,0,0,1
12697,23.0,2012,1.0,15.0,1271.0,2069.0,1,0.09,8.0,8.0,1.0,0.09,8.0,8.0,1.0,0.2,8.0,8.0,1.0,0,0,0,0,0,1
12698,6.0,2015,9.0,49.0,253.0,559.0,3,0.16,4.9,6.5,2.0,0.16,4.9,6.5,2.0,0.11,7.37,7.65,6.0,0,0,0,0,0,1
12699,4.0,2006,7.0,11.0,323.0,4516.0,1,0.09,6.0,6.5,21.0,0.76,6.0,7.5,2.0,0.76,6.0,7.5,2.0,0,0,0,0,0,1
12700,4.0,2005,1.0,8.0,1862.0,31.0,1,0.14,3.0,6.1,22.0,0.14,3.0,6.1,22.0,0.08,7.25,7.55,23.0,1,1,0,0,1,1
12701,1.0,2009,12.0,26.0,683.0,701.0,1,0.07,8.0,8.0,4.0,0.07,8.0,8.0,4.0,0.31,8.0,8.0,4.0,0,0,0,0,0,1
12702,13.0,1997,11.0,4.0,1397.0,2299.0,1,0.09,7.1,7.1,7.0,0.09,7.1,7.1,7.0,0.09,7.1,7.1,7.0,0,0,0,0,0,1
12703,7.0,2005,6.0,183.0,2586.0,4517.0,8,0.1,6.0,4.0,0.5,0.1,6.0,4.0,0.5,0.1,6.0,4.0,0.5,1,0,0,0,0,1
12704,17.0,2012,9.0,292.0,2587.0,4518.0,1,0.02,6.072961653015631,6.425969843633651,50.50295255548768,0.02,6.152457185405805,6.543201787043918,48.179596823457544,0.02,6.196662323157107,6.5816586001488995,49.25208715129302,0,0,0,0,0,1
12705,19.0,2002,3.0,5.0,1485.0,1259.0,11,0.1,4.2,6.25,2.0,0.22,6.0,6.25,2.0,0.57,7.4,5.4,2.0,0,0,0,0,0,1
12706,23.0,2013,11.0,4.0,101.0,4519.0,12,0.71,6.8,7.65,18.0,0.15,6.6,6.6,2.0,0.15,6.6,6.6,2.0,0,0,0,0,1,1
12707,7.0,2007,6.0,59.0,2588.0,4520.0,1,0.12,6.099566138746374,6.4607807271916755,47.55820785897907,0.12,6.186688601383021,6.564681017176054,46.14738646101114,0.12,6.2206457729199345,6.6001962971225066,47.53813196229649,0,0,0,0,0,1
12708,7.0,2004,3.0,36.0,130.0,292.0,4,0.13,8.0,6.9,18.0,0.13,8.0,6.9,18.0,0.04,8.5,7.35,13.0,1,0,0,1,0,1
12709,10.0,2012,4.0,38.0,190.0,4521.0,1,0.19,6.0,7.0,3.0,0.11,6.0,7.0,3.0,0.11,6.0,7.0,3.0,0,0,0,0,0,1
12710,14.0,2002,2.0,40.0,210.0,2865.0,11,0.11,6.6,7.2,45.226486486486486,0.41,8.1,8.6,38.287837837837834,0.41,8.1,8.6,43.71081081081081,0,0,0,0,0,1
12711,14.0,2006,7.0,54.0,138.0,4522.0,3,0.05,8.1,8.05,3.0,0.05,8.1,8.05,3.0,0.05,8.1,8.05,3.0,1,0,1,0,0,1
12712,15.0,2006,4.0,272.0,1423.0,2677.0,11,0.05,7.2,7.3,3.0,0.05,7.2,7.3,3.0,0.05,7.2,7.3,3.0,1,0,0,0,0,1
12713,6.0,2014,4.0,365.0,990.0,3398.0,3,0.02,4.7,6.0,2.0,0.42,4.7,6.0,2.0,0.12,5.65,6.05,2.0,0,0,0,0,0,1
12714,9.0,2005,6.0,88.0,499.0,1414.0,5,0.07,4.4,7.3,3.5,0.1,4.8,4.25,3.5,0.25,4.8,4.25,3.5,0,0,0,0,0,1
12715,4.0,2009,8.0,198.0,853.0,4523.0,7,0.09,5.943410404624276,6.483352601156066,61.18867924528302,0.11,6.0577456647398815,6.585260115606936,37.9685534591195,0.11,6.170289017341039,6.621791907514448,51.5188679245283,0,0,0,0,0,1
12716,23.0,2012,11.0,157.0,1685.0,1973.0,1,0.19,9.5,8.3,16.5,0.19,9.5,8.3,16.5,0.05,7.0,7.0,9.0,0,0,0,0,0,1
12717,4.0,2010,11.0,364.0,2589.0,4071.0,1,0.11,6.036517973148549,6.446041576440007,42.41893830703013,0.11,6.13182763100909,6.5621524469467225,36.190578670492584,0.11,6.158211346903418,6.59756604590732,41.083213773314206,0,0,0,0,0,1
12718,17.0,2013,9.0,26.0,2411.0,4206.0,1,0.07,6.016843832020995,6.3843011811023525,43.64141414141414,0.07,6.091391076115479,6.49972440944881,40.217532467532465,0.07,6.117578740157478,6.52308070866142,43.198232323232325,0,0,0,0,0,1
12719,1.0,2010,1.0,198.0,2590.0,1.0,10,0.29,7.6,7.05,210.0,0.29,7.6,7.05,210.0,82.74,7.6,7.05,210.0,0,0,0,0,0,1
12720,7.0,2010,9.0,20.0,77.0,169.0,9,0.08,5.1,6.25,3.0,0.12,6.0,6.1,11.0,0.12,6.0,6.1,11.0,0,0,0,0,0,1
12721,1.0,2009,5.0,85.0,2373.0,4524.0,6,0.14,4.75,5.47,11.0,0.07,6.8,5.47,11.0,0.07,6.8,5.47,11.0,0,0,0,0,0,1
12722,8.0,1995,2.0,180.0,2591.0,4525.0,1,0.05,6.105477410782085,6.471694191344031,46.30825496342738,0.05,6.192767653758562,6.565149962034973,45.062225705329155,0.05,6.223125474563416,6.604986712224803,46.031556948798325,0,0,0,0,0,1
12723,24.0,1994,11.0,252.0,1181.0,225.0,1,0.0,0.0,0.0,0.0,0.0,0.0,0.0,0.0,0.0,0.0,0.0,0.0,1,0,0,0,1,1
12724,15.0,2010,3.0,36.0,408.0,159.0,9,1.35,8.3,8.07,225.0,1.35,8.3,8.07,225.0,1.35,8.3,8.07,225.0,0,0,0,0,0,1
12725,17.0,2011,11.0,157.0,2592.0,3615.0,1,0.1,6.0,6.0,2.0,0.1,6.0,6.0,2.0,0.1,6.0,6.0,2.0,0,0,0,0,0,1
12726,13.0,1996,3.0,52.0,2593.0,4526.0,1,0.24,5.0,5.0,51.629901960784316,0.24,5.0,5.0,32.81127450980392,0.24,5.0,5.0,43.85294117647059,0,0,0,0,0,1
12727,15.0,2012,11.0,241.0,2594.0,4527.0,7,0.05,7.0,7.0,3.0,0.02,7.0,7.0,3.0,0.02,7.0,7.0,3.0,0,0,0,0,0,1
12728,15.0,2011,8.0,333.0,450.0,4528.0,1,0.07,3.5,4.0,1.0,0.13,3.5,7.08,49.0,0.13,3.5,7.08,49.0,0,0,0,0,0,1
12729,7.0,2000,11.0,49.0,524.0,4529.0,1,0.06,6.080184531886015,6.4249240162822545,49.17336199229173,0.06,6.164715061058349,6.539900949796512,47.802772013044766,0.04,6.208497964721839,6.582871099050231,49.20360213459828,1,0,0,0,0,1
12730,4.0,2009,8.0,42.0,2595.0,4530.0,5,0.06,5.05,5.05,0.0,0.06,5.05,5.05,0.0,0.06,5.05,5.05,0.0,0,0,0,0,0,1
12731,4.0,2009,1.0,12.0,676.0,3900.0,6,0.08,8.2,8.18,76.5,0.36,8.2,8.18,76.5,0.36,8.2,8.18,76.5,0,0,0,0,0,1
12732,19.0,2005,8.0,1.0,2596.0,4531.0,1,0.07,6.0,7.0,2.0,0.07,6.0,7.0,2.0,0.07,6.0,7.0,2.0,1,0,0,0,0,1
12733,7.0,2000,12.0,167.0,1014.0,2252.0,5,0.02,7.0,5.6,14.0,0.15,7.0,7.0,1.0,0.25,7.0,7.0,1.0,1,0,0,0,0,1
12734,4.0,2007,6.0,26.0,2496.0,4368.0,1,0.06,6.099566138746374,6.4607807271916755,47.55820785897907,0.06,6.186688601383021,6.564681017176054,46.14738646101114,0.06,6.2206457729199345,6.6001962971225066,47.53813196229649,0,0,0,0,0,1
12735,9.0,2002,3.0,29.0,499.0,1686.0,2,0.08,7.2,7.9,2.0,0.1,6.0,7.9,2.0,0.1,6.0,7.9,2.0,0,0,0,0,1,1
12736,7.0,2002,1.0,15.0,87.0,243.0,1,0.07,5.6,4.52,4.0,0.12,5.6,4.52,4.0,0.36,5.6,4.52,4.0,0,0,1,0,1,1
12737,4.0,2009,1.0,15.0,2597.0,4532.0,1,0.08,6.06531266560678,6.414785373608896,47.58155002891845,0.08,6.151277159512439,6.537713301536816,45.36119144013881,0.08,6.18789083200847,6.572859035506092,49.094852515905146,0,0,0,0,1,1
12738,7.0,2008,11.0,159.0,2598.0,4533.0,1,0.01,6.076557377049176,6.4289414021625335,50.52577025484975,0.01,6.1574189047785115,6.543221137077076,48.40728413845569,0.01,6.202197418904775,6.585209277990916,49.56694560669456,0,0,0,0,0,1
12739,13.0,2000,11.0,6.0,1397.0,4534.0,12,0.09,2.2,3.8,3.0,0.06,2.2,7.7,68.0,0.06,2.2,7.7,68.0,0,0,0,0,0,1
12740,14.0,2006,1.0,8.0,27.0,247.0,9,0.11,4.95,7.1,10.0,0.27,7.41,6.63,10.5,0.42,7.43,7.17,15.0,1,0,1,0,1,1
12741,13.0,1998,3.0,156.0,680.0,2229.0,1,0.25,6.0160609318996405,6.403268817204285,46.05333068992863,0.25,6.099759856630821,6.523605734767007,42.11122125297383,0.25,6.1246594982078815,6.541229390680994,45.49722442505948,1,0,0,0,0,1
12742,17.0,2006,5.0,11.0,494.0,4535.0,11,0.3,7.4,8.2,169.5,0.3,7.0,7.7,14.0,0.3,7.0,7.7,14.0,0,0,0,0,1,1
12743,9.0,2002,9.0,24.0,978.0,4536.0,12,0.07,4.35,8.3,46.100670307845085,0.07,4.35,8.3,45.57816120489904,0.07,4.35,8.3,46.971367096987755,0,0,0,0,0,1
12744,11.0,2015,1.0,127.0,217.0,860.0,10,0.06,8.25,7.8,106.0,0.08,4.9,4.15,8.0,0.03,5.0,7.35,6.0,1,0,0,0,0,1
12745,10.0,2011,12.0,26.0,1100.0,4537.0,1,0.06,6.107652813930537,6.467882595817321,45.77475613360922,0.13,6.194403554438579,6.56657391616556,44.85269484678293,0.13,6.2266573916165795,6.606709451575302,45.76973100798108,0,0,0,1,0,1
12746,9.0,2004,5.0,35.0,2599.0,4538.0,6,0.28,6.113554180106355,6.474426815447715,45.77177033492823,0.28,6.199217156307234,6.573396390898833,44.85444976076555,0.28,6.22970883096507,6.6119553657048495,45.8955980861244,0,0,0,0,0,1
12747,10.0,2011,4.0,331.0,1776.0,3076.0,1,0.14,3.0,5.7,19.0,0.14,6.1,7.1,19.0,0.14,6.1,7.1,19.0,0,0,0,0,0,1
12748,4.0,2009,12.0,201.0,2600.0,2985.0,5,0.02,2.8,6.8,5.0,0.02,2.8,6.8,5.0,0.07,2.8,2.0,5.0,0,0,0,0,0,1
12749,27.0,1996,10.0,255.0,380.0,2507.0,1,0.21,6.074598214285714,6.518080357142857,51.629901960784316,0.21,6.105133928571427,6.627678571428572,32.81127450980392,0.21,6.240669642857141,6.645223214285716,43.85294117647059,0,0,0,0,0,1
12750,7.0,2005,6.0,20.0,1343.0,4539.0,11,0.5,5.1,7.8,1.0,0.09,5.8,7.0,1.0,0.09,5.8,7.0,1.0,0,0,0,0,0,1
12751,4.0,2008,8.0,449.0,2601.0,4540.0,1,0.0,0.0,0.0,0.0,0.0,0.0,0.0,0.0,0.0,0.0,0.0,0.0,0,0,0,0,0,1
12752,7.0,2007,1.0,11.0,805.0,1226.0,1,0.66,5.0,7.4,8.0,0.03,5.0,7.4,8.0,0.03,5.0,7.4,8.0,0,0,0,0,0,1
12753,1.0,2009,9.0,59.0,279.0,3454.0,1,0.07,6.0,6.0,47.58155002891845,0.23,6.0,6.0,45.36119144013881,0.23,6.0,6.0,49.094852515905146,0,0,0,0,0,1
12754,24.0,1995,7.0,72.0,1937.0,4541.0,1,0.12,6.105477410782085,6.471694191344031,46.30825496342738,0.12,6.192767653758562,6.565149962034973,45.062225705329155,0.12,6.223125474563416,6.604986712224803,46.031556948798325,0,0,0,0,1,1
12755,4.0,2009,8.0,6.0,2602.0,4542.0,1,0.08,6.06531266560678,6.414785373608896,47.58155002891845,0.08,6.151277159512439,6.537713301536816,45.36119144013881,0.08,6.18789083200847,6.572859035506092,49.094852515905146,0,0,1,0,0,1
12756,17.0,2010,8.0,59.0,2455.0,4306.0,1,0.1,6.0,6.0,42.41893830703013,0.1,6.0,6.0,36.190578670492584,0.07,6.0,6.0,41.083213773314206,0,0,0,0,0,1
12757,19.0,2004,7.0,6.0,196.0,4543.0,6,0.02,7.0,8.65,95.0,0.81,7.0,7.6,20.0,0.81,7.0,7.6,20.0,1,0,1,0,0,1
12758,13.0,1997,7.0,4.0,570.0,4544.0,6,0.06,7.7,7.7,68.0,0.06,7.7,7.7,68.0,0.06,7.7,7.7,68.0,0,0,0,0,0,1
12759,4.0,2008,2.0,213.0,1051.0,3358.0,7,0.11,3.85,4.3,3.0,0.11,3.85,4.3,3.0,0.11,3.85,4.3,3.0,0,0,0,0,0,1
12760,6.0,2015,1.0,5.0,783.0,86.0,10,0.09,6.5,7.3,19.0,0.07,6.5,7.0,1.0,0.11,3.13,3.53,5.0,1,0,0,1,1,1
12761,13.0,1995,10.0,31.0,767.0,4545.0,1,0.1,8.4,8.4,5.0,0.12,8.4,8.4,5.0,0.12,8.4,8.4,5.0,0,0,0,0,0,1
12762,11.0,2015,1.0,345.0,1682.0,4546.0,11,0.09,2.75,2.2,2.0,0.17,2.75,2.2,2.0,0.17,2.75,2.2,2.0,0,0,0,0,0,1
12763,9.0,2004,1.0,5.0,548.0,422.0,1,0.58,6.8,8.3,47.43754583231484,0.04,6.8,8.3,46.20019555120997,1.17,5.7,8.3,48.87949156685407,0,0,0,0,0,1
12764,11.0,2015,4.0,134.0,1003.0,4160.0,6,0.23,7.7,7.45,1.0,0.23,7.7,7.45,1.0,0.23,7.7,7.45,1.0,0,0,0,0,0,1
12765,24.0,1997,2.0,13.0,600.0,500.0,1,0.07,7.0,8.0,7.0,0.88,7.0,8.0,7.0,0.83,2.0,4.5,2.0,1,0,0,0,0,1
12766,7.0,2002,3.0,11.0,662.0,4547.0,6,0.77,4.25,4.85,9.0,0.77,7.4,7.2,9.0,0.77,7.4,7.2,9.0,1,0,0,0,0,1
12767,11.0,2014,12.0,49.0,1556.0,1160.0,1,0.16,6.17,7.5,12.5,0.16,6.17,7.5,12.5,0.19,6.17,7.5,12.5,0,0,0,0,0,1
12768,14.0,2003,3.0,22.0,425.0,3237.0,11,0.02,7.1,6.9,11.0,0.13,6.2,7.4,9.0,0.13,6.2,7.4,9.0,0,0,0,0,0,1
12769,4.0,2008,3.0,36.0,1029.0,713.0,8,0.13,7.6,7.47,26.0,0.02,6.8,7.0,0.0,1.11,8.7,8.0,0.0,0,0,0,0,0,1
12770,10.0,2011,1.0,26.0,2603.0,4548.0,1,0.06,3.0,3.0,45.77475613360922,0.06,3.0,3.0,44.85269484678293,0.06,3.0,3.0,45.76973100798108,0,0,0,0,0,1
12771,13.0,1996,3.0,41.0,817.0,4549.0,1,0.12,6.3,6.3,6.0,0.06,6.3,6.3,6.0,0.06,6.3,6.3,6.0,0,0,0,0,0,1
12772,1.0,2008,1.0,11.0,2604.0,1751.0,4,0.9,5.8,6.75,1.0,0.02,5.9,8.1,8.0,0.32,4.9,6.9,8.0,0,0,0,0,0,1
12773,1.0,2010,1.0,85.0,2605.0,4550.0,10,0.05,5.5,6.55,7.5,0.05,5.5,6.55,7.5,0.05,5.5,6.55,7.5,0,0,0,0,0,1
12774,19.0,2004,12.0,9.0,294.0,4551.0,8,0.01,7.2,8.4,3.0,0.04,7.2,8.0,3.0,0.04,7.2,8.0,3.0,0,0,0,0,0,1
12775,14.0,2002,7.0,73.0,1257.0,4552.0,11,0.29,2.5,5.12,5.0,0.29,5.35,6.9,0.0,0.29,5.35,6.9,0.0,0,0,0,0,0,1
12776,22.0,2000,1.0,15.0,87.0,4553.0,1,0.06,6.080184531886015,6.4249240162822545,49.17336199229173,0.09,6.164715061058349,6.539900949796512,47.802772013044766,0.09,6.208497964721839,6.582871099050231,49.20360213459828,0,0,1,0,0,1
12777,7.0,2004,9.0,181.0,284.0,4554.0,9,0.03,6.3,1.9,47.36133139729699,0.15,5.3,1.9,45.73416731821736,0.15,5.3,1.9,46.57991734614096,1,0,0,0,0,1
12778,17.0,2010,4.0,72.0,2606.0,4555.0,1,0.27,7.2,6.2,25.0,0.27,7.2,6.2,25.0,0.27,7.2,6.2,25.0,0,0,0,0,0,1
12779,17.0,2006,6.0,5.0,98.0,4556.0,11,0.13,6.3,4.8,3.0,0.24,6.3,6.75,3.0,0.24,6.3,6.75,3.0,0,0,0,0,0,1
12780,17.0,2006,2.0,15.0,237.0,2647.0,10,0.05,6.8,6.95,13.0,0.1,6.95,7.7,13.0,0.19,6.05,6.4,3.0,0,0,0,0,0,1
12781,5.0,2008,6.0,427.0,952.0,4557.0,7,0.05,5.1,4.2,4.0,0.11,7.25,7.65,4.0,0.11,7.25,7.65,4.0,0,0,0,0,0,1
12782,7.0,2005,3.0,4.0,40.0,1686.0,1,0.09,6.0,6.0,3.0,0.44,6.0,7.0,2.0,0.12,6.0,6.0,2.0,0,0,1,0,1,1
12783,20.0,2015,9.0,127.0,2199.0,4354.0,2,0.05,5.0,5.1,8.0,0.05,7.2,7.3,3.0,0.05,7.2,7.3,3.0,0,0,0,0,0,1
12784,17.0,2013,11.0,157.0,2607.0,4558.0,1,0.07,6.016843832020995,6.3843011811023525,43.64141414141414,0.07,6.091391076115479,6.49972440944881,40.217532467532465,0.07,6.117578740157478,6.52308070866142,43.198232323232325,0,0,0,0,0,1
12785,15.0,2009,5.0,86.0,2608.0,3469.0,2,0.02,3.0,4.2,46.313123359580054,0.02,3.0,4.2,45.077952755905514,0.02,3.0,4.2,46.040734908136486,0,0,0,0,0,1
12786,24.0,1998,12.0,9.0,375.0,4559.0,1,0.08,7.0,7.0,2.0,0.57,6.0,6.0,2.0,0.57,6.0,6.0,2.0,1,0,0,0,0,1
12787,15.0,2011,8.0,207.0,692.0,4560.0,10,0.27,7.6,7.32,78.0,0.71,4.93,5.22,6.0,0.71,4.93,5.22,6.0,0,0,0,0,0,1
12788,9.0,2002,12.0,6.0,2609.0,755.0,3,0.13,4.6,3.65,1.0,0.01,4.6,3.65,1.0,0.04,5.0,7.55,28.5,1,0,0,0,0,1
12789,9.0,2002,4.0,80.0,669.0,4561.0,1,0.09,6.3,6.8,1.0,0.36,6.43,6.38,6.5,0.36,6.43,6.38,6.5,0,0,0,0,0,1
12790,15.0,2007,7.0,8.0,31.0,49.0,9,0.25,7.53,7.58,6.0,1.23,6.67,6.87,51.0,1.23,6.67,6.87,51.0,1,0,0,1,0,1
12791,5.0,2015,9.0,8.0,2610.0,4562.0,1,0.68,5.0,6.3,11.0,0.68,5.0,6.3,11.0,0.68,5.0,6.3,11.0,1,0,0,0,0,1
12792,7.0,2006,9.0,13.0,51.0,480.0,4,0.14,8.2,8.0,6.0,0.58,7.2,8.25,143.5,0.21,7.6,7.5,77.0,1,0,1,0,1,1
12793,14.0,2003,3.0,31.0,460.0,3741.0,6,0.24,8.4,6.8,74.0,0.23,5.5,6.0,74.0,0.23,5.5,6.0,74.0,0,0,0,0,0,1
12794,4.0,2008,6.0,272.0,2345.0,4563.0,12,0.15,5.7,7.4,23.0,0.15,5.7,7.4,23.0,0.15,5.7,7.4,23.0,1,0,0,0,0,1
12795,9.0,2005,12.0,11.0,2611.0,4564.0,9,0.15,7.65,7.55,103.0,0.15,7.65,7.55,103.0,0.15,7.65,7.55,103.0,0,0,0,0,0,1
12796,11.0,2016,9.0,26.0,1591.0,2642.0,1,0.06,6.0,6.0,1.0,0.06,6.0,6.0,1.0,0.1,6.0,6.0,1.0,0,0,0,0,0,1
12797,15.0,2011,8.0,6.0,2612.0,1059.0,4,0.06,8.6,8.35,2.0,0.04,8.6,8.35,2.0,0.19,7.5,6.53,10.0,1,0,0,0,0,1
12798,14.0,2003,9.0,31.0,1970.0,3361.0,11,0.02,6.6,6.8,48.97781824201291,0.02,6.6,6.8,47.036252276113224,0.02,6.6,6.8,48.732577387849695,0,0,0,0,0,1
12799,4.0,2008,11.0,91.0,396.0,4565.0,9,0.09,7.1,6.92,24.0,0.32,6.43,6.92,24.0,0.32,6.43,6.92,24.0,0,0,0,0,0,1
12800,4.0,2010,6.0,26.0,2613.0,4566.0,1,0.06,6.036517973148549,6.446041576440007,42.41893830703013,0.06,6.13182763100909,6.5621524469467225,36.190578670492584,0.06,6.158211346903418,6.59756604590732,41.083213773314206,0,0,0,0,0,1
12801,17.0,2007,1.0,9.0,169.0,760.0,3,1.06,7.92,7.5,76.0,0.04,6.9,8.15,26.5,0.02,8.0,7.4,20.0,1,0,0,0,1,1
12802,7.0,2002,5.0,13.0,438.0,610.0,8,0.76,8.25,8.12,79.0,1.26,8.25,5.0,1.0,1.26,8.25,5.0,1.0,0,0,0,0,0,1
12803,4.0,2006,9.0,15.0,1770.0,4435.0,3,0.06,4.63,3.5,1.5,0.11,6.2,3.5,1.5,0.11,6.2,3.5,1.5,1,0,0,0,0,1
12804,13.0,1997,1.0,19.0,79.0,3400.0,1,0.34,7.5,7.5,13.0,0.44,7.5,7.5,13.0,0.12,7.5,7.5,13.0,1,0,0,0,0,1
12805,13.0,1996,1.0,352.0,2614.0,3646.0,1,0.05,5.5,5.5,2.0,0.05,5.5,5.5,2.0,0.1,1.0,1.0,1.0,0,0,0,0,0,1
12806,4.0,2009,6.0,422.0,2615.0,4567.0,1,0.05,6.06531266560678,6.414785373608896,47.58155002891845,0.05,6.151277159512439,6.537713301536816,45.36119144013881,0.05,6.18789083200847,6.572859035506092,49.094852515905146,0,0,0,0,0,1
12807,17.0,2008,9.0,132.0,269.0,1349.0,1,0.25,7.4,4.7,3.0,0.08,4.9,7.0,3.0,0.33,6.3,8.15,14.0,0,0,0,0,0,1
12808,4.0,2008,1.0,12.0,676.0,4568.0,11,0.88,6.2,4.8,48.44426425401161,0.03,6.2,4.8,46.782946398088086,0.03,6.2,4.8,48.1357972004097,0,0,0,0,0,1
12809,1.0,2009,5.0,52.0,1769.0,2960.0,1,0.13,6.06531266560678,6.414785373608896,47.58155002891845,0.13,6.151277159512439,6.537713301536816,45.36119144013881,0.13,6.18789083200847,6.572859035506092,49.094852515905146,0,0,0,0,0,1
12810,19.0,2003,4.0,9.0,55.0,834.0,9,0.25,7.1,8.6,47.787334469647305,1.27,5.7,7.9,46.592762554084175,0.08,7.1,8.3,47.85302215812246,1,0,1,0,0,1
12811,23.0,2015,9.0,49.0,253.0,559.0,3,0.09,7.1,7.1,1.0,0.09,7.1,7.1,1.0,0.09,7.1,7.1,1.0,0,0,0,0,0,1
12812,6.0,2013,9.0,13.0,377.0,4445.0,8,0.12,5.77,6.6,16.0,0.09,4.2,6.2,16.0,0.06,7.5,7.65,66.0,0,0,0,0,0,1
12813,4.0,2008,12.0,17.0,793.0,1209.0,1,0.07,7.75,6.5,2.0,0.07,7.75,6.5,2.0,0.54,7.75,8.05,14.0,1,0,0,0,0,1
12814,23.0,2015,6.0,9.0,2616.0,4569.0,1,0.25,7.0,7.7,86.0,0.25,7.0,7.7,86.0,0.25,7.0,7.7,86.0,0,0,0,0,0,1
12815,7.0,2002,4.0,4.0,250.0,4570.0,9,1.21,8.3,8.1,37.0,0.03,8.3,8.1,37.0,0.03,8.3,8.1,37.0,0,0,0,0,0,1
12816,4.0,2011,5.0,198.0,508.0,1923.0,8,0.01,6.0,6.35,1.0,1.06,6.0,6.35,1.0,0.32,6.0,6.35,1.0,1,0,0,0,0,1
12817,19.0,2001,1.0,31.0,421.0,757.0,12,0.2,7.05,6.5,2.0,0.22,6.6,6.3,2.0,0.12,5.7,7.5,2.0,1,0,0,0,0,1
12818,23.0,2015,6.0,450.0,2617.0,4571.0,1,0.01,4.0,4.0,1.0,0.01,4.0,4.0,1.0,0.04,4.0,4.0,1.0,0,0,0,0,0,1
12819,4.0,2008,9.0,85.0,505.0,4572.0,7,0.02,5.7,5.7,46.12766046942038,0.02,5.7,5.7,45.3263228737276,0.02,5.7,5.7,46.65588457979305,0,0,0,0,0,1
12820,23.0,2015,9.0,365.0,206.0,4573.0,1,0.12,5.65,6.05,2.0,0.03,5.65,8.3,88.0,0.03,5.65,8.3,88.0,0,0,0,0,0,1
12821,15.0,2009,11.0,81.0,1867.0,4574.0,11,0.04,7.46,6.85,69.0,0.14,7.46,6.0,69.0,0.14,7.46,6.0,69.0,0,0,0,0,0,1
12822,4.0,2010,8.0,152.0,1336.0,4575.0,4,0.03,7.53,7.98,20.5,0.27,4.6,7.0,20.5,0.27,4.6,7.0,20.5,0,0,0,0,0,1
12823,9.0,2003,8.0,211.0,2101.0,2935.0,6,0.13,6.8,8.7,9.0,0.13,6.8,8.7,9.0,0.16,6.8,8.7,9.0,1,0,0,0,0,1
12824,7.0,2006,9.0,11.0,135.0,4576.0,2,0.06,6.0,6.3,4.0,3.32,5.5,6.7,30.0,3.32,5.5,6.7,30.0,0,0,0,0,0,1
12825,4.0,2010,6.0,340.0,687.0,4577.0,12,0.08,6.067962598425193,6.4091240157480485,49.93467259622757,0.16,6.151788526434193,6.526429977502836,48.478224198742524,0.16,6.197492969628782,6.569651293588321,49.94947094003987,0,0,0,0,0,1
12826,14.0,2002,1.0,9.0,218.0,3347.0,8,0.13,7.0,8.3,10.0,0.27,6.95,7.8,10.0,0.27,6.95,7.8,10.0,0,0,0,0,0,1
12827,7.0,2010,11.0,292.0,2356.0,4095.0,1,0.07,5.0,5.0,42.41893830703013,0.07,5.0,5.0,36.190578670492584,0.07,5.0,5.0,41.083213773314206,0,0,0,0,0,1
12828,1.0,2009,12.0,300.0,2239.0,4578.0,3,0.12,4.65,7.15,16.0,0.12,4.65,7.15,16.0,0.12,4.65,7.15,16.0,0,0,0,0,0,1
12829,19.0,2002,9.0,22.0,425.0,773.0,12,0.44,8.8,8.5,33.5,0.39,6.9,7.47,33.5,0.39,6.9,7.47,33.5,0,0,0,0,0,1
12830,5.0,2016,1.0,3.0,1559.0,126.0,9,0.2,8.45,8.38,28.5,0.2,8.45,8.38,28.5,1.19,8.1,7.32,20.5,1,0,0,0,1,1
12831,17.0,2010,9.0,49.0,253.0,320.0,1,0.09,6.13,7.05,22.5,0.24,6.13,7.05,22.5,0.34,6.23,6.92,35.0,0,0,0,0,0,1
12832,15.0,2010,7.0,17.0,135.0,1209.0,10,0.2,4.93,5.32,10.0,0.29,4.93,5.42,13.5,0.29,4.93,5.42,13.5,1,0,0,1,0,1
12833,14.0,2004,3.0,64.0,109.0,4579.0,2,0.11,5.07,7.02,2.5,0.09,7.7,7.7,2.5,0.09,7.7,7.7,2.5,0,0,0,0,0,1
12834,14.0,2003,7.0,88.0,204.0,2390.0,11,0.23,5.8,6.2,48.97781824201291,0.03,6.4,7.8,47.036252276113224,0.03,6.4,7.8,48.732577387849695,0,0,0,0,0,1
12835,17.0,2011,12.0,26.0,1960.0,3338.0,1,0.06,6.107652813930537,6.467882595817321,45.77475613360922,0.06,6.194403554438579,6.56657391616556,44.85269484678293,0.06,6.2266573916165795,6.606709451575302,45.76973100798108,0,0,0,0,0,1
12836,17.0,2011,9.0,132.0,2618.0,4580.0,1,0.26,7.0,7.58,154.0,0.26,7.0,7.58,154.0,0.26,7.0,7.58,154.0,0,0,0,0,0,1
12837,7.0,2001,1.0,15.0,87.0,4581.0,3,0.07,4.4,6.75,2.0,0.74,6.7,6.75,2.0,0.74,6.7,6.75,2.0,0,0,1,0,0,1
12838,13.0,1998,1.0,15.0,791.0,1747.0,1,0.07,4.0,4.0,3.0,0.13,4.0,4.0,3.0,0.14,4.0,4.0,3.0,0,0,0,0,0,1
12839,14.0,2005,9.0,49.0,253.0,320.0,9,0.12,7.35,7.9,17.0,0.19,5.7,5.2,1.0,1.39,6.97,8.2,47.0,1,0,0,1,1,1
12840,1.0,2010,6.0,54.0,1908.0,2157.0,5,0.18,8.2,8.1,1.0,0.13,8.2,8.1,1.0,0.13,8.2,8.1,1.0,0,0,0,0,0,1
12841,9.0,2004,5.0,26.0,40.0,4582.0,1,0.08,5.35,5.3,3.0,0.08,5.35,6.1,17.0,0.08,5.35,6.1,17.0,0,0,1,0,0,1
12842,9.0,2002,1.0,8.0,394.0,31.0,11,0.09,7.4,7.3,1.0,0.09,7.4,7.3,1.0,0.63,7.9,7.0,14.0,1,1,0,0,1,1
12843,7.0,2004,8.0,49.0,2027.0,3497.0,3,0.51,6.23,6.98,14.5,0.11,6.7,8.65,1.0,0.11,6.7,8.65,1.0,0,0,0,0,0,1
12844,20.0,2015,9.0,239.0,779.0,3586.0,10,0.09,6.7,6.7,46.93294829482948,0.09,6.7,6.7,45.34031903190319,0.09,6.7,6.7,46.23432343234323,0,0,0,0,0,1
12845,1.0,2008,12.0,209.0,938.0,4583.0,9,0.05,1.75,4.23,2.5,0.2,1.75,4.23,2.5,0.2,1.75,4.23,2.5,0,0,0,0,0,1
12846,7.0,2006,10.0,4.0,2165.0,1394.0,1,0.07,8.0,8.0,4.0,0.07,8.0,8.0,4.0,0.07,8.0,8.0,4.0,0,0,0,0,0,1
12847,7.0,2001,7.0,4.0,2288.0,4584.0,1,0.23,6.0,6.25,5.0,0.23,6.0,6.25,5.0,0.23,6.0,6.25,5.0,0,0,0,0,0,1
12848,10.0,2015,11.0,451.0,377.0,1872.0,10,0.0,0.0,0.0,0.0,0.08,6.5,5.6,0.0,0.07,6.5,8.0,0.0,0,0,0,0,0,1
12849,14.0,2006,1.0,40.0,1347.0,913.0,6,0.1,6.95,7.7,46.07439501637249,0.15,8.9,7.3,45.62994169794745,0.4,8.1,8.6,46.82677102467854,0,0,0,0,0,1
12850,4.0,2009,6.0,232.0,676.0,4585.0,7,0.01,5.943410404624276,6.483352601156066,61.18867924528302,0.08,6.0577456647398815,6.585260115606936,37.9685534591195,0.08,6.170289017341039,6.621791907514448,51.5188679245283,0,0,0,0,0,1
12851,4.0,2008,11.0,6.0,19.0,4586.0,2,0.2,6.1,6.95,54.0,0.37,3.0,6.95,54.0,0.37,3.0,6.95,54.0,0,0,1,0,0,1
12852,23.0,2015,9.0,49.0,253.0,559.0,10,0.11,6.9,6.65,2.0,0.11,6.9,6.65,2.0,0.11,6.9,6.65,2.0,0,0,0,0,0,1
12853,4.0,2006,6.0,9.0,2619.0,4587.0,1,0.07,6.057909446618223,6.454225824482941,48.764652014652015,0.07,6.140609278926769,6.574768026830625,40.60225885225885,0.07,6.179580771380661,6.604046953605371,45.93101343101343,0,0,0,0,0,1
12854,14.0,2004,1.0,8.0,45.0,31.0,5,0.52,6.45,7.35,20.0,1.14,6.0,6.6,58.0,0.05,7.6,7.0,20.0,0,0,1,0,0,1
12855,9.0,2002,4.0,95.0,61.0,2841.0,5,0.06,6.064746872272319,6.403779458830382,50.12277777777778,0.06,6.144208612161762,6.518444864707609,48.375238095238096,0.06,6.191741344195502,6.5603884201338465,49.76777777777778,1,0,0,0,0,1
12856,1.0,2009,6.0,35.0,278.0,4588.0,4,0.1,4.8,5.8,45.814278346084414,0.98,4.8,5.8,44.8149230636981,0.98,4.8,5.8,46.29712885756039,0,0,0,0,0,1
12857,19.0,2003,2.0,26.0,424.0,4589.0,1,0.2,6.0,6.0,1.0,0.22,7.0,7.0,1.0,0.22,7.0,7.0,1.0,0,0,0,0,0,1
12858,13.0,2002,10.0,26.0,2620.0,4590.0,1,0.14,7.0,7.0,1.0,0.14,7.0,7.0,1.0,0.14,7.0,7.0,1.0,0,0,0,0,0,1
12859,4.0,2010,11.0,54.0,2289.0,4591.0,7,0.02,6.086815962640629,6.455453194650883,47.32059820072438,0.02,6.170509445977519,6.554130757800957,45.544572964131326,0.02,6.20626618552326,6.5915039269794615,46.67864236476224,0,0,0,0,0,1
12860,15.0,2016,4.0,26.0,227.0,332.0,4,1.56,9.13,8.7,207.5,1.56,9.13,8.7,207.5,1.56,9.13,8.7,207.5,0,0,0,1,0,1
12861,19.0,2003,4.0,6.0,1727.0,1307.0,12,0.1,7.85,8.1,306.0,0.1,7.85,4.5,2.0,0.54,7.85,4.5,2.0,0,0,0,0,0,1
12862,15.0,2010,9.0,6.0,19.0,858.0,9,0.27,7.77,7.67,53.0,0.36,5.93,6.05,35.5,0.36,5.93,6.05,35.5,1,0,1,0,0,1
12863,14.0,2002,2.0,53.0,1712.0,2847.0,1,0.13,6.050969223702346,6.468989435002288,43.711032388663966,0.13,6.146789159393657,6.595062011943035,37.134362348178136,0.13,6.180679834634819,6.631194304088199,42.425607287449395,0,0,0,0,0,1
12864,8.0,1995,11.0,439.0,2476.0,4341.0,1,0.06,9.0,8.9,197.0,0.06,9.0,8.9,197.0,0.06,9.0,8.9,197.0,0,0,0,0,0,1
12865,5.0,2011,10.0,152.0,1537.0,2552.0,1,0.41,8.57,8.08,76.0,0.16,6.35,8.0,76.0,0.16,6.35,8.0,76.0,1,0,0,0,0,1
12866,7.0,2002,5.0,167.0,61.0,4592.0,1,0.3,6.23,6.62,6.5,0.05,6.23,6.62,6.5,0.05,6.23,6.62,6.5,0,0,0,0,0,1
12867,7.0,2003,2.0,452.0,70.0,4593.0,1,0.03,7.05,7.0,5.0,5.12,9.03,7.62,86.0,5.12,9.03,7.62,86.0,0,0,0,0,0,1
12868,1.0,2009,5.0,9.0,478.0,690.0,1,0.11,7.0,7.0,1.0,0.11,7.0,7.0,1.0,0.02,7.0,7.0,1.0,1,0,0,0,0,1
12869,4.0,2010,8.0,5.0,321.0,3523.0,7,0.08,6.086815962640629,6.455453194650883,47.32059820072438,0.09,6.170509445977519,6.554130757800957,45.544572964131326,0.11,6.20626618552326,6.5915039269794615,46.67864236476224,0,0,0,0,0,1
12870,4.0,2010,8.0,6.0,19.0,4594.0,5,0.25,6.35,7.2,91.0,0.03,6.35,7.2,91.0,0.03,6.35,7.2,91.0,0,0,1,0,0,1
12871,5.0,2015,1.0,345.0,2161.0,3200.0,11,0.06,3.5,10.0,1.0,0.02,3.5,10.0,1.0,0.02,3.5,10.0,1.0,0,0,0,0,0,1
12872,14.0,2003,1.0,40.0,210.0,502.0,11,0.19,6.97,8.82,1.0,0.43,7.4,4.6,1.0,0.14,7.2,8.4,1.0,1,0,0,0,0,1
12873,17.0,2011,1.0,3.0,102.0,1028.0,3,0.11,5.5,6.5,1.0,0.16,5.5,8.0,7.0,0.16,5.5,8.0,7.0,0,0,1,0,0,1
12874,23.0,2016,9.0,330.0,2621.0,3075.0,1,0.08,6.139692021200393,6.5099813780261035,46.00420630552716,0.08,6.228947858472998,6.612544764360438,45.91736771758786,0.09,6.258451511244804,6.6494134078212355,47.09733469612391,0,0,0,0,0,1
12875,1.0,2013,6.0,26.0,1885.0,3198.0,1,0.06,6.016843832020995,6.3843011811023525,43.64141414141414,0.06,6.091391076115479,6.49972440944881,40.217532467532465,0.13,6.117578740157478,6.52308070866142,43.198232323232325,0,0,0,0,0,1
12876,7.0,2007,1.0,54.0,2622.0,4595.0,10,0.19,7.8,7.7,47.35864844149208,0.19,7.8,7.7,46.229496678589676,0.19,7.8,7.7,47.57901124169648,0,0,0,0,0,1
12877,10.0,2015,9.0,257.0,2623.0,3045.0,1,0.07,6.023708006279429,6.380546310832016,44.238808539944905,0.07,6.098238618524324,6.497463108320238,40.88240358126722,0.02,6.122084772370479,6.520916797488228,43.51325757575758,0,0,0,0,0,1
12878,10.0,2013,9.0,26.0,2624.0,4596.0,1,0.06,6.016843832020995,6.3843011811023525,43.64141414141414,0.06,6.091391076115479,6.49972440944881,40.217532467532465,0.06,6.117578740157478,6.52308070866142,43.198232323232325,0,0,0,0,0,1
12879,23.0,2014,12.0,49.0,1556.0,1160.0,1,0.03,7.0,7.0,0.0,0.03,7.0,7.0,0.0,0.04,7.0,7.0,0.0,1,0,0,0,1,1
12880,13.0,1995,3.0,8.0,220.0,4597.0,1,0.07,6.0,8.6,9.0,0.57,6.0,7.4,33.0,0.57,6.0,7.4,33.0,0,0,0,0,0,1
12881,15.0,2009,4.0,241.0,1886.0,3199.0,1,0.01,4.75,5.5,0.5,0.01,4.75,5.5,0.5,0.01,4.75,5.5,0.5,0,0,0,0,0,1
12882,4.0,2009,4.0,349.0,2625.0,4598.0,6,0.04,7.0,7.0,1.0,0.04,7.0,7.0,1.0,0.04,7.0,7.0,1.0,0,0,0,1,0,1
12883,14.0,2003,1.0,5.0,336.0,2871.0,6,0.23,5.55,6.65,12.0,1.67,8.25,7.65,44.0,1.67,8.25,7.65,44.0,0,0,0,0,0,1
12884,4.0,2010,3.0,6.0,1170.0,1906.0,1,0.1,6.25,6.8,7.0,0.1,6.25,6.8,7.0,0.08,6.25,6.8,7.0,1,0,0,1,0,1
12885,11.0,2016,9.0,6.0,265.0,786.0,11,0.01,7.63,6.95,24.0,0.34,8.7,8.18,183.0,1.02,6.85,7.25,119.0,0,0,1,1,1,1
12886,1.0,2007,9.0,264.0,595.0,4599.0,8,0.0,0.0,0.0,0.0,0.29,7.05,7.6,17.0,0.29,7.05,7.6,17.0,0,0,0,0,0,1
12887,8.0,1993,4.0,180.0,2626.0,4600.0,1,0.08,6.031933001358078,6.3974558623811495,47.68694362017804,0.08,6.124495246717962,6.522283838841079,46.41444114737883,0.08,6.171109099139873,6.561172476233574,49.107195845697326,0,0,0,0,0,1
12888,7.0,2006,9.0,26.0,720.0,4601.0,4,0.14,6.8,8.7,46.51040884215045,0.15,7.4,8.7,45.10081553814787,0.15,7.4,8.7,46.075008048073826,0,0,0,0,0,1
12889,9.0,2006,2.0,54.0,6.0,4602.0,2,0.03,5.6,7.0,1.0,0.49,5.6,7.0,1.0,0.49,5.6,7.0,1.0,0,0,0,0,0,1
12890,6.0,2016,9.0,5.0,163.0,110.0,5,0.43,8.2,7.0,290.0,0.35,5.45,6.55,37.0,0.13,5.45,6.55,1.0,0,0,0,0,0,1
12891,4.0,2007,9.0,204.0,2334.0,4058.0,1,0.08,6.099566138746374,6.4607807271916755,47.55820785897907,0.08,6.186688601383021,6.564681017176054,46.14738646101114,0.08,6.2206457729199345,6.6001962971225066,47.53813196229649,0,0,0,0,0,1
12892,23.0,2016,6.0,337.0,2372.0,3554.0,1,0.05,7.3,7.3,4.0,0.06,7.3,7.3,4.0,0.06,7.3,7.3,4.0,0,0,0,0,0,1
12893,23.0,2015,11.0,379.0,1399.0,4603.0,10,0.01,8.9,7.9,19.5,0.21,8.9,7.9,19.5,0.21,8.9,7.9,19.5,0,0,0,0,0,1
12894,13.0,1999,10.0,234.0,380.0,1280.0,1,0.04,8.0,8.0,20.0,0.17,8.0,8.0,20.0,0.05,7.3,7.3,18.0,1,0,0,0,0,1
12895,4.0,2010,9.0,69.0,2156.0,1020.0,1,0.09,6.036517973148549,6.446041576440007,42.41893830703013,0.09,6.13182763100909,6.5621524469467225,36.190578670492584,0.09,6.158211346903418,6.59756604590732,41.083213773314206,0,0,0,0,0,1
12896,4.0,2009,4.0,453.0,2627.0,4604.0,1,0.04,6.06531266560678,6.414785373608896,47.58155002891845,0.04,6.151277159512439,6.537713301536816,45.36119144013881,0.04,6.18789083200847,6.572859035506092,49.094852515905146,0,0,0,0,0,1
12897,13.0,1997,2.0,277.0,315.0,4605.0,1,0.14,6.042070079121586,6.394020668496688,49.29562687356727,0.14,6.127673179396085,6.510931697077347,47.72615059072474,0.14,6.172315517519764,6.551114161149683,49.20948686298713,0,0,0,0,0,1
12898,15.0,2016,1.0,8.0,27.0,31.0,9,0.18,7.5,5.1,13.5,0.38,7.5,5.2,16.0,0.38,7.5,5.2,16.0,1,1,1,1,0,1
12899,10.0,2012,9.0,26.0,2628.0,4606.0,1,0.06,6.072961653015631,6.425969843633651,50.50295255548768,0.06,6.152457185405805,6.543201787043918,48.179596823457544,0.06,6.196662323157107,6.5816586001488995,49.25208715129302,0,0,0,0,0,1
12900,6.0,2014,3.0,49.0,2370.0,1336.0,1,0.06,6.0370023640661925,6.4082836879432445,47.3185817805383,0.06,6.127933806146561,6.533567375886503,45.40683229813665,0.05,6.178366430260039,6.570146572104003,49.021868530020704,0,0,0,0,0,1
12901,14.0,2004,9.0,15.0,280.0,3178.0,11,0.13,4.2,8.3,0.0,0.13,5.15,7.45,2.0,0.13,5.15,7.45,2.0,0,0,0,0,0,1
12902,5.0,2010,7.0,71.0,1284.0,4607.0,11,0.06,6.63,6.72,5.5,0.03,6.63,7.0,3.0,0.03,6.63,7.0,3.0,0,0,0,0,0,1
12903,13.0,1999,1.0,26.0,2629.0,4608.0,1,0.17,5.9864729458917845,6.425400801603205,44.05604395604396,0.17,6.120961923847696,6.589959919839676,34.17912087912088,0.17,6.162114228456913,6.618947895791575,38.04120879120879,0,0,0,0,0,1
12904,5.0,2007,1.0,8.0,45.0,4609.0,3,0.07,7.23,7.4,40.5,0.5,7.83,7.65,34.0,0.5,7.83,7.65,34.0,0,0,1,0,0,1
12905,21.0,1993,2.0,9.0,947.0,4610.0,1,0.07,6.6,6.6,16.0,0.13,8.2,8.2,50.0,0.13,8.2,8.2,50.0,0,0,0,0,0,1
12906,15.0,2011,9.0,7.0,1367.0,2231.0,6,0.26,5.73,6.27,43.0,0.26,5.73,6.27,43.0,0.26,5.73,6.27,43.0,0,0,0,1,0,1
12907,6.0,2012,7.0,26.0,2630.0,4611.0,1,0.06,6.5,6.5,2.0,0.06,6.5,6.5,2.0,0.06,6.5,6.5,2.0,0,0,0,0,0,1
12908,11.0,2015,4.0,127.0,236.0,2677.0,1,0.08,4.9,4.15,8.0,2.28,4.9,7.8,4.0,0.19,5.65,4.55,8.0,0,0,0,0,0,1
12909,17.0,2012,4.0,72.0,400.0,1790.0,1,0.3,7.5,6.55,18.0,0.38,6.9,6.3,25.0,0.38,6.9,6.3,25.0,1,0,0,0,0,1
12910,14.0,2002,2.0,6.0,2631.0,2910.0,1,0.06,4.0,6.5,2.0,0.06,4.0,6.5,2.0,0.06,4.0,6.5,2.0,1,0,0,0,0,1
12911,7.0,2006,4.0,71.0,1481.0,2451.0,1,0.02,5.2,7.7,0.0,0.11,8.1,7.7,5.0,0.11,8.1,7.7,5.0,1,0,0,0,0,1
12912,15.0,2013,7.0,3.0,241.0,1024.0,8,0.29,6.63,6.58,29.0,0.29,6.63,6.58,29.0,0.29,6.63,6.58,29.0,0,0,0,0,0,1
12913,14.0,2005,11.0,6.0,62.0,225.0,3,0.06,6.1,5.7,121.0,0.95,8.35,8.1,121.0,0.02,7.9,7.05,6.0,1,0,1,0,1,1
12914,10.0,2016,12.0,1.0,1418.0,2889.0,10,0.02,7.5,8.8,1.0,0.16,7.5,8.8,1.0,0.1,7.5,8.0,1.0,1,0,0,0,0,1
12915,1.0,2010,8.0,294.0,2089.0,4612.0,3,0.16,3.2,1.6,46.59712738403579,0.05,3.2,1.6,45.16023075111843,0.05,3.2,1.6,46.507829055804095,0,0,0,0,0,1
12916,8.0,1993,6.0,454.0,2632.0,4613.0,1,0.0,0.0,0.0,0.0,0.0,0.0,0.0,0.0,0.0,0.0,0.0,0.0,0,0,0,0,0,1
12917,1.0,2007,5.0,312.0,1389.0,4614.0,10,0.04,2.45,2.08,13.0,0.07,2.45,2.08,13.0,0.07,2.45,2.08,13.0,1,0,0,0,0,1
12918,18.0,2015,9.0,6.0,280.0,4240.0,8,0.04,6.3,6.57,15.5,0.08,5.0,6.5,3.0,0.07,6.2,6.55,1.0,0,0,0,0,0,1
12919,7.0,2004,4.0,455.0,500.0,4615.0,1,0.02,6.7,6.7,47.43754583231484,0.02,6.7,6.7,46.20019555120997,0.02,6.7,6.7,48.87949156685407,0,0,0,0,0,1
12920,23.0,2015,4.0,59.0,250.0,4616.0,1,0.02,7.05,10.0,1.0,0.59,7.05,7.9,17.0,0.59,7.05,7.9,17.0,0,0,0,0,0,1
12921,17.0,2009,8.0,349.0,2633.0,2628.0,4,0.04,7.0,7.0,1.0,0.04,7.0,7.0,1.0,0.04,7.0,7.0,1.0,0,0,0,0,0,1
12922,15.0,2011,8.0,338.0,1861.0,4617.0,3,0.03,6.63,7.62,124.0,0.03,6.63,7.62,124.0,0.03,6.63,7.62,124.0,0,0,0,0,0,1
12923,4.0,2009,9.0,300.0,687.0,4047.0,8,0.08,5.9,5.9,46.48216786984161,0.07,5.9,5.9,45.03658010990195,0.07,5.9,5.9,45.97128542182954,0,0,0,0,0,1
12924,19.0,2002,1.0,9.0,176.0,1933.0,5,1.81,8.8,8.07,33.0,2.85,6.75,8.65,52.0,0.32,4.0,6.3,27.0,1,0,0,0,0,1
12925,4.0,2009,10.0,59.0,669.0,2642.0,11,0.08,6.0,6.9,3.0,0.76,6.8,6.9,3.0,0.11,6.8,6.9,3.0,0,0,0,0,0,1
12926,4.0,2007,9.0,105.0,195.0,3688.0,6,0.06,3.7,4.8,1.0,2.65,3.7,4.95,1.0,2.65,3.7,4.95,1.0,0,0,0,0,0,1
12927,17.0,2007,9.0,158.0,2003.0,3433.0,5,0.0,0.0,0.0,0.0,0.05,7.4,7.0,5.0,0.05,7.4,7.0,5.0,0,0,0,0,0,1
12928,17.0,2009,10.0,13.0,1279.0,1973.0,1,0.25,4.0,6.4,20.0,0.14,7.0,7.0,9.0,0.14,7.0,7.0,9.0,0,0,0,0,0,1
12929,17.0,2007,7.0,155.0,204.0,2965.0,2,0.19,7.25,8.2,35.0,0.2,6.35,7.65,13.0,0.04,6.9,7.45,1.0,1,0,0,0,0,1
12930,4.0,2006,9.0,236.0,227.0,347.0,8,0.09,6.4,8.4,16.0,0.2,6.33,6.73,16.0,0.19,5.4,7.45,10.0,1,0,0,0,0,1
12931,25.0,1994,6.0,9.0,2634.0,4618.0,1,0.06,7.4,7.4,9.0,0.06,7.4,7.4,9.0,0.06,7.4,7.4,9.0,0,0,0,0,0,1
12932,19.0,2002,2.0,6.0,19.0,3307.0,12,1.94,6.4,7.5,17.0,0.02,5.7,8.2,17.0,0.07,7.0,8.2,17.0,0,0,1,0,0,1
12933,4.0,2008,5.0,272.0,1868.0,2277.0,12,0.14,3.3,6.0,45.88682931064421,0.03,3.3,2.8,44.88565723215836,0.03,3.3,2.8,46.308734155235285,0,0,0,0,0,1
12934,7.0,2006,9.0,26.0,2635.0,1237.0,1,0.06,6.0,6.9,9.0,0.06,6.0,6.9,9.0,0.06,6.0,6.9,9.0,0,0,0,0,0,1
12935,5.0,2011,8.0,26.0,1672.0,2775.0,1,0.06,8.0,7.0,3.0,0.06,8.0,7.0,3.0,0.16,8.0,7.0,3.0,0,0,0,0,0,1
12936,17.0,2006,5.0,59.0,396.0,1808.0,6,0.08,6.9,7.55,2.0,0.03,7.0,8.0,0.0,0.34,7.0,6.0,2.0,0,0,0,0,0,1
12937,1.0,2009,11.0,307.0,2636.0,4619.0,1,0.17,5.5,6.45,5.0,0.17,5.5,6.45,5.0,0.17,5.5,6.45,5.0,0,0,0,0,0,1
12938,7.0,2004,3.0,397.0,109.0,4620.0,9,0.01,3.9,5.0,1.0,0.17,3.5,5.32,14.0,0.17,3.5,5.32,14.0,0,0,0,0,0,1
12939,4.0,2008,8.0,340.0,1868.0,4621.0,3,0.04,6.9,7.5,17.0,0.03,3.3,2.8,17.0,0.03,3.3,2.8,17.0,0,0,0,0,0,1
12940,7.0,2008,1.0,15.0,2637.0,4622.0,1,0.08,6.076557377049176,6.4289414021625335,50.52577025484975,0.08,6.1574189047785115,6.543221137077076,48.40728413845569,0.08,6.202197418904775,6.585209277990916,49.56694560669456,0,0,0,0,0,1
12941,4.0,2007,9.0,129.0,595.0,4623.0,11,0.01,5.0,7.6,17.0,0.29,7.05,7.6,17.0,0.29,7.05,7.6,17.0,0,0,0,0,0,1
12942,17.0,2009,9.0,49.0,1927.0,320.0,1,0.08,5.13,7.67,9.5,0.08,5.13,7.67,9.5,0.06,5.13,7.67,9.5,0,0,0,0,0,1
12943,4.0,2008,8.0,22.0,1106.0,1841.0,1,0.04,4.57,6.3,5.5,0.36,2.0,5.0,5.0,0.05,6.7,6.6,5.0,0,0,0,0,0,1
12944,14.0,2003,9.0,9.0,227.0,3241.0,10,0.27,8.35,7.6,0.0,0.13,7.0,8.3,10.0,0.13,7.0,8.3,10.0,0,0,0,0,0,1
12945,7.0,2005,9.0,272.0,2199.0,4354.0,9,0.02,5.9,8.1,8.0,0.09,5.9,6.0,4.0,0.09,5.9,6.0,4.0,0,0,0,0,0,1
12946,19.0,2003,2.0,65.0,2131.0,2093.0,3,0.21,2.0,4.0,1.0,0.02,5.9,5.4,1.0,0.05,5.9,5.4,1.0,0,0,0,0,0,1
12947,11.0,2016,1.0,49.0,301.0,4624.0,3,0.11,7.0,7.0,3.5,0.08,7.0,7.0,3.5,0.08,7.0,7.0,3.5,1,0,0,0,0,1
12948,4.0,2010,5.0,71.0,1000.0,4433.0,10,0.15,5.0,7.5,62.0,0.18,6.5,5.8,5.0,0.06,6.63,6.72,5.5,0,0,0,1,0,1
12949,14.0,2004,4.0,311.0,2453.0,47.0,1,0.05,6.13,7.65,0.5,0.05,6.13,7.65,0.5,0.05,6.13,7.65,0.5,1,0,0,0,0,1
12950,4.0,2006,9.0,105.0,635.0,4625.0,10,0.02,6.085796301053163,6.432079373234055,48.40748280219009,0.02,6.174174158746477,6.54811584895972,47.08746314755019,0.02,6.213452350372464,6.588063190341674,48.39758528709813,0,0,0,0,0,1
12951,17.0,2012,11.0,157.0,2638.0,4626.0,1,0.09,6.072961653015631,6.425969843633651,50.50295255548768,0.09,6.152457185405805,6.543201787043918,48.179596823457544,0.09,6.196662323157107,6.5816586001488995,49.25208715129302,0,0,0,0,0,1
12952,14.0,2003,3.0,36.0,130.0,3357.0,6,0.04,8.5,7.35,13.0,0.04,8.5,7.35,13.0,0.12,5.91,7.0,5.5,0,0,0,0,0,1
12953,1.0,2009,9.0,60.0,2052.0,3544.0,4,0.08,6.5,5.0,45.814278346084414,0.03,3.05,5.0,44.8149230636981,0.03,3.05,5.0,46.29712885756039,0,0,0,0,0,1
12954,4.0,2008,4.0,342.0,739.0,4627.0,4,0.01,7.0,7.6,5.0,0.05,7.2,7.6,5.0,0.05,7.2,7.6,5.0,1,0,0,0,0,1
12955,14.0,2004,5.0,12.0,61.0,4628.0,11,0.18,7.1,6.9,2.0,0.1,7.1,7.35,6.0,0.1,7.1,7.35,6.0,0,0,0,0,0,1
12956,14.0,2002,3.0,5.0,460.0,3230.0,11,0.08,7.9,8.5,23.0,0.13,6.27,6.1,4.5,0.13,6.27,6.1,4.5,0,0,0,0,0,1
12957,9.0,2003,2.0,29.0,1286.0,2093.0,1,0.11,6.1012652384897565,6.454888152444128,47.685338686698614,0.28,6.1868883891584945,6.56346904959172,46.47707550835384,0.28,6.225610131376502,6.600911350455717,47.855459137417434,0,0,0,0,0,1
12958,5.0,2010,10.0,15.0,2085.0,3608.0,10,0.16,3.9,5.38,18.0,0.1,5.4,7.9,18.0,0.1,5.4,7.9,18.0,0,0,0,0,0,1
12959,4.0,2007,8.0,22.0,568.0,1841.0,5,0.22,5.6,5.75,3.0,0.19,5.6,2.8,3.0,0.19,5.6,2.8,3.0,0,0,0,0,0,1
12960,6.0,2014,4.0,134.0,2639.0,3728.0,10,0.1,5.9,6.35,3.0,0.1,5.9,6.35,3.0,0.1,5.9,6.35,3.0,0,0,0,1,1,1
12961,19.0,2005,6.0,68.0,317.0,1891.0,3,0.03,6.5,7.7,3.0,0.08,6.5,7.7,3.0,0.08,6.5,7.7,3.0,0,0,0,0,1,1
12962,7.0,2002,3.0,4.0,295.0,4629.0,9,0.23,6.2,5.9,33.0,1.81,8.8,8.07,33.0,1.81,8.8,8.07,33.0,0,0,1,1,0,1
12963,5.0,2010,7.0,12.0,2640.0,4630.0,9,0.19,4.07,7.75,1.0,0.19,4.07,7.75,1.0,0.19,4.07,7.75,1.0,0,0,0,0,0,1
12964,23.0,2015,4.0,134.0,1568.0,4631.0,3,0.03,7.0,7.0,3.0,0.2,7.0,7.85,16.0,0.2,7.0,7.85,16.0,0,0,0,0,0,1
12965,4.0,2007,8.0,456.0,2498.0,4632.0,9,0.0,0.0,0.0,0.0,0.05,0.0,7.0,0.0,0.05,0.0,7.0,0.0,0,0,0,0,0,1
12966,4.0,2006,5.0,211.0,2641.0,4633.0,1,0.03,7.76,7.43,27.5,0.03,7.76,7.43,27.5,0.03,7.76,7.43,27.5,0,0,0,0,0,1
12967,4.0,2007,5.0,22.0,1585.0,4634.0,9,1.15,8.1,7.75,81.5,1.15,8.1,7.75,81.5,1.15,8.1,7.75,81.5,0,0,0,0,0,1
12968,13.0,1998,9.0,335.0,2642.0,4635.0,1,0.0,0.0,0.0,0.0,0.0,0.0,0.0,0.0,0.0,0.0,0.0,0.0,0,0,0,0,0,1
12969,4.0,2010,10.0,69.0,2643.0,4636.0,1,0.07,6.036517973148549,6.446041576440007,42.41893830703013,0.07,6.13182763100909,6.5621524469467225,36.190578670492584,0.07,6.158211346903418,6.59756604590732,41.083213773314206,0,0,0,0,0,1
12970,7.0,2002,11.0,78.0,997.0,4637.0,6,0.07,2.7,3.8,45.704528985507245,0.07,2.7,3.8,44.989945652173915,0.07,2.7,3.8,46.33048007246377,0,0,0,0,0,1
12971,4.0,2010,4.0,159.0,2644.0,1397.0,1,0.13,5.0,8.5,42.41893830703013,0.13,5.0,8.5,36.190578670492584,0.13,6.5,8.5,41.083213773314206,0,0,0,0,0,1
12972,11.0,2015,1.0,345.0,1950.0,2509.0,1,0.12,5.3,5.3,3.0,0.12,5.3,5.3,3.0,0.12,5.3,5.3,3.0,0,0,0,0,0,1
12973,11.0,2015,7.0,160.0,1090.0,1760.0,12,0.19,4.8,6.9,12.0,0.11,7.2,8.2,12.0,0.15,6.8,7.6,12.0,1,0,0,0,0,1
12974,4.0,2009,1.0,3.0,368.0,1376.0,8,0.13,8.0,7.9,1.0,0.13,8.0,7.9,1.0,0.13,8.0,7.9,1.0,0,0,0,0,0,1
12975,4.0,2008,4.0,9.0,841.0,1293.0,1,0.07,7.4,7.6,11.0,0.56,7.4,7.6,11.0,0.29,7.05,7.6,17.0,0,0,0,0,0,1
12976,17.0,2010,10.0,85.0,330.0,4638.0,7,0.02,4.23,6.15,3.0,0.39,4.23,6.15,3.0,0.39,4.23,6.15,3.0,0,0,0,0,0,1
12977,23.0,2015,2.0,5.0,2645.0,3866.0,1,0.23,6.0,5.6,48.0,0.23,6.0,5.6,48.0,0.23,6.0,5.6,48.0,0,0,0,0,0,1
12978,8.0,1991,4.0,196.0,1692.0,4639.0,1,0.0,0.0,0.0,0.0,0.0,0.0,0.0,0.0,0.0,0.0,0.0,0.0,0,0,0,0,0,1
12979,4.0,2008,7.0,36.0,940.0,3931.0,3,0.29,3.43,5.0,20.5,0.03,5.8,5.0,20.5,0.06,6.05,6.8,21.0,0,0,0,0,0,1
12980,23.0,2016,4.0,17.0,2563.0,4471.0,1,0.12,8.0,7.6,65.0,0.06,5.0,6.2,14.0,0.06,5.0,6.2,14.0,0,0,0,1,0,1
12981,15.0,2007,8.0,2.0,2646.0,83.0,1,2.05,8.0,7.9,69.0,2.05,8.0,7.9,69.0,0.07,8.4,7.25,3.0,0,0,0,0,0,1
12982,17.0,2010,11.0,4.0,206.0,4640.0,1,0.08,5.4,6.0,3.0,1.58,5.4,9.0,3.0,1.58,5.4,9.0,3.0,0,0,0,0,0,1
12983,15.0,2015,10.0,20.0,448.0,216.0,4,2.7,8.27,7.82,70.5,0.2,6.75,7.5,54.0,2.7,8.27,7.82,70.5,1,1,0,1,0,1
12984,4.0,2006,5.0,1.0,202.0,4641.0,1,0.07,5.0,7.0,1.0,0.14,5.0,7.0,1.0,0.14,5.0,7.0,1.0,0,0,0,0,0,1
12985,23.0,2015,9.0,457.0,646.0,2319.0,1,0.0,0.0,0.0,0.0,0.36,0.0,6.8,28.0,0.23,7.3,7.5,7.0,1,0,0,0,0,1
12986,9.0,2003,1.0,155.0,1239.0,4642.0,1,0.05,6.1012652384897565,6.454888152444128,47.685338686698614,0.3,6.1868883891584945,6.56346904959172,46.47707550835384,0.3,6.225610131376502,6.600911350455717,47.855459137417434,0,0,0,0,0,1
12987,9.0,2005,4.0,11.0,377.0,4643.0,8,0.03,5.6,8.7,2.0,0.11,2.8,3.9,2.0,0.11,2.8,3.9,2.0,0,0,0,0,0,1
12988,17.0,2010,1.0,49.0,2370.0,1336.0,1,0.07,6.036517973148549,6.446041576440007,42.41893830703013,0.07,6.13182763100909,6.5621524469467225,36.190578670492584,0.03,6.158211346903418,6.59756604590732,41.083213773314206,0,0,0,0,0,1
12989,11.0,2016,3.0,12.0,2647.0,4644.0,12,0.12,7.9,7.77,106.5,0.12,7.9,7.77,106.5,0.12,7.9,7.77,106.5,0,0,0,1,0,1
12990,13.0,2001,3.0,6.0,19.0,4645.0,1,0.23,4.0,7.3,16.0,0.3,7.5,8.15,120.0,0.3,7.5,8.15,120.0,0,0,1,0,0,1
12991,7.0,2008,10.0,13.0,676.0,1130.0,1,0.09,6.0,6.5,50.52577025484975,0.23,6.0,3.3,48.40728413845569,0.2,6.0,3.3,49.56694560669456,1,0,0,0,0,1
12992,15.0,2009,12.0,215.0,474.0,666.0,5,0.34,6.05,10.0,1.0,0.34,6.05,10.0,1.0,0.34,6.05,10.0,1.0,0,0,0,0,1,1
12993,4.0,2006,1.0,3.0,630.0,1036.0,4,0.33,7.1,5.7,9.0,0.25,7.0,7.5,9.0,0.1,7.68,7.87,39.0,0,0,0,1,0,1
12994,4.0,2006,4.0,9.0,476.0,686.0,1,0.06,6.057909446618223,6.454225824482941,48.764652014652015,0.06,6.140609278926769,6.574768026830625,40.60225885225885,1.15,6.179580771380661,6.604046953605371,45.93101343101343,0,0,0,0,0,1
12995,4.0,2007,9.0,72.0,2265.0,4646.0,11,0.02,5.0,7.5,18.0,0.08,6.95,7.5,18.0,0.08,6.95,7.5,18.0,0,0,0,0,0,1
12996,6.0,2010,11.0,292.0,2648.0,4647.0,5,0.01,6.067674978747517,6.4074128648342485,49.88838251197281,0.01,6.148580334372342,6.52310427883255,48.341572686544104,0.01,6.194015301785197,6.565334372343457,49.79777537463309,0,0,0,0,0,1
12997,4.0,2007,11.0,234.0,2649.0,4648.0,1,0.03,7.6,7.0,1.0,0.03,7.6,7.0,1.0,0.03,7.6,7.0,1.0,0,0,0,0,0,1
12998,15.0,2005,7.0,18.0,164.0,184.0,3,0.68,7.0,6.8,15.0,0.2,7.43,8.03,8.0,0.42,5.0,6.5,0.0,0,0,0,0,0,1
12999,17.0,2010,6.0,442.0,2547.0,4446.0,1,0.06,6.036517973148549,6.446041576440007,42.41893830703013,0.06,6.13182763100909,6.5621524469467225,36.190578670492584,0.04,6.158211346903418,6.59756604590732,41.083213773314206,0,0,0,0,0,1
13000,9.0,2003,1.0,8.0,394.0,31.0,11,0.07,7.65,6.35,20.0,0.05,7.3,6.3,14.0,0.79,7.6,7.3,20.0,1,1,0,0,1,1
13001,17.0,2004,8.0,12.0,227.0,946.0,12,0.22,6.3,6.7,29.0,0.26,6.65,7.0,1.0,0.26,6.65,7.0,1.0,1,0,0,0,1,1
13002,7.0,2002,3.0,311.0,2650.0,4649.0,6,0.17,8.0,8.0,1.0,0.05,6.5,6.5,2.0,0.05,6.5,6.5,2.0,0,0,0,0,0,1
13003,15.0,2008,5.0,215.0,474.0,1754.0,10,0.04,7.15,7.15,8.0,0.04,7.15,7.15,8.0,0.02,7.15,7.15,8.0,0,1,0,0,0,1
13004,15.0,2016,10.0,13.0,51.0,57.0,2,0.01,9.0,8.7,624.0,0.01,9.0,8.7,624.0,0.1,7.03,5.38,35.0,1,0,1,1,0,1
13005,7.0,2009,11.0,458.0,2651.0,4650.0,1,0.03,6.06531266560678,6.414785373608896,47.58155002891845,0.03,6.151277159512439,6.537713301536816,45.36119144013881,0.03,6.18789083200847,6.572859035506092,49.094852515905146,0,0,0,0,0,1
13006,5.0,2014,7.0,26.0,2421.0,4226.0,6,0.17,7.35,7.58,26.5,0.07,3.4,6.02,9.5,0.07,3.4,6.02,9.5,0,0,0,0,0,1
13007,1.0,2009,6.0,75.0,1013.0,2630.0,11,0.14,5.945329457364344,6.3206201550387675,32.76409185803758,0.14,6.042635658914737,6.440271317829467,23.798538622129435,0.14,6.047189922480624,6.441937984496127,28.856993736951985,0,0,0,0,0,1
13008,19.0,2002,6.0,8.0,841.0,4283.0,9,0.13,7.9,7.9,49.587620336943445,0.13,7.9,7.9,48.169524669073404,0.13,7.9,7.9,49.57746690734055,0,0,0,0,0,1
13009,4.0,2004,1.0,15.0,2623.0,3045.0,1,0.1,6.020450067174204,6.385588893864737,47.43754583231484,0.1,6.115846394984316,6.510541871921158,46.20019555120997,0.14,6.16217196596506,6.54954545454544,48.87949156685407,0,0,0,0,1,1
13010,15.0,2014,11.0,81.0,1027.0,1649.0,9,0.08,7.75,7.18,40.5,0.08,7.75,7.18,40.5,0.08,7.75,7.18,40.5,0,0,0,0,0,1
13011,1.0,2007,6.0,11.0,586.0,3777.0,2,0.09,2.57,3.83,2.0,0.02,3.0,4.2,2.0,0.02,3.0,4.2,2.0,0,0,0,0,0,1
13012,4.0,2009,4.0,26.0,1405.0,2313.0,1,0.06,6.06531266560678,6.414785373608896,47.58155002891845,0.07,6.151277159512439,6.537713301536816,45.36119144013881,0.07,6.18789083200847,6.572859035506092,49.094852515905146,1,0,0,0,0,1
13013,4.0,2008,11.0,42.0,1721.0,4248.0,11,0.02,6.2,6.4,7.0,0.03,6.5,7.35,7.0,0.05,6.7,7.25,26.5,1,0,0,0,0,1
13014,13.0,2001,11.0,193.0,2652.0,4651.0,1,0.21,6.097708281522011,6.447693359860781,47.903901046622266,0.21,6.1815792091519635,6.559855757274357,46.559535136604595,0.21,6.221097985575736,6.597542899776213,47.730256898192195,0,0,0,0,0,1
13015,6.0,2010,6.0,459.0,703.0,4652.0,8,0.0,0.0,0.0,0.0,0.7,7.7,7.35,32.0,0.7,7.7,7.35,32.0,0,0,0,0,0,1
13016,14.0,2002,8.0,460.0,365.0,4653.0,11,0.0,0.0,0.0,0.0,0.1,7.6,6.7,4.0,0.1,7.6,6.7,4.0,0,0,0,0,0,1
13017,15.0,2011,12.0,461.0,120.0,4654.0,2,0.01,7.85,7.7,33.5,0.09,7.85,7.7,33.5,0.09,7.85,7.7,33.5,1,0,0,0,0,1
13018,4.0,2011,5.0,11.0,2608.0,4655.0,7,0.64,6.17,6.78,206.5,0.05,6.5,7.12,6.5,0.05,6.5,7.12,6.5,0,0,0,0,0,1
13019,7.0,2001,1.0,49.0,1284.0,4656.0,10,0.17,7.1,8.7,46.801602564102566,0.12,7.1,8.7,44.4875,0.12,7.1,8.7,47.54919871794872,0,0,0,1,0,1
13020,13.0,1999,9.0,53.0,19.0,4657.0,1,0.4,7.5,5.8,4.0,0.11,7.5,4.08,9.0,0.11,7.5,4.08,9.0,0,0,1,0,0,1
13021,4.0,2009,6.0,6.0,19.0,214.0,10,0.07,6.017120127287195,6.416451869530627,39.8933506044905,0.09,6.130859188544151,6.552171837708827,32.29706390328152,0.38,6.161694510739854,6.5963723150357945,34.81476683937824,0,0,1,0,0,1
13022,4.0,2010,8.0,158.0,1867.0,4658.0,10,0.02,6.057083503054985,6.415594704684301,49.885309852875615,0.03,6.142910386965374,6.540040733197534,48.07779759251003,0.03,6.1904786150712745,6.577492871690405,49.565425769059296,0,0,0,0,0,1
13023,4.0,2005,11.0,5.0,1723.0,2868.0,1,0.09,5.0,6.1,20.0,0.09,5.0,6.1,20.0,0.09,5.0,6.1,20.0,0,0,0,0,0,1
13024,6.0,2011,6.0,26.0,1672.0,2775.0,1,0.05,6.107652813930537,6.467882595817321,45.77475613360922,0.05,6.194403554438579,6.56657391616556,44.85269484678293,0.08,6.2266573916165795,6.606709451575302,45.76973100798108,0,0,0,0,0,1
13025,13.0,2000,3.0,462.0,2653.0,4659.0,1,0.0,0.0,0.0,0.0,0.0,0.0,0.0,0.0,0.0,0.0,0.0,0.0,0,0,0,0,0,1
13026,13.0,1998,7.0,463.0,2654.0,4660.0,1,0.0,0.0,0.0,0.0,0.0,0.0,0.0,0.0,0.0,0.0,0.0,0.0,1,0,0,0,0,1
13027,22.0,2000,7.0,9.0,1074.0,515.0,1,0.1,3.0,8.4,10.0,0.23,3.0,8.4,10.0,0.26,3.0,7.7,51.0,0,0,0,0,0,1
13028,4.0,2009,11.0,26.0,323.0,2775.0,1,0.06,6.6,8.0,4.0,0.54,6.6,6.98,172.0,0.07,6.6,5.0,1.0,0,0,0,0,0,1
13029,4.0,2011,6.0,54.0,687.0,4661.0,10,0.15,6.02490849673202,6.3988126361655615,46.89055793991416,0.05,6.123793028322429,6.526827886710213,45.688006676204104,0.05,6.174326797385606,6.567407407407391,48.2448736289938,0,0,0,0,0,1
13030,11.0,2014,4.0,6.0,62.0,3574.0,4,0.24,8.17,7.15,56.5,0.98,8.6,8.1,814.0,0.98,8.6,8.1,814.0,0,0,1,0,1,1
13031,17.0,2006,2.0,5.0,245.0,1319.0,11,0.13,6.8,6.8,11.0,0.11,4.97,4.95,11.0,0.1,6.1,4.95,11.0,0,0,0,0,0,1
13032,1.0,2009,3.0,127.0,1615.0,4407.0,3,0.78,6.0,7.4,3.5,0.78,6.0,7.4,3.5,0.06,6.0,7.4,3.5,0,0,0,0,0,1
13033,17.0,2012,9.0,26.0,2655.0,4662.0,1,0.05,6.072961653015631,6.425969843633651,50.50295255548768,0.05,6.152457185405805,6.543201787043918,48.179596823457544,0.05,6.196662323157107,6.5816586001488995,49.25208715129302,0,0,0,0,0,1
13034,1.0,2010,11.0,11.0,590.0,4663.0,3,0.12,3.0,4.0,3.0,0.17,3.0,4.0,3.0,0.17,3.0,4.0,3.0,0,0,0,0,0,1
13035,23.0,2015,11.0,337.0,1860.0,3137.0,1,0.07,7.3,7.3,4.0,0.07,7.3,7.3,4.0,0.11,7.3,7.3,4.0,0,0,0,0,0,1
13036,4.0,2006,6.0,1.0,2656.0,4664.0,1,0.06,6.057909446618223,6.454225824482941,48.764652014652015,0.06,6.140609278926769,6.574768026830625,40.60225885225885,0.06,6.179580771380661,6.604046953605371,45.93101343101343,0,0,0,0,0,1
13037,19.0,2003,6.0,73.0,91.0,370.0,5,0.05,2.65,5.8,1.0,0.13,2.65,5.8,1.0,0.29,2.5,5.12,5.0,0,0,0,0,1,1
13038,19.0,2003,3.0,6.0,19.0,872.0,12,0.07,8.7,8.5,45.86576885837514,0.28,4.8,8.3,45.062538508934075,0.28,4.8,8.3,46.35604260188364,0,0,1,0,0,1
13039,13.0,1998,3.0,168.0,2657.0,4665.0,1,0.33,6.3,6.3,6.0,0.33,6.3,6.3,6.0,0.33,6.3,6.3,6.0,0,0,0,0,0,1
13040,23.0,2016,4.0,257.0,2658.0,4666.0,1,0.02,6.139692021200393,6.5099813780261035,46.00420630552716,0.02,6.228947858472998,6.612544764360438,45.91736771758786,0.02,6.258451511244804,6.6494134078212355,47.09733469612391,0,0,0,0,0,1
13041,23.0,2015,11.0,152.0,1399.0,4667.0,11,0.03,6.5,6.3,4.5,0.05,7.5,7.8,3.5,0.05,7.5,7.8,3.5,0,0,0,0,0,1
13042,4.0,2007,9.0,26.0,2659.0,4668.0,1,0.06,6.099566138746374,6.4607807271916755,47.55820785897907,0.06,6.186688601383021,6.564681017176054,46.14738646101114,0.06,6.2206457729199345,6.6001962971225066,47.53813196229649,0,0,0,0,0,1
13043,12.0,1999,1.0,15.0,103.0,4669.0,1,0.11,2.0,4.0,1.0,0.39,2.0,4.0,1.0,0.39,2.0,4.0,1.0,1,0,0,0,0,1
13044,5.0,2009,6.0,2.0,652.0,954.0,1,0.26,7.85,8.1,5.0,0.38,7.85,7.95,70.0,0.78,6.55,6.85,9.0,0,0,0,0,0,1
13045,4.0,2009,8.0,79.0,2660.0,4670.0,1,0.06,4.0,4.0,47.58155002891845,0.06,4.0,4.0,45.36119144013881,0.06,4.0,4.0,49.094852515905146,0,0,0,0,0,1
13046,4.0,2009,4.0,81.0,1359.0,4671.0,12,0.05,7.09,6.1,29.0,0.17,7.09,6.1,29.0,0.17,7.09,6.1,29.0,0,0,0,0,0,1
13047,19.0,2004,11.0,36.0,541.0,3064.0,9,0.14,7.53,8.0,35.0,0.14,7.53,8.0,35.0,0.14,7.53,8.0,35.0,0,0,0,0,0,1
13048,13.0,1995,7.0,4.0,1736.0,4672.0,1,0.08,8.0,8.0,21.0,0.08,8.0,8.0,21.0,0.08,8.0,8.0,21.0,0,0,0,0,0,1
13049,24.0,1995,6.0,9.0,766.0,4673.0,1,0.08,6.105477410782085,6.471694191344031,46.30825496342738,0.09,6.192767653758562,6.565149962034973,45.062225705329155,0.09,6.223125474563416,6.604986712224803,46.031556948798325,1,0,1,0,1,1
13050,9.0,2001,5.0,9.0,55.0,690.0,2,2.56,8.15,8.0,129.0,2.56,8.15,8.0,129.0,0.6,8.15,8.0,1.0,0,0,1,0,1,1
13051,17.0,2010,11.0,453.0,2661.0,4674.0,1,0.05,6.036517973148549,6.446041576440007,42.41893830703013,0.05,6.13182763100909,6.5621524469467225,36.190578670492584,0.05,6.158211346903418,6.59756604590732,41.083213773314206,0,0,0,0,0,1
13052,23.0,2014,4.0,26.0,2662.0,4675.0,1,0.06,6.0370023640661925,6.4082836879432445,47.3185817805383,0.06,6.127933806146561,6.533567375886503,45.40683229813665,0.06,6.178366430260039,6.570146572104003,49.021868530020704,0,0,0,0,0,1
13053,7.0,2006,9.0,331.0,2663.0,4676.0,1,0.0,0.0,0.0,0.0,0.0,0.0,0.0,0.0,0.0,0.0,0.0,0.0,0,0,0,0,0,1
13054,19.0,2002,10.0,15.0,87.0,4677.0,3,0.27,6.9,6.9,47.00641389488024,0.27,6.9,6.9,45.229821773186515,0.27,6.9,6.9,46.14320581223748,0,0,1,0,0,1
13055,11.0,2016,4.0,81.0,1572.0,4678.0,6,0.01,7.55,6.3,2.0,0.19,5.27,6.15,48.5,0.19,5.27,6.15,48.5,0,0,0,1,0,1
13056,23.0,2012,3.0,59.0,562.0,427.0,2,0.02,6.0,4.4,46.02221482652467,0.1,6.0,4.4,45.39450037440719,0.1,6.0,4.4,46.868749479990015,0,0,0,0,0,1
13057,7.0,2006,10.0,15.0,2351.0,3134.0,1,0.1,8.6,8.4,15.0,0.1,8.6,8.4,15.0,0.14,8.6,7.0,1.0,0,0,0,0,0,1
13058,1.0,2009,8.0,12.0,317.0,2362.0,1,0.01,6.35,6.15,15.0,0.48,8.2,7.35,5.0,0.48,8.2,7.35,5.0,0,0,0,0,0,1
13059,4.0,2008,3.0,375.0,971.0,4679.0,7,0.03,5.9,6.6,46.12766046942038,0.1,5.9,7.6,45.3263228737276,0.1,5.9,7.6,46.65588457979305,0,0,0,0,0,1
13060,15.0,2016,2.0,8.0,41.0,672.0,6,0.32,6.3,6.05,37.5,0.32,6.3,6.05,37.5,0.32,6.3,6.05,37.5,0,0,1,1,0,1
13061,9.0,2003,9.0,73.0,2664.0,4680.0,1,0.14,6.1012652384897565,6.454888152444128,47.685338686698614,0.14,6.1868883891584945,6.56346904959172,46.47707550835384,0.14,6.225610131376502,6.600911350455717,47.855459137417434,0,0,0,0,0,1
13062,7.0,2005,7.0,8.0,31.0,49.0,1,0.06,5.0,7.0,8.0,1.88,5.0,7.0,8.0,0.15,6.5,6.5,22.0,1,0,0,1,0,1
13063,15.0,2014,9.0,20.0,234.0,488.0,4,0.23,6.0,7.0,17.0,0.23,6.0,7.0,17.0,0.23,6.0,7.0,17.0,0,0,0,0,0,1
13064,14.0,2004,9.0,31.0,209.0,3517.0,4,0.11,4.5,6.35,14.0,0.02,6.9,7.3,14.0,0.02,6.9,7.3,14.0,0,0,0,0,0,1
13065,1.0,2009,12.0,26.0,744.0,939.0,1,0.05,6.0,6.0,1.0,0.05,6.0,6.0,1.0,0.21,6.0,6.0,1.0,1,0,0,0,0,1
13066,20.0,2013,2.0,26.0,185.0,37.0,10,0.09,5.1,4.9,1.0,0.09,5.1,4.9,1.0,0.09,5.1,4.9,1.0,0,0,1,0,0,1
13067,19.0,2002,1.0,15.0,791.0,4681.0,2,0.02,5.7,7.8,45.95096739994699,0.05,5.7,7.8,45.15509320611361,0.05,5.7,7.8,46.44641752805018,0,0,0,0,1,1
13068,6.0,2011,1.0,241.0,441.0,616.0,1,0.01,4.0,4.0,45.77475613360922,0.09,4.0,4.0,44.85269484678293,0.02,4.0,4.0,45.76973100798108,0,0,0,0,0,1
13069,7.0,2006,3.0,9.0,169.0,3085.0,3,0.5,4.83,7.0,28.0,0.02,8.0,7.4,20.0,0.14,6.95,8.3,22.0,1,0,0,0,0,1
13070,12.0,2000,2.0,19.0,1551.0,4682.0,11,0.85,4.7,6.55,5.0,0.05,4.7,6.55,5.0,0.05,4.7,6.55,5.0,0,0,0,0,0,1
13071,4.0,2011,4.0,54.0,2665.0,3244.0,1,0.11,7.0,7.0,1.0,0.11,7.0,7.0,1.0,0.03,5.0,5.0,1.0,1,0,0,0,0,1
13072,12.0,1999,1.0,6.0,2650.0,4683.0,1,0.12,5.9864729458917845,6.425400801603205,44.05604395604396,0.12,6.120961923847696,6.589959919839676,34.17912087912088,0.12,6.162114228456913,6.618947895791575,38.04120879120879,0,0,0,0,0,1
13073,12.0,2000,4.0,106.0,1551.0,4684.0,11,0.08,6.5,7.35,8.0,0.03,6.5,7.35,8.0,0.03,6.5,7.35,8.0,0,0,0,0,0,1
13074,12.0,1997,10.0,69.0,2666.0,4685.0,1,0.13,6.042070079121586,6.394020668496688,49.29562687356727,0.13,6.127673179396085,6.510931697077347,47.72615059072474,0.13,6.172315517519764,6.551114161149683,49.20948686298713,0,0,0,0,0,1
13075,12.0,1999,10.0,161.0,432.0,2883.0,7,0.54,6.5,6.5,2.0,0.54,6.5,6.5,2.0,0.16,6.5,6.5,2.0,0,0,0,0,0,1
13076,12.0,1998,2.0,53.0,2032.0,3506.0,1,0.09,6.6,6.6,54.0,0.11,4.3,4.3,3.0,0.11,4.3,4.3,3.0,0,0,0,0,0,1
13077,4.0,2007,6.0,132.0,2667.0,4686.0,1,0.37,6.6,4.1,47.55820785897907,0.37,6.6,4.1,46.14738646101114,0.37,6.6,4.1,47.53813196229649,0,0,0,0,0,1
13078,7.0,2007,6.0,418.0,2668.0,4687.0,1,0.03,7.7,7.7,15.0,0.03,7.7,7.7,15.0,0.03,7.7,7.7,15.0,0,0,0,0,0,1
13079,6.0,2009,1.0,49.0,2370.0,1336.0,1,0.06,6.06531266560678,6.414785373608896,47.58155002891845,0.06,6.151277159512439,6.537713301536816,45.36119144013881,0.01,6.18789083200847,6.572859035506092,49.094852515905146,0,0,0,0,0,1
13080,14.0,2003,4.0,52.0,313.0,4688.0,12,0.02,6.116355395106298,6.4823666265544055,45.86576885837514,0.02,6.203306859205791,6.58167669474534,45.062538508934075,0.02,6.236220617729662,6.623631768953094,46.35604260188364,0,0,0,0,0,1
13081,8.0,1995,1.0,26.0,424.0,2149.0,1,0.11,6.105477410782085,6.471694191344031,46.30825496342738,0.11,6.192767653758562,6.565149962034973,45.062225705329155,0.27,6.223125474563416,6.604986712224803,46.031556948798325,0,0,0,0,0,1
13082,1.0,2009,1.0,130.0,2669.0,4689.0,1,0.02,6.06531266560678,6.414785373608896,47.58155002891845,0.02,6.151277159512439,6.537713301536816,45.36119144013881,0.02,6.18789083200847,6.572859035506092,49.094852515905146,0,0,0,0,0,1
13083,11.0,2015,11.0,152.0,1399.0,4667.0,11,0.08,6.1,7.78,4.0,0.01,7.55,7.63,4.0,0.01,7.55,7.63,4.0,0,0,0,0,0,1
13084,18.0,2015,9.0,239.0,2073.0,3586.0,1,0.08,6.5,5.6,44.238808539944905,0.08,6.5,5.6,40.88240358126722,0.08,6.5,5.6,43.51325757575758,0,0,0,0,0,1
13085,13.0,1999,9.0,74.0,1551.0,4690.0,1,1.31,5.9864729458917845,6.425400801603205,44.05604395604396,0.09,6.120961923847696,6.589959919839676,34.17912087912088,0.09,6.162114228456913,6.618947895791575,38.04120879120879,0,0,0,0,0,1
13086,6.0,2013,1.0,49.0,2370.0,1336.0,1,0.1,7.0,7.1,79.0,0.1,7.0,7.1,79.0,0.07,7.0,7.1,79.0,0,0,0,0,0,1
13087,15.0,2009,3.0,36.0,130.0,791.0,12,0.89,6.8,6.6,56.0,0.92,6.87,6.7,53.5,0.92,6.87,6.7,53.5,0,0,0,0,0,1
13088,4.0,2012,9.0,26.0,2496.0,4368.0,1,0.05,6.072961653015631,6.425969843633651,50.50295255548768,0.05,6.152457185405805,6.543201787043918,48.179596823457544,0.06,6.196662323157107,6.5816586001488995,49.25208715129302,0,0,0,0,0,1
13089,9.0,2003,9.0,223.0,1394.0,1276.0,11,0.07,5.7,5.7,48.97781824201291,0.03,5.7,5.7,47.036252276113224,0.11,5.7,5.7,48.732577387849695,0,0,0,0,0,1
13090,1.0,2007,11.0,209.0,586.0,4691.0,2,0.0,0.0,0.0,0.0,0.09,2.57,3.83,2.0,0.09,2.57,3.83,2.0,0,0,0,0,0,1
13091,23.0,2013,4.0,134.0,901.0,1385.0,1,0.15,7.0,6.4,5.0,0.27,7.0,7.77,11.5,0.27,7.0,7.77,11.5,1,0,0,0,0,1
13092,4.0,2006,10.0,35.0,676.0,1799.0,4,0.02,7.8,7.65,24.0,0.15,7.8,7.65,24.0,0.1,5.93,6.82,7.5,1,0,0,0,0,1
13093,19.0,2002,1.0,29.0,79.0,2472.0,2,0.07,6.7,6.3,2.0,0.1,6.05,5.0,2.0,0.1,6.05,5.0,2.0,0,0,0,0,1,1
13094,15.0,2010,7.0,86.0,212.0,1909.0,6,0.05,6.5,7.12,6.5,0.32,6.53,7.23,74.0,0.32,6.53,7.23,74.0,0,0,0,0,0,1
13095,4.0,2010,11.0,26.0,2670.0,4692.0,1,0.06,6.036517973148549,6.446041576440007,42.41893830703013,0.06,6.13182763100909,6.5621524469467225,36.190578670492584,0.06,6.158211346903418,6.59756604590732,41.083213773314206,0,0,0,0,0,1
13096,4.0,2008,2.0,155.0,2671.0,4693.0,1,0.18,6.85,6.95,4.0,0.18,6.85,6.95,4.0,0.18,6.85,6.95,4.0,0,0,0,0,0,1
13097,9.0,2002,5.0,35.0,2672.0,4694.0,9,0.32,6.4,7.8,49.587620336943445,0.32,6.4,7.8,48.169524669073404,0.32,6.4,7.8,49.57746690734055,0,0,0,0,1,1
13098,11.0,2015,9.0,13.0,51.0,1130.0,1,0.09,6.023708006279429,6.380546310832016,44.238808539944905,0.09,6.098238618524324,6.497463108320238,40.88240358126722,0.27,6.122084772370479,6.520916797488228,43.51325757575758,1,0,1,0,0,1
13099,15.0,2004,12.0,29.0,822.0,4695.0,9,0.28,6.5,7.2,5.0,0.01,7.1,7.2,5.0,0.01,7.1,7.2,5.0,0,0,0,1,0,1
13100,17.0,2006,11.0,26.0,570.0,1545.0,1,0.06,5.45,7.2,48.764652014652015,0.11,5.45,7.2,40.60225885225885,0.05,5.45,7.2,45.93101343101343,0,0,0,0,0,1
13101,8.0,1994,6.0,464.0,2673.0,4696.0,1,0.0,0.0,0.0,0.0,0.0,0.0,0.0,0.0,0.0,0.0,0.0,0.0,0,0,0,0,0,1
13102,17.0,2010,11.0,379.0,2674.0,1902.0,1,0.06,9.5,9.15,18.5,0.06,9.5,9.15,18.5,0.32,9.5,5.0,18.5,1,0,0,1,0,1
13103,4.0,2011,5.0,54.0,687.0,4697.0,5,0.07,6.0,6.7,0.0,0.05,5.8,6.7,0.0,0.05,5.8,6.7,0.0,0,0,0,0,0,1
13104,13.0,1996,11.0,89.0,2675.0,4698.0,1,1.17,7.5,7.5,31.0,1.17,7.5,7.5,31.0,1.17,7.5,7.5,31.0,0,0,0,0,0,1
13105,6.0,2008,6.0,427.0,952.0,4557.0,6,0.07,5.5,7.0,4.0,0.11,7.25,7.65,4.0,0.11,7.25,7.65,4.0,0,0,0,0,0,1
13106,9.0,2003,5.0,5.0,91.0,4259.0,3,0.07,5.8,6.0,3.0,0.29,2.5,5.12,5.0,0.07,2.5,7.8,4.0,0,0,0,0,0,1
13107,8.0,1993,1.0,465.0,2676.0,4699.0,1,0.0,0.0,0.0,0.0,0.0,0.0,0.0,0.0,0.0,0.0,0.0,0.0,0,0,0,0,0,1
13108,5.0,2014,9.0,49.0,172.0,628.0,3,0.12,6.0,6.5,2.5,0.04,5.87,6.38,31.0,0.01,6.5,7.3,49.0,0,0,0,1,0,1
13109,7.0,2004,11.0,49.0,2677.0,4131.0,1,0.86,6.1,7.65,2.0,0.86,6.1,7.65,2.0,0.86,6.1,7.65,2.0,0,0,0,0,0,1
13110,19.0,2005,2.0,64.0,448.0,3660.0,10,0.12,4.45,7.5,46.396146867328426,0.11,4.45,2.0,45.01510299925285,0.11,4.45,2.0,45.991941509232575,0,0,0,0,0,1
13111,15.0,2006,3.0,8.0,218.0,43.0,11,0.11,5.6,5.5,2.0,0.05,7.4,7.7,76.5,1.29,7.03,7.23,64.0,1,1,0,1,0,1
13112,17.0,2006,1.0,80.0,669.0,620.0,11,0.02,5.7,7.4,4.0,0.09,5.8,6.4,4.0,0.18,5.8,6.4,4.0,0,0,0,0,0,1
13113,4.0,2008,2.0,6.0,729.0,106.0,2,0.12,6.4,8.4,46.03618002544529,0.04,6.4,8.4,45.58993320610687,0.04,6.4,8.4,46.776558524173026,1,1,0,1,0,1
13114,1.0,2009,1.0,85.0,2678.0,4700.0,1,0.11,4.5,6.1,47.58155002891845,0.11,4.5,6.1,45.36119144013881,0.11,4.5,6.1,49.094852515905146,0,0,0,0,0,1
13115,10.0,2012,9.0,38.0,2679.0,4701.0,1,0.1,6.072961653015631,6.425969843633651,50.50295255548768,0.1,6.152457185405805,6.543201787043918,48.179596823457544,0.1,6.196662323157107,6.5816586001488995,49.25208715129302,1,0,0,0,0,1
13116,5.0,2012,1.0,2.0,2680.0,4702.0,10,0.83,8.3,7.7,4.0,0.83,8.3,7.7,4.0,0.83,8.3,7.7,4.0,0,0,0,0,0,1
13117,17.0,2010,11.0,453.0,2092.0,4703.0,1,0.02,6.036517973148549,6.446041576440007,42.41893830703013,0.02,6.13182763100909,6.5621524469467225,36.190578670492584,0.02,6.158211346903418,6.59756604590732,41.083213773314206,0,0,0,0,0,1
13118,9.0,2005,9.0,88.0,280.0,669.0,1,0.1,4.8,4.25,3.5,0.05,5.55,4.25,3.5,0.13,5.15,7.45,2.0,0,0,0,0,0,1
13119,4.0,2006,9.0,105.0,1029.0,1123.0,12,0.06,2.7,8.5,2.0,0.06,2.7,8.5,2.0,0.03,7.6,8.5,2.0,0,0,0,0,0,1
13120,7.0,2006,11.0,15.0,87.0,1228.0,1,0.07,6.057909446618223,6.454225824482941,48.764652014652015,0.11,6.140609278926769,6.574768026830625,40.60225885225885,0.39,6.179580771380661,6.604046953605371,45.93101343101343,0,0,1,0,0,1
13121,17.0,2010,4.0,132.0,206.0,4704.0,1,0.19,6.036517973148549,6.446041576440007,42.41893830703013,0.13,6.13182763100909,6.5621524469467225,36.190578670492584,0.13,6.158211346903418,6.59756604590732,41.083213773314206,0,0,0,0,0,1
13122,1.0,2011,6.0,26.0,323.0,4705.0,10,0.49,7.27,6.25,64.5,0.14,5.95,6.8,16.0,0.14,5.95,6.8,16.0,0,0,0,0,0,1
13123,7.0,2007,10.0,9.0,1902.0,2203.0,1,0.07,7.6,7.6,44.0,0.07,7.6,7.6,44.0,0.26,7.6,7.6,44.0,0,0,1,0,0,1
13124,4.0,2006,6.0,15.0,1288.0,277.0,1,0.05,9.0,9.0,1.0,0.05,9.0,9.0,1.0,0.28,9.0,9.0,1.0,0,0,0,1,0,1
13125,7.0,2001,2.0,167.0,947.0,4706.0,8,0.28,5.4,6.5,5.0,0.07,6.6,6.5,5.0,0.07,6.6,6.5,5.0,0,0,0,0,0,1
13126,15.0,2001,12.0,24.0,2681.0,4707.0,11,1.06,8.4,8.63,352.0,1.06,8.4,8.63,352.0,1.06,8.4,8.63,352.0,0,0,0,0,0,1
13127,10.0,2013,4.0,17.0,2682.0,4708.0,1,0.18,6.9,7.55,11.0,0.18,6.9,7.55,11.0,0.18,6.9,7.55,11.0,0,0,0,0,0,1
13128,24.0,1995,5.0,9.0,34.0,4709.0,1,0.07,3.5,3.5,2.0,0.42,8.0,8.0,6.0,0.42,8.0,8.0,6.0,0,0,1,0,0,1
13129,11.0,2016,1.0,81.0,2135.0,4710.0,1,0.01,5.0,8.0,4.0,0.1,5.0,8.0,4.0,0.03,5.9,6.25,15.5,1,0,0,0,0,1
13130,13.0,1996,7.0,26.0,683.0,701.0,1,0.2,6.074598214285714,6.518080357142857,51.629901960784316,0.2,6.105133928571427,6.627678571428572,32.81127450980392,0.38,6.240669642857141,6.645223214285716,43.85294117647059,0,0,0,0,0,1
13131,19.0,2003,9.0,196.0,1460.0,2405.0,10,0.13,6.3,7.0,1.0,0.04,7.0,6.5,2.0,0.04,7.0,6.5,2.0,0,0,0,0,0,1
13132,4.0,2008,6.0,298.0,2683.0,4711.0,10,0.03,4.0,4.0,47.32791802049488,0.03,4.0,4.0,45.973319170207446,0.03,4.0,4.0,47.42195701074731,0,0,0,0,0,1
13133,18.0,2016,3.0,270.0,2301.0,3997.0,1,0.01,7.0,7.0,0.5,0.04,4.5,7.33,2.0,0.04,4.5,7.33,2.0,0,0,0,0,0,1
13134,5.0,2007,1.0,9.0,169.0,760.0,3,0.1,6.4,7.8,76.0,0.03,8.1,7.3,76.0,1.06,7.92,7.5,76.0,1,0,0,0,1,1
13135,7.0,2000,8.0,15.0,87.0,729.0,1,0.06,7.0,7.0,3.0,0.06,7.0,7.0,3.0,1.09,7.0,7.0,3.0,0,0,1,0,0,1
13136,4.0,2007,12.0,15.0,87.0,277.0,3,0.17,4.95,5.15,1.0,0.32,7.4,7.5,1.0,0.26,7.3,8.0,1.0,0,0,1,1,0,1
13137,7.0,2006,3.0,64.0,619.0,4712.0,4,0.22,8.5,8.5,46.51040884215045,0.22,8.5,8.5,45.10081553814787,0.22,8.5,8.5,46.075008048073826,0,0,0,0,0,1
13138,15.0,2003,8.0,2.0,623.0,4713.0,3,0.28,6.9,8.0,11.0,0.28,6.9,8.0,11.0,0.28,6.9,8.0,11.0,0,0,0,0,0,1
13139,7.0,2001,2.0,340.0,1682.0,3562.0,2,0.0,0.0,0.0,0.0,0.0,0.0,0.0,0.0,0.11,2.0,4.0,1.0,0,0,0,0,0,1
13140,15.0,2009,7.0,36.0,130.0,837.0,10,0.93,6.9,6.95,85.0,0.93,6.9,6.95,85.0,0.93,6.9,6.95,85.0,1,0,0,0,0,1
13141,7.0,2007,11.0,12.0,2684.0,4714.0,1,0.16,6.099566138746374,6.4607807271916755,47.55820785897907,0.16,6.186688601383021,6.564681017176054,46.14738646101114,0.16,6.2206457729199345,6.6001962971225066,47.53813196229649,0,0,0,0,0,1
13142,1.0,2007,6.0,95.0,61.0,4715.0,1,0.04,5.85,5.85,8.0,5.72,5.85,5.85,8.0,5.72,5.85,5.85,8.0,0,0,0,0,0,1
13143,4.0,2008,6.0,422.0,648.0,4716.0,3,0.0,0.0,0.0,0.0,0.0,0.0,0.0,0.0,0.0,0.0,0.0,0.0,0,0,0,0,0,1
13144,14.0,2003,7.0,29.0,1905.0,3242.0,8,0.12,7.5,7.0,2.0,0.12,6.7,5.45,9.0,0.12,6.7,5.45,9.0,0,0,0,0,0,1
13145,7.0,2001,8.0,15.0,87.0,729.0,1,0.15,7.0,7.0,3.0,0.24,7.0,7.0,3.0,0.6,7.0,7.0,3.0,0,0,1,0,0,1
13146,4.0,2008,6.0,388.0,2685.0,4717.0,1,0.09,6.076557377049176,6.4289414021625335,50.52577025484975,0.09,6.1574189047785115,6.543221137077076,48.40728413845569,0.09,6.202197418904775,6.585209277990916,49.56694560669456,0,0,0,0,0,1
13147,10.0,2012,9.0,108.0,2686.0,4718.0,1,0.03,6.072961653015631,6.425969843633651,50.50295255548768,0.03,6.152457185405805,6.543201787043918,48.179596823457544,0.03,6.196662323157107,6.5816586001488995,49.25208715129302,0,0,0,0,0,1
13148,15.0,2009,9.0,5.0,60.0,535.0,11,0.13,6.5,6.7,13.0,0.91,6.5,6.7,13.0,0.91,6.5,6.7,13.0,0,0,1,0,0,1
13149,1.0,2012,6.0,1.0,2687.0,4719.0,1,0.11,5.0,7.4,27.5,0.05,7.75,7.4,27.5,0.05,7.75,7.4,27.5,0,0,0,0,0,1
13150,17.0,2006,3.0,5.0,266.0,2236.0,3,0.56,4.3,5.45,13.0,0.05,7.0,6.0,0.5,0.05,7.0,6.0,0.5,0,0,0,0,0,1
13151,9.0,2004,9.0,339.0,970.0,2845.0,7,0.0,0.0,0.0,0.0,0.44,5.36,7.12,10.0,0.44,5.36,7.12,10.0,0,0,0,0,0,1
13152,4.0,2008,6.0,15.0,2688.0,4720.0,1,0.06,6.076557377049176,6.4289414021625335,50.52577025484975,0.06,6.1574189047785115,6.543221137077076,48.40728413845569,0.06,6.202197418904775,6.585209277990916,49.56694560669456,0,0,0,0,0,1
13153,1.0,2006,9.0,40.0,448.0,2770.0,4,0.37,4.53,7.07,3.0,0.12,3.27,2.88,2.0,0.12,3.27,2.88,2.0,0,0,0,0,0,1
13154,17.0,2011,4.0,134.0,2689.0,4721.0,1,0.43,5.7,7.35,22.0,0.43,5.7,7.35,22.0,0.43,5.7,7.35,22.0,0,0,0,0,0,1
13155,19.0,2002,1.0,24.0,279.0,2416.0,11,0.25,6.3,6.35,1.0,0.22,4.6,6.35,1.0,0.22,4.6,6.35,1.0,0,0,0,0,0,1
13156,15.0,2010,6.0,20.0,513.0,1333.0,10,1.5,7.05,7.55,6.0,0.09,7.05,7.55,6.0,0.28,7.05,7.55,6.0,0,0,0,0,0,1
13157,9.0,2002,6.0,155.0,1281.0,4722.0,1,0.0,0.0,0.0,0.0,0.0,0.0,0.0,0.0,0.0,0.0,0.0,0.0,0,0,0,0,1,1
13158,7.0,2011,1.0,3.0,102.0,1028.0,3,0.1,8.0,8.0,7.0,0.1,8.0,8.0,7.0,0.1,8.0,8.0,7.0,0,0,1,0,0,1
13159,9.0,2004,6.0,35.0,742.0,1123.0,8,0.03,5.5,5.5,46.24001774622893,0.25,5.5,5.5,45.763329837864,0.25,5.5,5.5,46.973985641687506,0,0,0,0,0,1
13160,13.0,2000,1.0,53.0,2690.0,4723.0,11,0.29,6.55,7.6,0.0,0.29,6.55,7.6,0.0,0.29,6.55,7.6,0.0,0,0,0,0,0,1
13161,6.0,2010,11.0,337.0,2691.0,4724.0,1,0.04,6.036517973148549,6.446041576440007,42.41893830703013,0.04,6.13182763100909,6.5621524469467225,36.190578670492584,0.04,6.158211346903418,6.59756604590732,41.083213773314206,0,0,0,0,0,1
13162,4.0,2008,11.0,49.0,2677.0,4131.0,1,0.07,6.076557377049176,6.4289414021625335,50.52577025484975,0.07,6.1574189047785115,6.543221137077076,48.40728413845569,0.04,6.202197418904775,6.585209277990916,49.56694560669456,0,0,0,0,0,1
13163,13.0,1998,6.0,369.0,2583.0,1545.0,1,0.11,7.0,7.0,1.0,0.11,7.0,7.0,1.0,0.11,7.0,7.0,1.0,0,0,0,0,0,1
13164,1.0,2006,12.0,26.0,2692.0,4725.0,1,0.05,6.057909446618223,6.454225824482941,48.764652014652015,0.05,6.140609278926769,6.574768026830625,40.60225885225885,0.05,6.179580771380661,6.604046953605371,45.93101343101343,0,0,0,0,1,1
13165,4.0,2008,8.0,158.0,2693.0,4726.0,3,0.29,4.1,5.4,46.75586556753329,0.29,4.1,5.4,44.35351934051997,0.29,4.1,5.4,47.66138237159163,0,0,0,0,0,1
13166,9.0,2001,5.0,6.0,61.0,1818.0,1,0.07,7.0,7.03,7.0,0.55,7.0,7.03,7.0,0.34,6.17,7.03,7.0,0,0,0,0,0,1
13167,4.0,2010,10.0,85.0,330.0,4638.0,7,0.12,7.5,7.25,3.0,0.21,3.75,7.3,0.0,0.05,5.5,6.55,7.5,0,0,0,0,0,1
13168,6.0,2013,9.0,59.0,377.0,3050.0,11,0.14,3.3,4.8,47.93929897864438,0.14,3.3,4.8,46.61176880222841,0.14,3.3,4.8,48.86049210770659,0,0,0,0,0,1
13169,9.0,2002,5.0,31.0,2694.0,4727.0,7,0.06,7.92,7.4,6.0,0.02,6.7,6.7,6.0,0.02,6.7,6.7,6.0,0,0,0,0,0,1
13170,7.0,2001,3.0,106.0,511.0,4728.0,6,0.03,5.0,7.55,28.5,0.04,5.0,7.55,28.5,0.04,5.0,7.55,28.5,0,0,0,0,0,1
13171,1.0,2011,7.0,152.0,2695.0,4729.0,7,0.02,4.5,8.25,1.0,0.02,4.5,8.25,1.0,0.02,4.5,8.25,1.0,0,0,0,0,0,1
13172,22.0,1999,1.0,9.0,2696.0,126.0,1,0.23,5.9864729458917845,6.425400801603205,44.05604395604396,0.23,6.120961923847696,6.589959919839676,34.17912087912088,0.23,6.162114228456913,6.618947895791575,38.04120879120879,1,0,0,0,1,1
13173,4.0,2007,11.0,15.0,2697.0,4730.0,1,0.07,6.099566138746374,6.4607807271916755,47.55820785897907,0.07,6.186688601383021,6.564681017176054,46.14738646101114,0.07,6.2206457729199345,6.6001962971225066,47.53813196229649,0,0,0,0,0,1
13174,18.0,2015,9.0,49.0,253.0,2062.0,3,0.06,5.15,7.0,1.0,0.06,5.15,7.0,1.0,0.1,5.15,6.7,2.0,0,0,0,0,0,1
13175,24.0,1996,7.0,72.0,1937.0,3296.0,1,0.06,7.7,7.7,3.0,0.06,7.7,7.7,3.0,0.06,7.7,7.7,3.0,1,0,0,0,0,1
13176,19.0,2005,6.0,57.0,321.0,1454.0,9,0.21,6.5,7.9,1.5,0.47,5.37,7.85,1.5,0.21,5.07,5.58,1.0,0,0,0,0,0,1
13177,8.0,1995,7.0,15.0,87.0,1875.0,1,0.09,7.8,7.8,6.0,0.09,7.8,7.8,6.0,0.18,7.8,7.8,6.0,0,0,1,0,0,1
13178,8.0,1995,6.0,156.0,2698.0,911.0,1,0.56,7.7,7.7,25.0,0.56,7.7,7.7,25.0,0.56,7.7,7.7,25.0,0,0,0,0,0,1
13179,1.0,2010,1.0,466.0,2699.0,616.0,1,0.0,0.0,0.0,0.0,0.0,0.0,0.0,0.0,0.07,4.05,0.0,0.0,0,0,0,0,0,1
13180,7.0,2010,1.0,15.0,87.0,102.0,1,0.07,7.0,8.0,86.0,0.07,7.0,8.0,86.0,0.09,7.0,7.0,1.0,0,0,1,0,0,1
13181,13.0,1995,2.0,352.0,1922.0,4731.0,1,0.13,6.105477410782085,6.471694191344031,46.30825496342738,0.13,6.192767653758562,6.565149962034973,45.062225705329155,0.13,6.223125474563416,6.604986712224803,46.031556948798325,0,0,0,0,0,1
13182,4.0,2011,5.0,224.0,2700.0,4732.0,3,0.02,6.140943212466283,6.506353760863086,45.95671494404213,0.02,6.223055888522631,6.602258016182238,45.441943712969056,0.02,6.255173059634411,6.642743482169622,46.805258393680056,0,0,0,0,0,1
13183,17.0,2008,4.0,292.0,950.0,3811.0,10,0.03,6.4,4.0,1.0,0.04,6.4,4.0,1.0,0.09,5.9,6.75,1.0,0,0,0,0,0,1
13184,15.0,2003,3.0,8.0,218.0,43.0,11,0.07,5.05,6.65,1.0,2.11,7.95,7.85,26.0,1.21,7.65,7.6,53.0,1,1,0,1,0,1
13185,10.0,2015,9.0,82.0,2701.0,4733.0,1,0.02,6.023708006279429,6.380546310832016,44.238808539944905,0.02,6.098238618524324,6.497463108320238,40.88240358126722,0.02,6.122084772370479,6.520916797488228,43.51325757575758,0,0,0,0,0,1
13186,9.0,2002,7.0,181.0,1179.0,2173.0,11,0.27,4.53,5.43,5.0,0.32,4.9,7.9,5.0,0.32,4.9,7.9,5.0,0,0,0,0,0,1
13187,15.0,2010,12.0,467.0,511.0,4734.0,8,0.0,0.0,0.0,0.0,0.03,7.6,7.35,12.0,0.03,7.6,7.35,12.0,1,0,0,0,0,1
13188,15.0,1998,12.0,5.0,52.0,4735.0,3,0.02,7.5,7.5,11.0,0.31,7.5,7.5,11.0,0.31,7.5,7.5,11.0,1,0,0,0,0,1
13189,7.0,2008,11.0,468.0,2702.0,4736.0,1,0.01,6.076557377049176,6.4289414021625335,50.52577025484975,0.01,6.1574189047785115,6.543221137077076,48.40728413845569,0.01,6.202197418904775,6.585209277990916,49.56694560669456,0,0,0,0,0,1
13190,4.0,2007,2.0,29.0,669.0,392.0,10,0.15,5.8,8.0,47.35864844149208,0.07,5.8,8.0,46.229496678589676,0.44,4.5,7.0,47.57901124169648,0,0,0,0,0,1
13191,6.0,2016,1.0,3.0,1559.0,126.0,9,0.08,8.45,8.25,17.5,0.08,8.45,8.25,17.5,0.64,8.17,7.08,13.5,1,0,0,0,1,1
13192,17.0,2009,4.0,292.0,841.0,3811.0,10,0.01,7.45,7.8,20.0,0.39,7.45,7.8,20.0,0.09,7.45,7.8,20.0,0,0,0,0,0,1
13193,7.0,2005,4.0,26.0,424.0,701.0,2,3.87,8.4,8.0,70.0,0.02,8.4,5.0,1.0,0.07,8.4,5.0,1.0,0,0,0,0,0,1
13194,24.0,1995,11.0,282.0,2703.0,4737.0,1,0.06,6.105477410782085,6.471694191344031,46.30825496342738,0.06,6.192767653758562,6.565149962034973,45.062225705329155,0.06,6.223125474563416,6.604986712224803,46.031556948798325,0,0,0,0,0,1
13195,7.0,2004,1.0,4.0,285.0,4738.0,5,1.96,8.1,8.5,44.0,1.86,7.2,8.25,44.0,1.86,7.2,8.25,44.0,0,0,0,0,0,1
13196,9.0,2006,9.0,29.0,1920.0,3402.0,8,0.09,6.2,8.3,46.19023352860926,0.09,6.2,8.3,45.736899125270845,0.09,6.2,8.3,46.94057459272931,0,0,0,0,0,1
13197,7.0,2002,4.0,292.0,950.0,3811.0,1,0.0,0.0,0.0,0.0,0.0,0.0,0.0,0.0,0.0,0.0,0.0,0.0,0,0,0,0,0,1
13198,4.0,2008,6.0,204.0,2704.0,4739.0,1,0.07,7.7,7.7,3.0,0.07,7.7,7.7,3.0,0.07,7.7,7.7,3.0,0,0,0,0,0,1
13199,7.0,2007,12.0,49.0,829.0,4740.0,6,0.04,5.65,7.33,4.5,0.56,7.9,8.3,152.0,0.56,7.9,8.3,152.0,0,0,0,0,0,1
13200,8.0,1996,1.0,69.0,2705.0,4741.0,1,0.17,6.074598214285714,6.518080357142857,51.629901960784316,0.17,6.105133928571427,6.627678571428572,32.81127450980392,0.17,6.240669642857141,6.645223214285716,43.85294117647059,0,0,0,0,0,1
13201,22.0,2001,10.0,13.0,51.0,523.0,1,0.12,8.0,8.0,86.0,0.12,8.0,8.0,86.0,0.22,8.0,8.0,8.0,0,0,1,0,0,1
13202,24.0,1994,10.0,9.0,930.0,1879.0,1,0.06,6.0,6.0,1.0,0.06,6.0,6.0,1.0,0.06,6.0,6.0,1.0,1,0,0,0,1,1
13203,14.0,2005,9.0,15.0,854.0,4742.0,11,0.07,8.0,4.8,44.6111833550065,0.55,4.55,4.8,34.02925877763329,0.55,4.55,4.8,39.31014304291288,0,0,0,0,0,1
13204,4.0,2007,11.0,15.0,103.0,1228.0,1,0.06,5.0,5.0,4.0,0.17,6.3,6.95,1.0,0.08,6.3,6.95,1.0,0,0,0,0,0,1
13205,23.0,2013,2.0,319.0,1756.0,2933.0,4,0.01,6.1419924084548905,6.506856207204562,46.219725445334205,0.01,6.224086037511174,6.602828966954491,45.62134335675764,0.01,6.256068026198276,6.643764513248002,46.94043144304625,0,0,0,0,1,1
13206,14.0,2005,1.0,8.0,332.0,2453.0,3,0.09,6.53,8.12,9.0,0.22,5.53,6.07,10.5,0.22,5.53,6.07,10.5,0,0,0,0,0,1
13207,9.0,2003,3.0,5.0,91.0,4743.0,6,0.16,7.43,7.32,6.0,0.05,7.83,8.37,11.0,0.05,7.83,8.37,11.0,0,0,0,0,0,1
13208,14.0,2005,6.0,91.0,2003.0,3433.0,10,0.04,4.0,7.45,0.0,0.11,5.9,7.45,5.0,0.11,5.9,7.45,5.0,0,0,0,0,0,1
13209,15.0,2004,7.0,6.0,407.0,118.0,3,0.21,6.2,7.03,7.0,0.21,6.2,7.03,7.0,0.43,7.15,7.8,17.0,1,1,0,0,0,1
13210,13.0,1998,2.0,187.0,947.0,4744.0,12,0.06,8.0,8.1,50.0,0.29,8.0,8.1,50.0,0.29,8.0,8.1,50.0,0,0,0,0,0,1
13211,17.0,2006,9.0,49.0,253.0,320.0,10,0.23,8.35,8.3,24.0,0.61,6.1,8.1,13.0,0.34,6.07,7.67,13.0,1,0,0,1,1,1
13212,4.0,2011,11.0,26.0,2706.0,4745.0,1,0.05,8.5,8.5,3.0,0.05,8.5,8.5,3.0,0.05,8.5,8.5,3.0,0,0,0,0,0,1
13213,7.0,2007,4.0,72.0,1481.0,2451.0,1,0.03,5.5,5.5,2.0,0.05,5.5,5.5,2.0,0.05,5.5,5.5,2.0,1,0,0,0,0,1
13214,8.0,1995,5.0,469.0,2707.0,4746.0,1,0.0,0.0,0.0,0.0,0.0,0.0,0.0,0.0,0.0,0.0,0.0,0.0,0,0,0,0,0,1
13215,4.0,2007,5.0,155.0,739.0,4747.0,3,0.15,6.65,7.7,71.0,0.16,7.73,8.1,23.5,0.16,7.73,8.1,23.5,0,0,0,0,0,1
13216,9.0,2001,1.0,208.0,1135.0,4748.0,12,0.36,6.071235480464621,6.424413938753951,50.6065872863453,0.36,6.15183386131644,6.539992960225262,48.225273670059536,0.36,6.200077437521993,6.580955649419201,49.54340311119647,0,0,0,0,0,1
13217,19.0,2005,3.0,5.0,993.0,1580.0,11,0.11,6.3,5.9,44.6111833550065,0.15,4.4,5.9,34.02925877763329,0.15,4.4,5.9,39.31014304291288,0,0,0,0,0,1
13218,5.0,2008,9.0,57.0,1560.0,4749.0,3,0.27,3.67,4.43,16.5,0.15,3.67,4.43,16.5,0.15,3.67,4.43,16.5,0,0,0,0,0,1
13219,11.0,2015,4.0,26.0,1149.0,1477.0,1,0.07,4.77,5.25,87.5,0.08,4.77,5.25,87.5,0.12,4.77,7.0,13.0,0,0,0,0,0,1
13220,17.0,2006,2.0,13.0,51.0,453.0,1,0.13,7.25,6.95,3.0,0.24,7.15,6.9,3.0,1.18,9.0,8.05,58.0,1,0,1,0,0,1
13221,7.0,2006,1.0,8.0,45.0,2453.0,2,0.11,6.3,6.5,9.0,0.11,6.3,6.5,9.0,0.09,6.53,8.12,9.0,0,0,1,0,0,1
13222,14.0,2004,9.0,2.0,538.0,2869.0,11,0.15,5.9,8.6,0.0,0.16,7.55,8.25,36.0,0.16,7.55,8.25,36.0,0,0,0,0,0,1
13223,5.0,2008,1.0,470.0,2708.0,4750.0,6,0.0,0.0,0.0,0.0,0.0,0.0,0.0,0.0,0.0,0.0,0.0,0.0,0,0,0,0,0,1
13224,19.0,2002,1.0,8.0,27.0,31.0,4,0.14,6.35,8.3,24.0,0.42,8.8,6.0,24.0,0.59,7.15,5.55,5.0,0,0,1,0,0,1
13225,14.0,2004,3.0,36.0,130.0,215.0,9,0.07,7.25,7.8,29.0,0.04,8.0,7.6,18.0,0.94,8.5,7.28,28.5,1,0,0,0,0,1
13226,23.0,2016,9.0,26.0,1591.0,2642.0,1,0.06,8.2,8.2,6.0,0.06,8.2,8.2,6.0,0.02,6.0,6.0,1.0,0,0,0,0,0,1
13227,17.0,2011,4.0,26.0,40.0,3808.0,1,0.05,8.5,7.73,263.0,1.47,8.5,7.73,263.0,0.09,8.5,7.73,263.0,0,0,1,0,0,1
13228,15.0,2010,8.0,338.0,2709.0,4751.0,8,0.02,6.2,6.4,45.62894431036024,0.02,6.2,6.4,44.9646017699115,0.02,6.2,6.4,46.39469920443372,0,0,0,0,0,1
13229,13.0,1995,5.0,471.0,2710.0,4752.0,1,0.0,0.0,0.0,0.0,0.0,0.0,0.0,0.0,0.0,0.0,0.0,0.0,0,0,0,0,0,1
13230,4.0,2011,1.0,15.0,87.0,1539.0,1,0.06,6.107652813930537,6.467882595817321,45.77475613360922,0.07,6.194403554438579,6.56657391616556,44.85269484678293,0.06,6.2266573916165795,6.606709451575302,45.76973100798108,0,0,1,0,0,1
13231,13.0,1999,12.0,49.0,524.0,4753.0,8,0.15,6.1028189605939405,6.459909765848148,47.38578044811616,0.05,6.191583095374085,6.566711593375271,46.017336337464016,0.05,6.228600799543129,6.603343232438656,47.412191763675054,0,0,0,0,0,1
13232,10.0,2013,11.0,26.0,2496.0,4368.0,1,0.05,6.016843832020995,6.3843011811023525,43.64141414141414,0.05,6.091391076115479,6.49972440944881,40.217532467532465,0.05,6.117578740157478,6.52308070866142,43.198232323232325,0,0,0,0,0,1
13233,15.0,2009,1.0,8.0,27.0,31.0,10,0.12,8.15,7.5,95.0,1.16,8.15,7.5,95.0,0.99,7.75,6.75,95.0,1,1,1,0,1,1
13234,17.0,2013,6.0,292.0,2711.0,4754.0,1,0.01,6.016843832020995,6.3843011811023525,43.64141414141414,0.01,6.091391076115479,6.49972440944881,40.217532467532465,0.05,6.117578740157478,6.52308070866142,43.198232323232325,0,0,0,0,0,1
13235,14.0,2005,3.0,88.0,993.0,1580.0,11,0.18,7.8,7.8,44.6111833550065,0.18,7.8,7.8,34.02925877763329,0.18,7.8,7.8,39.31014304291288,0,0,0,0,0,1
13236,7.0,2008,6.0,401.0,2712.0,4755.0,1,0.03,6.076557377049176,6.4289414021625335,50.52577025484975,0.03,6.1574189047785115,6.543221137077076,48.40728413845569,0.03,6.202197418904775,6.585209277990916,49.56694560669456,0,0,0,0,0,1
13237,19.0,2003,1.0,11.0,424.0,3763.0,6,0.38,5.5,7.95,5.0,0.05,5.5,5.0,1.0,0.05,5.5,5.0,1.0,0,0,0,0,0,1
13238,13.0,1996,1.0,277.0,1609.0,31.0,1,0.17,6.8,6.8,25.0,0.19,6.8,6.8,25.0,0.16,5.9,5.9,12.0,0,0,0,0,0,1
13239,17.0,2007,1.0,26.0,419.0,2304.0,5,0.11,7.7,7.05,6.0,0.02,4.0,7.6,6.0,0.13,7.2,8.15,17.0,0,0,1,0,0,1
13240,17.0,2012,11.0,292.0,2713.0,4756.0,1,0.01,6.072961653015631,6.425969843633651,50.50295255548768,0.01,6.152457185405805,6.543201787043918,48.179596823457544,0.01,6.196662323157107,6.5816586001488995,49.25208715129302,1,0,0,0,0,1
13241,4.0,2008,9.0,15.0,2714.0,4757.0,1,0.05,6.076557377049176,6.4289414021625335,50.52577025484975,0.05,6.1574189047785115,6.543221137077076,48.40728413845569,0.05,6.202197418904775,6.585209277990916,49.56694560669456,0,0,0,0,0,1
13242,19.0,2003,4.0,29.0,1519.0,1367.0,1,0.1,5.0,4.0,2.0,0.1,5.0,4.0,2.0,0.51,6.47,6.72,12.0,0,0,0,0,1,1
13243,11.0,2015,9.0,42.0,157.0,193.0,1,0.2,6.0,6.6,60.0,1.3,7.03,6.68,136.5,0.38,6.0,6.6,60.0,1,0,0,0,0,1
13244,6.0,2010,7.0,240.0,741.0,4758.0,10,0.06,6.35,7.78,4.0,0.65,6.35,7.78,4.0,0.65,6.35,7.78,4.0,0,0,0,0,0,1
13245,15.0,2000,8.0,8.0,108.0,202.0,2,0.09,7.0,6.6,7.0,1.98,8.5,9.15,29.0,1.98,8.5,9.15,29.0,0,0,0,0,0,1
13246,18.0,2015,4.0,42.0,1367.0,3645.0,9,0.17,7.75,3.8,19.0,0.1,7.75,7.3,19.0,0.1,7.75,7.3,19.0,0,0,0,0,0,1
13247,4.0,2008,8.0,6.0,19.0,4759.0,10,0.11,3.5,2.25,4.0,0.11,3.5,2.25,4.0,0.11,3.5,2.25,4.0,0,0,1,0,0,1
13248,6.0,2012,7.0,13.0,51.0,565.0,1,0.09,6.6,5.97,42.5,0.09,6.6,5.97,42.5,0.03,6.6,5.97,42.5,0,0,1,0,0,1
13249,7.0,2007,4.0,49.0,2152.0,3735.0,1,0.06,6.099566138746374,6.4607807271916755,47.55820785897907,0.06,6.186688601383021,6.564681017176054,46.14738646101114,0.06,6.2206457729199345,6.6001962971225066,47.53813196229649,0,0,0,0,0,1
13250,4.0,2009,5.0,289.0,321.0,2064.0,11,0.0,0.0,0.0,0.0,0.14,6.5,9.25,1.5,0.22,6.8,6.0,1.0,0,0,0,0,0,1
13251,4.0,2009,11.0,183.0,1677.0,2729.0,1,0.06,7.3,8.4,10.0,0.17,7.2,7.05,10.0,0.17,7.2,7.05,10.0,0,0,0,0,0,1
13252,4.0,2008,11.0,88.0,2396.0,2137.0,12,0.12,5.9,2.5,2.0,0.06,3.4,2.5,2.0,0.23,3.4,4.6,2.0,0,0,0,0,0,1
13253,9.0,2001,1.0,15.0,791.0,4760.0,11,0.18,5.5,2.75,1.5,0.04,5.5,2.75,1.5,0.04,5.5,2.75,1.5,0,0,0,0,0,1
13254,4.0,2008,9.0,26.0,2715.0,4761.0,1,0.06,6.076557377049176,6.4289414021625335,50.52577025484975,0.06,6.1574189047785115,6.543221137077076,48.40728413845569,0.06,6.202197418904775,6.585209277990916,49.56694560669456,1,0,0,0,0,1
13255,15.0,2013,7.0,12.0,801.0,1222.0,8,0.59,7.17,6.92,87.5,0.59,7.17,6.92,87.5,0.59,7.17,6.92,87.5,0,0,0,0,0,1
13256,15.0,2015,12.0,207.0,1529.0,4251.0,9,0.07,6.87,7.17,13.0,0.07,4.5,3.0,2.0,0.07,4.5,3.0,2.0,0,0,0,0,0,1
13257,6.0,2015,1.0,345.0,1682.0,4546.0,11,0.06,4.5,3.1,3.0,0.04,4.2,4.7,3.0,0.06,4.5,3.1,3.0,0,0,0,0,0,1
13258,4.0,2010,1.0,224.0,1475.0,4762.0,10,0.19,4.7,4.7,49.885309852875615,0.11,4.7,4.7,48.07779759251003,0.11,4.7,4.7,49.565425769059296,0,0,0,0,0,1
13259,15.0,2006,12.0,29.0,822.0,1772.0,9,2.19,7.37,7.48,147.0,0.05,7.8,6.85,2.0,0.05,7.8,6.85,2.0,0,0,0,1,0,1
13260,5.0,2011,6.0,32.0,31.0,260.0,2,0.09,6.110290384136726,6.477206504604713,45.72149422149422,0.09,6.198351447772364,6.5775790259686815,44.82659932659933,0.09,6.2283846345308485,6.618487513482147,46.13913913913914,1,0,0,0,0,1
13261,4.0,2008,6.0,71.0,1360.0,4763.0,5,0.05,4.8,7.1,1.0,0.05,4.8,7.1,1.0,0.05,4.8,7.1,1.0,0,0,0,0,0,1
13262,10.0,2013,9.0,13.0,947.0,4764.0,1,0.27,7.67,7.47,126.0,0.08,8.15,7.55,16.0,0.08,8.15,7.55,16.0,0,0,0,0,0,1
13263,9.0,2002,10.0,31.0,831.0,4765.0,5,0.14,5.25,6.5,0.0,0.19,7.33,7.0,2.0,0.19,7.33,7.0,2.0,0,0,0,0,0,1
13264,15.0,2007,8.0,6.0,811.0,2235.0,3,0.12,3.7,4.3,3.0,0.08,5.78,5.65,3.0,0.08,8.5,7.9,4.0,1,0,1,0,0,1
13265,7.0,2004,1.0,168.0,891.0,4766.0,9,0.02,6.05,7.7,1.0,0.51,5.3,8.1,1.0,0.51,5.3,8.1,1.0,0,0,0,0,0,1
13266,9.0,2002,3.0,11.0,2282.0,4547.0,6,0.11,6.4,7.45,33.0,0.11,6.4,7.45,33.0,0.06,7.98,7.45,33.0,1,0,0,0,0,1
13267,4.0,2008,4.0,92.0,1737.0,4767.0,4,0.02,4.6,6.7,39.83984375,0.07,4.6,6.7,33.34765625,0.07,4.6,6.7,45.02734375,0,0,0,0,0,1
13268,14.0,2002,10.0,2.0,550.0,4768.0,11,0.09,8.45,8.5,38.0,0.99,4.8,6.2,22.0,0.99,4.8,6.2,22.0,0,0,0,0,0,1
13269,21.0,1993,4.0,9.0,2716.0,4769.0,1,0.07,7.7,7.7,35.0,0.07,7.7,7.7,35.0,0.07,7.7,7.7,35.0,0,0,0,0,0,1
13270,5.0,2010,3.0,2.0,64.0,72.0,1,0.56,7.0,7.1,5.0,4.06,8.5,7.95,68.0,4.06,8.5,7.95,68.0,1,0,0,1,0,1
13271,14.0,2004,7.0,64.0,779.0,1183.0,10,0.95,7.75,7.8,6.0,0.21,6.2,7.15,3.0,0.21,6.2,7.15,3.0,0,0,0,0,0,1
13272,1.0,2009,11.0,1.0,2717.0,4770.0,1,0.07,6.06531266560678,6.414785373608896,47.58155002891845,0.07,6.151277159512439,6.537713301536816,45.36119144013881,0.07,6.18789083200847,6.572859035506092,49.094852515905146,1,1,0,0,0,1
13273,13.0,1998,12.0,49.0,524.0,1335.0,1,0.15,6.0160609318996405,6.403268817204285,46.05333068992863,0.15,6.099759856630821,6.523605734767007,42.11122125297383,0.13,6.1246594982078815,6.541229390680994,45.49722442505948,1,0,0,0,0,1
13274,6.0,2011,11.0,337.0,1860.0,3137.0,1,0.01,6.5,6.5,2.0,0.01,6.5,6.5,2.0,0.14,6.5,6.5,2.0,0,0,0,0,0,1
13275,17.0,2011,11.0,26.0,2718.0,4771.0,1,0.05,6.107652813930537,6.467882595817321,45.77475613360922,0.05,6.194403554438579,6.56657391616556,44.85269484678293,0.05,6.2266573916165795,6.606709451575302,45.76973100798108,0,0,0,0,0,1
13276,7.0,2006,9.0,26.0,2719.0,4772.0,1,0.05,6.057909446618223,6.454225824482941,48.764652014652015,0.05,6.140609278926769,6.574768026830625,40.60225885225885,0.05,6.179580771380661,6.604046953605371,45.93101343101343,0,0,0,0,0,1
13277,19.0,2005,2.0,15.0,24.0,112.0,9,0.11,6.45,6.75,17.0,1.65,7.1,8.0,17.0,0.06,6.47,4.15,1.0,1,0,0,0,0,1
13278,17.0,2006,11.0,26.0,1129.0,4773.0,10,0.99,7.5,7.9,9.0,0.04,4.55,7.5,9.0,0.04,4.55,7.5,9.0,0,0,0,0,0,1
13279,15.0,2011,1.0,216.0,1016.0,1838.0,10,0.34,7.15,6.3,31.5,0.34,7.15,6.3,31.5,0.34,7.15,6.3,31.5,0,0,0,0,0,1
13280,4.0,2009,8.0,42.0,896.0,1131.0,1,0.05,6.87,7.65,15.5,0.05,6.87,7.65,15.5,0.37,6.87,7.65,15.5,0,0,0,0,0,1
13281,1.0,2006,6.0,5.0,266.0,1454.0,2,0.11,7.0,6.9,4.5,0.16,7.0,5.83,4.5,0.16,7.0,5.83,4.5,0,0,0,0,0,1
13282,6.0,2011,6.0,201.0,2720.0,3532.0,4,0.03,5.0,5.0,45.63841705818576,0.03,5.0,5.0,44.933727864112754,0.03,5.0,5.0,46.24972894831948,0,0,0,0,0,1
13283,14.0,2005,7.0,35.0,1343.0,4774.0,4,0.09,8.03,8.52,67.0,0.19,5.1,6.0,1.0,0.19,5.1,6.0,1.0,0,0,0,0,0,1
13284,6.0,2013,11.0,4.0,504.0,4775.0,1,0.52,6.5,6.95,76.0,0.05,4.0,1.0,1.0,0.05,4.0,1.0,1.0,0,0,0,0,0,1
13285,1.0,2007,3.0,141.0,1389.0,4776.0,10,0.02,2.6,3.6,9.0,0.08,2.25,1.52,9.0,0.08,2.25,1.52,9.0,0,0,0,0,0,1
13286,1.0,2007,1.0,85.0,2089.0,4777.0,9,0.71,6.0,5.32,50.5,0.71,6.0,5.32,50.5,0.71,6.0,5.32,50.5,0,0,0,0,0,1
13287,15.0,2001,8.0,2.0,971.0,4778.0,5,0.99,7.45,8.3,0.0,0.99,7.45,8.3,0.0,0.99,7.45,8.3,0.0,0,0,0,0,0,1
13288,14.0,2002,4.0,72.0,400.0,1243.0,1,0.35,8.3,5.95,9.0,0.09,7.0,8.7,3.0,0.15,6.0,7.5,10.0,0,0,0,0,0,1
13289,13.0,1995,7.0,8.0,220.0,4779.0,1,0.07,6.0,7.5,2.0,0.08,6.0,7.4,33.0,0.08,6.0,7.4,33.0,0,0,0,0,0,1
13290,13.0,2001,4.0,472.0,2721.0,4780.0,12,0.0,0.0,0.0,0.0,0.0,0.0,0.0,0.0,0.0,0.0,0.0,0.0,0,0,0,0,0,1
13291,4.0,2006,5.0,11.0,494.0,4535.0,11,0.06,6.9,7.9,3.0,0.11,7.4,6.75,5.0,0.06,6.2,5.0,1.0,0,0,0,0,1,1
13292,17.0,2006,1.0,57.0,783.0,422.0,10,0.05,4.4,6.5,1.0,0.03,4.3,6.5,1.0,0.08,4.3,6.5,1.0,0,0,0,0,0,1
13293,1.0,2006,8.0,15.0,208.0,4781.0,3,0.06,7.1,7.6,2.0,0.32,6.95,7.6,2.0,0.32,6.95,7.6,2.0,0,0,0,0,1,1
13294,6.0,2015,11.0,337.0,2372.0,3554.0,1,0.06,7.3,7.3,4.0,0.07,7.3,7.3,4.0,0.07,7.3,7.3,4.0,0,0,0,0,0,1
13295,4.0,2009,9.0,167.0,2722.0,4782.0,1,0.06,6.6,6.6,47.58155002891845,0.03,6.6,6.6,45.36119144013881,0.03,6.6,6.6,49.094852515905146,0,0,0,0,0,1
13296,15.0,2007,12.0,29.0,1114.0,1795.0,2,0.03,7.0,7.15,14.0,0.03,7.0,7.15,14.0,0.04,8.0,8.3,8.0,0,0,0,1,0,1
13297,14.0,2002,9.0,168.0,1678.0,3233.0,12,0.01,5.55,5.6,46.100670307845085,0.13,5.55,5.6,45.57816120489904,0.13,5.55,5.6,46.971367096987755,0,0,0,0,0,1
13298,15.0,2015,3.0,36.0,130.0,159.0,7,0.66,6.5,6.4,36.5,0.66,6.5,6.4,36.5,0.66,6.5,6.4,36.5,0,0,0,0,0,1
13299,1.0,2011,12.0,26.0,683.0,701.0,1,0.05,5.0,7.8,4.0,0.05,5.0,7.8,4.0,0.16,5.0,7.0,1.0,0,0,0,0,0,1
13300,4.0,2008,4.0,17.0,2723.0,4783.0,1,0.06,7.0,7.3,18.0,0.06,7.0,7.3,18.0,0.06,7.0,7.3,18.0,0,0,0,0,0,1
13301,4.0,2010,3.0,6.0,2724.0,4784.0,7,0.18,2.9,5.7,1.0,0.18,2.9,5.7,1.0,0.18,2.9,5.7,1.0,0,0,0,0,0,1
13302,1.0,2008,6.0,35.0,2049.0,3778.0,11,0.26,1.5,1.25,2.0,0.07,6.5,6.3,2.0,0.07,6.5,6.3,2.0,0,0,0,0,0,1
13303,4.0,2005,5.0,11.0,61.0,4361.0,10,0.07,6.1,7.9,1.0,0.05,7.4,4.0,1.0,0.06,7.4,4.0,1.0,1,0,0,0,0,1
13304,11.0,2015,11.0,179.0,590.0,2220.0,1,0.07,8.0,8.15,24.0,0.07,8.0,8.15,24.0,0.08,4.9,6.45,29.0,0,0,0,0,0,1
13305,13.0,2001,7.0,26.0,2725.0,433.0,6,0.02,6.4,7.35,4.0,0.02,6.4,7.35,4.0,1.68,5.0,7.35,4.0,1,0,0,0,0,1
13306,17.0,2006,4.0,15.0,2726.0,2055.0,9,0.04,3.4,2.1,15.0,0.04,3.4,2.1,15.0,0.13,7.07,7.83,15.0,1,0,1,1,0,1
13307,4.0,2011,9.0,26.0,2727.0,4785.0,1,0.05,6.107652813930537,6.467882595817321,45.77475613360922,0.05,6.194403554438579,6.56657391616556,44.85269484678293,0.05,6.2266573916165795,6.606709451575302,45.76973100798108,0,0,0,0,0,1
13308,13.0,1996,11.0,8.0,1757.0,4786.0,1,0.16,5.9,5.9,10.0,0.16,8.7,8.7,9.0,0.16,8.7,8.7,9.0,0,0,0,0,0,1
13309,19.0,2003,10.0,24.0,1503.0,2892.0,1,0.08,7.8,7.8,0.0,0.08,7.8,7.8,0.0,0.08,7.8,7.8,0.0,0,0,0,1,0,1
13310,1.0,2007,8.0,12.0,2498.0,4787.0,4,0.16,5.15,4.75,1.0,0.16,5.15,4.75,1.0,0.16,5.15,4.75,1.0,0,0,0,0,0,1
13311,4.0,2008,11.0,59.0,277.0,4788.0,9,0.08,8.15,7.55,16.0,1.47,5.0,7.55,16.0,1.47,5.0,7.55,16.0,0,0,0,0,0,1
13312,5.0,2013,9.0,5.0,321.0,4789.0,5,2.05,8.53,7.47,284.5,0.02,8.53,7.47,284.5,0.02,8.53,7.47,284.5,0,0,0,0,0,1
13313,5.0,2006,6.0,60.0,938.0,430.0,8,0.07,3.23,4.78,2.0,0.09,7.1,4.78,2.0,0.02,6.0,4.78,2.0,0,0,0,0,0,1
13314,5.0,2012,3.0,11.0,191.0,563.0,1,0.05,7.0,6.7,42.0,0.44,7.0,6.7,42.0,0.64,6.17,6.78,206.5,1,0,0,0,0,1
13315,19.0,2005,7.0,6.0,304.0,4790.0,9,0.35,6.0,5.6,3.0,0.41,6.2,5.45,3.0,0.41,6.2,5.45,3.0,1,0,0,0,0,1
13316,15.0,2011,1.0,8.0,2728.0,31.0,10,7.23,8.17,7.5,1949.0,7.23,8.17,7.5,1949.0,0.39,7.92,7.17,89.5,1,1,0,0,0,1
13317,14.0,2006,12.0,29.0,116.0,1018.0,3,0.09,7.36,7.4,5.5,0.3,7.36,7.27,5.5,0.73,7.53,7.4,6.0,0,0,0,1,0,1
13318,4.0,2010,1.0,232.0,2729.0,509.0,6,0.05,6.5,6.5,49.04950405770965,0.05,6.5,6.5,47.05843101893598,0.14,6.5,6.5,48.10054102795311,0,0,0,0,0,1
13319,23.0,2014,11.0,134.0,2730.0,4791.0,1,0.18,7.5,7.5,35.0,0.18,7.5,7.5,35.0,0.18,7.5,7.5,35.0,0,0,0,0,0,1
13320,4.0,2007,9.0,6.0,138.0,110.0,3,0.11,5.4,6.3,1.0,0.06,5.4,3.6,1.0,0.4,6.0,5.9,1.0,0,0,1,0,0,1
13321,12.0,1997,7.0,31.0,263.0,372.0,2,0.07,4.0,2.0,1.0,0.03,4.0,4.0,1.0,0.03,4.0,4.0,1.0,1,0,0,0,1,1
13322,23.0,2014,5.0,9.0,2009.0,4.0,4,0.02,6.2,6.0,1.0,0.02,6.2,6.0,1.0,0.43,6.2,7.4,7.0,1,0,0,0,1,1
13323,17.0,2006,6.0,26.0,725.0,981.0,1,0.05,7.7,8.05,1.0,0.05,7.7,8.05,1.0,0.2,7.7,8.05,1.0,1,0,0,0,0,1
13324,7.0,2001,6.0,29.0,2086.0,4792.0,2,0.14,7.0,8.8,46.09300044583148,0.14,7.0,8.8,45.315292019616585,0.14,7.0,8.8,46.52278198840838,0,0,0,0,0,1
13325,19.0,2003,5.0,168.0,605.0,4793.0,1,0.05,4.6,5.6,47.685338686698614,0.13,6.5,8.2,46.47707550835384,0.13,6.5,8.2,47.855459137417434,0,0,0,0,0,1
13326,15.0,2002,9.0,3.0,704.0,482.0,9,0.02,6.9,6.9,49.587620336943445,0.02,6.9,6.9,48.169524669073404,0.02,6.9,6.9,49.57746690734055,1,0,0,0,0,1
13327,5.0,2008,1.0,5.0,783.0,1242.0,9,0.17,6.0,7.5,1.0,0.13,4.2,7.5,1.0,0.22,6.1,6.5,2.0,0,0,0,0,0,1
13328,6.0,2013,3.0,42.0,619.0,4494.0,1,0.15,6.83,6.25,33.0,0.08,7.6,4.8,33.0,0.06,7.6,1.5,2.0,0,0,0,0,0,1
13329,1.0,2007,11.0,88.0,586.0,3093.0,10,0.14,3.15,8.0,1.0,0.91,3.15,4.25,2.0,0.91,3.15,4.25,2.0,0,0,0,0,0,1
13330,1.0,2007,5.0,12.0,1652.0,3062.0,10,0.23,3.3,3.3,47.35864844149208,0.23,3.3,3.3,46.229496678589676,0.23,3.3,3.3,47.57901124169648,0,0,0,0,0,1
13331,23.0,2013,11.0,232.0,676.0,4794.0,6,0.01,7.77,6.65,20.5,0.13,7.77,6.65,20.5,0.13,7.77,6.65,20.5,1,0,0,0,0,1
13332,15.0,2009,11.0,241.0,2594.0,4795.0,1,0.11,9.5,9.5,3.0,0.02,7.0,7.0,3.0,0.02,7.0,7.0,3.0,0,0,0,1,0,1
13333,23.0,2012,11.0,38.0,190.0,4796.0,1,0.06,6.072961653015631,6.425969843633651,50.50295255548768,0.1,6.152457185405805,6.543201787043918,48.179596823457544,0.1,6.196662323157107,6.5816586001488995,49.25208715129302,0,0,0,0,0,1
13334,17.0,2012,6.0,292.0,2711.0,4754.0,1,0.06,6.072961653015631,6.425969843633651,50.50295255548768,0.06,6.152457185405805,6.543201787043918,48.179596823457544,0.06,6.196662323157107,6.5816586001488995,49.25208715129302,0,0,0,0,0,1
13335,17.0,2006,6.0,4.0,512.0,4797.0,9,0.39,7.65,8.25,75.0,0.39,7.65,8.25,75.0,0.39,7.65,8.25,75.0,0,0,0,0,0,1
13336,4.0,2004,3.0,130.0,573.0,4407.0,3,0.09,3.8,3.15,0.0,0.02,1.65,3.15,2.0,0.02,1.65,3.15,2.0,0,0,0,0,0,1
13337,23.0,2011,11.0,122.0,206.0,925.0,1,0.43,7.0,8.2,66.0,0.04,7.0,7.5,4.0,0.16,7.0,7.5,4.0,0,0,0,0,0,1
13338,14.0,2004,6.0,68.0,656.0,2877.0,2,0.07,5.45,7.6,0.0,0.18,5.45,7.6,0.0,0.16,5.45,7.6,0.0,0,0,0,0,0,1
13339,4.0,2007,2.0,445.0,2731.0,4798.0,1,0.06,6.099566138746374,6.4607807271916755,47.55820785897907,0.06,6.186688601383021,6.564681017176054,46.14738646101114,0.06,6.2206457729199345,6.6001962971225066,47.53813196229649,0,0,0,0,0,1
13340,13.0,1999,3.0,53.0,427.0,4799.0,1,0.1,5.9864729458917845,6.425400801603205,44.05604395604396,0.1,6.120961923847696,6.589959919839676,34.17912087912088,0.1,6.162114228456913,6.618947895791575,38.04120879120879,1,0,0,0,0,1
13341,1.0,2007,7.0,12.0,2732.0,4800.0,10,0.11,5.85,7.0,2.0,0.11,5.85,7.0,2.0,0.11,5.85,7.0,2.0,0,0,0,0,0,1
13342,19.0,2002,3.0,6.0,283.0,1121.0,1,0.06,4.83,4.05,4.5,0.36,4.5,5.0,4.5,0.36,4.5,5.0,4.5,0,0,0,0,0,1
13343,4.0,2008,5.0,42.0,1472.0,2795.0,11,0.17,6.1,7.3,2.0,0.17,6.1,7.3,2.0,0.17,6.1,7.3,2.0,0,0,0,0,0,1
13344,1.0,2007,9.0,3.0,518.0,1660.0,6,0.12,4.25,3.95,2.0,0.32,3.0,5.5,2.0,0.32,3.0,5.5,2.0,0,0,0,0,0,1
13345,19.0,2002,3.0,11.0,337.0,4801.0,9,0.07,4.7,2.3,1.0,0.41,4.4,5.9,1.0,0.41,4.4,5.9,1.0,0,0,0,0,0,1
13346,7.0,2001,9.0,4.0,2733.0,4802.0,1,0.15,7.0,7.8,4.0,0.15,7.0,7.8,4.0,0.15,7.0,7.8,4.0,0,0,0,0,0,1
13347,5.0,2015,1.0,6.0,332.0,4144.0,9,0.07,5.5,5.5,50.44444444444444,0.07,5.5,5.5,48.38212927756654,0.07,5.5,5.5,49.40853400929446,0,0,0,0,0,1
13348,14.0,2002,1.0,36.0,586.0,4803.0,7,0.56,5.9,6.4,46.050303078013066,0.56,5.9,6.4,45.954538298039836,0.56,5.9,6.4,47.137605290088956,0,0,0,0,0,1
13349,23.0,2014,9.0,257.0,2734.0,3972.0,1,0.01,4.0,4.0,1.0,0.01,4.0,4.0,1.0,0.08,4.0,4.0,1.0,0,0,0,0,0,1
13350,9.0,2005,2.0,26.0,2735.0,4804.0,9,0.04,6.3,7.4,46.832143282161134,0.04,6.3,7.4,45.37718671902892,0.04,6.3,7.4,46.75086278709985,0,0,0,0,0,1
13351,4.0,2008,11.0,71.0,2736.0,4805.0,3,0.39,7.45,7.8,20.0,0.39,7.45,7.8,20.0,0.39,7.45,7.8,20.0,0,0,0,0,0,1
13352,17.0,2006,3.0,174.0,920.0,792.0,10,0.06,7.2,8.0,1.0,0.06,7.2,8.0,1.0,0.1,4.8,4.25,3.5,0,0,0,0,0,1
13353,5.0,2007,1.0,57.0,783.0,422.0,9,0.06,6.064948030634569,6.415265317286644,47.74484613086346,0.05,6.151427789934339,6.535451312910269,44.120854496564085,0.06,6.183933260393863,6.568099015317286,48.0920227069017,0,0,0,0,0,1
13354,17.0,2012,9.0,292.0,2737.0,4806.0,1,0.05,5.0,5.0,50.50295255548768,0.05,5.0,5.0,48.179596823457544,0.05,5.0,5.0,49.25208715129302,0,0,0,0,0,1
13355,10.0,2011,6.0,241.0,687.0,4807.0,12,0.04,5.25,5.32,11.5,0.06,6.0,8.5,2.0,0.06,6.0,8.5,2.0,0,0,0,0,1,1
13356,4.0,2008,11.0,292.0,2738.0,4808.0,1,0.03,6.076557377049176,6.4289414021625335,50.52577025484975,0.03,6.1574189047785115,6.543221137077076,48.40728413845569,0.03,6.202197418904775,6.585209277990916,49.56694560669456,0,0,0,0,0,1
13358,5.0,2010,7.0,240.0,741.0,4758.0,10,0.01,6.35,7.78,4.0,0.65,6.35,7.78,4.0,0.65,6.35,7.78,4.0,0,0,0,0,0,1
13359,17.0,2011,11.0,473.0,2739.0,4810.0,1,0.02,6.107652813930537,6.467882595817321,45.77475613360922,0.02,6.194403554438579,6.56657391616556,44.85269484678293,0.02,6.2266573916165795,6.606709451575302,45.76973100798108,0,0,0,0,0,1
13360,23.0,2015,3.0,26.0,2740.0,4811.0,1,0.06,6.023708006279429,6.380546310832016,44.238808539944905,0.06,6.098238618524324,6.497463108320238,40.88240358126722,0.06,6.122084772370479,6.520916797488228,43.51325757575758,0,0,0,0,0,1
13361,15.0,2007,8.0,474.0,2439.0,4812.0,2,0.0,0.0,0.0,0.0,0.0,0.0,0.0,0.0,0.0,0.0,0.0,0.0,0,0,0,0,0,1
13362,13.0,1999,11.0,22.0,51.0,500.0,1,0.53,7.0,7.7,27.0,0.78,7.0,7.7,27.0,0.06,7.0,8.0,7.0,0,0,1,0,0,1
13363,10.0,2011,7.0,11.0,377.0,553.0,11,0.05,6.5,6.5,41.036795626576954,0.06,6.5,6.5,35.344407064760304,0.65,6.5,6.5,39.97560975609756,0,0,0,0,1,1
13364,15.0,2009,7.0,5.0,117.0,473.0,8,0.64,6.03,6.92,53.0,0.64,6.03,6.92,53.0,0.64,6.03,6.92,53.0,1,0,0,0,0,1
13365,10.0,2014,4.0,9.0,2362.0,4111.0,1,0.14,5.0,5.4,9.0,0.14,5.0,5.4,9.0,0.07,5.0,5.4,9.0,0,0,0,0,0,1
13366,23.0,2014,4.0,49.0,901.0,1385.0,1,0.05,5.8,5.8,19.0,0.05,5.8,5.8,19.0,0.05,5.8,5.8,19.0,1,0,0,0,0,1
13367,17.0,2006,4.0,4.0,668.0,3493.0,1,0.07,6.7,4.0,1.0,0.23,6.7,7.75,14.0,0.11,6.7,6.1,9.0,0,0,0,0,0,1
13368,13.0,2000,6.0,475.0,2741.0,4813.0,1,0.0,0.0,0.0,0.0,0.0,0.0,0.0,0.0,0.0,0.0,0.0,0.0,0,0,0,1,0,1
13369,6.0,2015,9.0,49.0,253.0,3915.0,2,0.01,8.0,7.2,83.0,0.49,8.0,7.2,83.0,0.49,8.0,7.2,83.0,0,0,0,0,0,1
13370,5.0,2013,7.0,5.0,243.0,392.0,10,0.24,6.93,6.62,4.0,0.02,6.93,6.62,4.0,0.13,6.93,6.62,4.0,0,0,0,0,0,1
13371,14.0,2004,12.0,18.0,135.0,4125.0,2,0.13,6.45,7.05,7.0,0.18,6.15,7.2,8.0,0.18,6.15,7.2,8.0,0,0,0,0,0,1
13372,6.0,2015,4.0,49.0,2349.0,4085.0,1,0.07,6.023708006279429,6.380546310832016,44.238808539944905,0.07,6.098238618524324,6.497463108320238,40.88240358126722,0.07,6.122084772370479,6.520916797488228,43.51325757575758,0,0,0,1,0,1
13373,24.0,1996,10.0,255.0,380.0,1280.0,1,0.1,7.0,7.0,1.0,0.1,7.0,7.0,1.0,0.56,7.7,7.7,25.0,0,0,0,0,0,1
13374,17.0,2008,10.0,4.0,2165.0,1394.0,1,0.14,7.6,7.3,18.0,0.14,7.6,7.3,18.0,0.15,7.6,7.3,18.0,0,0,0,0,0,1
13375,9.0,2003,9.0,72.0,1824.0,1434.0,11,0.02,4.0,4.0,5.0,0.02,4.0,4.0,5.0,0.47,4.0,4.0,5.0,1,0,0,0,0,1
13376,15.0,2010,6.0,20.0,513.0,1333.0,10,0.31,6.057083503054985,6.415594704684301,49.885309852875615,0.31,6.142910386965374,6.540040733197534,48.07779759251003,0.31,6.1904786150712745,6.577492871690405,49.565425769059296,0,0,0,0,0,1
13377,4.0,2009,6.0,52.0,1894.0,3215.0,1,0.06,6.06531266560678,6.414785373608896,47.58155002891845,0.06,6.151277159512439,6.537713301536816,45.36119144013881,0.06,6.18789083200847,6.572859035506092,49.094852515905146,0,0,0,0,0,1
13378,14.0,2005,6.0,68.0,938.0,2546.0,10,0.2,5.45,5.45,2.0,0.2,5.45,5.45,2.0,0.2,5.45,5.45,2.0,0,0,0,0,0,1
13379,13.0,2001,5.0,6.0,2742.0,4814.0,1,0.05,2.0,2.0,1.0,0.05,2.0,2.0,1.0,0.05,2.0,2.0,1.0,0,0,0,0,0,1
13380,7.0,2002,1.0,10.0,215.0,4815.0,1,0.25,6.050969223702346,6.468989435002288,43.711032388663966,0.2,6.146789159393657,6.595062011943035,37.134362348178136,0.2,6.180679834634819,6.631194304088199,42.425607287449395,0,0,0,0,0,1
13381,14.0,2003,7.0,29.0,828.0,4816.0,10,0.4,6.05,7.3,4.0,0.4,6.05,7.3,4.0,0.4,6.05,7.3,4.0,0,0,0,1,0,1
13382,4.0,2007,9.0,3.0,518.0,1660.0,6,0.11,7.2,4.4,2.0,0.39,3.8,4.4,2.0,0.39,3.8,4.4,2.0,0,0,0,0,0,1
13383,4.0,2006,6.0,1.0,2743.0,4817.0,1,0.05,6.057909446618223,6.454225824482941,48.764652014652015,0.05,6.140609278926769,6.574768026830625,40.60225885225885,0.05,6.179580771380661,6.604046953605371,45.93101343101343,0,0,0,0,0,1
13384,17.0,2014,9.0,49.0,253.0,1720.0,1,0.05,6.25,7.55,18.0,0.12,6.25,7.55,18.0,0.38,7.37,7.88,31.5,0,0,0,0,0,1
13385,4.0,2009,11.0,6.0,519.0,4413.0,3,0.08,4.25,6.25,1.0,0.06,4.25,6.25,1.0,0.06,4.25,6.25,1.0,0,0,0,0,0,1
13386,15.0,2009,12.0,207.0,1093.0,1763.0,10,0.02,7.43,6.03,6.0,0.02,6.3,7.5,6.0,0.02,6.3,7.9,6.0,0,0,0,0,0,1
13387,4.0,2008,6.0,22.0,245.0,1383.0,6,0.1,7.8,6.85,2.0,0.12,6.7,6.25,13.0,0.23,2.4,3.25,8.0,0,0,0,0,0,1
13388,15.0,2009,9.0,6.0,587.0,856.0,1,0.06,6.06531266560678,6.414785373608896,47.58155002891845,0.06,6.151277159512439,6.537713301536816,45.36119144013881,0.06,6.18789083200847,6.572859035506092,49.094852515905146,0,0,0,0,0,1
13389,14.0,2003,2.0,114.0,575.0,4098.0,8,0.01,6.3,6.35,1.0,0.15,6.9,6.35,1.0,0.15,6.9,6.35,1.0,0,0,0,0,0,1
13390,1.0,2009,1.0,300.0,2239.0,4818.0,6,0.05,4.53,3.6,2.5,0.05,4.53,3.6,2.5,0.05,4.53,3.6,2.5,0,0,0,0,0,1
13391,10.0,2011,6.0,13.0,51.0,4819.0,1,0.16,6.107652813930537,6.467882595817321,45.77475613360922,0.5,6.194403554438579,6.56657391616556,44.85269484678293,0.5,6.2266573916165795,6.606709451575302,45.76973100798108,0,0,1,0,0,1
13392,12.0,1999,3.0,156.0,2744.0,4820.0,1,0.26,5.9864729458917845,6.425400801603205,44.05604395604396,0.26,6.120961923847696,6.589959919839676,34.17912087912088,0.26,6.162114228456913,6.618947895791575,38.04120879120879,1,0,0,0,0,1
13393,11.0,2016,2.0,42.0,1113.0,4821.0,6,0.04,5.35,6.0,5.0,0.15,6.55,6.0,5.0,0.15,6.55,6.0,5.0,0,0,0,1,0,1
13394,15.0,2016,7.0,8.0,474.0,666.0,2,0.45,7.87,7.67,8.5,0.45,7.87,7.67,8.5,0.45,7.87,7.67,8.5,0,0,0,1,1,1
13395,6.0,2010,2.0,4.0,504.0,459.0,1,0.07,7.0,7.1,16.0,0.08,7.0,7.1,16.0,0.7,6.8,6.65,4.0,1,0,0,0,0,1
13396,9.0,2003,6.0,5.0,1547.0,1390.0,12,0.07,8.2,7.9,45.86576885837514,0.07,8.2,7.9,45.062538508934075,0.07,8.2,7.9,46.35604260188364,0,0,0,0,0,1
13397,5.0,2011,11.0,241.0,2687.0,3881.0,12,0.09,7.57,7.57,41.0,0.09,7.57,7.57,41.0,0.09,7.57,7.57,41.0,0,0,0,0,0,1
13398,4.0,2007,12.0,18.0,195.0,1106.0,10,0.16,6.65,5.15,2.0,0.06,6.6,5.15,2.0,0.16,6.65,5.15,2.0,0,0,0,0,0,1
13399,10.0,2013,9.0,20.0,358.0,488.0,11,0.49,7.5,6.5,26.0,1.31,5.75,8.6,0.0,0.16,6.4,6.9,1.0,0,0,0,0,0,1
13400,15.0,2006,11.0,340.0,2745.0,4248.0,11,0.02,5.0,6.4,0.0,0.02,5.0,6.4,0.0,0.02,5.0,6.4,0.0,1,0,0,0,0,1
13401,13.0,1997,1.0,14.0,877.0,1342.0,1,0.11,6.4,6.4,15.0,0.11,6.4,6.4,15.0,0.53,6.0,6.0,1.0,0,0,0,0,0,1
13402,4.0,2009,5.0,445.0,1178.0,4822.0,3,0.05,6.091280098280098,6.442550368550418,47.69869728713403,0.19,6.175740786240802,6.554272727272775,46.337630942788074,0.19,6.215514742014753,6.591929975430013,47.46736502820306,0,0,0,0,0,1
13403,23.0,2014,11.0,292.0,2356.0,4095.0,1,0.15,5.0,5.0,47.3185817805383,0.15,5.0,5.0,45.40683229813665,0.01,5.0,5.0,49.021868530020704,0,0,0,0,0,1
13404,14.0,2004,7.0,68.0,330.0,1240.0,10,0.04,7.7,5.9,84.0,0.09,7.7,5.9,84.0,0.16,5.1,5.9,84.0,0,0,0,0,0,1
13405,4.0,2011,11.0,58.0,2746.0,4823.0,1,0.42,7.0,8.4,5.0,0.42,7.0,8.4,5.0,0.02,7.0,8.4,5.0,0,0,0,0,0,1
13406,4.0,2011,4.0,72.0,2747.0,4824.0,1,0.12,6.107652813930537,6.467882595817321,45.77475613360922,0.12,6.194403554438579,6.56657391616556,44.85269484678293,0.12,6.2266573916165795,6.606709451575302,45.76973100798108,0,0,0,0,0,1
13407,19.0,2004,7.0,91.0,390.0,683.0,9,1.15,4.3,3.4,47.36133139729699,0.2,6.1,8.6,45.73416731821736,0.2,6.1,8.6,46.57991734614096,0,0,0,0,0,1
13408,20.0,2013,7.0,5.0,243.0,392.0,10,0.06,2.0,2.0,45.335564435564436,0.06,2.0,2.0,44.153296703296704,0.06,2.0,2.0,45.17992007992008,0,0,0,0,0,1
13409,7.0,2009,3.0,29.0,120.0,4825.0,5,0.11,6.100858058608059,6.465022893772954,45.416876320821174,0.08,6.1914130036630235,6.564434981685036,44.29963771762101,0.08,6.221868131868156,6.605723443223496,45.280718526718324,0,0,0,0,0,1
13410,25.0,1994,6.0,9.0,2748.0,4826.0,1,0.05,6.060073064770927,6.419377962085287,50.71839204668252,0.05,6.1445201421800935,6.542274881516566,48.91938621136806,0.05,6.189670221169031,6.580169826224309,49.949751458828615,0,0,0,0,0,1
13411,13.0,1999,5.0,52.0,2749.0,4827.0,1,0.15,5.9864729458917845,6.425400801603205,44.05604395604396,0.15,6.120961923847696,6.589959919839676,34.17912087912088,0.15,6.162114228456913,6.618947895791575,38.04120879120879,0,0,0,0,0,1
13412,15.0,2011,5.0,71.0,2750.0,1324.0,1,0.05,6.47,6.4,5.0,0.05,6.47,6.4,5.0,0.53,5.6,6.4,5.0,0,0,0,0,0,1
13413,4.0,2008,8.0,6.0,2751.0,3683.0,1,0.11,6.076557377049176,6.4289414021625335,50.52577025484975,0.11,6.1574189047785115,6.543221137077076,48.40728413845569,0.11,6.202197418904775,6.585209277990916,49.56694560669456,0,0,0,0,0,1
13414,4.0,2010,8.0,294.0,1142.0,4612.0,3,0.08,6.08441887842466,6.453391481164448,46.59712738403579,0.08,6.169430650684952,6.553359375000063,45.16023075111843,0.08,6.204124571917825,6.5905062071918294,46.507829055804095,0,0,0,0,0,1
13415,4.0,2006,9.0,29.0,2752.0,2421.0,1,0.16,6.0,6.0,1.0,0.03,6.0,6.0,1.0,0.22,8.4,8.4,1.0,0,0,0,0,0,1
13416,13.0,1995,8.0,476.0,2220.0,3863.0,1,0.0,0.0,0.0,0.0,0.0,0.0,0.0,0.0,0.0,0.0,0.0,0.0,0,0,0,0,0,1
13417,9.0,2005,4.0,58.0,1405.0,2313.0,1,0.16,7.7,8.1,2.0,0.02,7.7,8.1,2.0,0.02,7.7,8.1,2.0,1,0,0,0,0,1
13418,7.0,2009,10.0,234.0,1139.0,1850.0,1,0.03,6.33,4.5,2.0,0.15,6.33,7.35,28.0,0.07,6.05,7.2,13.0,0,0,0,0,0,1
13419,7.0,2006,10.0,68.0,1139.0,4828.0,5,0.02,4.8,6.15,1.0,0.1,4.8,6.15,1.0,0.1,4.8,6.15,1.0,1,0,0,0,0,1
13420,17.0,2006,1.0,5.0,391.0,1242.0,9,0.07,4.25,6.15,1.0,0.39,4.25,5.9,1.0,0.56,4.3,5.45,13.0,0,0,0,0,0,1
13421,4.0,2008,6.0,13.0,51.0,4829.0,1,0.06,6.9,6.0,2.0,0.64,6.9,7.2,73.5,0.64,6.9,7.2,73.5,0,0,1,0,0,1
13422,7.0,2007,4.0,134.0,2753.0,4830.0,1,0.18,6.9,6.9,8.0,0.18,6.9,6.9,8.0,0.18,6.9,6.9,8.0,1,0,0,0,0,1
13423,15.0,2009,11.0,81.0,2508.0,4831.0,11,0.4,5.7,4.0,1.0,0.4,5.7,4.0,1.0,0.4,5.7,4.0,1.0,1,0,0,0,0,1
13424,4.0,2010,6.0,80.0,2035.0,4832.0,3,0.13,4.1,6.3,46.59712738403579,0.13,4.1,6.3,45.16023075111843,0.13,4.1,6.3,46.507829055804095,0,0,0,0,0,1
13425,1.0,2008,2.0,213.0,1118.0,1801.0,12,0.35,6.124742716909429,6.488321722609298,45.88682931064421,0.35,6.207188885370502,6.5853126979101235,44.88565723215836,0.35,6.239872545915154,6.62649699176696,46.308734155235285,0,0,0,0,0,1
13426,7.0,2006,1.0,5.0,891.0,4076.0,4,0.05,6.73,8.0,3.0,0.05,6.0,6.7,0.0,0.05,6.0,6.7,0.0,0,0,0,0,0,1
13427,24.0,1995,6.0,9.0,766.0,4833.0,1,0.05,6.105477410782085,6.471694191344031,46.30825496342738,0.08,6.192767653758562,6.565149962034973,45.062225705329155,0.08,6.223125474563416,6.604986712224803,46.031556948798325,1,0,1,0,1,1
13428,17.0,2009,11.0,458.0,2754.0,4834.0,1,0.01,6.06531266560678,6.414785373608896,47.58155002891845,0.01,6.151277159512439,6.537713301536816,45.36119144013881,0.01,6.18789083200847,6.572859035506092,49.094852515905146,0,0,0,0,0,1
13429,7.0,2007,10.0,54.0,676.0,1799.0,9,0.02,5.0,5.0,1.0,0.05,5.0,4.3,2.0,0.05,5.0,4.3,2.0,1,0,0,0,0,1
13430,4.0,2005,6.0,92.0,2755.0,4835.0,1,0.09,7.0,7.0,1.0,0.09,7.0,7.0,1.0,0.09,7.0,7.0,1.0,0,0,0,0,0,1
13431,23.0,2015,4.0,49.0,901.0,1385.0,1,0.06,7.05,8.0,1.0,0.2,7.05,7.05,5.0,0.05,7.05,7.3,11.0,1,0,0,0,0,1
13432,9.0,2005,6.0,88.0,2168.0,4836.0,8,0.07,6.00425126409957,6.412411513029939,41.584122203098104,0.07,6.08789187086736,6.5213418903150435,35.80141996557659,0.07,6.1182224815246915,6.556748346946714,40.565834767641995,0,0,0,0,0,1
13433,23.0,2015,9.0,26.0,2756.0,4837.0,1,0.05,6.023708006279429,6.380546310832016,44.238808539944905,0.05,6.098238618524324,6.497463108320238,40.88240358126722,0.05,6.122084772370479,6.520916797488228,43.51325757575758,0,0,0,0,0,1
13434,19.0,2002,2.0,6.0,62.0,3017.0,3,0.11,5.8,7.25,16.0,0.18,6.6,7.1,7.5,0.18,6.6,7.1,7.5,0,0,1,0,0,1
13435,15.0,1999,12.0,98.0,2757.0,622.0,5,0.01,8.2,8.2,5.0,0.01,8.2,8.2,5.0,0.01,8.2,8.2,5.0,1,0,0,0,0,1
13436,13.0,1996,9.0,200.0,985.0,4838.0,1,0.38,6.074598214285714,6.518080357142857,51.629901960784316,0.08,6.105133928571427,6.627678571428572,32.81127450980392,0.08,6.240669642857141,6.645223214285716,43.85294117647059,0,0,0,0,0,1
13437,1.0,2008,1.0,11.0,805.0,1226.0,6,0.18,4.8,5.22,62.5,0.08,4.8,5.22,62.5,0.08,4.8,5.22,62.5,0,0,0,0,0,1
13438,4.0,2010,6.0,12.0,958.0,430.0,10,0.17,5.65,5.65,49.885309852875615,0.17,5.65,5.65,48.07779759251003,1.68,5.65,5.65,49.565425769059296,0,0,0,0,0,1
13439,4.0,2007,9.0,26.0,1885.0,3198.0,1,0.06,6.099566138746374,6.4607807271916755,47.55820785897907,0.06,6.186688601383021,6.564681017176054,46.14738646101114,0.06,6.2206457729199345,6.6001962971225066,47.53813196229649,0,0,0,1,0,1
13440,1.0,2007,7.0,22.0,60.0,488.0,11,0.76,5.33,5.05,90.5,2.64,7.0,7.45,63.0,0.07,4.8,6.9,3.0,0,0,1,0,0,1
13441,15.0,2009,9.0,6.0,811.0,858.0,3,0.06,4.25,6.25,1.0,0.58,6.77,6.9,64.5,0.58,6.77,6.9,64.5,1,0,1,0,0,1
13442,23.0,2015,4.0,365.0,316.0,4839.0,10,0.06,5.7,6.38,3.0,0.74,7.57,8.0,149.5,0.74,7.57,8.0,149.5,0,0,0,0,0,1
13443,1.0,2010,3.0,224.0,1475.0,4840.0,10,0.06,8.7,8.7,49.885309852875615,0.04,8.7,8.7,48.07779759251003,0.04,8.7,8.7,49.565425769059296,0,0,0,0,0,1
13444,14.0,2005,7.0,36.0,1820.0,837.0,11,0.02,7.2,7.7,8.5,0.02,7.2,7.7,8.5,0.02,7.2,7.7,8.5,1,0,0,0,0,1
13445,11.0,2016,6.0,49.0,871.0,1160.0,1,0.13,7.0,5.4,8.0,0.53,7.0,5.4,8.0,0.04,7.0,5.4,8.0,1,0,0,0,1,1
13446,13.0,2001,9.0,61.0,2758.0,4841.0,1,1.64,5.0,7.1,51.0,1.64,5.0,7.1,51.0,1.64,5.0,7.1,51.0,0,0,0,0,0,1
13447,4.0,2007,12.0,17.0,57.0,1209.0,10,1.16,7.43,8.8,125.0,0.67,7.35,6.9,28.0,0.67,7.35,6.9,28.0,1,0,1,0,0,1
13448,18.0,2016,9.0,42.0,225.0,273.0,5,0.12,4.8,5.98,9.5,0.18,6.5,7.5,207.5,0.08,6.03,6.05,86.0,1,0,0,1,0,1
13449,4.0,2008,6.0,1.0,2759.0,4842.0,1,0.08,6.076557377049176,6.4289414021625335,50.52577025484975,0.08,6.1574189047785115,6.543221137077076,48.40728413845569,0.08,6.202197418904775,6.585209277990916,49.56694560669456,0,0,0,0,0,1
13450,6.0,2016,1.0,415.0,2760.0,4843.0,4,0.02,6.4,6.1,45.95170342265433,0.04,6.4,6.1,45.71942929412695,0.04,6.4,6.1,46.92964983005296,0,0,0,0,0,1
13451,9.0,2004,4.0,15.0,54.0,2352.0,10,0.19,4.9,5.7,1.0,0.04,4.15,5.9,1.0,0.15,7.65,7.5,16.0,0,0,0,1,0,1
13452,15.0,2003,12.0,22.0,1528.0,4844.0,3,0.01,6.5,8.05,41.5,0.18,7.29,7.45,22.0,0.18,7.29,7.45,22.0,0,0,0,0,0,1
13453,4.0,2008,9.0,158.0,2761.0,2992.0,12,0.04,6.8,7.35,3.0,0.04,6.8,7.35,3.0,0.04,6.8,7.35,3.0,0,0,0,0,0,1
13454,10.0,2013,8.0,49.0,524.0,1160.0,1,0.07,5.17,6.9,32.0,0.06,5.17,6.9,32.0,0.01,5.17,6.9,32.0,1,0,0,0,0,1
13455,13.0,1998,12.0,49.0,2762.0,4529.0,1,0.14,5.0,5.0,46.05333068992863,0.14,5.0,5.0,42.11122125297383,0.14,5.0,5.0,45.49722442505948,1,0,0,0,0,1
13456,13.0,1996,6.0,432.0,2763.0,4845.0,1,0.0,0.0,0.0,0.0,0.0,0.0,0.0,0.0,0.0,0.0,0.0,0.0,0,0,0,0,0,1
13457,15.0,2012,7.0,13.0,51.0,67.0,10,3.15,6.97,6.25,473.0,3.15,6.97,6.25,473.0,3.15,6.97,6.25,473.0,1,1,1,1,0,1
13458,9.0,2004,1.0,477.0,187.0,4846.0,9,0.0,0.0,0.0,0.0,0.52,6.45,7.35,20.0,0.52,6.45,7.35,20.0,0,0,0,0,0,1
13459,9.0,2002,7.0,29.0,1241.0,4847.0,1,0.1,4.5,4.5,2.0,0.1,4.5,4.5,2.0,0.1,4.5,4.5,2.0,0,0,0,0,0,1
13460,4.0,2011,6.0,152.0,2764.0,2909.0,1,0.32,8.5,8.27,50.0,0.32,8.5,8.27,50.0,0.16,8.5,8.27,50.0,0,0,0,0,0,1
13461,17.0,2007,9.0,36.0,1269.0,3709.0,3,0.03,5.6,5.55,1.0,0.02,7.2,7.7,8.5,0.02,7.2,7.7,8.5,0,0,0,0,0,1
13462,15.0,2006,8.0,6.0,2612.0,1059.0,3,0.08,6.9,7.35,1.0,0.08,6.9,7.35,1.0,0.01,8.55,8.25,4.0,1,0,0,0,0,1
13463,1.0,2011,1.0,428.0,2765.0,4848.0,1,0.06,6.107652813930537,6.467882595817321,45.77475613360922,0.06,6.194403554438579,6.56657391616556,44.85269484678293,0.06,6.2266573916165795,6.606709451575302,45.76973100798108,0,0,0,0,0,1
13464,14.0,2004,3.0,36.0,130.0,292.0,4,0.1,8.2,7.65,14.0,0.1,8.2,7.65,14.0,0.13,8.0,6.9,18.0,1,0,0,1,0,1
13465,7.0,2000,5.0,4.0,454.0,4849.0,1,0.09,6.0,6.0,2.0,0.34,6.0,6.0,2.0,0.34,6.0,6.0,2.0,0,0,0,0,0,1
13466,11.0,2016,3.0,478.0,2766.0,4850.0,1,0.0,0.0,0.0,0.0,0.0,0.0,0.0,0.0,0.0,0.0,0.0,0.0,0,0,0,0,0,1
13467,17.0,2009,4.0,72.0,1481.0,2451.0,1,0.11,7.9,8.2,2.0,0.22,6.0,6.75,2.0,0.22,6.0,6.75,2.0,1,0,0,0,0,1
13468,9.0,2005,6.0,6.0,2767.0,4851.0,1,0.08,5.941533923303834,6.313171091445431,50.56199677938808,0.08,6.055781710914458,6.470575221238942,37.569243156199676,0.08,6.052935103244841,6.466165191740415,43.750402576489535,0,0,0,0,0,1
13469,7.0,2007,6.0,385.0,2768.0,4852.0,1,0.1,6.099566138746374,6.4607807271916755,47.55820785897907,0.1,6.186688601383021,6.564681017176054,46.14738646101114,0.03,6.2206457729199345,6.6001962971225066,47.53813196229649,0,0,0,0,0,1
13470,13.0,1997,6.0,19.0,87.0,2069.0,1,0.23,7.6,7.6,16.0,0.31,7.6,7.6,16.0,0.29,9.0,9.0,1.0,0,0,1,0,0,1
13471,4.0,2009,9.0,26.0,2769.0,4853.0,1,0.05,6.06531266560678,6.414785373608896,47.58155002891845,0.05,6.151277159512439,6.537713301536816,45.36119144013881,0.05,6.18789083200847,6.572859035506092,49.094852515905146,0,0,0,0,0,1
13472,7.0,2002,10.0,479.0,380.0,1850.0,1,0.0,0.0,0.0,0.0,0.01,0.0,0.0,0.0,0.04,0.0,0.0,0.0,0,0,0,0,0,1
13473,4.0,2009,9.0,59.0,277.0,3454.0,1,0.06,4.6,7.5,47.58155002891845,0.1,4.6,7.5,45.36119144013881,0.1,4.6,7.5,49.094852515905146,0,0,0,0,0,1
13474,4.0,2006,1.0,8.0,394.0,31.0,3,0.37,6.3,7.58,61.0,0.23,7.34,6.3,3.5,0.37,6.3,7.58,61.0,1,1,0,0,0,1
13475,1.0,2009,6.0,88.0,1330.0,2137.0,3,0.03,4.75,6.78,8.0,0.11,4.75,6.78,8.0,0.12,4.75,3.3,8.0,0,0,0,0,0,1
13476,17.0,2007,9.0,59.0,779.0,4854.0,8,0.01,4.45,7.0,1.0,0.05,4.45,7.0,1.0,0.05,4.45,7.0,1.0,0,0,0,0,0,1
13477,7.0,2005,11.0,157.0,2770.0,4855.0,1,0.35,7.3,8.25,15.0,0.35,7.3,8.25,15.0,0.35,7.3,8.25,15.0,0,0,0,0,0,1
13478,23.0,2014,9.0,279.0,950.0,1482.0,1,0.08,2.75,7.17,17.0,0.18,2.75,7.17,17.0,0.12,2.75,7.2,6.0,1,0,0,0,0,1
13479,19.0,2007,9.0,33.0,249.0,2686.0,3,0.19,5.6,5.65,2.0,0.11,7.2,7.8,2.0,0.11,7.2,7.8,2.0,0,0,0,0,0,1
13480,4.0,2008,11.0,15.0,2771.0,4856.0,1,0.05,6.076557377049176,6.4289414021625335,50.52577025484975,0.05,6.1574189047785115,6.543221137077076,48.40728413845569,0.05,6.202197418904775,6.585209277990916,49.56694560669456,0,0,0,0,0,1
13481,1.0,2009,6.0,1.0,2772.0,4857.0,1,0.06,6.06531266560678,6.414785373608896,47.58155002891845,0.06,6.151277159512439,6.537713301536816,45.36119144013881,0.06,6.18789083200847,6.572859035506092,49.094852515905146,0,0,0,0,0,1
13482,6.0,2014,5.0,9.0,2009.0,4.0,4,0.11,8.0,7.7,14.0,0.11,8.0,7.7,14.0,0.11,8.0,7.7,14.0,1,0,0,0,1,1
13483,30.0,1992,2.0,9.0,55.0,62.0,1,0.13,8.2,8.2,50.0,4.34,8.2,8.2,50.0,4.34,8.2,8.2,50.0,1,1,1,0,0,1
13484,14.0,2006,3.0,91.0,1059.0,1708.0,8,0.02,6.23,8.03,9.5,0.38,6.72,7.62,15.0,0.38,6.72,7.62,15.0,0,0,0,0,0,1
13485,7.0,2006,7.0,22.0,315.0,4068.0,4,0.13,7.6,7.0,132.0,0.09,5.85,6.55,2.0,0.09,5.85,6.55,2.0,0,0,0,0,0,1
13486,7.0,2003,9.0,9.0,1202.0,4858.0,8,0.71,8.77,8.3,36.5,0.71,8.77,8.3,36.5,0.71,8.77,8.3,36.5,0,0,0,0,0,1
13487,18.0,2016,1.0,480.0,40.0,4859.0,1,0.0,0.0,0.0,0.0,7.45,9.0,8.3,279.0,7.45,9.0,8.3,279.0,0,0,1,0,0,1
13488,9.0,2003,2.0,40.0,831.0,4860.0,11,0.13,5.7,6.0,0.5,0.01,6.83,6.0,0.5,0.01,6.83,6.0,0.5,0,0,0,0,0,1
13489,6.0,2006,9.0,13.0,51.0,67.0,1,0.12,6.67,8.6,312.0,0.13,7.25,6.95,3.0,3.62,8.98,9.02,628.0,1,1,1,0,0,1
13490,17.0,2006,6.0,4.0,2088.0,742.0,1,0.05,6.0,6.0,2.0,0.05,6.0,6.0,2.0,1.07,6.0,6.0,2.0,0,0,0,0,0,1
13491,1.0,2007,3.0,312.0,1709.0,4861.0,1,0.0,0.0,0.0,0.0,0.1,0.0,7.0,1.0,0.1,0.0,7.0,1.0,0,0,0,0,0,1
13492,19.0,2004,7.0,114.0,355.0,477.0,1,0.07,4.8,6.08,16.0,0.2,5.7,7.8,16.0,0.28,7.0,6.8,8.0,0,0,0,0,0,1
13493,4.0,2006,8.0,12.0,2773.0,846.0,5,0.1,6.0,7.05,31.0,0.1,6.0,7.05,31.0,0.15,5.9,5.15,1.0,0,0,0,0,0,1
13494,10.0,2011,2.0,68.0,2559.0,4464.0,11,0.06,6.006015209125474,6.41599619771862,41.036795626576954,0.01,6.090570342205316,6.534011406844094,35.344407064760304,0.01,6.119920152091249,6.565832699619768,39.97560975609756,0,0,0,0,0,1
13495,15.0,2010,3.0,33.0,214.0,1000.0,5,0.75,7.2,7.55,63.0,0.75,7.2,7.55,63.0,0.75,7.2,7.55,63.0,0,0,0,0,0,1
13496,17.0,2010,11.0,292.0,2774.0,4862.0,1,0.07,6.036517973148549,6.446041576440007,42.41893830703013,0.07,6.13182763100909,6.5621524469467225,36.190578670492584,0.07,6.158211346903418,6.59756604590732,41.083213773314206,0,0,0,0,0,1
13497,19.0,2004,9.0,15.0,280.0,3178.0,11,0.09,8.0,6.8,2.0,0.11,5.45,8.6,2.0,0.11,5.45,8.6,2.0,0,0,0,0,0,1
13498,9.0,2005,9.0,88.0,2775.0,1771.0,1,0.06,4.75,4.0,0.5,0.06,4.75,4.0,0.5,0.06,4.75,4.0,0.5,0,0,0,0,0,1
13499,14.0,2003,12.0,481.0,2776.0,4863.0,2,0.0,0.0,0.0,0.0,0.0,0.0,0.0,0.0,0.0,0.0,0.0,0.0,0,0,0,0,0,1
13500,1.0,2010,11.0,15.0,460.0,4483.0,9,0.06,7.5,6.65,136.5,0.31,6.99,7.65,69.5,0.31,6.99,7.65,69.5,0,0,0,0,0,1
13501,6.0,2012,11.0,337.0,2777.0,4864.0,1,0.05,6.072961653015631,6.425969843633651,50.50295255548768,0.05,6.152457185405805,6.543201787043918,48.179596823457544,0.05,6.196662323157107,6.5816586001488995,49.25208715129302,0,0,0,0,0,1
13502,6.0,2013,7.0,127.0,2778.0,4865.0,11,0.07,8.1,7.92,349.5,0.07,8.1,7.92,349.5,0.07,8.1,7.92,349.5,0,0,0,0,0,1
13503,8.0,1995,2.0,58.0,643.0,4866.0,1,0.38,7.0,7.0,1.0,0.12,7.0,7.0,1.0,0.12,7.0,7.0,1.0,0,0,0,0,0,1
13504,5.0,2011,1.0,103.0,2173.0,3641.0,1,0.07,6.67,7.52,16.5,0.09,6.67,7.52,16.5,0.01,6.67,7.52,16.5,0,0,0,0,0,1
13505,9.0,2004,4.0,6.0,947.0,2039.0,9,0.1,6.7,6.2,1.0,0.44,7.1,7.5,1.0,0.29,8.0,8.1,50.0,0,0,0,0,0,1
13506,4.0,2010,5.0,288.0,2212.0,4867.0,4,0.02,6.13196643055128,6.497064983061319,46.01039378063208,0.02,6.2144672004927735,6.595193255312639,45.13714720297448,0.02,6.248746535263336,6.634806744687414,46.44710157174244,0,0,0,0,0,1
13507,1.0,2007,7.0,152.0,570.0,4868.0,5,0.11,6.3,6.0,1.0,0.43,6.3,6.65,5.0,0.02,6.7,7.35,7.0,0,0,0,0,0,1
13508,9.0,2002,7.0,181.0,1241.0,4869.0,4,0.08,5.5,4.2,1.0,0.04,5.75,7.8,0.0,0.04,5.75,7.8,0.0,0,0,0,0,0,1
13509,15.0,2011,9.0,289.0,2779.0,4870.0,1,0.19,6.107652813930537,6.467882595817321,45.77475613360922,0.19,6.194403554438579,6.56657391616556,44.85269484678293,0.19,6.2266573916165795,6.606709451575302,45.76973100798108,0,0,0,0,0,1
13510,6.0,2011,6.0,364.0,938.0,3396.0,11,0.04,6.006015209125474,6.41599619771862,41.036795626576954,0.12,6.090570342205316,6.534011406844094,35.344407064760304,0.12,6.119920152091249,6.565832699619768,39.97560975609756,0,0,0,0,0,1
13511,13.0,1998,10.0,234.0,2780.0,1850.0,1,0.28,7.7,7.7,25.0,0.28,7.7,7.7,25.0,0.17,8.0,8.0,20.0,0,0,0,0,0,1
13512,10.0,2015,9.0,26.0,2781.0,4871.0,1,0.05,6.023708006279429,6.380546310832016,44.238808539944905,0.05,6.098238618524324,6.497463108320238,40.88240358126722,0.05,6.122084772370479,6.520916797488228,43.51325757575758,0,0,0,1,0,1
13513,5.0,2006,10.0,6.0,2782.0,4872.0,5,0.12,6.8,6.9,8.0,0.12,6.8,6.9,8.0,0.12,6.8,6.9,8.0,0,0,0,0,0,1
13514,17.0,2012,4.0,279.0,2783.0,4873.0,1,0.1,5.9,5.9,7.0,0.1,5.9,5.9,7.0,0.1,5.9,5.9,7.0,0,0,0,0,0,1
13515,4.0,2006,9.0,355.0,220.0,4874.0,1,0.1,6.1,7.0,3.0,0.48,6.1,7.0,3.0,0.48,6.1,7.0,3.0,0,0,0,0,0,1
13516,17.0,2011,11.0,379.0,1399.0,1902.0,1,0.02,10.0,10.0,1.0,0.02,10.0,10.0,1.0,0.32,5.0,5.0,1.0,1,0,0,1,0,1
13517,17.0,2009,11.0,132.0,206.0,3269.0,1,0.03,7.1,8.0,47.58155002891845,0.2,7.1,8.0,45.36119144013881,0.2,7.1,8.0,49.094852515905146,0,0,0,0,0,1
13518,7.0,2006,11.0,15.0,2784.0,4875.0,1,0.05,6.057909446618223,6.454225824482941,48.764652014652015,0.05,6.140609278926769,6.574768026830625,40.60225885225885,0.05,6.179580771380661,6.604046953605371,45.93101343101343,0,0,0,0,1,1
13519,17.0,2009,6.0,337.0,2547.0,4446.0,1,0.01,6.06531266560678,6.414785373608896,47.58155002891845,0.01,6.151277159512439,6.537713301536816,45.36119144013881,0.01,6.18789083200847,6.572859035506092,49.094852515905146,0,0,0,0,0,1
13520,15.0,2016,11.0,17.0,1068.0,1730.0,10,0.37,7.25,8.1,247.0,0.37,7.25,8.1,247.0,0.37,7.25,8.1,247.0,0,0,0,1,0,1
13521,15.0,2007,3.0,8.0,137.0,43.0,11,0.13,6.3,6.23,35.5,0.04,5.65,5.35,9.0,1.11,5.87,6.33,50.5,1,1,1,1,0,1
13522,4.0,2008,9.0,204.0,1158.0,637.0,1,0.07,5.0,7.65,38.0,0.07,5.0,7.65,38.0,0.33,6.9,7.65,38.0,0,0,0,0,0,1
13523,6.0,2012,2.0,59.0,2785.0,4876.0,1,0.13,6.5,6.5,50.50295255548768,0.13,6.5,6.5,48.179596823457544,0.13,6.5,6.5,49.25208715129302,0,0,0,0,0,1
13524,15.0,2015,1.0,15.0,87.0,102.0,9,0.1,7.83,6.5,16.0,0.13,7.5,6.7,13.0,0.13,7.5,6.7,13.0,0,1,1,1,0,1
13525,4.0,2008,11.0,132.0,2786.0,4877.0,1,0.16,6.076557377049176,6.4289414021625335,50.52577025484975,0.16,6.1574189047785115,6.543221137077076,48.40728413845569,0.16,6.202197418904775,6.585209277990916,49.56694560669456,0,0,0,0,0,1
13526,7.0,2001,8.0,159.0,1799.0,4878.0,1,0.39,4.0,4.0,3.0,0.15,4.0,4.0,3.0,0.15,4.0,4.0,3.0,1,0,0,0,0,1
13527,23.0,2012,4.0,38.0,190.0,1663.0,1,0.05,4.0,2.0,1.0,0.06,4.0,2.0,1.0,0.22,4.0,7.0,1.0,0,0,0,0,0,1
13528,13.0,1998,9.0,53.0,2787.0,1218.0,1,0.06,6.3,6.3,6.0,0.06,6.3,6.3,6.0,0.59,5.5,5.5,4.0,0,0,0,0,0,1
13529,14.0,2004,1.0,68.0,2788.0,1170.0,1,0.22,4.6,6.35,1.0,0.22,4.6,6.35,1.0,0.22,4.6,6.35,1.0,1,0,0,0,0,1
13530,9.0,2002,6.0,6.0,19.0,1688.0,10,0.28,6.4,4.75,2.0,0.11,6.3,3.5,2.0,0.15,6.3,3.5,2.0,1,0,1,0,0,1
13531,7.0,2004,11.0,9.0,2789.0,4879.0,1,0.2,5.0,5.0,47.43754583231484,0.2,5.0,5.0,46.20019555120997,0.2,5.0,5.0,48.87949156685407,0,0,0,0,0,1
13532,1.0,2010,2.0,482.0,2790.0,4880.0,3,0.04,5.8,5.8,46.59712738403579,0.04,5.8,5.8,45.16023075111843,0.04,5.8,5.8,46.507829055804095,0,0,0,0,0,1
13533,7.0,2005,9.0,24.0,432.0,4881.0,3,0.16,5.6,8.0,46.60222359481161,0.18,5.4,8.0,44.080914144533665,0.18,5.4,8.0,47.680667078443484,0,0,0,0,0,1
13534,7.0,2008,11.0,292.0,2791.0,4882.0,1,0.02,6.076557377049176,6.4289414021625335,50.52577025484975,0.02,6.1574189047785115,6.543221137077076,48.40728413845569,0.02,6.202197418904775,6.585209277990916,49.56694560669456,0,0,0,0,0,1
13535,5.0,2009,1.0,483.0,2792.0,2162.0,1,0.0,0.0,0.0,0.0,0.0,0.0,0.0,0.0,0.03,4.4,0.0,0.0,0,0,0,0,0,1
13536,14.0,2003,3.0,31.0,421.0,4883.0,6,0.02,5.9,8.2,46.09553287602476,0.08,8.0,8.2,45.451815291952485,0.08,8.0,8.2,46.93090179019575,0,0,0,0,0,1
13537,17.0,2008,10.0,228.0,2334.0,4058.0,1,0.01,6.076557377049176,6.4289414021625335,50.52577025484975,0.01,6.1574189047785115,6.543221137077076,48.40728413845569,0.02,6.202197418904775,6.585209277990916,49.56694560669456,0,0,0,0,0,1
13538,7.0,2006,10.0,26.0,1563.0,2359.0,1,0.05,7.0,7.0,1.0,0.2,7.0,7.0,1.0,0.2,7.0,7.0,1.0,0,0,0,0,0,1
13539,17.0,2010,11.0,82.0,2617.0,4571.0,1,0.01,6.036517973148549,6.446041576440007,42.41893830703013,0.01,6.13182763100909,6.5621524469467225,36.190578670492584,0.01,6.158211346903418,6.59756604590732,41.083213773314206,0,0,0,0,0,1
13540,10.0,2011,1.0,241.0,1326.0,2165.0,1,0.08,5.0,5.0,1.0,0.27,5.0,5.0,1.0,0.15,5.0,5.0,1.0,0,0,0,0,0,1
13541,4.0,2009,9.0,204.0,585.0,637.0,1,0.11,5.2,2.0,2.0,0.31,3.0,3.8,4.0,0.11,5.2,2.0,2.0,0,0,0,0,0,1
13542,17.0,2006,6.0,15.0,56.0,61.0,6,0.06,6.1,6.0,1.0,0.18,6.0,7.1,15.0,4.23,8.55,8.95,266.0,1,1,0,0,0,1
13543,1.0,2011,2.0,54.0,2793.0,4339.0,1,0.06,6.0,6.5,1.0,0.06,6.0,6.5,1.0,0.06,6.0,6.5,1.0,0,0,0,0,0,1
13544,14.0,2005,1.0,64.0,640.0,1784.0,7,0.11,4.45,2.0,1.0,0.21,5.2,7.0,1.0,0.21,5.2,7.0,1.0,0,0,0,0,0,1
13545,1.0,2009,1.0,360.0,315.0,4884.0,3,0.0,0.0,0.0,0.0,0.09,3.17,4.28,15.5,0.09,3.17,4.28,15.5,0,0,0,0,0,1
13546,6.0,2013,8.0,26.0,1796.0,3012.0,1,0.05,6.016843832020995,6.3843011811023525,43.64141414141414,0.05,6.091391076115479,6.49972440944881,40.217532467532465,0.15,6.117578740157478,6.52308070866142,43.198232323232325,0,0,0,0,0,1
13547,1.0,2006,9.0,29.0,552.0,3402.0,12,0.28,4.3,5.3,4.0,0.09,6.2,8.3,4.0,0.09,6.2,8.3,4.0,0,0,0,0,0,1
13548,1.0,2008,9.0,49.0,1682.0,4885.0,12,0.12,6.6,7.3,45.88682931064421,0.03,7.7,8.0,44.88565723215836,0.03,7.7,8.0,46.308734155235285,0,0,0,0,0,1
13549,9.0,2001,9.0,73.0,2794.0,4886.0,1,0.1,6.097708281522011,6.447693359860781,47.903901046622266,0.1,6.1815792091519635,6.559855757274357,46.559535136604595,0.1,6.221097985575736,6.597542899776213,47.730256898192195,0,0,0,0,0,1
13550,1.0,2008,7.0,312.0,2795.0,4887.0,1,0.01,3.4,3.4,50.52577025484975,0.01,3.4,3.4,48.40728413845569,0.01,3.4,3.4,49.56694560669456,0,0,0,0,0,1
13551,4.0,2011,9.0,122.0,2796.0,4888.0,1,0.04,7.0,7.5,4.0,0.04,7.0,7.5,4.0,0.04,7.0,7.5,4.0,0,0,0,0,0,1
13552,4.0,2008,11.0,484.0,318.0,3606.0,9,0.0,0.0,0.0,0.0,1.71,2.0,2.2,0.0,1.71,2.0,2.2,0.0,0,0,0,0,0,1
13553,15.0,2008,9.0,18.0,60.0,132.0,6,2.39,6.9,6.7,53.0,1.18,6.8,7.4,53.0,1.18,6.8,7.4,53.0,0,0,1,0,0,1
13554,10.0,2016,6.0,257.0,2192.0,3815.0,1,0.25,6.35,6.85,5.0,0.25,6.35,6.85,5.0,0.09,6.35,6.85,5.0,0,0,0,0,0,1
13555,4.0,2006,11.0,228.0,2797.0,4889.0,1,0.1,6.057909446618223,6.454225824482941,48.764652014652015,0.1,6.140609278926769,6.574768026830625,40.60225885225885,0.1,6.179580771380661,6.604046953605371,45.93101343101343,0,0,0,0,0,1
13556,10.0,2014,9.0,257.0,2798.0,4890.0,1,0.07,6.0370023640661925,6.4082836879432445,47.3185817805383,0.07,6.127933806146561,6.533567375886503,45.40683229813665,0.07,6.178366430260039,6.570146572104003,49.021868530020704,0,0,0,0,0,1
13557,4.0,2009,5.0,60.0,737.0,1108.0,1,0.07,6.06531266560678,6.414785373608896,47.58155002891845,0.07,6.151277159512439,6.537713301536816,45.36119144013881,0.07,6.18789083200847,6.572859035506092,49.094852515905146,0,0,0,0,0,1
13558,9.0,2002,9.0,5.0,548.0,4891.0,12,0.05,5.95,7.0,1.0,0.11,5.0,7.0,0.0,0.11,5.0,7.0,0.0,0,0,0,0,0,1
13559,14.0,2006,3.0,8.0,68.0,472.0,9,0.1,5.8,5.5,3.5,0.52,7.37,6.52,3.5,0.27,7.9,6.55,1.0,0,0,1,0,0,1
13560,23.0,2016,9.0,134.0,2799.0,4892.0,1,0.12,4.0,7.55,5.0,0.12,4.0,7.55,5.0,0.12,4.0,7.55,5.0,0,0,0,0,0,1
13561,13.0,2000,8.0,15.0,87.0,297.0,9,0.08,3.9,4.85,2.0,0.11,8.2,7.8,9.0,0.96,8.2,6.5,4.0,1,0,1,0,0,1
13562,7.0,2001,9.0,167.0,400.0,4893.0,8,0.17,5.47,6.93,4.5,0.15,6.0,7.5,10.0,0.15,6.0,7.5,10.0,0,0,0,0,0,1
13563,4.0,2010,9.0,272.0,2800.0,3771.0,1,0.1,5.3,6.05,7.0,0.1,5.3,6.05,7.0,0.06,5.3,6.05,7.0,0,0,0,0,0,1
13564,1.0,2007,7.0,208.0,2801.0,4894.0,5,0.11,6.0389491242702285,6.430900750625522,40.51952770208901,0.11,6.145446205170975,6.566288573811507,31.98455949137148,0.11,6.1762635529608,6.602768974145118,35.049954586739325,0,0,0,0,0,1
13565,6.0,2013,10.0,26.0,643.0,939.0,1,0.05,7.8,7.8,5.0,0.03,7.8,7.8,5.0,0.3,7.8,7.8,5.0,1,0,0,0,0,1
13566,14.0,2004,2.0,64.0,284.0,3752.0,10,0.21,5.2,7.0,1.0,0.83,5.7,5.0,1.0,0.83,5.7,5.0,1.0,0,0,0,0,0,1
13567,5.0,2010,7.0,35.0,1562.0,3542.0,5,0.11,3.9,3.9,49.88838251197281,0.2,3.9,3.9,48.341572686544104,0.2,3.9,3.9,49.79777537463309,0,0,0,0,0,1
13568,7.0,2009,8.0,15.0,87.0,729.0,1,0.07,7.0,7.0,1.0,0.08,7.0,7.0,1.0,0.03,7.0,7.0,1.0,0,0,1,0,0,1
13569,7.0,2002,1.0,8.0,27.0,31.0,1,0.08,2.0,6.25,17.0,1.1,7.47,6.25,17.0,0.18,7.55,7.1,11.0,1,1,1,0,1,1
13570,4.0,2009,8.0,12.0,2802.0,4895.0,1,0.07,6.06531266560678,6.414785373608896,47.58155002891845,0.07,6.151277159512439,6.537713301536816,45.36119144013881,0.07,6.18789083200847,6.572859035506092,49.094852515905146,1,0,0,0,0,1
13571,13.0,2001,1.0,78.0,812.0,1232.0,1,0.1,6.097708281522011,6.447693359860781,47.903901046622266,0.1,6.1815792091519635,6.559855757274357,46.559535136604595,0.58,6.221097985575736,6.597542899776213,47.730256898192195,0,0,0,0,0,1
13572,11.0,2016,6.0,337.0,2372.0,3554.0,1,0.05,7.3,7.3,4.0,0.05,7.3,7.3,4.0,0.05,7.3,7.3,4.0,0,0,0,0,0,1
13573,17.0,2004,5.0,155.0,478.0,690.0,2,0.03,6.0,6.8,29.0,0.03,6.0,6.8,29.0,0.09,7.0,6.8,29.0,0,0,0,0,1,1
13574,15.0,2006,8.0,8.0,108.0,327.0,10,0.27,5.8,6.75,10.0,0.3,5.9,7.0,10.0,0.3,5.9,7.0,10.0,0,0,0,1,0,1
13575,10.0,2011,6.0,1.0,2803.0,4896.0,1,0.29,6.107652813930537,6.467882595817321,45.77475613360922,0.29,6.194403554438579,6.56657391616556,44.85269484678293,0.29,6.2266573916165795,6.606709451575302,45.76973100798108,0,0,0,0,0,1
13576,14.0,2003,10.0,69.0,961.0,1478.0,5,0.35,7.05,7.85,16.0,0.35,7.05,7.85,16.0,0.35,7.05,7.85,16.0,1,0,0,0,0,1
13577,4.0,2007,5.0,6.0,729.0,4897.0,7,0.04,7.2,7.05,4.0,0.04,4.0,7.05,4.0,0.04,4.0,7.05,4.0,0,0,0,0,0,1
13578,6.0,2016,9.0,26.0,1591.0,2642.0,1,0.05,6.0,6.0,1.0,0.05,6.0,6.0,1.0,0.05,6.0,6.0,1.0,0,0,0,0,0,1
13579,14.0,2002,1.0,383.0,1855.0,4898.0,8,0.01,5.0,8.22,0.0,0.03,6.73,8.22,105.0,0.03,6.73,8.22,105.0,0,0,0,0,1,1
13580,15.0,2002,8.0,8.0,108.0,4899.0,9,0.09,7.8,8.5,5.0,3.07,6.25,6.6,5.0,3.07,6.25,6.6,5.0,0,0,0,0,0,1
13581,15.0,2004,12.0,441.0,769.0,4214.0,9,0.0,0.0,0.0,0.0,0.0,0.0,0.0,0.0,0.0,0.0,0.0,0.0,0,0,0,0,0,1
13582,23.0,2014,11.0,291.0,1766.0,2955.0,1,0.01,6.0370023640661925,6.4082836879432445,47.3185817805383,0.01,6.127933806146561,6.533567375886503,45.40683229813665,0.01,6.178366430260039,6.570146572104003,49.021868530020704,0,0,0,0,0,1
13583,4.0,2011,7.0,42.0,2804.0,4900.0,1,0.1,5.47,6.12,10.5,0.1,5.47,6.12,10.5,0.1,5.47,6.12,10.5,1,0,0,0,0,1
13584,19.0,2003,1.0,40.0,210.0,913.0,3,0.53,7.8,8.0,46.11504800747727,0.53,7.8,8.0,45.224657999830065,0.53,7.8,8.0,46.5193304443878,0,0,0,0,0,1
13585,17.0,2007,9.0,240.0,2143.0,4901.0,4,0.02,5.8,6.0,1.0,0.02,5.8,6.0,1.0,0.02,5.8,6.0,1.0,0,0,0,0,0,1
13586,4.0,2005,6.0,9.0,2805.0,4902.0,1,0.09,5.941533923303834,6.313171091445431,50.56199677938808,0.09,6.055781710914458,6.470575221238942,37.569243156199676,0.09,6.052935103244841,6.466165191740415,43.750402576489535,0,0,0,0,0,1
13587,4.0,2007,4.0,254.0,1382.0,1385.0,1,0.09,4.0,5.4,8.0,0.09,4.0,5.4,8.0,0.29,4.0,5.4,8.0,0,0,0,0,0,1
13588,15.0,2001,12.0,8.0,69.0,3775.0,4,0.21,8.2,7.65,92.0,0.21,8.2,7.65,92.0,0.21,8.2,7.65,92.0,0,0,0,1,0,1
13589,15.0,2011,11.0,6.0,19.0,3128.0,10,0.13,5.0,5.0,46.89055793991416,0.13,5.0,5.0,45.688006676204104,0.13,5.0,5.0,48.2448736289938,0,0,1,0,0,1
13590,1.0,2012,9.0,139.0,2806.0,4903.0,1,0.06,6.25,6.9,1.0,0.02,6.25,6.9,1.0,0.02,6.25,6.9,1.0,0,0,0,0,0,1
13591,15.0,2009,12.0,29.0,822.0,1772.0,4,0.39,7.85,8.0,22.0,0.04,7.85,8.0,22.0,0.04,7.85,8.0,22.0,0,0,0,1,0,1
13592,1.0,2008,2.0,312.0,1389.0,4614.0,6,0.16,0.6,0.6,48.31761945392491,0.02,0.6,0.6,47.04635949943117,0.05,0.9,0.9,48.42512798634812,1,0,0,0,0,1
13593,1.0,2010,6.0,201.0,910.0,3683.0,11,0.09,5.5,5.5,1.0,0.01,4.5,5.5,0.0,0.03,4.5,5.5,0.0,0,0,0,0,0,1
13594,17.0,2005,4.0,13.0,51.0,793.0,12,0.06,6.2,6.9,3.0,0.25,6.2,6.85,3.0,0.19,8.3,8.12,21.5,1,0,1,0,0,1
13595,14.0,2006,1.0,3.0,1919.0,3260.0,1,0.07,6.1,7.05,2.0,0.07,6.1,7.05,2.0,0.07,6.1,7.05,2.0,0,0,0,0,0,1
13596,15.0,2008,9.0,13.0,51.0,201.0,2,1.59,8.13,7.9,263.5,1.59,8.13,7.9,263.5,1.59,8.13,7.9,263.5,1,0,1,0,0,1
13597,17.0,2011,11.0,292.0,2807.0,4904.0,1,0.03,6.0,6.0,45.77475613360922,0.03,6.0,6.0,44.85269484678293,0.03,6.0,6.0,45.76973100798108,0,0,0,0,0,1
13598,4.0,2006,6.0,1.0,2808.0,4905.0,1,0.05,6.057909446618223,6.454225824482941,48.764652014652015,0.05,6.140609278926769,6.574768026830625,40.60225885225885,0.05,6.179580771380661,6.604046953605371,45.93101343101343,0,0,0,0,0,1
13599,4.0,2009,8.0,12.0,958.0,4906.0,6,0.07,3.2,1.8,50.939571150097464,0.1,3.2,1.8,48.451559454191035,0.1,3.2,1.8,49.943567251461985,0,0,0,0,0,1
13600,4.0,2011,5.0,54.0,2809.0,4907.0,1,0.05,6.107652813930537,6.467882595817321,45.77475613360922,0.05,6.194403554438579,6.56657391616556,44.85269484678293,0.05,6.2266573916165795,6.606709451575302,45.76973100798108,0,0,0,0,0,1
13601,1.0,2010,11.0,81.0,1027.0,1649.0,1,0.05,4.0,4.0,0.0,0.4,5.7,4.0,1.0,0.4,5.7,4.0,1.0,0,0,0,0,0,1
13602,14.0,2005,7.0,234.0,2015.0,2965.0,8,0.05,7.1,7.0,1.0,0.11,7.1,7.45,1.0,0.08,6.95,7.5,18.0,1,0,0,0,0,1
13603,17.0,2012,9.0,26.0,1113.0,4908.0,1,0.05,3.75,5.58,4.0,0.34,3.75,5.58,4.0,0.34,3.75,5.58,4.0,0,0,0,0,0,1
13604,1.0,2007,10.0,12.0,676.0,1799.0,10,0.05,7.7,7.2,1.0,0.04,7.7,7.2,1.0,0.16,7.7,6.5,3.0,1,0,0,0,0,1
13605,11.0,2016,9.0,17.0,1125.0,204.0,1,0.06,5.0,6.2,14.0,0.34,7.0,7.4,31.0,0.22,7.1,7.65,11.0,1,0,0,1,0,1
13606,17.0,2006,6.0,3.0,561.0,2493.0,3,0.2,7.35,6.25,5.0,0.21,6.22,8.47,1.0,0.21,6.22,8.47,1.0,0,0,0,0,0,1
13607,6.0,2015,10.0,26.0,148.0,2359.0,9,0.1,7.45,6.97,5.5,0.27,7.25,6.88,24.5,0.07,4.75,6.35,17.0,0,0,0,0,0,1
13608,18.0,2016,9.0,179.0,622.0,3371.0,6,0.01,4.5,5.6,34.0,0.83,7.8,7.13,163.5,0.83,7.8,7.13,163.5,0,0,0,0,0,1
13609,19.0,2004,10.0,11.0,2167.0,588.0,9,0.17,5.77,7.13,8.0,0.09,6.65,6.55,6.5,0.09,6.65,6.55,6.5,1,0,0,0,0,1
13610,10.0,2013,9.0,26.0,1885.0,3198.0,1,0.04,7.0,7.0,1.0,0.04,7.0,7.0,1.0,0.06,7.0,7.0,1.0,0,0,0,0,0,1
13611,10.0,2015,9.0,6.0,2810.0,4909.0,10,0.07,4.0,4.0,46.93294829482948,0.07,4.0,4.0,45.34031903190319,0.07,4.0,4.0,46.23432343234323,0,0,1,0,0,1
13612,4.0,2007,8.0,140.0,2811.0,4910.0,1,0.33,6.099566138746374,6.4607807271916755,47.55820785897907,0.33,6.186688601383021,6.564681017176054,46.14738646101114,0.33,6.2206457729199345,6.6001962971225066,47.53813196229649,0,0,0,0,0,1
13613,17.0,2011,4.0,134.0,819.0,3065.0,1,0.24,7.25,6.7,17.0,0.08,7.25,7.8,21.0,0.13,7.8,7.8,21.0,0,0,0,0,0,1
13614,17.0,2006,3.0,26.0,1129.0,37.0,8,0.26,6.5,6.6,9.0,0.08,4.85,8.4,9.0,2.63,4.85,8.4,9.0,1,0,0,0,0,1
13615,17.0,2009,9.0,132.0,2812.0,1349.0,1,0.27,7.0,7.5,8.0,0.27,7.0,7.5,8.0,0.05,6.0,7.5,8.0,0,0,0,0,0,1
13616,15.0,2006,12.0,6.0,2813.0,4911.0,5,0.56,6.0,4.53,32.0,0.56,6.0,4.53,32.0,0.56,6.0,4.53,32.0,1,0,0,0,0,1
13617,4.0,2008,4.0,349.0,2814.0,4912.0,9,0.0,0.0,0.0,0.0,0.0,0.0,0.0,0.0,0.0,0.0,0.0,0.0,0,0,0,0,0,1
13618,4.0,2008,6.0,26.0,2815.0,4148.0,1,0.06,6.076557377049176,6.4289414021625335,50.52577025484975,0.06,6.1574189047785115,6.543221137077076,48.40728413845569,0.07,6.202197418904775,6.585209277990916,49.56694560669456,0,0,0,0,0,1
13619,17.0,2008,9.0,15.0,280.0,2818.0,9,0.11,3.63,4.7,9.0,0.17,3.73,3.83,9.5,0.17,3.73,3.83,9.5,0,0,0,0,0,1
13620,15.0,2011,1.0,9.0,34.0,760.0,4,0.15,6.08,7.17,32.0,0.23,6.25,6.72,41.5,0.23,6.25,6.72,41.5,1,0,1,0,1,1
13621,1.0,2008,5.0,198.0,1341.0,4913.0,11,0.3,6.044421151439289,6.38992177722153,48.44426425401161,0.01,6.126584793491856,6.504150500625782,46.782946398088086,0.01,6.170384856070071,6.544500938673344,48.1357972004097,0,0,0,0,0,1
13622,15.0,2009,12.0,485.0,2816.0,2949.0,9,0.0,0.0,0.0,0.0,0.0,0.0,0.0,0.0,0.02,0.0,7.8,0.0,0,0,0,0,0,1
13623,15.0,2019,3.0,36.0,130.0,713.0,10,0.11,8.2,7.97,27.0,0.11,8.2,7.97,27.0,0.88,8.7,7.8,27.0,0,0,0,0,0,1
13624,17.0,2010,11.0,458.0,2651.0,4650.0,1,0.01,8.5,8.5,2.0,0.05,8.5,8.5,2.0,0.05,8.5,8.5,2.0,0,0,0,0,0,1
13625,7.0,2000,6.0,49.0,538.0,4914.0,3,0.06,6.139316450338602,6.506447516930062,45.87851335656214,0.07,6.227496472911969,6.61041055304744,45.86039488966318,0.07,6.2573518623024835,6.647404768623042,47.110259388308165,0,0,0,0,0,1
13626,6.0,2008,3.0,162.0,619.0,1308.0,8,0.48,8.2,7.35,5.0,0.04,4.0,5.6,8.0,0.12,4.0,5.6,8.0,0,0,0,1,0,1
13627,17.0,2005,5.0,4.0,923.0,4915.0,10,0.2,6.3,7.2,11.5,0.47,5.57,5.8,11.5,0.47,5.57,5.8,11.5,0,0,0,0,0,1
13628,7.0,2007,1.0,15.0,2817.0,4916.0,1,0.05,6.099566138746374,6.4607807271916755,47.55820785897907,0.05,6.186688601383021,6.564681017176054,46.14738646101114,0.05,6.2206457729199345,6.6001962971225066,47.53813196229649,0,0,0,0,1,1
13629,15.0,2012,1.0,3.0,102.0,1028.0,3,0.09,6.107345193294558,6.472551317139987,45.49549380398047,0.09,6.193362983236427,6.570975025658612,44.67118850920015,0.09,6.222634279849501,6.6114531303455575,45.70146451370635,0,0,1,0,0,1
13630,8.0,1996,4.0,25.0,85.0,4917.0,1,0.23,5.0,5.0,51.629901960784316,0.13,5.0,5.0,32.81127450980392,0.13,5.0,5.0,43.85294117647059,0,0,0,0,0,1
13631,4.0,2008,3.0,162.0,619.0,1308.0,1,0.54,4.0,5.6,8.0,0.54,4.0,5.6,8.0,0.54,4.0,5.6,8.0,0,0,0,0,0,1
13632,1.0,2008,5.0,350.0,1178.0,2796.0,4,0.13,5.5,7.35,12.0,0.02,6.0,7.0,1.0,0.02,6.0,7.0,1.0,1,0,0,0,0,1
13633,11.0,2015,10.0,228.0,1537.0,4918.0,2,0.01,7.5,7.25,6.0,0.1,7.5,7.25,6.0,0.1,7.5,7.25,6.0,0,0,0,0,0,1
13634,15.0,2005,12.0,22.0,1528.0,4919.0,5,0.21,6.82,6.75,12.0,0.04,7.4,7.65,5.0,0.04,7.4,7.65,5.0,0,0,0,0,0,1
13635,4.0,2006,9.0,310.0,513.0,4920.0,12,0.17,6.0,6.0,1.0,0.02,6.0,6.0,1.0,0.02,6.0,6.0,1.0,0,0,0,0,0,1
13636,4.0,2008,8.0,15.0,2818.0,4921.0,1,0.05,6.076557377049176,6.4289414021625335,50.52577025484975,0.05,6.1574189047785115,6.543221137077076,48.40728413845569,0.05,6.202197418904775,6.585209277990916,49.56694560669456,0,0,0,0,0,1
13637,17.0,2010,11.0,157.0,2819.0,4922.0,1,0.01,6.036517973148549,6.446041576440007,42.41893830703013,0.01,6.13182763100909,6.5621524469467225,36.190578670492584,0.01,6.158211346903418,6.59756604590732,41.083213773314206,0,0,0,0,0,1
13638,5.0,2011,11.0,179.0,590.0,2533.0,11,0.09,6.6,6.5,26.0,0.09,6.6,6.5,26.0,0.09,6.6,6.5,26.0,0,0,0,0,0,1
13639,15.0,2009,6.0,9.0,34.0,62.0,1,0.06,8.0,7.5,2.0,0.2,5.45,6.8,4.0,0.96,5.83,7.15,114.0,0,1,1,0,0,1
13640,10.0,2012,6.0,6.0,573.0,2165.0,3,0.08,5.0,5.0,45.49549380398047,0.07,5.0,5.0,44.67118850920015,0.1,5.0,5.0,45.70146451370635,0,0,0,0,0,1
13641,7.0,2005,1.0,398.0,2175.0,3774.0,4,0.09,8.0,7.0,49.084012539184954,0.09,8.0,7.0,40.68526645768025,0.09,8.0,7.0,46.20940438871473,0,0,0,1,0,1
13642,17.0,2011,11.0,379.0,2820.0,4923.0,1,0.08,7.0,7.0,1.0,0.08,7.0,7.0,1.0,0.03,7.0,7.0,1.0,0,0,0,0,0,1
13643,15.0,2013,7.0,13.0,172.0,565.0,8,0.06,7.5,7.65,66.0,0.22,5.87,6.05,17.0,0.22,5.87,6.05,17.0,0,0,0,1,0,1
13644,4.0,2010,8.0,29.0,120.0,1131.0,7,0.18,4.95,5.9,4.0,0.21,4.15,5.7,4.0,0.11,4.15,5.7,4.0,0,0,0,0,0,1
13645,17.0,2007,3.0,201.0,1040.0,2288.0,3,0.01,6.0,7.4,1.0,0.14,7.7,7.3,23.0,0.07,6.0,7.0,1.0,0,0,0,0,0,1
13646,14.0,2004,8.0,64.0,1789.0,2210.0,1,0.35,5.27,7.0,0.5,0.15,5.27,7.0,0.5,0.26,7.6,7.6,0.5,0,0,0,0,0,1
13647,7.0,2008,11.0,486.0,2821.0,4924.0,1,0.02,6.076557377049176,6.4289414021625335,50.52577025484975,0.02,6.1574189047785115,6.543221137077076,48.40728413845569,0.02,6.202197418904775,6.585209277990916,49.56694560669456,0,0,0,0,0,1
13648,4.0,2010,4.0,26.0,2822.0,4925.0,1,0.05,6.036517973148549,6.446041576440007,42.41893830703013,0.05,6.13182763100909,6.5621524469467225,36.190578670492584,0.02,6.158211346903418,6.59756604590732,41.083213773314206,0,0,0,0,0,1
13649,15.0,2003,12.0,2.0,599.0,4926.0,5,0.04,8.16,8.13,273.0,0.04,8.16,8.13,273.0,0.04,8.16,8.13,273.0,0,0,0,1,0,1
13650,5.0,2012,10.0,487.0,694.0,4927.0,4,0.0,0.0,0.0,0.0,0.12,0.0,0.0,0.0,0.12,0.0,0.0,0.0,0,0,0,0,0,1
13651,7.0,2001,7.0,78.0,997.0,2789.0,6,0.17,4.45,4.65,13.0,0.17,4.45,4.65,13.0,0.17,3.5,1.4,13.0,0,0,0,0,0,1
13652,13.0,1998,1.0,15.0,2823.0,4928.0,1,0.06,6.0160609318996405,6.403268817204285,46.05333068992863,0.06,6.099759856630821,6.523605734767007,42.11122125297383,0.06,6.1246594982078815,6.541229390680994,45.49722442505948,0,0,0,0,0,1
13653,4.0,2007,1.0,108.0,2824.0,4929.0,1,0.18,5.9,8.6,47.55820785897907,0.18,5.9,8.6,46.14738646101114,0.18,5.9,8.6,47.53813196229649,0,0,0,0,0,1
13654,9.0,2004,9.0,8.0,94.0,2758.0,7,0.07,4.7,5.3,14.0,0.39,5.3,6.95,14.0,0.07,4.7,5.3,14.0,0,0,0,0,0,1
13655,17.0,2011,11.0,292.0,2825.0,4930.0,1,0.05,6.8,6.8,45.77475613360922,0.05,6.8,6.8,44.85269484678293,0.05,6.8,6.8,45.76973100798108,0,0,0,0,0,1
13656,17.0,2006,6.0,49.0,2086.0,4792.0,11,0.33,7.97,7.25,29.5,0.05,7.35,8.15,25.0,0.05,7.35,8.15,25.0,0,0,0,0,0,1
13657,4.0,2009,5.0,26.0,2826.0,4931.0,1,0.05,6.06531266560678,6.414785373608896,47.58155002891845,0.05,6.151277159512439,6.537713301536816,45.36119144013881,0.05,6.18789083200847,6.572859035506092,49.094852515905146,0,0,0,0,0,1
13658,14.0,2005,10.0,13.0,51.0,2540.0,6,0.07,6.73,8.2,38.0,0.07,6.73,8.2,38.0,0.07,6.73,8.2,38.0,0,0,1,0,0,1
13659,11.0,2016,12.0,3.0,328.0,1024.0,2,0.5,7.5,5.75,4.5,0.37,7.55,5.95,30.0,0.05,6.53,6.43,47.0,1,0,0,1,0,1
13660,15.0,2007,12.0,29.0,822.0,1772.0,9,0.24,6.4,5.25,5.0,0.25,6.0,6.4,5.0,0.05,8.77,8.68,186.0,0,0,0,1,0,1
13661,13.0,1995,7.0,89.0,985.0,4932.0,1,0.07,4.0,4.0,1.0,0.08,4.0,4.0,1.0,0.08,4.0,4.0,1.0,0,0,0,0,0,1
13662,17.0,2012,4.0,132.0,206.0,3190.0,1,0.1,6.072961653015631,6.425969843633651,50.50295255548768,0.11,6.152457185405805,6.543201787043918,48.179596823457544,0.11,6.196662323157107,6.5816586001488995,49.25208715129302,0,0,0,0,0,1
13663,5.0,2007,5.0,215.0,474.0,4933.0,11,0.01,8.3,8.3,46.33063646170442,0.01,8.3,8.3,44.32092772384035,0.01,8.3,8.3,47.683791801510246,0,0,0,0,0,1
13664,13.0,1998,1.0,14.0,2827.0,4934.0,1,0.06,6.0160609318996405,6.403268817204285,46.05333068992863,0.06,6.099759856630821,6.523605734767007,42.11122125297383,0.06,6.1246594982078815,6.541229390680994,45.49722442505948,0,0,0,0,0,1
13665,12.0,2000,1.0,15.0,791.0,2110.0,1,0.06,8.0,8.0,1.0,0.17,8.0,8.0,1.0,0.27,8.0,8.0,1.0,1,0,0,0,1,1
13666,15.0,2011,12.0,54.0,2828.0,4654.0,9,0.05,7.5,7.75,2.0,0.03,7.5,7.75,2.0,0.05,7.35,7.75,4.0,1,0,0,0,0,1
13667,12.0,1998,1.0,15.0,2829.0,4935.0,1,0.05,6.0160609318996405,6.403268817204285,46.05333068992863,0.05,6.099759856630821,6.523605734767007,42.11122125297383,0.05,6.1246594982078815,6.541229390680994,45.49722442505948,0,0,0,0,1,1
13668,6.0,2010,1.0,49.0,2370.0,1336.0,1,0.05,5.0,6.0,4.0,0.05,5.0,6.0,4.0,0.07,5.0,6.0,4.0,0,0,0,0,0,1
13669,4.0,2010,9.0,26.0,2830.0,4936.0,1,0.05,6.036517973148549,6.446041576440007,42.41893830703013,0.05,6.13182763100909,6.5621524469467225,36.190578670492584,0.05,6.158211346903418,6.59756604590732,41.083213773314206,0,0,0,0,0,1
13670,17.0,2007,7.0,24.0,435.0,1893.0,10,0.32,6.56,6.65,18.0,0.03,6.3,6.65,18.0,0.32,5.63,7.42,9.0,1,0,0,0,0,1
13671,17.0,2006,3.0,9.0,169.0,3085.0,3,0.18,5.57,6.58,12.5,0.12,6.1,6.87,8.5,0.14,6.95,8.3,22.0,1,0,0,0,0,1
13672,24.0,1996,11.0,488.0,2831.0,4937.0,1,0.0,0.0,0.0,0.0,0.0,0.0,0.0,0.0,0.0,0.0,0.0,0.0,0,0,0,0,0,1
13673,24.0,1994,1.0,9.0,34.0,2363.0,1,0.05,7.7,7.7,3.0,0.07,8.5,8.5,2.0,0.07,8.5,8.5,2.0,0,0,1,0,0,1
13674,23.0,2012,9.0,15.0,2832.0,4938.0,1,0.07,6.072961653015631,6.425969843633651,50.50295255548768,0.07,6.152457185405805,6.543201787043918,48.179596823457544,0.07,6.196662323157107,6.5816586001488995,49.25208715129302,0,0,0,0,0,1
13675,7.0,2005,9.0,29.0,204.0,4939.0,4,0.45,5.6,6.9,9.5,0.27,6.22,7.2,9.5,0.27,6.22,7.2,9.5,0,0,0,0,0,1
13676,4.0,2009,7.0,209.0,1013.0,1858.0,9,0.33,5.15,5.15,1.0,0.41,6.3,6.3,1.0,0.41,6.3,6.3,1.0,0,0,0,0,0,1
13677,6.0,2011,1.0,152.0,2301.0,2162.0,3,0.12,8.1,7.72,39.0,0.12,8.1,7.72,39.0,0.04,3.0,7.72,0.0,0,0,0,0,0,1
13678,17.0,2011,11.0,292.0,2833.0,4940.0,1,0.04,8.0,7.8,75.0,0.04,8.0,7.8,75.0,0.04,8.0,7.8,75.0,0,0,0,0,0,1
13679,8.0,1995,4.0,367.0,2665.0,3244.0,1,0.0,0.0,0.0,0.0,0.0,0.0,0.0,0.0,0.0,0.0,0.0,0.0,1,0,0,0,0,1
13680,14.0,2005,12.0,3.0,2834.0,4941.0,10,0.06,6.35,6.35,19.0,0.04,8.0,8.05,5.0,0.04,8.0,8.05,5.0,0,0,0,0,0,1
13681,15.0,2011,3.0,461.0,2835.0,4942.0,9,0.01,7.85,7.7,33.5,0.01,7.85,7.7,33.5,0.01,7.85,7.7,33.5,0,0,0,0,0,1
13682,17.0,2012,9.0,292.0,2836.0,4943.0,1,0.05,6.072961653015631,6.425969843633651,50.50295255548768,0.05,6.152457185405805,6.543201787043918,48.179596823457544,0.05,6.196662323157107,6.5816586001488995,49.25208715129302,0,0,0,0,0,1
13683,19.0,2002,1.0,5.0,217.0,1320.0,10,0.13,6.3,6.4,3.0,0.2,6.25,6.0,1.0,0.46,6.87,7.45,6.0,0,0,0,0,0,1
13684,10.0,2011,4.0,257.0,2500.0,4372.0,1,0.01,6.107652813930537,6.467882595817321,45.77475613360922,0.01,6.194403554438579,6.56657391616556,44.85269484678293,0.01,6.2266573916165795,6.606709451575302,45.76973100798108,0,0,0,0,0,1
13685,1.0,2010,3.0,158.0,853.0,4944.0,6,0.02,6.033445600132071,6.393825326069004,49.04950405770965,0.02,6.117914809311541,6.507062902426945,47.05843101893598,0.02,6.163670133729564,6.549328050189856,48.10054102795311,0,0,0,0,0,1
13686,5.0,2011,7.0,82.0,1113.0,4945.0,1,0.01,6.107652813930537,6.467882595817321,45.77475613360922,0.15,6.194403554438579,6.56657391616556,44.85269484678293,0.15,6.2266573916165795,6.606709451575302,45.76973100798108,0,0,0,0,0,1
13687,4.0,2012,9.0,176.0,513.0,4946.0,3,0.09,6.107345193294558,6.472551317139987,45.49549380398047,0.1,6.193362983236427,6.570975025658612,44.67118850920015,0.1,6.222634279849501,6.6114531303455575,45.70146451370635,0,0,0,0,0,1
13688,5.0,2012,1.0,3.0,102.0,4947.0,3,0.08,7.5,7.5,0.0,0.08,7.5,7.5,0.0,0.08,7.5,7.5,0.0,0,0,1,0,0,1
13689,15.0,2003,9.0,3.0,5.0,11.0,11,1.28,7.03,7.65,72.0,1.72,9.0,8.6,17.0,2.49,9.0,8.6,17.0,1,1,1,0,0,1
13690,19.0,2003,1.0,54.0,83.0,2115.0,9,0.01,6.9,6.5,0.0,0.07,7.05,7.5,0.0,0.28,7.4,8.42,3.0,1,0,0,0,0,1
13691,17.0,2009,9.0,15.0,2837.0,4948.0,1,0.06,6.06531266560678,6.414785373608896,47.58155002891845,0.06,6.151277159512439,6.537713301536816,45.36119144013881,0.06,6.18789083200847,6.572859035506092,49.094852515905146,0,0,0,0,0,1
13692,8.0,1995,3.0,58.0,2838.0,4949.0,1,0.27,6.105477410782085,6.471694191344031,46.30825496342738,0.27,6.192767653758562,6.565149962034973,45.062225705329155,0.27,6.223125474563416,6.604986712224803,46.031556948798325,0,0,0,0,0,1
13693,1.0,2010,1.0,54.0,853.0,4950.0,10,0.06,6.057083503054985,6.415594704684301,49.885309852875615,0.04,6.142910386965374,6.540040733197534,48.07779759251003,0.04,6.1904786150712745,6.577492871690405,49.565425769059296,0,0,0,0,0,1
13694,1.0,2010,6.0,489.0,824.0,4951.0,6,0.02,5.7,5.7,49.04950405770965,0.57,5.7,5.7,47.05843101893598,0.57,5.7,5.7,48.10054102795311,0,0,0,0,0,1
13695,12.0,1999,12.0,26.0,2839.0,4952.0,1,0.06,6.0,6.0,1.0,0.06,6.0,6.0,1.0,0.06,6.0,6.0,1.0,0,0,0,0,0,1
13696,12.0,1999,3.0,6.0,1349.0,4953.0,1,0.11,7.5,4.08,9.0,0.26,7.5,7.6,44.0,0.26,7.5,7.6,44.0,0,0,0,0,1,1
13697,12.0,1999,12.0,53.0,511.0,755.0,2,0.05,2.0,7.4,5.0,0.01,2.0,8.2,5.0,0.01,2.0,8.2,5.0,1,0,0,0,0,1
13698,12.0,1999,3.0,161.0,2840.0,4954.0,6,0.03,7.8,7.8,48.433114191796484,0.03,7.8,7.8,47.18157781906531,0.03,7.8,7.8,48.5520937544662,0,0,0,0,0,1
13699,12.0,2000,2.0,53.0,1597.0,4955.0,1,0.12,6.080184531886015,6.4249240162822545,49.17336199229173,0.19,6.164715061058349,6.539900949796512,47.802772013044766,0.19,6.208497964721839,6.582871099050231,49.20360213459828,0,0,0,0,0,1
13700,9.0,2003,2.0,11.0,1086.0,4956.0,3,0.13,5.6,8.4,46.11504800747727,0.13,5.6,8.4,45.224657999830065,0.13,5.6,8.4,46.5193304443878,0,0,0,0,0,1
13701,12.0,1998,10.0,15.0,2841.0,4957.0,1,0.04,6.0160609318996405,6.403268817204285,46.05333068992863,0.04,6.099759856630821,6.523605734767007,42.11122125297383,0.04,6.1246594982078815,6.541229390680994,45.49722442505948,0,0,0,0,0,1
13702,7.0,2003,9.0,156.0,2842.0,4958.0,1,0.02,6.1012652384897565,6.454888152444128,47.685338686698614,0.02,6.1868883891584945,6.56346904959172,46.47707550835384,0.02,6.225610131376502,6.600911350455717,47.855459137417434,0,0,0,0,0,1
13703,17.0,2012,9.0,217.0,253.0,559.0,1,0.07,6.4,7.05,4.0,0.27,6.4,7.05,4.0,0.39,5.55,7.1,9.0,0,0,0,0,0,1
13704,19.0,2002,2.0,29.0,2631.0,2910.0,1,0.09,5.0,4.5,2.0,0.05,5.0,7.0,2.0,0.05,5.0,7.0,2.0,1,0,0,0,0,1
13705,17.0,2011,4.0,49.0,524.0,4131.0,1,0.08,4.83,6.95,96.0,0.66,4.83,6.95,96.0,0.02,4.83,6.95,96.0,0,0,0,0,0,1
13706,4.0,2007,5.0,33.0,494.0,2361.0,2,0.18,6.2,6.3,1.0,0.06,6.2,5.0,1.0,0.23,8.4,7.5,60.0,0,0,0,1,0,1
13707,14.0,2005,12.0,36.0,511.0,755.0,10,0.13,7.3,8.6,0.0,0.11,5.15,6.45,1.0,0.11,5.15,6.45,1.0,1,0,0,0,0,1
13708,15.0,2012,9.0,13.0,442.0,67.0,3,0.44,7.35,7.9,36.0,1.18,5.4,5.75,174.5,1.18,5.4,5.75,174.5,1,1,0,1,0,1
13709,17.0,2012,1.0,217.0,2370.0,1336.0,1,0.06,6.072961653015631,6.425969843633651,50.50295255548768,0.06,6.152457185405805,6.543201787043918,48.179596823457544,0.04,6.196662323157107,6.5816586001488995,49.25208715129302,0,0,0,0,0,1
13710,5.0,2007,9.0,49.0,253.0,559.0,3,0.1,5.75,6.7,4.0,0.33,5.75,6.7,4.0,0.15,4.65,6.6,1.0,0,0,0,0,0,1
13711,4.0,2005,1.0,35.0,1135.0,4959.0,3,0.03,6.9,7.5,46.60222359481161,0.05,6.9,7.5,44.080914144533665,0.05,6.9,7.5,47.680667078443484,0,0,0,0,0,1
13712,13.0,1998,7.0,26.0,2843.0,1833.0,1,0.45,6.0,7.0,1.0,0.45,6.0,7.0,1.0,0.34,6.0,7.0,1.0,0,0,0,0,0,1
13713,4.0,2010,6.0,6.0,625.0,3600.0,10,0.08,5.0,5.0,1.0,0.2,5.0,5.0,1.0,0.01,5.0,5.0,1.0,0,0,0,0,0,1
13714,6.0,2012,3.0,54.0,191.0,563.0,1,0.11,7.0,6.7,42.0,0.19,7.0,6.7,42.0,0.2,6.23,6.3,154.0,1,0,0,0,0,1
13715,17.0,2009,4.0,4.0,2844.0,4960.0,1,0.06,6.06531266560678,6.414785373608896,47.58155002891845,0.06,6.151277159512439,6.537713301536816,45.36119144013881,0.06,6.18789083200847,6.572859035506092,49.094852515905146,0,0,0,0,0,1
13716,11.0,2014,9.0,4.0,166.0,207.0,8,4.55,9.25,8.8,378.0,1.85,7.65,8.1,167.0,1.85,7.65,8.1,167.0,1,0,0,0,0,1
13717,17.0,2013,1.0,9.0,34.0,1302.0,1,0.11,8.55,5.5,2.0,0.23,8.55,8.47,39.0,0.13,8.55,8.47,39.0,0,0,1,0,0,1
13718,6.0,2007,11.0,9.0,2845.0,4961.0,1,0.06,6.099566138746374,6.4607807271916755,47.55820785897907,0.06,6.186688601383021,6.564681017176054,46.14738646101114,0.06,6.2206457729199345,6.6001962971225066,47.53813196229649,0,0,0,0,0,1
13719,4.0,2009,5.0,90.0,2846.0,4962.0,1,0.49,3.6,2.0,1.0,0.49,3.6,2.0,1.0,0.49,3.6,2.0,1.0,0,0,0,0,0,1
13720,18.0,2016,10.0,26.0,1003.0,1207.0,6,0.11,5.9,6.18,5.5,0.06,7.55,7.75,23.0,0.28,6.03,6.53,27.5,0,0,0,0,0,1
13721,17.0,2011,11.0,292.0,2356.0,4095.0,1,0.04,6.107652813930537,6.467882595817321,45.77475613360922,0.04,6.194403554438579,6.56657391616556,44.85269484678293,0.07,6.2266573916165795,6.606709451575302,45.76973100798108,0,0,0,0,0,1
13722,7.0,2008,7.0,9.0,34.0,4963.0,1,0.06,6.5,8.0,1.0,5.14,6.5,6.6,48.0,5.14,6.5,6.6,48.0,1,0,1,0,0,1
13723,7.0,2002,3.0,91.0,1222.0,4964.0,9,0.19,5.45,4.65,1.0,0.31,5.45,4.65,1.0,0.31,5.45,4.65,1.0,0,0,0,0,0,1
13724,4.0,2008,6.0,143.0,2847.0,4965.0,1,0.07,6.076557377049176,6.4289414021625335,50.52577025484975,0.07,6.1574189047785115,6.543221137077076,48.40728413845569,0.07,6.202197418904775,6.585209277990916,49.56694560669456,0,0,0,0,0,1
13725,4.0,2009,11.0,26.0,744.0,939.0,1,0.04,8.0,8.0,1.0,0.04,8.0,8.0,1.0,0.08,8.0,8.0,1.0,0,0,0,0,0,1
13726,7.0,2006,4.0,49.0,901.0,1385.0,1,0.21,7.0,8.2,85.0,0.06,6.4,7.3,13.0,0.06,6.4,7.3,13.0,1,0,0,0,0,1
13727,18.0,2014,9.0,12.0,687.0,1029.0,5,0.31,5.0,6.6,11.0,0.11,7.83,8.1,39.0,0.11,7.83,8.1,39.0,0,0,0,0,0,1
13728,10.0,2014,11.0,430.0,2848.0,4966.0,1,0.07,6.0370023640661925,6.4082836879432445,47.3185817805383,0.07,6.127933806146561,6.533567375886503,45.40683229813665,0.07,6.178366430260039,6.570146572104003,49.021868530020704,0,0,0,0,0,1
13729,15.0,2007,12.0,24.0,506.0,4707.0,11,0.16,5.67,6.43,26.5,0.19,6.3,4.77,5.0,0.05,8.05,8.0,22.0,0,0,0,0,0,1
13730,9.0,2002,1.0,6.0,701.0,4967.0,11,0.14,6.6,7.15,1.0,0.41,5.75,6.65,3.0,0.41,5.75,6.65,3.0,0,0,0,0,0,1
13731,4.0,2009,8.0,6.0,2849.0,4968.0,1,0.06,6.06531266560678,6.414785373608896,47.58155002891845,0.06,6.151277159512439,6.537713301536816,45.36119144013881,0.06,6.18789083200847,6.572859035506092,49.094852515905146,0,0,0,0,0,1
13732,6.0,2012,4.0,266.0,1217.0,2474.0,1,0.2,8.5,8.1,30.5,0.14,8.5,8.1,30.5,0.21,8.5,8.1,30.5,0,0,0,0,0,1
13733,7.0,2008,9.0,3.0,448.0,1220.0,2,0.53,6.0,6.5,1.0,0.09,6.0,6.5,1.0,0.17,6.0,5.0,1.0,0,0,0,0,0,1
13734,4.0,2010,6.0,75.0,1013.0,4969.0,10,0.07,6.057083503054985,6.415594704684301,49.885309852875615,0.07,6.142910386965374,6.540040733197534,48.07779759251003,0.07,6.1904786150712745,6.577492871690405,49.565425769059296,0,0,0,0,0,1
13735,7.0,2006,11.0,490.0,2850.0,4970.0,1,0.0,0.0,0.0,0.0,0.0,0.0,0.0,0.0,0.0,0.0,0.0,0.0,0,0,0,0,0,1
13736,11.0,2014,12.0,49.0,1696.0,1160.0,9,0.06,7.0,7.45,1.0,0.14,5.85,6.25,2.5,0.06,5.85,6.25,2.5,1,0,0,0,1,1
13737,7.0,2003,1.0,15.0,87.0,2041.0,1,0.2,6.1012652384897565,6.454888152444128,47.685338686698614,0.51,6.1868883891584945,6.56346904959172,46.47707550835384,0.29,6.225610131376502,6.600911350455717,47.855459137417434,0,0,1,0,0,1
13738,17.0,2009,10.0,228.0,2334.0,4058.0,1,0.01,6.06531266560678,6.414785373608896,47.58155002891845,0.01,6.151277159512439,6.537713301536816,45.36119144013881,0.02,6.18789083200847,6.572859035506092,49.094852515905146,0,0,0,0,0,1
13739,4.0,2006,6.0,95.0,1284.0,4971.0,1,0.07,7.4,7.5,48.764652014652015,0.03,7.4,7.5,40.60225885225885,0.03,7.4,7.5,45.93101343101343,0,0,0,0,0,1
13740,9.0,2003,2.0,11.0,2851.0,670.0,12,0.28,5.47,8.3,16.5,0.28,5.47,8.3,16.5,0.28,5.47,6.93,16.5,0,0,0,0,0,1
13741,15.0,2005,4.0,44.0,235.0,290.0,4,0.0,0.0,0.0,0.0,0.0,0.0,0.0,0.0,0.0,0.0,0.0,0.0,1,0,0,0,0,1
13742,15.0,2010,12.0,207.0,1529.0,4972.0,1,0.22,7.17,7.4,19.5,0.22,7.17,7.4,19.5,0.22,7.17,7.4,19.5,0,0,0,0,0,1
13743,6.0,2012,10.0,487.0,694.0,4927.0,4,0.04,3.7,5.0,2.0,0.33,5.4,5.15,2.0,0.04,3.7,5.0,2.0,0,0,0,0,0,1
13744,7.0,2007,10.0,234.0,1139.0,1850.0,1,0.02,6.2,7.0,5.0,0.08,6.6,8.5,5.0,0.2,6.35,7.65,13.0,1,0,0,0,0,1
13745,4.0,2007,6.0,6.0,640.0,4973.0,1,0.07,6.7,6.7,47.55820785897907,0.08,6.7,6.7,46.14738646101114,0.08,6.7,6.7,47.53813196229649,0,0,0,0,0,1
13746,6.0,2016,4.0,17.0,1247.0,416.0,1,0.05,5.0,6.2,14.0,0.19,5.0,7.5,2.0,0.73,6.2,6.85,111.0,1,0,0,0,0,1
13747,6.0,2013,11.0,279.0,2852.0,4974.0,1,0.03,6.016843832020995,6.3843011811023525,43.64141414141414,0.03,6.091391076115479,6.49972440944881,40.217532467532465,0.03,6.117578740157478,6.52308070866142,43.198232323232325,0,0,0,0,0,1
13748,15.0,2010,11.0,6.0,590.0,870.0,1,0.07,3.0,4.0,3.0,0.19,3.0,4.0,3.0,0.19,3.0,4.0,3.0,0,0,0,0,0,1
13749,17.0,2011,11.0,157.0,2092.0,4703.0,1,0.08,6.107652813930537,6.467882595817321,45.77475613360922,0.05,6.194403554438579,6.56657391616556,44.85269484678293,0.05,6.2266573916165795,6.606709451575302,45.76973100798108,0,0,0,0,0,1
13750,6.0,2007,1.0,6.0,62.0,2075.0,5,0.11,5.0,5.0,2.0,0.17,5.7,5.4,2.0,0.17,5.7,5.4,2.0,0,0,1,0,0,1
13751,6.0,2009,12.0,42.0,2180.0,4975.0,1,0.05,5.77,6.2,2.5,0.05,5.77,6.2,2.5,0.05,5.77,6.2,2.5,1,0,0,0,0,1
13752,14.0,2006,9.0,3.0,135.0,3092.0,5,0.76,7.55,7.35,39.0,0.05,5.2,7.5,2.0,0.05,5.2,7.5,2.0,0,0,0,0,0,1
13753,9.0,2004,5.0,1.0,1.0,111.0,1,0.07,3.0,6.2,9.0,0.07,3.0,6.2,9.0,1.5,3.0,5.9,12.0,0,0,1,0,0,1
13754,17.0,2009,9.0,59.0,448.0,3491.0,12,0.11,4.65,2.9,5.0,0.11,5.05,4.65,1.0,0.11,4.65,2.9,5.0,0,0,0,0,0,1
13755,17.0,2009,7.0,356.0,1139.0,2965.0,5,0.02,6.5,8.0,9.0,0.04,6.5,8.0,9.0,0.01,7.0,8.0,71.0,1,0,0,0,0,1
13756,7.0,2009,12.0,410.0,1405.0,4976.0,1,0.08,6.5,7.0,1.0,0.14,6.5,8.05,2.0,0.14,6.5,8.05,2.0,0,0,0,0,0,1
13757,4.0,2009,5.0,71.0,2853.0,4977.0,5,0.31,7.9,8.47,55.0,0.31,7.9,8.47,55.0,0.31,7.9,8.47,55.0,0,0,0,0,0,1
13758,4.0,2007,6.0,26.0,2854.0,4978.0,1,0.05,6.099566138746374,6.4607807271916755,47.55820785897907,0.05,6.186688601383021,6.564681017176054,46.14738646101114,0.05,6.2206457729199345,6.6001962971225066,47.53813196229649,0,0,0,0,0,1
13759,13.0,1995,8.0,242.0,1326.0,2165.0,1,0.19,5.0,5.5,2.0,0.27,5.0,5.5,2.0,0.27,5.0,5.5,2.0,0,0,0,0,0,1
13760,14.0,2004,6.0,170.0,2672.0,4979.0,8,0.01,7.0,7.0,46.24001774622893,0.05,7.0,7.0,45.763329837864,0.05,7.0,7.0,46.973985641687506,0,0,0,0,0,1
13761,17.0,2011,11.0,292.0,2855.0,4980.0,1,0.04,6.107652813930537,6.467882595817321,45.77475613360922,0.04,6.194403554438579,6.56657391616556,44.85269484678293,0.04,6.2266573916165795,6.606709451575302,45.76973100798108,0,0,0,0,0,1
13762,4.0,2010,11.0,15.0,87.0,4981.0,1,0.06,7.0,7.0,1.0,0.07,7.0,7.0,1.0,0.04,7.0,7.0,1.0,0,0,1,0,0,1
13763,15.0,2013,9.0,13.0,51.0,67.0,1,0.2,7.83,7.52,103.5,0.27,7.67,7.47,126.0,0.27,7.67,7.47,126.0,1,1,1,1,0,1
13764,1.0,2010,10.0,26.0,2856.0,4982.0,1,0.04,6.036517973148549,6.446041576440007,42.41893830703013,0.04,6.13182763100909,6.5621524469467225,36.190578670492584,0.04,6.158211346903418,6.59756604590732,41.083213773314206,0,0,0,0,0,1
13765,6.0,2011,9.0,4.0,86.0,693.0,1,0.06,8.0,8.0,1.0,0.1,8.0,8.3,181.0,0.1,8.0,8.3,181.0,0,0,0,1,0,1
13766,5.0,2011,10.0,379.0,2857.0,4983.0,1,0.04,6.7,7.5,7.0,0.04,6.7,7.5,7.0,0.04,6.7,7.5,7.0,0,0,0,0,0,1
13767,1.0,2010,1.0,54.0,1475.0,4762.0,9,0.43,7.6,8.5,49.51921757035004,0.22,3.3,8.5,47.858499199267904,0.22,3.3,8.5,49.493479752916954,0,0,0,0,0,1
13768,4.0,2007,7.0,6.0,729.0,844.0,6,0.74,6.5,6.9,48.0,0.07,6.5,7.45,121.0,0.31,7.25,7.75,7.0,0,0,0,0,0,1
13769,17.0,2009,4.0,228.0,1456.0,2325.0,1,0.01,5.0,5.8,1.0,0.23,5.0,5.8,1.0,0.24,4.15,5.3,1.0,0,0,0,0,0,1
13770,4.0,2008,11.0,26.0,2858.0,4984.0,1,0.05,6.076557377049176,6.4289414021625335,50.52577025484975,0.05,6.1574189047785115,6.543221137077076,48.40728413845569,0.05,6.202197418904775,6.585209277990916,49.56694560669456,0,0,0,0,0,1
13771,17.0,2008,11.0,458.0,2850.0,4970.0,1,0.02,2.0,2.0,1.0,0.02,2.0,2.0,1.0,0.04,2.0,2.0,1.0,0,0,0,0,0,1
13772,7.0,2003,10.0,9.0,294.0,4985.0,1,0.23,7.6,7.8,34.0,0.07,7.6,7.8,34.0,0.07,7.6,7.8,34.0,0,0,0,0,0,1
13773,7.0,2004,9.0,9.0,1055.0,1705.0,8,0.09,4.2,6.65,1.0,0.38,7.8,7.72,34.5,0.38,7.8,7.72,34.5,0,0,0,0,0,1
13774,4.0,2008,11.0,453.0,2859.0,4986.0,1,0.0,0.0,0.0,0.0,0.0,0.0,0.0,0.0,0.0,0.0,0.0,0.0,0,0,0,0,0,1
13775,5.0,2006,5.0,15.0,29.0,778.0,8,0.04,7.8,7.8,1.0,0.06,6.1,6.0,1.0,0.01,6.1,6.7,3.0,1,0,0,0,0,1
13776,9.0,2003,3.0,11.0,560.0,483.0,9,0.26,6.6,7.75,3.0,0.08,6.6,7.1,3.0,1.55,6.53,6.53,31.0,0,0,0,0,0,1
13777,10.0,2012,11.0,54.0,190.0,4796.0,1,0.07,8.5,8.5,2.0,0.05,8.5,8.5,2.0,0.05,8.5,8.5,2.0,0,0,0,0,0,1
13778,5.0,2009,3.0,8.0,170.0,238.0,1,0.11,6.1,7.1,172.0,1.36,7.93,7.43,172.0,1.36,7.93,7.43,172.0,1,0,0,0,1,1
13779,4.0,2009,9.0,11.0,1770.0,4987.0,1,0.11,5.2,5.2,47.58155002891845,0.09,5.2,5.2,45.36119144013881,0.09,5.2,5.2,49.094852515905146,0,0,0,0,0,1
13780,5.0,2009,1.0,26.0,1516.0,2517.0,3,0.01,6.8,7.55,4.0,0.21,6.8,7.55,4.0,0.21,6.8,7.55,4.0,0,0,0,0,0,1
13781,13.0,1997,12.0,8.0,220.0,2702.0,1,0.31,5.25,7.5,11.0,0.05,5.25,6.0,1.0,0.06,5.25,6.17,38.5,1,0,0,0,0,1
13782,15.0,2014,9.0,15.0,491.0,597.0,2,0.22,7.1,7.33,85.0,0.22,7.1,7.33,85.0,0.22,7.1,7.33,85.0,1,0,0,1,0,1
13783,4.0,2007,10.0,12.0,1563.0,3634.0,1,0.14,6.7,6.7,3.0,0.18,6.7,6.7,3.0,0.18,6.7,6.7,3.0,0,0,0,0,0,1
13784,13.0,1997,9.0,19.0,149.0,4988.0,1,0.05,8.0,8.0,28.0,0.55,8.0,8.0,28.0,0.55,8.0,8.0,28.0,0,0,0,0,0,1
13785,9.0,2002,1.0,6.0,315.0,4989.0,5,0.21,6.57,6.23,4.5,0.13,6.8,6.23,4.5,0.13,6.8,6.23,4.5,0,0,0,0,1,1
13786,1.0,2008,7.0,75.0,2860.0,4990.0,10,0.07,7.0,6.65,3.0,0.03,7.0,6.65,3.0,0.03,7.0,6.65,3.0,0,0,0,0,0,1
13787,6.0,2015,9.0,152.0,676.0,1240.0,6,0.14,8.0,7.45,15.0,0.14,8.0,7.45,15.0,0.14,8.0,7.45,15.0,1,0,0,0,0,1
13788,15.0,2010,4.0,8.0,307.0,4991.0,1,0.4,8.47,8.55,722.5,1.75,7.6,7.48,112.5,1.75,7.6,7.48,112.5,0,0,0,1,0,1
13789,6.0,2015,9.0,49.0,524.0,1335.0,1,0.05,4.5,5.75,5.0,0.02,4.5,5.75,5.0,0.02,4.5,5.75,5.0,1,0,0,0,0,1
13790,15.0,2005,8.0,5.0,69.0,4992.0,11,0.06,8.03,8.0,257.5,0.07,7.77,7.75,47.0,0.07,7.77,7.75,47.0,0,0,0,1,0,1
13791,6.0,2009,3.0,162.0,619.0,4993.0,1,0.11,7.8,6.6,5.0,0.11,3.03,3.22,2.5,0.11,3.03,3.22,2.5,0,0,0,0,0,1
13792,14.0,2006,11.0,91.0,817.0,4994.0,4,0.02,3.37,5.92,29.0,0.02,8.3,8.65,53.5,0.02,8.3,8.65,53.5,0,0,0,0,0,1
13793,15.0,2015,8.0,8.0,108.0,4995.0,7,0.51,6.1,5.9,4.0,2.97,5.5,4.6,24.0,2.97,5.5,4.6,24.0,0,0,0,0,0,1
13794,24.0,1995,6.0,491.0,2861.0,4996.0,1,0.0,0.0,0.0,0.0,0.0,0.0,0.0,0.0,0.0,0.0,0.0,0.0,0,0,0,0,0,1
13795,23.0,2015,9.0,257.0,2862.0,4997.0,1,0.06,6.023708006279429,6.380546310832016,44.238808539944905,0.06,6.098238618524324,6.497463108320238,40.88240358126722,0.06,6.122084772370479,6.520916797488228,43.51325757575758,0,0,0,1,0,1
13796,15.0,2011,8.0,42.0,1541.0,3456.0,3,0.11,3.8,6.22,7.0,0.11,3.8,6.22,7.0,0.11,3.8,6.22,7.0,0,0,0,0,0,1
13797,4.0,2005,6.0,26.0,2863.0,4998.0,1,0.07,5.941533923303834,6.313171091445431,50.56199677938808,0.07,6.055781710914458,6.470575221238942,37.569243156199676,0.07,6.052935103244841,6.466165191740415,43.750402576489535,0,0,0,0,0,1
13798,17.0,2010,11.0,134.0,2864.0,4999.0,1,0.09,6.8,7.75,3.0,0.09,6.8,7.75,3.0,0.09,6.8,7.75,3.0,0,0,0,0,0,1
13799,19.0,2005,10.0,26.0,2865.0,2214.0,12,0.09,6.8,6.95,4.0,0.09,6.8,6.95,4.0,0.08,5.6,7.9,4.0,0,0,0,0,0,1
13800,7.0,2010,6.0,3.0,2866.0,759.0,11,0.11,6.039757952973729,6.421583679114796,44.246983408748115,0.11,6.120172890733055,6.541791147994463,32.7447209653092,0.09,6.1493775933609935,6.577461964038736,36.71266968325792,0,0,0,0,0,1
13801,7.0,2008,6.0,170.0,2867.0,4501.0,10,0.13,2.0,4.2,0.0,0.13,2.0,4.2,0.0,0.13,2.0,4.2,0.0,0,0,0,0,0,1
13802,10.0,2016,11.0,26.0,2868.0,5000.0,1,0.05,6.0,6.0,1.0,0.05,6.0,6.0,1.0,0.05,6.0,6.0,1.0,0,0,0,0,0,1
13803,13.0,1999,1.0,15.0,103.0,4669.0,1,0.1,6.6,6.6,17.0,0.1,6.6,6.6,17.0,0.05,6.6,6.6,17.0,1,0,0,0,0,1
13804,7.0,2004,1.0,64.0,640.0,1784.0,5,0.02,3.55,7.5,0.0,0.26,4.35,5.7,2.0,0.26,4.35,5.7,2.0,0,0,0,0,0,1
13805,7.0,2006,12.0,301.0,125.0,2873.0,6,0.17,4.0,7.4,7.0,1.14,5.1,7.4,7.0,0.1,5.1,7.4,7.0,0,0,0,0,0,1
13806,15.0,2006,9.0,24.0,79.0,655.0,10,0.16,5.8,3.0,11.0,0.49,6.8,7.6,11.0,0.49,6.8,7.6,11.0,0,0,0,0,0,1
13807,15.0,2009,1.0,81.0,1359.0,2820.0,6,0.16,6.1,6.55,18.0,0.17,7.09,6.1,29.0,0.17,7.09,6.1,29.0,0,0,0,0,0,1
13808,4.0,2006,1.0,8.0,45.0,31.0,4,0.13,5.8,5.25,3.0,0.24,5.85,6.2,3.0,0.24,5.85,6.2,3.0,1,1,1,0,0,1
13809,15.0,2007,12.0,29.0,2869.0,1795.0,1,0.51,6.099566138746374,6.4607807271916755,47.55820785897907,0.51,6.186688601383021,6.564681017176054,46.14738646101114,0.51,6.2206457729199345,6.6001962971225066,47.53813196229649,0,0,0,1,0,1
13810,9.0,2002,4.0,26.0,2870.0,1860.0,1,0.06,8.05,5.0,1.0,0.06,8.05,5.0,1.0,0.33,8.05,7.9,10.0,1,0,0,0,0,1
13811,11.0,2015,4.0,299.0,2871.0,5001.0,1,0.09,6.0,6.8,7.5,0.09,6.0,6.8,7.5,0.09,6.0,6.8,7.5,1,0,0,0,0,1
13812,13.0,2001,11.0,53.0,805.0,3644.0,1,0.05,4.8,6.0,1.0,0.05,4.8,6.0,1.0,0.05,4.8,6.0,1.0,0,0,0,0,0,1
13813,15.0,2006,8.0,3.0,328.0,3543.0,10,0.12,7.8,7.15,5.5,0.14,7.5,7.1,12.0,0.11,7.0,8.4,7.0,0,0,0,1,0,1
13814,4.0,2009,5.0,209.0,2559.0,5002.0,3,0.36,7.0,7.0,20.0,0.03,6.3,6.3,20.0,0.03,6.3,6.3,20.0,0,0,0,0,0,1
13815,18.0,2015,11.0,12.0,721.0,3236.0,8,0.17,6.0,6.45,25.5,0.15,6.0,6.45,25.5,0.15,6.0,6.45,25.5,0,0,0,1,0,1
13816,13.0,1998,12.0,8.0,1603.0,2660.0,1,0.09,7.0,6.5,12.0,0.19,7.0,7.8,5.0,0.19,7.0,7.8,5.0,0,0,0,0,0,1
13817,17.0,2012,9.0,26.0,683.0,701.0,1,0.05,6.072961653015631,6.425969843633651,50.50295255548768,0.05,6.152457185405805,6.543201787043918,48.179596823457544,0.11,6.196662323157107,6.5816586001488995,49.25208715129302,0,0,0,0,0,1
13818,9.0,2001,5.0,117.0,612.0,5003.0,4,0.0,0.0,0.0,0.0,0.04,0.0,0.0,0.0,0.04,0.0,0.0,0.0,0,0,0,0,0,1
13819,4.0,2009,8.0,251.0,1014.0,2252.0,1,0.03,5.0,6.1,16.0,0.04,5.0,8.3,3.0,0.08,5.0,7.0,3.0,0,0,0,0,0,1
13820,17.0,2010,4.0,49.0,524.0,4131.0,1,0.05,7.0,6.9,42.41893830703013,0.07,7.0,6.9,36.190578670492584,0.03,7.0,6.9,41.083213773314206,0,0,0,0,0,1
13821,23.0,2015,4.0,492.0,1691.0,5004.0,1,0.01,5.0,5.0,1.0,0.03,5.0,5.0,1.0,0.03,5.0,5.0,1.0,0,0,0,0,0,1
13822,14.0,2002,3.0,36.0,130.0,215.0,2,0.73,6.63,7.8,18.0,0.14,6.63,7.3,11.0,2.87,6.63,7.3,33.0,1,0,0,1,0,1
13823,13.0,1999,5.0,11.0,1179.0,3717.0,1,0.17,5.2,5.2,6.0,0.17,5.2,5.2,6.0,0.17,5.2,5.2,6.0,0,0,0,0,0,1
13824,10.0,2015,5.0,103.0,2872.0,5005.0,8,0.35,8.0,8.0,4.0,0.35,8.0,8.0,4.0,0.35,8.0,8.0,4.0,0,0,0,0,0,1
13825,23.0,2016,6.0,49.0,871.0,1160.0,1,0.06,7.0,5.4,8.0,0.42,6.0,7.1,113.0,0.02,6.0,7.1,113.0,1,0,0,0,1,1
13826,15.0,2006,12.0,24.0,2873.0,5006.0,9,0.15,6.3,6.3,3.0,0.15,6.3,6.3,3.0,0.04,8.2,8.2,27.0,0,0,0,0,0,1
13827,18.0,2016,9.0,440.0,75.0,4378.0,7,0.06,6.45,7.0,9.0,1.17,8.0,7.7,124.0,1.17,8.0,7.7,124.0,0,0,0,0,0,1
13828,4.0,2009,6.0,52.0,1693.0,2816.0,1,0.05,6.06531266560678,6.414785373608896,47.58155002891845,0.05,6.151277159512439,6.537713301536816,45.36119144013881,0.05,6.18789083200847,6.572859035506092,49.094852515905146,0,0,0,0,0,1
13829,22.0,2001,9.0,26.0,424.0,701.0,1,0.12,5.8,8.0,4.0,0.7,5.8,8.2,4.0,0.43,7.1,8.8,4.0,0,0,0,0,1,1
13830,15.0,2007,9.0,8.0,137.0,135.0,6,0.27,5.55,5.4,9.0,0.27,5.55,5.4,9.0,0.27,5.55,5.4,9.0,0,0,1,0,0,1
13831,19.0,2006,10.0,26.0,672.0,1207.0,1,0.05,7.0,7.0,1.0,0.02,6.1,6.1,15.0,0.06,5.0,5.0,5.0,0,0,0,0,0,1
13832,4.0,2007,6.0,35.0,1433.0,5007.0,10,0.11,4.75,6.78,8.0,0.23,4.75,4.6,8.0,0.23,4.75,4.6,8.0,0,0,0,0,0,1
13833,1.0,2010,1.0,75.0,2874.0,5008.0,1,0.07,6.036517973148549,6.446041576440007,42.41893830703013,0.07,6.13182763100909,6.5621524469467225,36.190578670492584,0.07,6.158211346903418,6.59756604590732,41.083213773314206,0,0,0,0,0,1
13834,7.0,2005,9.0,339.0,2875.0,5009.0,3,0.05,4.0,6.7,5.0,0.05,4.0,6.7,5.0,0.05,4.0,6.7,5.0,0,0,0,0,0,1
13835,5.0,2015,9.0,239.0,548.0,4253.0,11,0.03,6.057470145953109,6.403937785640577,49.16500321957501,0.07,6.138727701606951,6.5195002211411035,47.164037347070185,0.07,6.185696594427226,6.56054400707652,48.79145202833226,0,0,0,0,0,1
13836,1.0,2009,3.0,75.0,2876.0,5010.0,10,0.01,7.5,8.5,101.0,0.03,6.0,5.7,101.0,0.03,6.0,5.7,101.0,0,0,0,0,0,1
13837,11.0,2016,1.0,415.0,2760.0,4843.0,2,0.07,6.128506397828617,6.492884063590576,46.048468085106386,0.07,6.210574641333858,6.590147343931802,45.15242553191489,0.07,6.244124079100441,6.630502520356739,46.48744680851064,0,0,0,0,0,1
13838,7.0,2008,11.0,379.0,2877.0,5011.0,1,0.0,0.0,0.0,0.0,0.0,0.0,0.0,0.0,0.02,0.0,0.0,0.0,0,0,0,0,0,1
13839,6.0,2009,3.0,201.0,1040.0,5012.0,6,0.06,4.2,8.3,5.0,0.02,4.2,6.8,5.0,0.02,4.2,6.8,5.0,0,0,0,0,0,1
13840,15.0,2003,7.0,2.0,127.0,20.0,3,0.27,4.75,6.5,1.0,0.6,8.73,8.87,150.5,6.43,8.68,8.4,247.0,1,1,0,1,1,1
13841,11.0,2016,6.0,9.0,34.0,1623.0,8,0.16,8.0,7.75,52.5,0.12,7.0,7.5,57.0,0.25,8.5,8.57,23.5,0,0,1,1,0,1
13842,23.0,2016,9.0,59.0,2878.0,4334.0,1,0.02,2.0,2.0,2.0,0.02,2.0,2.0,2.0,0.06,2.0,2.0,2.0,0,0,0,0,0,1
13843,10.0,2015,9.0,1.0,2879.0,1992.0,1,0.19,5.95,6.9,1.0,0.19,5.95,6.9,1.0,0.27,5.95,6.9,1.0,0,0,0,0,0,1
13844,14.0,2003,3.0,36.0,130.0,292.0,4,1.4,7.92,7.0,33.5,1.4,7.92,7.0,33.5,1.32,7.92,7.6,12.0,0,0,0,0,0,1
13845,1.0,2009,6.0,6.0,2880.0,5013.0,1,0.05,4.0,6.0,21.0,0.05,4.0,6.0,21.0,0.05,4.0,6.0,21.0,0,0,0,0,0,1
13846,4.0,2011,6.0,144.0,2881.0,5014.0,1,0.02,6.0,6.0,2.0,0.02,6.0,6.0,2.0,0.02,6.0,6.0,2.0,0,0,0,0,0,1
13847,13.0,1995,6.0,273.0,430.0,594.0,1,0.19,6.105477410782085,6.471694191344031,46.30825496342738,0.19,6.192767653758562,6.565149962034973,45.062225705329155,1.28,6.223125474563416,6.604986712224803,46.031556948798325,0,0,0,0,0,1
13848,15.0,2004,3.0,114.0,2882.0,5015.0,7,0.05,4.9,6.15,10.0,0.05,4.9,6.15,10.0,0.05,4.9,6.15,10.0,0,0,0,0,0,1
13849,17.0,2005,3.0,4.0,60.0,2509.0,4,0.24,8.0,7.9,5.0,0.15,6.6,7.65,5.0,0.15,6.6,7.65,5.0,0,0,1,0,0,1
13850,17.0,2006,5.0,26.0,424.0,701.0,1,0.04,4.0,5.7,18.0,0.09,5.5,8.1,18.0,0.23,5.5,6.7,3.0,0,0,0,0,0,1
13851,17.0,2007,12.0,71.0,743.0,5016.0,1,0.16,7.4,6.1,1.0,0.03,7.4,7.7,15.0,0.03,7.4,7.7,15.0,1,0,0,0,0,1
13852,13.0,2001,2.0,6.0,2883.0,5017.0,1,0.05,6.23,6.62,6.5,0.05,6.23,6.62,6.5,0.05,6.23,6.62,6.5,0,0,0,0,0,1
13853,1.0,2008,11.0,88.0,627.0,5018.0,12,0.32,6.65,6.45,5.0,0.11,6.65,6.45,5.0,0.11,6.65,6.45,5.0,0,0,0,0,0,1
13854,17.0,2006,9.0,49.0,253.0,320.0,1,0.09,7.6,8.3,13.0,0.05,6.8,7.8,13.0,0.05,6.8,7.8,13.0,1,0,0,1,1,1
13855,13.0,1999,11.0,26.0,479.0,5019.0,8,0.04,3.0,7.3,9.0,0.04,3.0,7.3,9.0,0.04,3.0,7.3,9.0,0,0,0,0,0,1
13856,13.0,1997,7.0,15.0,103.0,5020.0,1,0.1,8.0,8.0,28.0,0.45,7.9,7.9,41.0,0.45,7.9,7.9,41.0,0,0,0,0,0,1
13857,4.0,2012,9.0,26.0,2884.0,5021.0,1,0.04,6.072961653015631,6.425969843633651,50.50295255548768,0.04,6.152457185405805,6.543201787043918,48.179596823457544,0.04,6.196662323157107,6.5816586001488995,49.25208715129302,0,0,0,0,0,1
13858,7.0,2002,1.0,25.0,1279.0,5022.0,1,0.54,4.0,6.5,4.0,0.1,4.0,6.5,4.0,0.1,4.0,6.5,4.0,0,0,0,0,0,1
13859,4.0,2010,5.0,288.0,1996.0,5023.0,8,0.04,6.113035219305398,6.478658079243485,45.62894431036024,0.03,6.1999690200554625,6.577827327572197,44.9646017699115,0.03,6.233516223707835,6.62109571172349,46.39469920443372,0,0,0,0,0,1
13860,15.0,2009,9.0,29.0,157.0,193.0,10,0.07,7.83,6.8,116.0,0.75,7.83,7.68,116.0,3.03,7.42,7.38,271.5,1,0,0,0,0,1
13861,15.0,2004,9.0,8.0,1663.0,135.0,5,0.14,7.03,6.62,12.0,0.06,5.75,7.05,40.0,0.07,5.45,6.65,40.0,0,0,0,0,0,1
13862,13.0,1999,12.0,167.0,2885.0,4981.0,1,0.02,5.9864729458917845,6.425400801603205,44.05604395604396,0.02,6.120961923847696,6.589959919839676,34.17912087912088,0.02,6.162114228456913,6.618947895791575,38.04120879120879,0,0,0,0,0,1
13863,13.0,1996,7.0,368.0,2886.0,5024.0,1,0.08,5.0,5.0,51.629901960784316,0.08,5.0,5.0,32.81127450980392,0.08,5.0,5.0,43.85294117647059,0,0,0,0,0,1
13864,4.0,2010,6.0,224.0,1738.0,5025.0,10,0.05,7.0,8.6,37.0,0.01,7.0,6.8,37.0,0.01,7.0,6.8,37.0,0,0,0,0,0,1
13865,13.0,1996,1.0,89.0,2887.0,5026.0,1,0.76,7.9,7.9,18.0,0.76,7.9,7.9,18.0,0.76,7.9,7.9,18.0,1,0,0,0,0,1
13866,15.0,2015,9.0,20.0,234.0,824.0,6,0.41,7.5,7.23,10.0,0.53,7.3,7.42,9.5,0.53,7.3,7.42,9.5,0,0,0,0,0,1
13867,15.0,2009,11.0,42.0,2745.0,4248.0,5,0.08,6.7,7.25,26.5,0.05,6.7,7.25,26.5,0.07,6.67,7.52,16.5,1,0,0,0,0,1
13868,13.0,1997,8.0,8.0,612.0,5027.0,1,0.3,7.5,7.5,4.0,0.1,6.0,6.0,2.0,0.1,6.0,6.0,2.0,0,0,0,0,0,1
13869,9.0,2004,9.0,26.0,148.0,188.0,6,0.14,6.3,7.4,1.0,0.08,4.1,6.2,1.0,0.17,4.1,6.3,3.0,0,0,0,0,0,1
13870,27.0,1996,10.0,255.0,380.0,5028.0,1,0.06,6.074598214285714,6.518080357142857,51.629901960784316,0.06,6.105133928571427,6.627678571428572,32.81127450980392,0.06,6.240669642857141,6.645223214285716,43.85294117647059,1,0,0,0,0,1
13871,20.0,2012,6.0,6.0,42.0,340.0,11,0.12,4.83,3.75,5.0,0.18,7.05,6.15,47.0,0.76,6.2,7.1,47.0,0,0,1,0,0,1
13872,15.0,2015,12.0,3.0,2888.0,429.0,1,0.69,6.0,4.63,10.5,0.69,6.0,4.63,10.5,1.69,8.0,7.7,113.0,1,0,0,0,0,1
13873,9.0,2002,9.0,29.0,942.0,5029.0,3,0.06,6.4,7.45,8.0,0.06,6.4,7.45,8.0,0.06,6.4,7.45,8.0,0,0,0,0,0,1
13874,10.0,2015,9.0,134.0,1000.0,3380.0,11,0.46,7.53,6.97,19.5,0.06,7.53,4.85,1.0,0.06,7.53,4.85,1.0,0,0,0,0,0,1
13875,13.0,1999,6.0,15.0,2889.0,5030.0,1,0.05,5.9864729458917845,6.425400801603205,44.05604395604396,0.05,6.120961923847696,6.589959919839676,34.17912087912088,0.05,6.162114228456913,6.618947895791575,38.04120879120879,0,0,1,0,0,1
13876,17.0,2012,9.0,26.0,2890.0,4981.0,1,0.04,6.072961653015631,6.425969843633651,50.50295255548768,0.04,6.152457185405805,6.543201787043918,48.179596823457544,0.04,6.196662323157107,6.5816586001488995,49.25208715129302,0,0,0,0,0,1
13877,9.0,2005,9.0,482.0,634.0,5031.0,2,0.0,0.0,0.0,0.0,0.38,7.6,6.9,16.0,0.38,7.6,6.9,16.0,0,0,0,0,0,1
13878,17.0,2012,9.0,26.0,2891.0,5032.0,1,0.04,6.072961653015631,6.425969843633651,50.50295255548768,0.04,6.152457185405805,6.543201787043918,48.179596823457544,0.04,6.196662323157107,6.5816586001488995,49.25208715129302,0,0,0,0,0,1
13879,18.0,2015,1.0,361.0,1648.0,3383.0,1,0.02,7.3,7.2,44.238808539944905,0.02,7.3,7.2,40.88240358126722,0.02,7.3,7.2,43.51325757575758,0,0,0,0,0,1
13880,7.0,2004,11.0,246.0,227.0,3308.0,7,0.0,0.0,0.0,0.0,0.06,6.4,7.45,5.0,0.12,6.4,7.0,6.0,0,0,0,0,0,1
13881,17.0,2006,6.0,493.0,2892.0,5033.0,1,0.0,0.0,0.0,0.0,0.0,0.0,0.0,0.0,0.0,0.0,0.0,0.0,0,0,0,0,0,1
13882,9.0,2002,7.0,5.0,117.0,144.0,1,0.4,5.0,6.1,12.0,0.3,9.5,7.6,28.5,0.14,8.55,9.18,66.0,1,0,0,1,1,1
13883,17.0,2009,12.0,49.0,524.0,5034.0,1,0.05,4.6,5.95,8.0,0.25,4.6,5.95,8.0,0.25,4.6,5.95,8.0,0,0,0,0,0,1
13884,6.0,2014,11.0,134.0,2730.0,4791.0,1,0.13,7.0,7.7,6.0,0.13,7.0,7.7,6.0,0.05,7.0,8.0,1.0,0,0,0,0,0,1
13885,19.0,2006,1.0,15.0,87.0,2457.0,1,0.05,6.0,6.0,3.0,0.07,6.0,6.0,3.0,0.07,6.0,6.0,3.0,0,0,1,0,0,1
13886,15.0,2015,8.0,54.0,2893.0,5035.0,9,0.01,6.5,7.9,50.44444444444444,0.01,6.5,7.9,48.38212927756654,0.01,6.5,7.9,49.40853400929446,1,0,0,0,0,1
13887,10.0,2015,11.0,379.0,2674.0,1902.0,1,0.01,6.7,7.7,11.0,0.05,6.7,7.7,11.0,0.04,6.7,7.5,7.0,1,0,0,1,0,1
13888,17.0,2011,11.0,26.0,1774.0,2974.0,1,0.05,7.8,7.8,5.0,0.05,7.8,7.8,5.0,0.03,5.0,5.0,2.0,0,0,0,0,0,1
13889,4.0,2007,8.0,22.0,548.0,2801.0,7,0.02,6.5,7.2,16.0,0.14,3.5,4.9,4.0,0.14,3.5,4.9,4.0,0,0,0,0,0,1
13890,19.0,2002,1.0,15.0,791.0,2217.0,11,0.11,7.0,7.5,0.5,0.05,6.2,7.8,0.5,0.26,5.13,7.45,0.5,0,0,0,0,0,1
13891,4.0,2006,7.0,5.0,2894.0,1318.0,1,0.03,7.4,7.65,2.0,0.03,7.4,7.65,2.0,0.54,7.4,7.65,2.0,0,0,0,0,0,1
13892,23.0,2015,6.0,26.0,1672.0,2775.0,1,0.04,6.023708006279429,6.380546310832016,44.238808539944905,0.04,6.098238618524324,6.497463108320238,40.88240358126722,0.02,6.122084772370479,6.520916797488228,43.51325757575758,0,0,0,0,0,1
13893,7.0,2002,1.0,15.0,2895.0,5036.0,1,0.06,6.050969223702346,6.468989435002288,43.711032388663966,0.06,6.146789159393657,6.595062011943035,37.134362348178136,0.06,6.180679834634819,6.631194304088199,42.425607287449395,0,0,0,0,0,1
13894,7.0,2006,11.0,393.0,2896.0,5037.0,1,0.1,6.057909446618223,6.454225824482941,48.764652014652015,0.1,6.140609278926769,6.574768026830625,40.60225885225885,0.1,6.179580771380661,6.604046953605371,45.93101343101343,0,0,0,0,0,1
13895,5.0,2009,3.0,375.0,794.0,3595.0,3,0.09,7.3,7.7,4.0,0.1,5.0,5.97,4.0,0.1,5.0,5.97,4.0,0,0,0,0,0,1
13896,6.0,2008,11.0,4.0,1014.0,5038.0,1,0.08,8.0,8.0,3.0,0.26,8.0,8.0,3.0,0.02,8.0,8.0,3.0,0,0,0,0,0,1
13897,4.0,2007,1.0,6.0,729.0,5039.0,2,0.01,7.0,6.9,22.5,0.6,7.0,6.9,22.5,0.6,7.0,6.9,22.5,0,0,0,0,0,1
13898,4.0,2008,7.0,158.0,2897.0,5040.0,11,0.17,4.2,4.2,48.44426425401161,0.17,4.2,4.2,46.782946398088086,0.17,4.2,4.2,48.1357972004097,0,0,0,0,0,1
13899,4.0,2005,6.0,35.0,782.0,5041.0,11,0.06,6.05,6.8,21.0,0.6,6.05,6.8,21.0,0.6,6.05,6.8,21.0,0,0,0,0,0,1
13900,5.0,2013,9.0,13.0,377.0,4445.0,8,0.05,7.5,7.4,78.5,0.06,7.5,7.65,66.0,0.06,7.5,7.65,66.0,0,0,0,0,0,1
13901,15.0,2011,4.0,494.0,2898.0,5042.0,7,0.02,4.0,4.6,0.0,0.02,4.0,4.6,0.0,0.02,4.0,4.6,0.0,0,0,0,0,0,1
13902,15.0,2003,12.0,222.0,2834.0,3543.0,10,0.24,5.45,5.7,7.0,0.24,5.45,5.7,7.0,0.11,7.0,8.4,7.0,1,0,0,0,0,1
13903,4.0,2006,4.0,1.0,677.0,2167.0,1,0.05,9.4,9.4,17.0,0.4,9.4,9.4,17.0,0.27,9.4,9.4,17.0,0,0,0,0,0,1
13904,9.0,2005,3.0,88.0,619.0,903.0,1,0.05,5.45,7.0,1.0,0.24,5.45,5.3,3.0,0.19,5.45,4.65,1.0,0,0,0,0,0,1
13905,17.0,2009,3.0,96.0,1921.0,5043.0,4,0.31,2.0,7.0,1.0,0.13,2.0,4.2,0.0,0.13,2.0,4.2,0.0,0,0,0,0,0,1
13906,18.0,2016,7.0,13.0,51.0,67.0,10,0.02,7.04,7.93,71.5,0.02,7.04,7.93,71.5,0.01,9.0,8.7,624.0,1,1,1,1,0,1
13907,4.0,2008,11.0,155.0,2899.0,5044.0,4,0.02,3.5,4.0,39.83984375,0.02,3.5,4.0,33.34765625,0.02,3.5,4.0,45.02734375,0,0,0,0,0,1
13908,23.0,2014,4.0,49.0,901.0,2839.0,1,0.05,7.95,7.3,11.0,0.22,7.95,8.08,14.0,0.1,7.95,8.0,1.0,0,0,0,0,0,1
13909,18.0,2014,9.0,49.0,253.0,3004.0,1,0.05,7.0,6.9,18.0,0.03,7.0,6.9,0.0,0.03,7.0,6.9,0.0,0,0,0,0,0,1
13910,10.0,2015,9.0,239.0,548.0,4253.0,11,0.07,6.057470145953109,6.403937785640577,49.16500321957501,0.06,6.138727701606951,6.5195002211411035,47.164037347070185,0.06,6.185696594427226,6.56054400707652,48.79145202833226,0,0,0,0,0,1
13911,6.0,2014,4.0,67.0,13.0,1576.0,1,1.51,6.0,7.53,3.0,0.21,6.0,7.53,3.0,0.07,6.0,6.0,1.0,0,0,0,0,0,1
13912,7.0,2007,1.0,8.0,45.0,2453.0,8,0.19,4.29,7.6,0.0,0.05,6.57,7.6,5.5,0.05,6.67,7.48,10.5,0,0,1,0,0,1
13913,4.0,2008,8.0,15.0,147.0,5045.0,3,0.27,7.3,7.6,50.0,0.34,7.79,7.98,40.5,0.34,7.79,7.98,40.5,0,0,0,0,0,1
13914,22.0,2008,11.0,256.0,1369.0,5046.0,1,0.08,6.076557377049176,6.4289414021625335,50.52577025484975,0.08,6.1574189047785115,6.543221137077076,48.40728413845569,0.08,6.202197418904775,6.585209277990916,49.56694560669456,0,0,0,0,0,1
13915,7.0,2004,9.0,15.0,54.0,5047.0,3,0.47,8.75,8.75,472.0,0.15,7.65,7.5,16.0,0.15,7.65,7.5,16.0,0,0,0,0,0,1
13916,9.0,2002,7.0,6.0,304.0,5048.0,11,0.12,5.45,6.45,2.0,0.23,4.0,7.3,16.0,0.23,4.0,7.3,16.0,0,0,0,0,0,1
13917,17.0,2010,11.0,157.0,2900.0,5049.0,1,0.01,6.036517973148549,6.446041576440007,42.41893830703013,0.01,6.13182763100909,6.5621524469467225,36.190578670492584,0.01,6.158211346903418,6.59756604590732,41.083213773314206,0,0,0,0,0,1
13918,5.0,2011,7.0,2.0,522.0,2063.0,4,0.1,7.4,7.23,160.5,0.1,7.4,7.23,160.5,0.29,7.5,4.95,210.5,0,0,0,1,0,1
13919,4.0,2010,6.0,59.0,2901.0,5050.0,1,0.06,6.036517973148549,6.446041576440007,42.41893830703013,0.06,6.13182763100909,6.5621524469467225,36.190578670492584,0.06,6.158211346903418,6.59756604590732,41.083213773314206,0,0,0,0,0,1
13920,4.0,2007,5.0,71.0,617.0,4361.0,3,0.57,7.93,7.8,205.0,0.02,4.9,5.2,205.0,0.02,5.2,5.2,0.0,1,0,0,0,0,1
13921,9.0,2002,9.0,5.0,548.0,1631.0,11,0.06,5.8,7.0,1.0,0.03,4.2,8.0,1.0,0.03,4.2,8.0,1.0,0,0,0,0,0,1
13922,5.0,2010,4.0,13.0,51.0,73.0,1,0.13,6.0,7.4,34.0,0.13,6.0,7.4,34.0,4.87,6.0,7.4,34.0,1,1,1,0,0,1
13923,23.0,2014,3.0,49.0,2370.0,1336.0,1,0.04,5.5,5.5,6.0,0.04,5.5,5.5,6.0,0.02,5.5,5.5,6.0,0,0,0,0,0,1
13924,4.0,2009,7.0,349.0,2902.0,5051.0,8,0.05,3.6,4.3,46.48216786984161,0.05,3.6,4.3,45.03658010990195,0.05,3.6,4.3,45.97128542182954,0,0,0,0,0,1
13925,9.0,2003,2.0,105.0,2903.0,3271.0,1,0.0,0.0,0.0,0.0,0.0,0.0,0.0,0.0,0.0,0.0,0.0,0.0,0,0,0,0,0,1
13926,23.0,2015,1.0,6.0,332.0,4144.0,9,0.06,2.5,2.1,50.44444444444444,0.06,2.5,2.1,48.38212927756654,0.06,2.5,2.1,49.40853400929446,0,0,0,0,0,1
13927,24.0,1994,10.0,252.0,1379.0,5052.0,1,0.06,4.5,7.6,42.0,0.06,4.5,7.6,42.0,0.06,4.5,7.6,42.0,0,0,0,0,0,1
13928,7.0,2006,12.0,292.0,950.0,5053.0,5,0.02,5.0,5.0,1.0,0.05,5.0,5.0,1.0,0.05,5.0,5.0,1.0,0,0,0,0,0,1
13929,7.0,2005,4.0,12.0,1497.0,4355.0,5,0.08,6.7,6.6,2.0,0.21,5.8,6.6,2.0,0.21,5.8,6.6,2.0,0,0,0,0,0,1
13930,17.0,2012,9.0,292.0,2904.0,5054.0,1,0.05,6.072961653015631,6.425969843633651,50.50295255548768,0.05,6.152457185405805,6.543201787043918,48.179596823457544,0.05,6.196662323157107,6.5816586001488995,49.25208715129302,0,0,0,0,0,1
13931,13.0,1999,5.0,26.0,2905.0,2908.0,1,0.05,5.9864729458917845,6.425400801603205,44.05604395604396,0.05,6.120961923847696,6.589959919839676,34.17912087912088,0.05,6.162114228456913,6.618947895791575,38.04120879120879,1,0,0,0,0,1
13932,17.0,2013,11.0,292.0,2906.0,5055.0,1,0.06,6.3,6.3,4.0,0.06,6.3,6.3,4.0,0.06,6.3,6.3,4.0,0,0,0,0,0,1
13933,23.0,2014,4.0,26.0,1058.0,5056.0,1,0.06,5.8,3.5,47.3185817805383,0.04,5.8,3.5,45.40683229813665,0.04,5.8,3.5,49.021868530020704,0,0,0,0,0,1
13934,4.0,2007,11.0,59.0,2907.0,5057.0,1,0.09,6.099566138746374,6.4607807271916755,47.55820785897907,0.09,6.186688601383021,6.564681017176054,46.14738646101114,0.09,6.2206457729199345,6.6001962971225066,47.53813196229649,0,0,0,0,0,1
13935,9.0,2005,9.0,26.0,548.0,5058.0,8,0.18,5.1,5.0,1.0,0.06,5.0,5.0,0.0,0.06,5.0,5.0,0.0,0,0,0,0,0,1
13936,15.0,2011,2.0,81.0,2908.0,5059.0,12,0.03,7.67,7.65,180.0,0.01,7.67,7.65,180.0,0.01,7.67,7.65,180.0,0,0,0,0,0,1
13937,10.0,2016,6.0,257.0,476.0,686.0,1,0.05,4.3,4.3,4.0,0.05,4.3,4.3,4.0,0.07,4.3,4.3,4.0,0,0,0,0,0,1
13938,7.0,2008,6.0,59.0,2909.0,5060.0,1,0.12,6.076557377049176,6.4289414021625335,50.52577025484975,0.12,6.1574189047785115,6.543221137077076,48.40728413845569,0.12,6.202197418904775,6.585209277990916,49.56694560669456,0,0,0,0,0,1
13939,15.0,2011,12.0,54.0,511.0,755.0,9,0.01,6.0,7.9,24.0,0.05,7.9,6.85,24.0,0.08,7.0,7.9,14.0,1,0,0,0,0,1
13940,19.0,2004,2.0,3.0,284.0,3752.0,11,0.24,5.9,7.1,3.0,0.04,5.95,6.5,3.0,0.04,5.95,6.5,3.0,0,0,0,0,0,1
13941,6.0,2015,9.0,8.0,2610.0,4562.0,1,0.54,7.0,6.7,123.0,0.54,7.0,6.7,123.0,0.54,7.0,6.7,123.0,1,0,0,0,0,1
13942,5.0,2009,11.0,379.0,2820.0,4923.0,1,0.01,5.0,5.0,47.58155002891845,0.01,5.0,5.0,45.36119144013881,0.01,5.0,5.0,49.094852515905146,0,0,0,0,0,1
13943,6.0,2009,12.0,337.0,1768.0,2958.0,1,0.08,6.5,6.5,2.0,0.08,6.5,6.5,2.0,0.08,6.5,6.5,2.0,0,0,0,0,0,1
13944,6.0,2012,4.0,134.0,2689.0,5061.0,8,0.3,6.9,7.85,55.0,0.05,6.9,6.0,1.0,0.05,6.9,6.0,1.0,0,0,0,0,0,1
13945,7.0,2006,10.0,155.0,1139.0,5062.0,8,0.01,6.2,7.8,5.0,0.02,6.2,7.0,5.0,0.02,6.2,7.0,5.0,1,0,0,0,0,1
13946,15.0,2013,11.0,414.0,1762.0,5063.0,5,0.03,8.23,8.02,65.5,0.09,7.25,7.35,7.0,0.09,7.25,7.35,7.0,0,0,0,0,0,1
13947,17.0,2009,11.0,49.0,524.0,4131.0,1,0.05,7.2,7.2,47.58155002891845,0.06,7.2,7.2,45.36119144013881,0.07,7.2,7.2,49.094852515905146,0,0,0,0,0,1
13948,13.0,1998,4.0,134.0,819.0,4507.0,1,0.0,0.0,0.0,0.0,0.21,0.0,0.0,0.0,0.21,0.0,0.0,0.0,0,0,0,0,0,1
13949,6.0,2015,1.0,8.0,2910.0,651.0,9,0.17,5.5,8.5,1.0,0.17,5.5,8.5,1.0,0.61,7.9,6.77,8.5,1,0,0,1,0,1
13950,18.0,2016,7.0,5.0,20.0,4426.0,9,0.29,8.6,7.6,555.0,0.41,6.0,6.3,25.0,0.41,6.0,6.3,25.0,0,0,0,1,0,1
13951,7.0,2009,6.0,227.0,2911.0,5064.0,1,0.31,6.06531266560678,6.414785373608896,47.58155002891845,0.31,6.151277159512439,6.537713301536816,45.36119144013881,0.31,6.18789083200847,6.572859035506092,49.094852515905146,1,0,0,0,0,1
13952,17.0,2008,5.0,495.0,1207.0,5065.0,9,0.0,0.0,0.0,0.0,0.24,2.0,0.0,0.0,0.24,2.0,0.0,0.0,0,0,0,0,0,1
13953,7.0,2006,3.0,4.0,912.0,976.0,1,0.05,6.1,6.1,9.0,0.05,6.1,6.1,9.0,0.76,7.9,7.9,18.0,0,0,0,0,0,1
13954,7.0,2005,7.0,13.0,2912.0,5066.0,10,0.25,6.2,6.85,3.0,0.25,6.2,6.85,3.0,0.25,6.2,6.85,3.0,0,0,0,0,0,1
13955,4.0,2008,6.0,67.0,2913.0,5067.0,1,0.0,0.0,0.0,0.0,0.0,0.0,0.0,0.0,0.0,0.0,0.0,0.0,0,0,0,0,0,1
13956,14.0,2002,3.0,26.0,40.0,4112.0,5,0.03,7.8,8.6,50.12277777777778,0.37,7.4,8.4,48.375238095238096,0.37,7.4,8.4,49.76777777777778,0,0,1,0,0,1
13957,15.0,2003,12.0,2.0,200.0,1678.0,9,0.06,7.75,7.75,1.0,0.14,8.55,8.55,11.0,0.14,8.55,8.55,11.0,0,0,0,1,0,1
13958,22.0,2000,10.0,9.0,2914.0,1643.0,1,0.08,6.080184531886015,6.4249240162822545,49.17336199229173,0.08,6.164715061058349,6.539900949796512,47.802772013044766,0.08,6.208497964721839,6.582871099050231,49.20360213459828,0,0,0,0,0,1
13959,14.0,2005,9.0,15.0,87.0,110.0,11,0.07,8.0,6.95,19.0,0.12,6.2,6.95,19.0,0.02,3.65,5.65,1.0,0,0,1,0,0,1
13960,1.0,2009,5.0,300.0,2505.0,4375.0,10,0.17,5.27,4.7,12.0,0.06,5.4,4.7,12.0,0.06,5.4,4.7,12.0,0,0,0,0,0,1
13961,10.0,2016,11.0,430.0,2915.0,5068.0,1,0.02,6.139692021200393,6.5099813780261035,46.00420630552716,0.02,6.228947858472998,6.612544764360438,45.91736771758786,0.02,6.258451511244804,6.6494134078212355,47.09733469612391,0,0,0,0,0,1
13962,6.0,2011,9.0,15.0,491.0,5069.0,4,0.38,7.3,6.9,357.5,1.12,8.5,7.68,357.5,1.12,8.5,7.68,357.5,1,0,0,1,0,1
13963,17.0,2007,5.0,68.0,518.0,5070.0,10,0.11,3.95,4.2,2.0,0.05,3.95,4.2,2.0,0.05,3.95,4.2,2.0,0,0,0,0,1,1
13964,14.0,2005,9.0,13.0,1279.0,5071.0,1,0.31,7.9,9.4,1.0,0.1,4.0,6.5,4.0,0.1,4.0,6.5,4.0,0,0,0,0,0,1
13965,6.0,2007,4.0,6.0,804.0,5072.0,1,0.06,6.0,6.5,25.0,0.02,6.0,6.5,25.0,0.02,6.0,6.5,25.0,0,0,0,0,1,1
13966,9.0,2002,7.0,21.0,98.0,5073.0,9,0.23,3.85,7.3,49.587620336943445,1.58,7.6,6.7,48.169524669073404,1.58,7.6,6.7,49.57746690734055,0,0,0,0,0,1
13967,15.0,2008,5.0,496.0,2916.0,5074.0,12,0.0,0.0,0.0,0.0,0.0,0.0,0.0,0.0,0.0,0.0,0.0,0.0,0,0,0,0,1,1
13968,4.0,2007,6.0,9.0,2917.0,5075.0,1,0.05,3.0,4.5,2.0,0.05,3.0,4.5,2.0,0.05,3.0,4.5,2.0,0,0,0,0,0,1
13969,17.0,2011,11.0,292.0,2918.0,5076.0,1,0.04,6.107652813930537,6.467882595817321,45.77475613360922,0.04,6.194403554438579,6.56657391616556,44.85269484678293,0.04,6.2266573916165795,6.606709451575302,45.76973100798108,0,0,0,0,0,1
13970,4.0,2010,12.0,49.0,2919.0,1335.0,1,0.04,7.1,8.1,1.0,0.04,7.1,8.1,1.0,0.09,7.1,8.1,1.0,0,0,0,0,0,1
13971,17.0,2010,11.0,4.0,206.0,4640.0,1,0.05,6.036517973148549,6.446041576440007,42.41893830703013,0.05,6.13182763100909,6.5621524469467225,36.190578670492584,0.05,6.158211346903418,6.59756604590732,41.083213773314206,0,0,0,0,0,1
13972,4.0,2011,5.0,364.0,2183.0,1108.0,9,0.01,4.5,4.0,0.0,0.09,2.0,4.0,1.0,0.09,2.0,4.0,1.0,0,0,0,0,0,1
13973,7.0,2009,11.0,292.0,2920.0,5077.0,1,0.05,5.7,8.2,47.58155002891845,0.05,5.7,8.2,45.36119144013881,0.05,5.7,8.2,49.094852515905146,0,0,0,0,0,1
13974,15.0,2007,12.0,24.0,115.0,5078.0,9,0.15,7.47,7.55,30.0,0.15,7.47,7.55,30.0,0.15,7.47,7.55,30.0,0,0,0,1,0,1
13975,14.0,2003,1.0,168.0,891.0,4766.0,12,0.17,6.27,7.75,10.5,0.51,5.3,8.1,10.5,0.51,5.3,8.1,10.5,0,0,0,0,0,1
13976,7.0,2006,1.0,9.0,34.0,5079.0,1,0.05,4.45,5.65,14.0,0.18,4.45,5.65,14.0,0.18,4.45,5.65,14.0,0,0,1,0,0,1
13977,15.0,2008,7.0,42.0,2521.0,4405.0,9,0.1,5.0,7.85,15.0,0.03,7.2,7.85,15.0,0.06,8.1,8.2,85.0,0,0,0,0,0,1
13978,1.0,2009,1.0,15.0,87.0,3971.0,1,0.04,8.5,8.5,2.0,0.08,8.5,8.5,2.0,0.08,8.5,8.5,2.0,0,0,1,0,0,1
13979,7.0,2004,7.0,26.0,1058.0,701.0,10,0.22,5.8,6.5,4.0,0.38,5.8,7.0,1.0,0.06,5.7,8.55,3.0,0,0,0,0,0,1
13980,23.0,2015,4.0,26.0,323.0,5080.0,2,0.27,7.25,6.88,24.5,0.02,2.6,2.9,24.5,0.02,2.6,2.9,24.5,0,0,0,0,0,1
13981,7.0,2006,11.0,15.0,2921.0,5081.0,1,0.04,6.057909446618223,6.454225824482941,48.764652014652015,0.04,6.140609278926769,6.574768026830625,40.60225885225885,0.04,6.179580771380661,6.604046953605371,45.93101343101343,0,0,0,0,0,1
13982,7.0,2005,6.0,6.0,284.0,5082.0,11,0.13,4.4,4.9,55.0,0.25,5.5,7.8,55.0,0.25,5.5,7.8,55.0,0,0,0,0,0,1
13983,17.0,2012,9.0,13.0,2922.0,5083.0,1,0.07,7.0,7.0,2.0,0.07,7.0,7.0,2.0,0.07,7.0,7.0,2.0,0,0,0,0,0,1
13984,15.0,2009,12.0,6.0,115.0,5078.0,3,0.05,2.0,6.25,1.0,0.04,8.13,7.75,66.0,0.04,8.13,7.75,66.0,0,0,0,1,0,1
13985,13.0,1996,6.0,87.0,37.0,5084.0,1,0.06,10.0,10.0,1.0,0.06,10.0,10.0,1.0,0.06,10.0,10.0,1.0,0,0,0,0,0,1
13986,4.0,2010,8.0,54.0,1013.0,5085.0,5,0.16,6.067674978747517,6.4074128648342485,49.88838251197281,0.07,6.148580334372342,6.52310427883255,48.341572686544104,0.07,6.194015301785197,6.565334372343457,49.79777537463309,0,0,0,0,0,1
13987,9.0,2003,1.0,155.0,424.0,1415.0,1,0.48,8.0,8.3,47.685338686698614,0.19,8.0,8.3,46.47707550835384,0.19,8.0,8.3,47.855459137417434,0,0,0,0,0,1
13988,14.0,2003,7.0,311.0,2109.0,3642.0,4,0.1,7.97,7.32,13.0,0.06,7.97,7.32,13.0,0.06,7.97,7.32,13.0,0,0,0,0,0,1
13989,4.0,2006,1.0,162.0,1756.0,5086.0,10,0.0,0.0,0.0,0.0,0.0,0.0,0.0,0.0,0.0,0.0,0.0,0.0,0,0,0,0,0,1
13990,21.0,1994,1.0,9.0,2923.0,5087.0,1,0.05,6.060073064770927,6.419377962085287,50.71839204668252,0.05,6.1445201421800935,6.542274881516566,48.91938621136806,0.05,6.189670221169031,6.580169826224309,49.949751458828615,0,0,0,0,0,1
13991,14.0,2004,11.0,497.0,1140.0,3298.0,4,0.0,0.0,0.0,0.0,0.0,0.0,0.0,0.0,0.0,0.0,0.0,0.0,0,0,0,0,0,1
13992,15.0,1998,12.0,24.0,2924.0,5006.0,9,4.12,9.03,8.9,325.0,4.12,9.03,8.9,325.0,4.12,9.03,8.9,325.0,0,0,0,0,0,1
13993,7.0,2007,12.0,58.0,424.0,939.0,1,0.26,6.5,9.0,1.0,0.26,6.5,6.6,9.0,0.44,6.5,8.0,4.0,1,0,0,0,0,1
13994,4.0,2004,6.0,49.0,524.0,5088.0,1,0.34,7.7,8.5,47.43754583231484,0.07,7.4,8.2,46.20019555120997,0.07,7.4,8.2,48.87949156685407,0,0,0,0,1,1
13995,15.0,2007,9.0,22.0,433.0,76.0,6,0.5,7.4,8.05,132.0,0.01,6.5,8.05,41.5,0.57,7.73,8.23,72.5,1,1,0,1,1,1
13996,5.0,2010,7.0,381.0,2925.0,5089.0,1,0.1,7.1,7.8,42.41893830703013,0.1,7.1,7.8,36.190578670492584,0.1,7.1,7.8,41.083213773314206,0,0,0,0,0,1
13997,10.0,2013,6.0,59.0,548.0,3502.0,3,0.36,6.9,7.25,12.0,0.08,6.9,7.25,12.0,0.08,6.9,7.25,12.0,0,0,0,0,0,1
13998,4.0,2008,6.0,105.0,573.0,508.0,11,0.17,5.0,5.0,48.44426425401161,0.1,5.0,5.0,46.782946398088086,0.21,5.0,5.0,48.1357972004097,0,0,0,0,0,1
13999,9.0,2001,9.0,181.0,2926.0,5090.0,7,0.15,4.9,3.55,2.5,0.15,4.9,3.55,2.5,0.15,4.9,3.55,2.5,0,0,0,0,0,1
14000,10.0,2015,9.0,26.0,548.0,4396.0,11,0.23,6.3,6.15,11.0,0.04,6.3,6.15,11.0,0.04,6.3,6.15,11.0,0,0,0,0,0,1
14001,17.0,2009,4.0,49.0,2152.0,3735.0,1,0.04,6.06531266560678,6.414785373608896,47.58155002891845,0.04,6.151277159512439,6.537713301536816,45.36119144013881,0.06,6.18789083200847,6.572859035506092,49.094852515905146,0,0,0,0,0,1
14002,1.0,2010,10.0,54.0,1562.0,5091.0,9,0.07,7.0,7.8,42.0,0.2,7.0,7.8,42.0,0.2,7.0,7.8,42.0,0,0,0,0,0,1
14003,6.0,2010,1.0,466.0,2699.0,616.0,1,0.05,4.0,4.0,42.41893830703013,0.05,4.0,4.0,36.190578670492584,0.06,4.0,4.0,41.083213773314206,0,0,0,0,0,1
14004,13.0,1999,4.0,49.0,538.0,2046.0,1,0.19,4.0,4.0,1.0,0.29,4.0,4.0,1.0,0.07,4.0,4.0,1.0,1,0,0,0,0,1
14005,15.0,2007,4.0,272.0,2927.0,2677.0,10,0.02,6.1,8.2,27.0,0.02,5.0,6.0,27.0,0.06,6.65,7.4,27.0,1,0,0,0,0,1
14006,4.0,2009,6.0,35.0,1433.0,5092.0,6,0.13,6.072216863165409,6.424708824580193,50.939571150097464,0.04,6.151868524473027,6.540253662022141,48.451559454191035,0.04,6.1993461950696656,6.582299035369757,49.943567251461985,1,0,0,0,0,1
14007,15.0,2010,4.0,9.0,97.0,1551.0,5,0.43,6.3,6.93,92.5,0.43,6.3,6.93,92.5,0.43,6.3,6.93,92.5,0,0,0,0,0,1
14008,20.0,2014,9.0,26.0,548.0,582.0,11,0.07,5.1,5.3,1.0,0.09,4.7,5.3,1.0,0.09,4.7,6.0,1.0,0,0,0,0,0,1
14009,10.0,2015,12.0,49.0,524.0,1160.0,1,0.04,7.5,7.5,11.0,0.06,8.0,8.0,1.0,0.05,8.0,8.0,1.0,1,0,0,0,0,1
14010,15.0,2006,8.0,6.0,769.0,2542.0,8,0.03,4.8,5.1,5.0,0.04,6.75,6.15,2.0,0.04,6.75,6.15,2.0,0,0,0,0,0,1
14011,15.0,2016,12.0,54.0,2928.0,5093.0,10,0.01,6.140833100363436,6.5060972882304,45.701012347572664,0.01,6.2296743080793995,6.611629857422458,45.86962190352021,0.01,6.259290606653613,6.649242381884277,47.20845156837181,0,0,0,0,0,1
14012,17.0,2006,4.0,4.0,2929.0,1884.0,2,0.35,8.3,8.2,33.97331786542924,0.35,8.3,8.2,24.481438515081205,0.35,8.3,8.2,29.665893271461716,0,0,0,0,0,1
14013,1.0,2009,6.0,6.0,180.0,5094.0,11,0.09,5.945329457364344,6.3206201550387675,32.76409185803758,0.16,6.042635658914737,6.440271317829467,23.798538622129435,0.16,6.047189922480624,6.441937984496127,28.856993736951985,0,0,0,0,0,1
14014,4.0,2009,9.0,17.0,2930.0,5095.0,1,0.09,6.06531266560678,6.414785373608896,47.58155002891845,0.09,6.151277159512439,6.537713301536816,45.36119144013881,0.09,6.18789083200847,6.572859035506092,49.094852515905146,0,0,0,0,0,1
14015,4.0,2010,8.0,6.0,19.0,571.0,10,0.06,6.057083503054985,6.415594704684301,49.885309852875615,0.11,6.142910386965374,6.540040733197534,48.07779759251003,0.15,6.1904786150712745,6.577492871690405,49.565425769059296,1,0,1,0,0,1
14016,4.0,2008,9.0,60.0,1407.0,5096.0,5,0.03,3.8,5.4,0.0,0.24,3.8,5.4,0.0,0.24,3.8,5.4,0.0,0,0,0,0,0,1
14017,4.0,2010,4.0,122.0,206.0,5097.0,1,0.01,6.036517973148549,6.446041576440007,42.41893830703013,0.05,6.13182763100909,6.5621524469467225,36.190578670492584,0.05,6.158211346903418,6.59756604590732,41.083213773314206,0,0,0,0,0,1
14018,15.0,2010,12.0,207.0,2931.0,5098.0,2,0.05,7.3,7.7,56.0,0.03,8.35,7.95,13.0,0.03,8.35,7.95,13.0,0,0,0,0,0,1
14019,17.0,2010,11.0,468.0,2702.0,4736.0,1,0.02,6.036517973148549,6.446041576440007,42.41893830703013,0.02,6.13182763100909,6.5621524469467225,36.190578670492584,0.05,6.158211346903418,6.59756604590732,41.083213773314206,0,0,0,0,0,1
14020,4.0,2011,5.0,198.0,508.0,5099.0,1,0.06,7.0,6.5,103.0,1.06,7.0,6.5,103.0,1.06,7.0,6.5,103.0,0,0,0,0,1,1
14021,9.0,2006,2.0,40.0,284.0,3313.0,7,0.12,5.1,4.6,46.243225858325964,0.12,5.1,4.6,45.80172067218783,0.12,5.1,4.6,46.99489426710622,0,0,0,0,0,1
14022,9.0,2003,6.0,29.0,1460.0,5100.0,5,0.35,4.8,5.2,10.0,0.12,5.4,7.0,10.0,0.12,5.4,7.0,10.0,0,0,0,0,0,1
14023,4.0,2008,5.0,241.0,2932.0,5101.0,1,0.27,4.0,4.0,50.52577025484975,0.27,4.0,4.0,48.40728413845569,0.27,4.0,4.0,49.56694560669456,0,0,0,0,0,1
14024,4.0,2009,6.0,42.0,2328.0,5102.0,1,0.05,6.06531266560678,6.414785373608896,47.58155002891845,0.05,6.151277159512439,6.537713301536816,45.36119144013881,0.05,6.18789083200847,6.572859035506092,49.094852515905146,0,0,0,0,0,1
14025,4.0,2008,4.0,423.0,2933.0,5103.0,1,0.03,7.0,6.4,50.52577025484975,0.03,7.0,6.4,48.40728413845569,0.03,7.0,6.4,49.56694560669456,0,0,0,0,0,1
14026,15.0,1998,4.0,120.0,712.0,2597.0,1,0.1,6.0160609318996405,6.403268817204285,46.05333068992863,0.1,6.099759856630821,6.523605734767007,42.11122125297383,0.1,6.1246594982078815,6.541229390680994,45.49722442505948,0,0,0,0,0,1
14027,4.0,2005,4.0,15.0,87.0,3196.0,1,0.06,6.7,6.7,11.0,0.08,6.7,6.7,11.0,0.13,6.7,6.7,11.0,0,0,1,0,0,1
14028,23.0,2016,9.0,152.0,269.0,5104.0,3,0.05,7.7,7.6,7.5,0.11,4.23,6.83,12.0,0.11,4.23,6.83,12.0,0,0,0,0,0,1
14029,15.0,2005,9.0,91.0,2934.0,531.0,9,0.08,6.4,7.1,46.832143282161134,0.08,6.4,7.1,45.37718671902892,0.08,6.4,7.1,46.75086278709985,0,0,0,0,0,1
14030,4.0,2007,3.0,88.0,1098.0,1198.0,1,0.07,3.5,3.47,2.5,0.36,3.5,3.47,2.5,0.08,3.5,3.47,2.5,0,0,0,0,0,1
14031,15.0,2011,12.0,81.0,1359.0,2220.0,9,0.03,4.0,4.0,0.0,0.05,4.0,4.0,0.0,0.05,4.0,4.0,0.0,0,0,0,0,0,1
14032,15.0,2008,12.0,272.0,2935.0,5105.0,1,0.06,6.65,7.4,27.0,0.06,6.65,7.4,27.0,0.06,6.65,7.4,27.0,0,0,0,0,0,1
14033,7.0,2007,3.0,29.0,2936.0,5106.0,1,0.29,2.0,2.0,47.55820785897907,0.29,2.0,2.0,46.14738646101114,0.29,2.0,2.0,47.53813196229649,0,0,0,0,0,1
14034,14.0,2003,4.0,29.0,581.0,5107.0,3,0.08,5.5,7.5,46.11504800747727,0.08,5.5,7.5,45.224657999830065,0.08,5.5,7.5,46.5193304443878,0,0,0,1,0,1
14035,23.0,2015,1.0,4.0,571.0,836.0,3,0.63,8.75,8.2,245.0,0.92,8.0,8.35,2.0,0.92,8.0,8.35,2.0,0,0,0,0,0,1
14036,4.0,2004,5.0,155.0,55.0,690.0,1,0.09,7.0,6.8,29.0,0.05,8.0,8.2,37.0,0.05,7.7,7.0,29.0,0,0,1,0,1,1
14037,15.0,2006,9.0,22.0,165.0,204.0,5,0.4,8.07,8.35,128.0,0.4,8.07,8.35,128.0,0.4,8.07,8.35,128.0,1,0,0,1,0,1
14038,11.0,2015,9.0,6.0,460.0,55.0,4,0.26,5.5,5.53,36.0,0.06,4.0,5.53,36.0,0.69,7.8,7.75,370.5,1,1,0,1,0,1
14039,15.0,2011,9.0,241.0,1667.0,2769.0,10,0.17,4.75,5.5,14.5,0.17,4.75,5.5,14.5,0.17,4.75,5.5,14.5,0,0,0,0,0,1
14040,7.0,2006,11.0,49.0,2677.0,4131.0,1,0.04,4.0,5.4,8.0,0.04,4.0,5.4,8.0,0.05,4.0,5.4,8.0,0,0,0,0,0,1
14041,14.0,2006,7.0,340.0,2937.0,5108.0,7,0.02,7.2,7.25,23.0,0.02,7.2,7.25,23.0,0.02,7.2,7.25,23.0,0,0,0,0,0,1
14042,7.0,2003,6.0,133.0,693.0,5109.0,7,0.71,6.3,7.0,1.0,0.15,5.35,8.4,0.0,0.15,5.35,8.4,0.0,0,0,0,0,0,1
14043,15.0,2003,7.0,5.0,212.0,1500.0,9,0.12,7.6,7.6,47.787334469647305,0.12,7.6,7.6,46.592762554084175,0.12,7.6,7.6,47.85302215812246,0,0,0,0,0,1
14044,6.0,2010,7.0,35.0,1518.0,1318.0,6,0.04,3.8,1.7,1.0,0.14,6.0,7.2,1.0,0.03,6.0,8.0,1.0,0,0,0,0,0,1
14045,17.0,2012,11.0,458.0,2938.0,5110.0,1,0.03,6.072961653015631,6.425969843633651,50.50295255548768,0.03,6.152457185405805,6.543201787043918,48.179596823457544,0.03,6.196662323157107,6.5816586001488995,49.25208715129302,0,0,0,0,0,1
14046,11.0,2016,11.0,179.0,2939.0,71.0,1,0.03,8.33,6.9,26.0,0.03,8.33,6.9,26.0,1.45,8.33,7.35,265.5,0,0,0,0,0,1
14047,21.0,1994,2.0,15.0,2940.0,5111.0,1,0.18,7.8,7.8,6.0,0.18,7.8,7.8,6.0,0.18,7.8,7.8,6.0,1,0,0,0,0,1
14048,4.0,2011,11.0,292.0,2356.0,4095.0,1,0.04,6.107652813930537,6.467882595817321,45.77475613360922,0.04,6.194403554438579,6.56657391616556,44.85269484678293,0.05,6.2266573916165795,6.606709451575302,45.76973100798108,0,0,0,0,0,1
14049,15.0,2014,4.0,6.0,2231.0,2243.0,1,0.62,4.45,4.65,13.0,0.62,4.45,4.65,13.0,0.17,4.45,4.65,13.0,0,0,0,0,0,1
14050,17.0,2012,9.0,26.0,2496.0,4368.0,1,0.04,6.072961653015631,6.425969843633651,50.50295255548768,0.04,6.152457185405805,6.543201787043918,48.179596823457544,0.06,6.196662323157107,6.5816586001488995,49.25208715129302,0,0,0,0,0,1
14051,4.0,2009,4.0,228.0,1545.0,2319.0,1,0.04,5.0,6.65,10.0,0.14,5.0,6.65,10.0,0.24,7.0,6.65,10.0,1,0,0,0,0,1
14052,17.0,2008,1.0,54.0,373.0,1028.0,3,0.04,7.7,7.2,1.0,0.31,6.7,5.6,1.0,0.15,6.7,6.6,1.0,0,0,0,0,0,1
14053,10.0,2011,12.0,49.0,2316.0,4026.0,1,0.07,6.107652813930537,6.467882595817321,45.77475613360922,0.07,6.194403554438579,6.56657391616556,44.85269484678293,0.07,6.2266573916165795,6.606709451575302,45.76973100798108,0,0,0,0,0,1
14054,7.0,2006,8.0,498.0,2139.0,5112.0,10,0.0,0.0,0.0,0.0,0.0,0.0,0.0,0.0,0.0,0.0,0.0,0.0,0,0,0,0,0,1
14055,4.0,2013,1.0,59.0,548.0,5113.0,7,0.15,6.8,7.6,12.0,0.03,6.8,7.6,12.0,0.03,6.8,7.6,12.0,0,0,0,0,1,1
14056,1.0,2008,3.0,168.0,739.0,5114.0,1,0.01,5.5,6.35,6.0,0.66,5.5,6.35,6.0,0.66,5.5,6.35,6.0,0,0,0,0,0,1
14057,20.0,2013,9.0,59.0,377.0,3050.0,11,0.08,4.7,4.1,47.93929897864438,0.08,4.7,4.1,46.61176880222841,0.08,4.7,4.1,48.86049210770659,0,0,0,0,0,1
14058,6.0,2013,9.0,5.0,321.0,4789.0,5,1.45,8.57,7.6,264.5,0.01,8.57,7.6,264.5,0.01,8.57,7.6,264.5,0,0,0,0,0,1
14059,9.0,2001,9.0,5.0,98.0,5115.0,11,0.36,6.43,6.38,6.5,0.28,4.55,5.85,2.0,0.28,4.55,5.85,2.0,0,0,0,0,0,1
14060,6.0,2013,9.0,59.0,2941.0,5116.0,1,0.11,6.016843832020995,6.3843011811023525,43.64141414141414,0.11,6.091391076115479,6.49972440944881,40.217532467532465,0.11,6.117578740157478,6.52308070866142,43.198232323232325,0,0,0,0,0,1
14061,1.0,2010,7.0,364.0,853.0,5117.0,1,0.09,2.0,2.0,1.0,0.2,2.0,2.0,1.0,0.2,2.0,2.0,1.0,0,0,0,0,0,1
14062,10.0,2015,6.0,282.0,2942.0,5118.0,1,0.2,6.023708006279429,6.380546310832016,44.238808539944905,0.2,6.098238618524324,6.497463108320238,40.88240358126722,0.2,6.122084772370479,6.520916797488228,43.51325757575758,0,0,0,0,0,1
14063,6.0,2010,6.0,54.0,2943.0,5119.0,1,0.72,6.0,8.0,2.0,0.72,6.0,8.0,2.0,0.72,6.0,8.0,2.0,0,0,0,0,0,1
14064,15.0,2011,12.0,338.0,2944.0,5120.0,7,0.05,7.17,7.12,20.0,0.05,7.17,7.12,20.0,0.05,7.17,7.12,20.0,0,0,0,0,0,1
14065,4.0,2008,6.0,378.0,2945.0,5121.0,1,0.0,0.0,0.0,0.0,0.0,0.0,0.0,0.0,0.0,0.0,0.0,0.0,0,0,0,0,0,1
14066,6.0,2012,9.0,12.0,958.0,846.0,3,0.19,7.3,6.2,3.0,0.08,7.3,1.8,3.0,0.07,4.45,5.45,3.0,0,0,0,0,0,1
14067,14.0,2005,3.0,68.0,1110.0,2785.0,4,0.05,6.2,7.7,3.0,0.17,5.2,7.7,3.0,0.17,5.2,7.7,3.0,0,0,0,0,0,1
14068,6.0,2013,11.0,232.0,676.0,4794.0,6,0.29,7.9,7.9,4.0,0.29,7.9,7.9,4.0,0.05,4.3,6.15,1.0,1,0,0,0,0,1
14069,6.0,2012,6.0,26.0,1672.0,2775.0,1,0.04,6.072961653015631,6.425969843633651,50.50295255548768,0.04,6.152457185405805,6.543201787043918,48.179596823457544,0.05,6.196662323157107,6.5816586001488995,49.25208715129302,0,0,0,0,0,1
14070,14.0,2002,1.0,40.0,330.0,4272.0,6,0.07,6.65,7.7,45.704528985507245,0.09,7.7,7.7,44.989945652173915,0.09,7.7,7.7,46.33048007246377,0,0,0,0,0,1
14071,4.0,2009,4.0,228.0,2946.0,5122.0,1,0.04,6.06531266560678,6.414785373608896,47.58155002891845,0.04,6.151277159512439,6.537713301536816,45.36119144013881,0.04,6.18789083200847,6.572859035506092,49.094852515905146,0,0,0,0,0,1
14072,17.0,2009,5.0,9.0,478.0,690.0,1,0.05,5.0,5.0,1.0,0.05,5.0,5.0,1.0,0.3,5.0,5.0,1.0,1,0,0,0,0,1
14073,7.0,2004,9.0,11.0,810.0,5123.0,9,0.06,5.8,6.7,4.0,0.06,5.8,6.7,4.0,0.06,5.8,6.7,4.0,0,0,0,0,0,1
14074,24.0,1998,7.0,187.0,2947.0,5124.0,1,0.42,5.0,5.0,46.05333068992863,0.42,5.0,5.0,42.11122125297383,0.42,5.0,5.0,45.49722442505948,0,0,0,0,0,1
14075,17.0,2006,9.0,26.0,581.0,5125.0,9,0.24,4.3,7.7,48.248510874082285,0.08,6.4,7.1,46.851849286604796,0.08,6.4,7.1,48.092395068569054,0,0,0,0,0,1
14076,9.0,2005,9.0,105.0,2948.0,5126.0,1,0.04,5.0,5.0,1.0,0.04,5.0,5.0,1.0,0.04,5.0,5.0,1.0,0,0,0,0,0,1
14077,15.0,2010,8.0,499.0,703.0,2468.0,11,0.0,0.0,0.0,0.0,0.22,6.7,6.43,10.0,0.22,6.7,6.43,10.0,0,0,0,0,0,1
14078,10.0,2014,8.0,500.0,2949.0,5127.0,1,0.03,6.0,7.6,47.3185817805383,0.03,6.0,7.6,45.40683229813665,0.03,6.0,7.6,49.021868530020704,1,0,0,0,0,1
14079,15.0,2001,1.0,22.0,363.0,789.0,1,0.62,6.0,6.9,1.0,0.62,6.0,6.9,1.0,0.62,6.0,6.9,1.0,0,0,0,0,0,1
14080,17.0,2012,9.0,26.0,2950.0,5128.0,1,0.04,6.072961653015631,6.425969843633651,50.50295255548768,0.04,6.152457185405805,6.543201787043918,48.179596823457544,0.04,6.196662323157107,6.5816586001488995,49.25208715129302,0,0,0,0,0,1
14081,4.0,2008,11.0,228.0,2951.0,5129.0,1,0.06,6.076557377049176,6.4289414021625335,50.52577025484975,0.06,6.1574189047785115,6.543221137077076,48.40728413845569,0.06,6.202197418904775,6.585209277990916,49.56694560669456,0,0,0,0,0,1
14082,9.0,2002,9.0,69.0,2952.0,5130.0,1,0.46,6.050969223702346,6.468989435002288,43.711032388663966,0.46,6.146789159393657,6.595062011943035,37.134362348178136,0.46,6.180679834634819,6.631194304088199,42.425607287449395,0,0,0,0,0,1
14083,9.0,2003,10.0,58.0,533.0,2214.0,11,0.19,5.9,7.5,4.0,0.09,5.9,7.5,4.0,0.09,5.9,7.5,4.0,0,0,0,0,0,1
14084,4.0,2007,5.0,437.0,1721.0,5131.0,11,0.02,4.2,7.4,46.33063646170442,0.02,4.2,7.4,44.32092772384035,0.02,4.2,7.4,47.683791801510246,1,0,0,0,0,1
14085,17.0,2007,3.0,29.0,2936.0,5106.0,1,0.04,8.0,8.3,8.0,0.04,8.0,8.3,8.0,0.04,8.0,8.3,8.0,0,0,0,0,0,1
14086,15.0,2008,11.0,501.0,2953.0,5132.0,12,0.0,0.0,0.0,0.0,0.0,0.0,0.0,0.0,0.0,0.0,0.0,0.0,0,0,0,0,0,1
14087,14.0,2006,3.0,36.0,130.0,292.0,2,0.01,5.0,6.0,1.0,0.26,8.0,7.7,21.5,0.26,8.0,7.7,21.5,1,0,0,1,0,1
14088,7.0,2006,6.0,370.0,2768.0,4852.0,1,0.11,6.057909446618223,6.454225824482941,48.764652014652015,0.11,6.140609278926769,6.574768026830625,40.60225885225885,0.11,6.179580771380661,6.604046953605371,45.93101343101343,0,0,0,0,0,1
14089,1.0,2010,3.0,127.0,1615.0,5133.0,3,0.47,7.3,7.3,3.0,0.05,7.3,7.3,3.0,0.05,7.3,7.3,3.0,0,0,0,0,0,1
14090,9.0,2005,9.0,68.0,2954.0,5134.0,1,0.07,5.05,4.75,2.0,0.07,5.05,4.75,2.0,0.07,5.05,4.75,2.0,0,0,0,0,0,1
14091,9.0,2002,7.0,15.0,396.0,1712.0,11,0.06,3.8,4.7,1.0,0.02,5.3,8.0,1.0,0.19,5.2,8.0,1.0,1,0,0,0,1,1
14092,11.0,2016,7.0,13.0,51.0,67.0,1,0.27,5.5,7.1,180.0,0.27,5.5,7.1,180.0,0.36,5.5,7.1,180.0,1,1,1,1,0,1
14093,7.0,2006,6.0,5.0,266.0,1454.0,2,0.09,5.5,7.4,6.0,0.11,7.0,6.9,4.5,0.11,7.0,6.9,4.5,0,0,0,0,0,1
14094,4.0,2008,6.0,167.0,2722.0,4782.0,1,0.03,4.0,5.4,50.52577025484975,0.03,4.0,5.4,48.40728413845569,0.03,4.0,5.4,49.56694560669456,0,0,0,0,0,1
14095,9.0,2006,4.0,342.0,1558.0,3628.0,1,0.1,6.8,7.45,8.0,0.08,6.3,7.15,2.0,0.08,6.3,7.15,2.0,0,0,0,1,0,1
14096,11.0,2014,1.0,81.0,1359.0,4710.0,6,0.02,4.65,6.0,29.0,0.25,4.65,6.0,29.0,0.25,4.65,6.0,29.0,0,0,0,0,0,1
14097,6.0,2012,6.0,502.0,2955.0,5135.0,1,0.0,0.0,0.0,0.0,0.0,0.0,0.0,0.0,0.0,0.0,0.0,0.0,0,0,0,0,0,1
14098,5.0,2006,1.0,5.0,783.0,1242.0,3,0.11,3.43,3.17,14.0,0.1,3.43,3.17,14.0,0.16,5.9,3.17,14.0,0,0,0,0,0,1
14099,23.0,2015,4.0,291.0,2956.0,5136.0,1,0.01,6.023708006279429,6.380546310832016,44.238808539944905,0.01,6.098238618524324,6.497463108320238,40.88240358126722,0.01,6.122084772370479,6.520916797488228,43.51325757575758,0,0,0,0,0,1
14100,15.0,2006,7.0,3.0,313.0,1901.0,5,0.14,4.2,6.05,2.0,0.05,7.55,7.45,35.0,0.05,7.55,7.45,35.0,0,0,0,1,0,1
14101,15.0,2006,7.0,3.0,313.0,1901.0,7,0.17,6.6,7.45,35.0,0.05,7.55,7.45,35.0,0.03,7.98,7.35,73.0,0,0,0,1,0,1
14102,6.0,2007,3.0,108.0,365.0,5137.0,1,0.91,6.3,8.85,1.0,0.09,5.0,6.0,3.0,0.09,5.0,6.0,3.0,0,0,0,0,0,1
14103,7.0,2002,1.0,15.0,87.0,243.0,2,0.26,5.13,7.45,0.5,0.06,6.43,6.5,2.0,0.18,5.5,2.75,1.5,0,0,1,0,0,1
14104,19.0,2005,1.0,5.0,783.0,422.0,11,0.05,5.4,4.05,1.0,0.18,6.5,4.05,1.0,0.39,6.5,5.9,1.0,0,0,0,0,0,1
14105,10.0,2015,2.0,5.0,321.0,3866.0,2,0.05,2.1,1.2,1.0,0.03,2.1,1.2,1.0,0.03,2.1,1.2,1.0,0,0,0,0,0,1
14106,1.0,2007,9.0,26.0,2957.0,5138.0,1,0.04,6.099566138746374,6.4607807271916755,47.55820785897907,0.04,6.186688601383021,6.564681017176054,46.14738646101114,0.04,6.2206457729199345,6.6001962971225066,47.53813196229649,0,0,0,0,0,1
14107,13.0,1998,12.0,15.0,2958.0,5139.0,1,0.04,5.0,5.0,46.05333068992863,0.04,5.0,5.0,42.11122125297383,0.04,5.0,5.0,45.49722442505948,0,0,0,0,0,1
14108,6.0,2011,11.0,26.0,1774.0,2974.0,1,0.05,5.0,5.0,2.0,0.05,5.0,5.0,2.0,0.02,5.0,5.0,2.0,0,0,0,0,0,1
14109,10.0,2012,9.0,134.0,2959.0,5140.0,1,0.2,6.1,6.82,21.5,0.2,6.1,6.82,21.5,0.2,6.1,6.82,21.5,0,0,0,0,0,1
14110,9.0,2003,9.0,6.0,196.0,3234.0,10,0.13,4.8,4.5,190.0,2.65,8.95,7.95,190.0,2.65,8.95,7.95,190.0,0,0,1,0,0,1
14111,10.0,2013,9.0,54.0,2960.0,1443.0,1,0.03,7.8,8.3,171.5,0.03,7.8,8.3,171.5,0.03,7.8,8.3,171.5,0,0,0,0,0,1
14112,4.0,2006,11.0,59.0,2961.0,5141.0,1,0.14,6.0,6.0,1.0,0.14,6.0,6.0,1.0,0.14,6.0,6.0,1.0,0,0,0,0,0,1
14113,7.0,2009,11.0,49.0,2677.0,4131.0,1,0.04,6.06531266560678,6.414785373608896,47.58155002891845,0.04,6.151277159512439,6.537713301536816,45.36119144013881,0.05,6.18789083200847,6.572859035506092,49.094852515905146,0,0,0,0,0,1
14114,15.0,2006,12.0,2.0,599.0,4926.0,5,0.34,7.47,7.4,116.5,0.04,8.95,8.3,16.0,0.04,8.95,8.3,16.0,0,0,0,1,0,1
14115,9.0,2004,2.0,29.0,33.0,5142.0,6,0.73,7.53,7.4,6.0,2.04,7.93,8.67,135.0,2.04,7.93,8.67,135.0,0,0,0,0,0,1
14116,7.0,2006,11.0,503.0,2962.0,5143.0,1,0.02,6.057909446618223,6.454225824482941,48.764652014652015,0.02,6.140609278926769,6.574768026830625,40.60225885225885,0.02,6.179580771380661,6.604046953605371,45.93101343101343,0,0,0,0,0,1
14117,15.0,2001,12.0,2.0,2963.0,799.0,11,0.82,7.9,8.05,15.0,0.82,7.9,8.05,15.0,0.82,7.9,8.05,15.0,1,0,0,0,1,1
14118,7.0,2002,6.0,4.0,2964.0,5144.0,1,0.26,7.8,8.3,7.0,0.26,7.8,8.3,7.0,0.26,7.8,8.3,7.0,0,0,0,0,0,1
14119,19.0,2003,3.0,31.0,1077.0,4883.0,1,0.22,8.5,7.22,15.0,0.37,8.5,7.22,15.0,0.37,8.5,7.22,15.0,0,0,0,0,0,1
14120,17.0,2008,5.0,158.0,561.0,2175.0,10,0.16,4.75,8.0,1.0,0.09,4.75,7.4,1.0,0.11,4.75,6.78,8.0,0,0,0,0,0,1
14121,17.0,2006,3.0,4.0,185.0,1686.0,2,0.3,5.1,6.75,16.0,0.3,5.1,6.75,16.0,0.3,5.1,6.75,16.0,0,0,1,0,1,1
14122,4.0,2008,8.0,12.0,1867.0,5145.0,11,0.09,6.97,5.5,2.0,0.03,6.97,6.03,10.0,0.03,6.97,6.03,10.0,0,0,0,0,0,1
14123,10.0,2012,9.0,504.0,2101.0,983.0,5,0.0,0.0,0.0,0.0,0.1,6.0,0.0,0.0,0.76,6.0,0.0,0.0,0,0,0,0,0,1
14124,9.0,2001,3.0,181.0,1179.0,2939.0,1,0.16,8.0,4.0,1.0,0.04,8.0,4.0,1.0,0.04,8.0,4.0,1.0,0,0,0,0,0,1
14125,19.0,2003,7.0,29.0,1519.0,360.0,3,0.06,6.47,5.63,15.5,0.05,7.1,7.6,4.0,1.5,6.63,6.85,39.0,1,0,0,0,0,1
14126,23.0,2015,4.0,134.0,819.0,3474.0,1,0.12,7.67,8.15,8.5,0.02,6.5,7.4,8.5,0.08,6.5,5.8,8.0,0,0,0,0,0,1
14127,26.0,2001,12.0,26.0,2965.0,5146.0,1,0.09,6.097708281522011,6.447693359860781,47.903901046622266,0.09,6.1815792091519635,6.559855757274357,46.559535136604595,0.09,6.221097985575736,6.597542899776213,47.730256898192195,0,0,0,0,0,1
14128,4.0,2011,4.0,69.0,2966.0,5147.0,1,0.24,3.55,3.55,45.77475613360922,0.24,3.55,3.55,44.85269484678293,0.24,3.55,3.55,45.76973100798108,0,0,0,0,0,1
14129,1.0,2007,6.0,6.0,640.0,4973.0,1,0.04,6.6,3.0,1.0,0.04,6.6,7.4,1.0,0.04,6.6,7.4,1.0,0,0,0,0,0,1
14130,23.0,2015,9.0,292.0,2713.0,4756.0,1,0.01,6.023708006279429,6.380546310832016,44.238808539944905,0.01,6.098238618524324,6.497463108320238,40.88240358126722,0.03,6.122084772370479,6.520916797488228,43.51325757575758,1,0,0,0,0,1
14131,7.0,2003,7.0,11.0,1657.0,5148.0,1,0.3,6.8,5.15,1.0,0.18,6.8,5.15,1.0,0.18,6.8,5.15,1.0,0,0,0,0,0,1
14132,17.0,2006,4.0,6.0,2967.0,4353.0,6,0.22,3.95,6.6,1.0,0.22,3.95,6.6,1.0,0.22,3.95,6.6,1.0,0,0,0,0,0,1
14133,6.0,2016,6.0,49.0,871.0,1160.0,1,0.04,6.139692021200393,6.5099813780261035,46.00420630552716,0.04,6.228947858472998,6.612544764360438,45.91736771758786,0.04,6.258451511244804,6.6494134078212355,47.09733469612391,1,0,0,0,1,1
14134,14.0,2005,7.0,339.0,70.0,5149.0,3,0.14,3.0,4.0,86.0,5.12,9.03,7.62,86.0,5.12,9.03,7.62,86.0,0,0,0,0,0,1
14135,7.0,2007,1.0,132.0,161.0,5150.0,1,0.09,7.43,8.25,260.0,0.79,7.43,8.25,260.0,0.79,7.43,8.25,260.0,0,0,0,0,0,1
14136,4.0,2011,5.0,54.0,2968.0,5151.0,9,0.04,6.8,5.3,12.0,0.02,6.0,6.8,12.0,0.02,6.0,6.8,12.0,0,0,0,0,0,1
14137,1.0,2007,1.0,15.0,2969.0,5152.0,1,0.05,6.099566138746374,6.4607807271916755,47.55820785897907,0.05,6.186688601383021,6.564681017176054,46.14738646101114,0.05,6.2206457729199345,6.6001962971225066,47.53813196229649,0,0,0,0,0,1
14138,6.0,2014,3.0,127.0,2970.0,860.0,10,0.02,4.65,6.2,4.0,0.02,4.65,6.2,4.0,0.47,4.87,6.6,37.5,1,0,0,0,0,1
14139,7.0,2007,6.0,49.0,2971.0,5153.0,1,0.06,6.099566138746374,6.4607807271916755,47.55820785897907,0.06,6.186688601383021,6.564681017176054,46.14738646101114,0.06,6.2206457729199345,6.6001962971225066,47.53813196229649,0,0,0,0,0,1
14140,15.0,2011,5.0,198.0,2972.0,5154.0,8,0.02,6.142671116160179,6.510005680204524,45.90738720486247,0.02,6.2310969894916255,6.612984947458146,45.94821943427102,0.02,6.260451576256746,6.65026767963648,47.1943037481493,0,0,0,0,0,1
14141,18.0,2016,9.0,5.0,163.0,110.0,5,0.07,4.2,4.7,8.0,0.07,4.2,4.7,8.0,0.07,4.2,4.7,8.0,0,0,0,0,0,1
14142,7.0,2004,9.0,26.0,669.0,701.0,12,0.43,5.1,8.1,46.239596932114885,0.44,5.1,8.8,45.69725032637076,0.04,5.8,3.5,47.014074738903396,0,0,0,0,0,1
14143,7.0,2004,4.0,13.0,550.0,5155.0,7,0.59,7.55,8.4,7.0,0.05,4.6,6.6,7.0,0.05,4.6,6.6,7.0,0,0,0,0,0,1
14144,4.0,2008,8.0,15.0,2973.0,5156.0,1,0.04,6.076557377049176,6.4289414021625335,50.52577025484975,0.04,6.1574189047785115,6.543221137077076,48.40728413845569,0.04,6.202197418904775,6.585209277990916,49.56694560669456,0,0,0,0,0,1
14145,13.0,1996,9.0,31.0,263.0,5157.0,1,0.08,6.074598214285714,6.518080357142857,51.629901960784316,0.22,6.105133928571427,6.627678571428572,32.81127450980392,0.22,6.240669642857141,6.645223214285716,43.85294117647059,0,0,0,0,0,1
14146,10.0,2013,12.0,49.0,2974.0,5158.0,1,0.05,6.016843832020995,6.3843011811023525,43.64141414141414,0.05,6.091391076115479,6.49972440944881,40.217532467532465,0.05,6.117578740157478,6.52308070866142,43.198232323232325,1,0,0,0,0,1
14147,4.0,2005,6.0,1.0,150.0,5159.0,1,0.06,5.941533923303834,6.313171091445431,50.56199677938808,0.06,6.055781710914458,6.470575221238942,37.569243156199676,0.06,6.052935103244841,6.466165191740415,43.750402576489535,0,0,0,0,0,1
14148,19.0,2005,1.0,5.0,842.0,422.0,9,0.37,7.6,7.8,1.0,0.07,7.6,4.9,1.0,0.35,7.6,4.9,1.0,0,0,0,0,0,1
14149,6.0,2011,12.0,134.0,2975.0,5160.0,1,0.05,6.0,6.0,1.0,0.05,6.0,6.0,1.0,0.05,6.0,6.0,1.0,0,0,0,0,0,1
14150,9.0,2005,1.0,11.0,805.0,1226.0,1,0.12,5.0,5.0,50.56199677938808,0.35,5.0,5.0,37.569243156199676,0.35,5.0,5.0,43.750402576489535,0,0,0,0,0,1
14151,5.0,2015,11.0,179.0,590.0,2220.0,1,0.06,4.0,6.3,50.0,0.06,4.0,6.3,50.0,0.06,4.0,6.3,50.0,0,0,0,0,0,1
14152,17.0,2011,11.0,473.0,2976.0,5161.0,1,0.01,6.107652813930537,6.467882595817321,45.77475613360922,0.01,6.194403554438579,6.56657391616556,44.85269484678293,0.01,6.2266573916165795,6.606709451575302,45.76973100798108,0,0,0,0,0,1
14153,9.0,2001,4.0,15.0,2266.0,5162.0,1,0.12,6.097708281522011,6.447693359860781,47.903901046622266,0.12,6.1815792091519635,6.559855757274357,46.559535136604595,0.12,6.221097985575736,6.597542899776213,47.730256898192195,0,0,0,0,1,1
14154,17.0,2009,10.0,15.0,2977.0,5163.0,1,0.04,6.06531266560678,6.414785373608896,47.58155002891845,0.04,6.151277159512439,6.537713301536816,45.36119144013881,0.04,6.18789083200847,6.572859035506092,49.094852515905146,0,0,0,0,0,1
14155,9.0,2002,2.0,240.0,2978.0,5164.0,1,0.27,6.0,6.0,1.0,0.27,6.0,6.0,1.0,0.27,6.0,6.0,1.0,0,0,0,0,0,1
14156,23.0,2016,1.0,49.0,301.0,5165.0,1,0.04,6.139692021200393,6.5099813780261035,46.00420630552716,0.33,6.228947858472998,6.612544764360438,45.91736771758786,0.33,6.258451511244804,6.6494134078212355,47.09733469612391,1,0,0,0,0,1
14157,17.0,2013,11.0,292.0,2713.0,4756.0,1,0.05,6.016843832020995,6.3843011811023525,43.64141414141414,0.05,6.091391076115479,6.49972440944881,40.217532467532465,0.05,6.117578740157478,6.52308070866142,43.198232323232325,1,0,0,0,0,1
14158,17.0,2006,4.0,58.0,2979.0,1985.0,1,0.13,6.3,6.7,29.0,0.13,6.3,6.7,29.0,0.22,6.3,6.7,29.0,0,0,0,0,0,1
14159,15.0,2009,7.0,29.0,157.0,360.0,6,0.87,7.83,7.6,117.0,0.87,7.83,7.6,117.0,0.87,7.83,7.6,117.0,1,0,0,0,0,1
14160,19.0,2003,3.0,22.0,460.0,2386.0,7,0.13,8.15,7.4,67.0,0.05,5.5,7.05,5.0,0.23,5.5,6.0,5.0,0,0,0,0,0,1
14161,4.0,2008,3.0,445.0,1178.0,4415.0,6,0.06,5.05,1.0,2.0,0.08,5.05,1.0,2.0,0.06,5.05,1.0,2.0,0,0,0,0,0,1
14162,10.0,2014,9.0,26.0,2496.0,4368.0,1,0.05,6.0,6.0,3.0,0.05,6.0,6.0,3.0,0.04,6.0,6.0,3.0,0,0,0,0,0,1
14163,4.0,2008,1.0,232.0,676.0,509.0,1,0.0,0.0,0.0,0.0,0.04,7.5,7.15,1.0,1.48,7.5,7.4,40.0,0,0,0,0,0,1
14164,17.0,2007,4.0,134.0,819.0,1239.0,1,0.14,7.0,6.0,2.0,0.33,7.97,7.25,29.5,0.23,8.35,8.3,24.0,0,0,0,0,0,1
14165,13.0,2001,9.0,505.0,1313.0,2137.0,1,0.0,0.0,0.0,0.0,0.0,0.0,0.0,0.0,0.27,0.0,0.0,0.0,0,0,0,0,0,1
14166,15.0,2009,3.0,287.0,1654.0,2741.0,10,0.0,0.0,0.0,0.0,0.03,7.15,7.4,3.0,0.18,6.1,6.7,6.0,0,0,0,0,0,1
14167,6.0,2012,9.0,9.0,2980.0,5166.0,1,0.11,6.072961653015631,6.425969843633651,50.50295255548768,0.11,6.152457185405805,6.543201787043918,48.179596823457544,0.11,6.196662323157107,6.5816586001488995,49.25208715129302,0,0,0,0,0,1
14168,7.0,2007,11.0,15.0,2525.0,61.0,1,0.04,7.8,7.8,1.0,0.04,7.8,7.8,1.0,0.04,7.8,7.8,1.0,1,1,0,0,0,1
14169,15.0,2009,9.0,36.0,1021.0,1637.0,6,0.32,6.9,7.42,38.5,0.32,7.0,7.27,38.5,0.32,6.9,7.42,38.5,1,0,0,0,0,1
14170,1.0,2013,9.0,26.0,2981.0,3790.0,1,0.04,3.0,3.0,1.0,0.04,3.0,3.0,1.0,0.04,3.0,3.0,1.0,0,0,0,1,0,1
14171,13.0,1996,1.0,151.0,2982.0,5167.0,1,0.21,6.9,6.9,26.0,0.21,6.9,6.9,26.0,0.21,6.9,6.9,26.0,0,0,0,0,0,1
14172,7.0,2007,6.0,401.0,2204.0,3835.0,1,0.09,6.099566138746374,6.4607807271916755,47.55820785897907,0.09,6.186688601383021,6.564681017176054,46.14738646101114,0.09,6.2206457729199345,6.6001962971225066,47.53813196229649,0,0,0,0,0,1
14173,8.0,1994,4.0,280.0,2983.0,5168.0,1,0.2,2.0,2.0,1.0,0.2,2.0,2.0,1.0,0.2,2.0,2.0,1.0,0,0,0,0,0,1
14174,15.0,2009,7.0,6.0,225.0,867.0,7,0.89,7.43,7.1,77.5,0.89,7.43,7.1,77.5,0.89,7.43,7.1,77.5,1,0,0,0,0,1
14175,5.0,2011,8.0,59.0,2455.0,4306.0,1,0.14,6.0,6.0,45.77475613360922,0.14,6.0,6.0,44.85269484678293,0.07,6.0,6.0,45.76973100798108,0,0,0,0,0,1
14176,4.0,2008,9.0,211.0,2984.0,5169.0,1,0.36,6.076557377049176,6.4289414021625335,50.52577025484975,0.36,6.1574189047785115,6.543221137077076,48.40728413845569,0.36,6.202197418904775,6.585209277990916,49.56694560669456,1,0,0,0,0,1
14177,13.0,1998,11.0,26.0,385.0,2515.0,1,0.25,5.0,6.4,23.0,1.45,5.0,6.4,23.0,1.45,5.0,6.4,23.0,0,0,0,0,0,1
14178,19.0,2003,7.0,6.0,196.0,5048.0,1,0.17,5.0,7.9,7.0,0.15,6.5,7.5,7.0,0.15,6.5,7.5,7.0,0,0,1,0,0,1
14179,9.0,2005,2.0,99.0,1112.0,5170.0,1,0.95,6.0,7.9,50.56199677938808,0.95,6.0,7.9,37.569243156199676,0.95,6.0,7.9,43.750402576489535,0,0,0,0,0,1
14180,10.0,2013,2.0,278.0,1553.0,5171.0,3,0.08,6.23,7.25,14.5,0.2,6.23,7.25,14.5,0.2,6.23,7.25,14.5,0,0,0,1,0,1
14181,13.0,1995,11.0,506.0,1121.0,5172.0,1,0.0,0.0,0.0,0.0,0.0,0.0,0.0,0.0,0.0,0.0,0.0,0.0,0,0,0,0,0,1
14182,11.0,2015,10.0,26.0,385.0,1237.0,6,0.19,6.07,7.9,27.5,0.23,6.07,6.97,27.5,0.58,7.05,7.7,23.0,0,0,0,1,0,1
14183,10.0,2011,1.0,59.0,437.0,5173.0,8,0.2,6.27,6.77,9.0,0.23,6.27,6.77,9.0,0.23,6.27,6.77,9.0,0,0,0,0,0,1
14184,17.0,2009,4.0,337.0,1405.0,3554.0,1,0.04,6.06531266560678,6.414785373608896,47.58155002891845,0.05,6.151277159512439,6.537713301536816,45.36119144013881,0.11,6.18789083200847,6.572859035506092,49.094852515905146,0,0,0,0,0,1
14185,8.0,1994,4.0,58.0,2985.0,5174.0,1,0.12,6.060073064770927,6.419377962085287,50.71839204668252,0.12,6.1445201421800935,6.542274881516566,48.91938621136806,0.12,6.189670221169031,6.580169826224309,49.949751458828615,0,0,0,0,0,1
14186,7.0,2002,11.0,13.0,500.0,734.0,2,0.14,8.0,7.7,111.0,0.23,7.0,6.9,7.0,0.23,7.0,6.9,7.0,0,0,0,0,0,1
14187,4.0,2008,11.0,276.0,1155.0,5175.0,12,0.01,7.97,7.65,76.5,0.01,7.97,7.65,76.5,0.01,7.97,7.65,76.5,0,0,0,0,0,1
14188,11.0,2016,3.0,507.0,559.0,1205.0,9,0.0,0.0,0.0,0.0,0.28,7.7,7.3,2.0,0.2,6.9,7.3,2.0,0,0,0,0,0,1
14189,4.0,2009,11.0,82.0,2034.0,3509.0,1,0.02,6.06531266560678,6.414785373608896,47.58155002891845,0.07,6.151277159512439,6.537713301536816,45.36119144013881,0.07,6.18789083200847,6.572859035506092,49.094852515905146,0,0,0,0,0,1
14190,15.0,2006,8.0,8.0,108.0,5176.0,8,0.62,8.2,7.8,46.19023352860926,0.52,7.8,8.7,45.736899125270845,0.52,7.8,8.7,46.94057459272931,0,0,0,1,0,1
14191,1.0,2007,11.0,313.0,2143.0,5177.0,10,0.03,3.7,3.7,47.35864844149208,0.04,3.7,3.7,46.229496678589676,0.04,3.7,3.7,47.57901124169648,0,0,0,0,0,1
14192,5.0,2008,1.0,241.0,441.0,2162.0,7,0.01,4.0,4.0,46.12766046942038,0.22,4.0,4.0,45.3263228737276,0.22,4.0,4.0,46.65588457979305,0,0,0,0,0,1
14193,15.0,2010,9.0,6.0,62.0,298.0,6,0.24,3.3,5.65,1.0,0.7,6.25,6.85,91.0,0.25,6.35,7.2,91.0,1,0,1,0,1,1
14194,4.0,2010,8.0,15.0,2986.0,5178.0,1,0.05,6.036517973148549,6.446041576440007,42.41893830703013,0.05,6.13182763100909,6.5621524469467225,36.190578670492584,0.05,6.158211346903418,6.59756604590732,41.083213773314206,0,0,0,1,0,1
14195,17.0,2006,6.0,370.0,2987.0,5179.0,1,0.06,6.057909446618223,6.454225824482941,48.764652014652015,0.06,6.140609278926769,6.574768026830625,40.60225885225885,0.06,6.179580771380661,6.604046953605371,45.93101343101343,0,0,0,0,0,1
14196,6.0,2011,11.0,458.0,2850.0,4970.0,1,0.02,6.107652813930537,6.467882595817321,45.77475613360922,0.02,6.194403554438579,6.56657391616556,44.85269484678293,0.03,6.2266573916165795,6.606709451575302,45.76973100798108,0,0,0,0,0,1
14197,1.0,2010,3.0,127.0,1615.0,5180.0,3,0.21,5.0,5.0,2.0,0.02,5.0,5.0,2.0,0.02,5.0,5.0,2.0,0,0,0,0,0,1
14198,15.0,2014,3.0,6.0,981.0,1553.0,4,0.11,7.77,7.82,88.0,0.43,8.13,7.42,93.5,0.43,8.13,7.42,93.5,1,0,0,1,1,1
14199,6.0,2015,9.0,361.0,1648.0,5181.0,5,0.12,6.10985919804102,6.4734292419141575,47.274146451033246,0.12,6.19366187123765,6.570160187736006,45.55986073674753,0.12,6.226127946127964,6.608802163044638,46.40043800539083,0,0,0,0,0,1
14200,13.0,1996,7.0,151.0,935.0,5182.0,1,0.21,6.9,6.9,26.0,0.21,6.9,6.9,26.0,0.21,6.9,6.9,26.0,0,0,0,0,0,1
14201,17.0,2007,10.0,105.0,573.0,4340.0,5,0.05,4.75,5.5,6.0,0.02,4.75,5.5,6.0,0.02,4.75,5.5,6.0,0,0,0,0,0,1
14202,14.0,2003,9.0,2.0,252.0,318.0,1,0.1,6.0,5.35,2.0,0.33,6.0,5.35,2.0,2.1,7.0,7.6,18.0,1,0,0,1,1,1
14203,6.0,2015,9.0,26.0,2988.0,5183.0,1,0.04,6.023708006279429,6.380546310832016,44.238808539944905,0.04,6.098238618524324,6.497463108320238,40.88240358126722,0.04,6.122084772370479,6.520916797488228,43.51325757575758,0,0,0,0,0,1
14204,15.0,2012,9.0,54.0,2989.0,5184.0,9,0.41,7.85,6.8,209.0,0.41,7.85,6.8,209.0,0.41,7.85,6.8,209.0,0,0,0,0,0,1
14205,9.0,2002,9.0,452.0,2990.0,5185.0,1,0.0,0.0,0.0,0.0,0.0,0.0,0.0,0.0,0.0,0.0,0.0,0.0,0,0,0,0,0,1
14206,9.0,2006,1.0,8.0,45.0,31.0,4,0.08,5.55,6.65,12.0,0.13,5.8,5.25,3.0,0.13,5.8,5.25,3.0,1,1,1,0,0,1
14207,1.0,2008,5.0,144.0,846.0,1324.0,3,0.0,0.0,0.0,0.0,0.0,0.0,0.0,0.0,0.0,0.0,0.0,0.0,0,0,0,0,0,1
14208,15.0,2009,11.0,97.0,1178.0,3210.0,7,0.15,5.943410404624276,6.483352601156066,61.18867924528302,0.05,6.0577456647398815,6.585260115606936,37.9685534591195,0.05,6.170289017341039,6.621791907514448,51.5188679245283,0,0,0,0,0,1
14209,1.0,2011,6.0,54.0,499.0,5186.0,2,0.01,2.6,2.6,45.72149422149422,0.03,2.6,2.6,44.82659932659933,0.03,2.6,2.6,46.13913913913914,0,0,0,0,0,1
14210,5.0,2008,3.0,79.0,2991.0,5187.0,1,1.26,4.1,5.9,1.0,1.26,4.1,5.9,1.0,1.26,4.1,5.9,1.0,1,0,0,0,0,1
14211,9.0,2002,2.0,24.0,2992.0,2089.0,1,0.05,8.05,8.0,22.0,0.05,8.05,8.0,22.0,0.12,7.0,4.8,9.0,1,0,0,0,1,1
14212,4.0,2006,2.0,105.0,2903.0,3271.0,1,0.03,5.0,5.0,1.0,0.03,5.0,5.0,1.0,0.04,5.0,5.0,1.0,0,0,0,0,0,1
14213,10.0,2013,8.0,26.0,2993.0,5188.0,1,0.04,6.016843832020995,6.3843011811023525,43.64141414141414,0.04,6.091391076115479,6.49972440944881,40.217532467532465,0.04,6.117578740157478,6.52308070866142,43.198232323232325,0,0,0,0,0,1
14214,10.0,2014,4.0,508.0,2994.0,5189.0,1,0.0,0.0,0.0,0.0,0.0,0.0,0.0,0.0,0.0,0.0,0.0,0.0,0,0,0,0,0,1
14215,4.0,2007,12.0,1.0,1362.0,5190.0,1,0.09,7.15,7.8,26.0,0.26,7.15,7.8,26.0,0.26,7.15,7.8,26.0,0,0,0,0,0,1
14216,15.0,2011,3.0,201.0,1825.0,3072.0,1,0.14,5.0,5.0,45.77475613360922,0.14,5.0,5.0,44.85269484678293,0.14,5.0,5.0,45.76973100798108,0,0,0,0,0,1
14217,9.0,2005,3.0,11.0,2282.0,59.0,6,0.03,4.8,4.7,29.0,0.05,7.98,7.63,29.0,1.23,5.07,5.75,101.5,0,0,0,0,0,1
14218,17.0,2005,3.0,15.0,365.0,501.0,2,0.06,4.55,6.45,1.0,0.91,6.3,8.85,1.0,1.5,7.6,7.9,1.0,0,0,0,0,0,1
14219,15.0,2007,12.0,338.0,2995.0,5191.0,8,0.0,0.0,0.0,0.0,0.0,0.0,0.0,0.0,0.0,0.0,0.0,0.0,1,0,0,0,1,1
14220,15.0,2006,12.0,9.0,270.0,730.0,2,0.22,5.5,6.7,7.0,0.13,6.65,7.45,3.0,0.13,6.65,7.45,3.0,0,0,0,1,0,1
14221,4.0,2010,11.0,52.0,2996.0,5192.0,1,0.09,6.0,6.0,42.41893830703013,0.09,6.0,6.0,36.190578670492584,0.09,6.0,6.0,41.083213773314206,0,0,0,0,0,1
14222,15.0,2007,5.0,81.0,2997.0,1676.0,2,0.02,7.15,7.15,8.0,0.02,7.15,7.15,8.0,0.02,7.15,7.15,8.0,1,0,0,0,1,1
14223,20.0,2015,6.0,38.0,19.0,5193.0,1,2.68,6.4,8.5,2.0,1.05,6.4,7.3,56.0,1.05,6.4,7.3,56.0,0,0,1,1,0,1
14224,4.0,2007,1.0,71.0,669.0,2859.0,1,0.07,6.099566138746374,6.4607807271916755,47.55820785897907,0.05,6.186688601383021,6.564681017176054,46.14738646101114,0.16,6.2206457729199345,6.6001962971225066,47.53813196229649,0,0,0,0,0,1
14225,7.0,2009,1.0,49.0,2370.0,1336.0,1,0.04,6.06531266560678,6.414785373608896,47.58155002891845,0.04,6.151277159512439,6.537713301536816,45.36119144013881,0.01,6.18789083200847,6.572859035506092,49.094852515905146,0,0,0,0,0,1
14226,4.0,2009,5.0,209.0,2559.0,5002.0,3,0.21,6.8,7.55,4.0,0.03,6.8,7.55,4.0,0.04,6.8,7.55,4.0,0,0,0,0,0,1
14227,4.0,2010,6.0,6.0,19.0,5194.0,2,0.04,3.0,4.0,3.0,0.78,3.0,1.0,1.0,0.78,3.0,1.0,1.0,0,0,1,0,0,1
14228,15.0,2014,9.0,509.0,2608.0,5195.0,6,0.02,6.5,7.12,6.5,0.05,6.5,7.12,6.5,0.05,6.5,7.12,6.5,0,0,0,0,0,1
14229,6.0,2014,4.0,26.0,1058.0,5056.0,1,0.04,7.0,7.0,1.0,0.16,7.0,7.0,1.0,0.16,7.0,7.0,1.0,0,0,0,0,0,1
14230,6.0,2012,9.0,26.0,385.0,5196.0,1,0.03,7.63,8.27,410.5,0.79,7.63,8.27,410.5,0.79,7.63,8.27,410.5,1,0,0,0,0,1
14231,4.0,2010,8.0,288.0,1996.0,5197.0,3,0.03,6.8,6.3,4.0,0.11,6.8,6.3,4.0,0.11,6.8,6.3,4.0,0,0,0,0,0,1
14232,19.0,2002,1.0,15.0,791.0,1922.0,11,0.04,4.4,7.1,1.0,0.06,3.8,4.7,1.0,0.17,5.1,7.0,1.0,1,0,0,0,0,1
14233,10.0,2013,8.0,500.0,603.0,5198.0,9,0.0,0.0,0.0,0.0,0.5,0.0,5.2,0.0,0.5,0.0,5.2,0.0,1,0,0,0,0,1
14234,4.0,2007,8.0,286.0,2998.0,5199.0,1,0.16,6.099566138746374,6.4607807271916755,47.55820785897907,0.16,6.186688601383021,6.564681017176054,46.14738646101114,0.16,6.2206457729199345,6.6001962971225066,47.53813196229649,0,0,0,0,0,1
14235,15.0,2009,6.0,276.0,73.0,84.0,11,0.2,6.8,6.3,24.5,0.8,7.2,6.3,24.5,1.12,7.7,5.75,30.5,1,0,1,0,0,1
14236,15.0,2011,11.0,510.0,1792.0,5200.0,10,0.0,0.0,0.0,0.0,0.15,4.85,8.2,0.0,0.15,4.85,8.2,0.0,0,0,0,0,0,1
14237,15.0,2012,11.0,125.0,590.0,942.0,1,0.79,9.0,8.2,428.0,0.79,9.0,8.2,428.0,0.79,9.0,8.2,428.0,0,0,0,0,0,1
14238,17.0,2004,5.0,12.0,2999.0,1123.0,12,0.05,7.4,4.0,1.0,0.05,7.4,4.0,1.0,0.25,7.4,4.0,1.0,1,0,0,0,0,1
14239,19.0,2003,9.0,13.0,51.0,5201.0,1,0.08,6.2,8.8,47.685338686698614,0.08,6.2,8.8,46.47707550835384,0.08,6.2,8.8,47.855459137417434,0,0,1,0,0,1
14240,23.0,2013,12.0,26.0,2408.0,4201.0,1,0.03,6.016843832020995,6.3843011811023525,43.64141414141414,0.03,6.091391076115479,6.49972440944881,40.217532467532465,0.03,6.117578740157478,6.52308070866142,43.198232323232325,1,0,0,0,0,1
14241,7.0,2008,12.0,49.0,3000.0,5202.0,1,0.07,6.076557377049176,6.4289414021625335,50.52577025484975,0.07,6.1574189047785115,6.543221137077076,48.40728413845569,0.07,6.202197418904775,6.585209277990916,49.56694560669456,0,0,0,0,0,1
14242,7.0,2006,9.0,12.0,1497.0,2480.0,6,0.02,6.0,7.4,8.0,0.04,7.2,7.4,8.0,0.21,5.8,6.6,2.0,0,0,0,0,0,1
14243,4.0,2007,11.0,11.0,810.0,5203.0,1,0.07,4.95,7.05,7.0,0.03,4.95,7.05,7.0,0.03,4.95,7.05,7.0,0,0,0,0,0,1
14244,4.0,2007,8.0,240.0,1002.0,5204.0,10,0.03,6.1034900268284105,6.459080835180271,47.35864844149208,0.03,6.191155954741644,6.567800069987219,46.229496678589676,0.03,6.229064504840788,6.605134725300407,47.57901124169648,0,0,0,0,0,1
14245,10.0,2015,4.0,140.0,1322.0,2156.0,1,0.08,6.023708006279429,6.380546310832016,44.238808539944905,0.08,6.098238618524324,6.497463108320238,40.88240358126722,0.08,6.122084772370479,6.520916797488228,43.51325757575758,0,0,0,0,0,1
14246,13.0,2000,9.0,49.0,538.0,770.0,1,0.06,5.0,7.3,86.0,0.11,6.0,7.3,86.0,1.05,6.0,7.3,86.0,1,0,0,0,0,1
14247,4.0,2010,4.0,54.0,1527.0,5205.0,1,0.09,6.036517973148549,6.446041576440007,42.41893830703013,0.09,6.13182763100909,6.5621524469467225,36.190578670492584,0.09,6.158211346903418,6.59756604590732,41.083213773314206,0,0,0,0,0,1
14248,4.0,2008,10.0,26.0,3001.0,5206.0,1,0.04,6.076557377049176,6.4289414021625335,50.52577025484975,0.04,6.1574189047785115,6.543221137077076,48.40728413845569,0.04,6.202197418904775,6.585209277990916,49.56694560669456,0,0,0,0,0,1
14249,4.0,2006,6.0,132.0,3002.0,5207.0,1,0.08,6.057909446618223,6.454225824482941,48.764652014652015,0.08,6.140609278926769,6.574768026830625,40.60225885225885,0.08,6.179580771380661,6.604046953605371,45.93101343101343,0,0,0,0,0,1
14250,6.0,2012,11.0,26.0,643.0,5208.0,1,0.03,6.95,7.0,31.0,0.3,6.95,7.0,31.0,0.3,6.95,7.0,31.0,0,0,0,0,0,1
14251,9.0,2005,1.0,155.0,513.0,5209.0,11,0.33,6.8,7.67,15.5,0.08,6.8,7.67,15.5,0.08,6.8,7.67,15.5,0,0,0,0,0,1
14252,15.0,2009,12.0,12.0,2828.0,5210.0,3,0.33,6.091280098280098,6.442550368550418,47.69869728713403,0.33,6.175740786240802,6.554272727272775,46.337630942788074,0.33,6.215514742014753,6.591929975430013,47.46736502820306,1,0,0,0,0,1
14253,4.0,2008,8.0,35.0,2052.0,5211.0,4,0.01,4.8,4.8,39.83984375,0.01,4.8,4.8,33.34765625,0.01,4.8,4.8,45.02734375,0,0,0,0,0,1
14254,10.0,2016,9.0,1.0,83.0,5212.0,8,0.26,5.75,7.9,2.0,0.18,6.0,6.25,8.0,0.18,6.0,6.25,8.0,1,0,0,1,0,1
14255,14.0,2004,8.0,2.0,13.0,2644.0,12,0.05,7.7,8.05,36.0,0.29,7.76,8.05,61.5,0.06,7.76,8.05,61.5,0,0,0,0,1,1
14256,17.0,2006,6.0,416.0,435.0,4149.0,10,0.07,6.3,5.3,48.40748280219009,0.07,6.3,5.3,47.08746314755019,0.07,6.3,5.3,48.39758528709813,0,0,0,0,0,1
14257,4.0,2008,11.0,59.0,2569.0,4480.0,1,0.08,6.076557377049176,6.4289414021625335,50.52577025484975,0.08,6.1574189047785115,6.543221137077076,48.40728413845569,0.01,6.202197418904775,6.585209277990916,49.56694560669456,0,0,0,0,0,1
14258,17.0,2007,2.0,4.0,384.0,459.0,1,0.08,4.0,7.85,3.0,1.45,4.0,7.85,3.0,0.13,6.85,7.85,3.0,0,0,0,0,0,1
14259,10.0,2016,2.0,9.0,572.0,62.0,9,0.12,7.43,6.83,6.0,0.33,7.65,7.85,163.0,0.01,7.47,8.18,115.0,0,1,0,1,0,1
14260,9.0,2001,2.0,335.0,3003.0,5213.0,1,0.07,6.6,6.5,5.0,0.07,6.6,6.5,5.0,0.07,6.6,6.5,5.0,0,0,0,0,0,1
14261,15.0,2011,11.0,81.0,3004.0,5214.0,3,0.02,6.140943212466283,6.506353760863086,45.95671494404213,0.02,6.223055888522631,6.602258016182238,45.441943712969056,0.02,6.255173059634411,6.642743482169622,46.805258393680056,0,0,0,0,0,1
14262,4.0,2012,11.0,360.0,1227.0,5215.0,2,0.08,6.5,7.0,4.0,0.3,6.5,7.0,4.0,0.3,6.5,7.0,4.0,0,0,0,0,0,1
14263,4.0,2010,6.0,511.0,3005.0,5216.0,1,0.0,0.0,0.0,0.0,0.0,0.0,0.0,0.0,0.0,0.0,0.0,0.0,0,0,0,0,0,1
14264,4.0,2012,9.0,225.0,1067.0,5217.0,3,0.37,6.107345193294558,6.472551317139987,45.49549380398047,0.37,6.193362983236427,6.570975025658612,44.67118850920015,0.37,6.222634279849501,6.6114531303455575,45.70146451370635,0,0,0,0,0,1
14265,23.0,2016,10.0,26.0,3006.0,5218.0,1,0.04,6.0,6.0,1.0,0.04,6.0,6.0,1.0,0.04,6.0,6.0,1.0,0,0,0,0,0,1
14266,7.0,2008,8.0,15.0,87.0,729.0,1,0.04,6.75,7.65,2.0,0.08,6.75,7.65,2.0,0.07,6.7,7.8,3.0,0,0,1,0,0,1
14267,5.0,2009,6.0,215.0,474.0,4933.0,3,0.12,7.2,7.8,47.69869728713403,0.11,7.2,7.8,46.337630942788074,0.04,7.2,7.8,47.46736502820306,0,0,0,0,0,1
14268,10.0,2013,9.0,26.0,1105.0,1775.0,1,0.03,5.0,5.0,43.64141414141414,0.03,5.0,5.0,40.217532467532465,0.16,5.0,5.0,43.198232323232325,0,0,0,0,0,1
14269,24.0,1996,6.0,512.0,3007.0,5219.0,1,0.0,0.0,0.0,0.0,0.0,0.0,0.0,0.0,0.0,0.0,0.0,0.0,0,0,0,0,0,1
14270,4.0,2007,6.0,313.0,3008.0,5220.0,7,0.0,0.0,0.0,0.0,0.0,0.0,0.0,0.0,0.0,0.0,0.0,0.0,0,0,0,0,0,1
14271,1.0,2015,9.0,239.0,548.0,4253.0,10,0.07,5.2,5.2,46.93294829482948,0.04,5.2,5.2,45.34031903190319,0.04,5.2,5.2,46.23432343234323,0,0,0,0,0,1
14272,24.0,1998,4.0,93.0,3009.0,5221.0,1,0.6,8.0,8.0,1.0,0.6,8.0,8.0,1.0,0.6,8.0,8.0,1.0,0,0,0,0,0,1
14273,4.0,2007,3.0,105.0,256.0,4387.0,6,0.03,3.8,5.3,10.0,2.09,4.95,5.55,10.0,0.06,2.7,8.5,2.0,0,0,0,0,0,1
14274,4.0,2008,6.0,298.0,1652.0,509.0,10,0.06,6.102638001824813,6.459495894160645,47.32791802049488,0.05,6.191270529197094,6.566937728102246,45.973319170207446,0.03,6.229014598540156,6.60431341240881,47.42195701074731,0,0,0,0,0,1
14275,14.0,2005,2.0,2.0,3010.0,5222.0,1,0.6,7.0,7.1,42.0,0.6,7.0,7.1,42.0,0.6,7.0,7.1,42.0,0,0,0,0,0,1
14276,7.0,2008,11.0,157.0,3011.0,5223.0,1,0.1,5.0,5.0,1.0,0.1,5.0,5.0,1.0,0.1,5.0,5.0,1.0,0,0,0,0,0,1
14277,10.0,2012,11.0,59.0,3012.0,5224.0,1,0.06,6.4,7.35,28.0,0.06,6.4,7.35,28.0,0.06,6.4,7.35,28.0,0,0,0,0,0,1
14278,9.0,2005,11.0,88.0,3013.0,1771.0,11,0.09,4.6,4.0,1.0,0.09,4.6,4.0,1.0,0.04,4.6,4.0,1.0,0,0,0,0,0,1
14279,15.0,2002,4.0,11.0,154.0,5225.0,9,0.07,6.2,6.4,1.0,0.17,8.0,7.9,1.0,0.17,8.0,7.9,1.0,0,0,0,1,0,1
14280,15.0,2010,6.0,338.0,3014.0,5226.0,5,0.02,7.1,7.15,10.0,0.01,5.85,4.4,1.0,0.01,5.85,4.4,1.0,0,0,0,0,0,1
14281,5.0,2011,6.0,459.0,703.0,4652.0,8,0.05,7.5,6.0,1.5,0.17,6.83,7.05,19.5,0.17,6.83,7.05,19.5,0,0,0,0,0,1
14282,15.0,2013,11.0,513.0,3015.0,5227.0,9,0.0,0.0,0.0,0.0,0.02,4.0,4.6,0.0,0.02,4.0,4.6,0.0,0,0,0,0,0,1
14283,7.0,2008,6.0,401.0,3016.0,5228.0,1,0.02,6.076557377049176,6.4289414021625335,50.52577025484975,0.02,6.1574189047785115,6.543221137077076,48.40728413845569,0.02,6.202197418904775,6.585209277990916,49.56694560669456,0,0,0,0,0,1
14284,4.0,2007,1.0,298.0,1433.0,5229.0,1,0.0,0.0,0.0,0.0,0.1,2.5,3.5,0.0,0.1,2.5,3.5,0.0,0,0,0,0,0,1
14285,17.0,2012,11.0,26.0,643.0,5208.0,1,0.03,7.8,7.8,5.0,0.3,7.8,7.8,5.0,0.03,7.8,7.8,5.0,0,0,0,0,0,1
14286,17.0,2010,4.0,134.0,3017.0,5230.0,1,0.08,5.8,5.8,8.0,0.08,5.8,5.8,8.0,0.08,5.8,5.8,8.0,0,0,0,0,0,1
14287,15.0,1985,8.0,5.0,3018.0,5231.0,8,0.45,6.0,6.7,39.0,0.45,6.0,6.7,39.0,0.45,6.0,6.7,39.0,0,0,0,0,0,1
14288,15.0,1985,8.0,5.0,3019.0,5231.0,4,0.27,6.1408025939613715,6.505570741231473,45.68745218056618,0.27,6.2296799386374735,6.610784464123878,45.88462127008416,0.27,6.259562094693526,6.648850847221269,47.27915072685539,0,0,0,0,0,1
14289,6.0,2015,4.0,13.0,51.0,4042.0,1,0.08,6.023708006279429,6.380546310832016,44.238808539944905,0.08,6.098238618524324,6.497463108320238,40.88240358126722,0.08,6.122084772370479,6.520916797488228,43.51325757575758,0,0,1,0,0,1
14290,24.0,1995,11.0,9.0,3020.0,5232.0,1,0.05,7.8,7.8,6.0,0.05,7.8,7.8,6.0,0.05,7.8,7.8,6.0,0,0,0,0,0,1
14291,4.0,2010,1.0,232.0,1824.0,509.0,10,0.02,7.5,8.3,6.0,0.07,7.5,8.3,6.0,0.03,6.0,6.8,6.0,0,0,0,0,0,1
14292,4.0,2008,8.0,17.0,61.0,4327.0,1,0.05,4.3,4.4,1.0,0.05,4.3,4.4,1.0,0.05,4.3,4.4,1.0,0,0,0,0,0,1
14293,23.0,2013,4.0,257.0,3021.0,5233.0,1,0.09,6.016843832020995,6.3843011811023525,43.64141414141414,0.09,6.091391076115479,6.49972440944881,40.217532467532465,0.09,6.117578740157478,6.52308070866142,43.198232323232325,0,0,0,0,0,1
14294,4.0,2007,6.0,15.0,410.0,3923.0,3,0.07,5.4,4.5,2.0,0.06,6.8,7.65,12.0,0.06,6.8,7.65,12.0,0,0,0,0,0,1
14295,4.0,2009,3.0,209.0,1967.0,3352.0,10,0.04,4.0,4.0,1.0,0.12,4.0,4.0,1.0,0.12,4.0,4.0,1.0,0,0,0,0,0,1
14296,4.0,2010,8.0,15.0,3022.0,5234.0,1,0.04,6.036517973148549,6.446041576440007,42.41893830703013,0.04,6.13182763100909,6.5621524469467225,36.190578670492584,0.01,6.158211346903418,6.59756604590732,41.083213773314206,0,0,0,0,0,1
14297,6.0,2015,4.0,49.0,901.0,1385.0,1,0.04,6.7,8.0,1.0,0.16,6.7,6.75,6.0,0.2,7.05,7.05,5.0,1,0,0,0,0,1
14298,6.0,2009,6.0,4.0,3023.0,5235.0,1,0.06,6.06531266560678,6.414785373608896,47.58155002891845,0.06,6.151277159512439,6.537713301536816,45.36119144013881,0.06,6.18789083200847,6.572859035506092,49.094852515905146,1,0,0,0,0,1
14299,7.0,2007,11.0,292.0,2738.0,4808.0,1,0.04,6.4,4.0,1.0,0.04,6.4,4.0,1.0,0.04,6.4,4.0,1.0,0,0,0,0,0,1
14300,6.0,2008,1.0,15.0,2637.0,4622.0,1,0.03,6.076557377049176,6.4289414021625335,50.52577025484975,0.03,6.1574189047785115,6.543221137077076,48.40728413845569,0.03,6.202197418904775,6.585209277990916,49.56694560669456,0,0,0,0,0,1
14301,23.0,2013,4.0,71.0,1776.0,5236.0,12,0.42,4.7,6.0,2.0,0.06,4.7,4.0,2.0,0.06,4.7,4.0,2.0,0,0,0,1,0,1
14302,6.0,2010,6.0,4.0,121.0,373.0,1,0.05,4.0,1.0,1.0,0.11,4.0,1.0,0.0,0.11,4.0,1.0,0.0,1,0,0,0,0,1
14303,23.0,2015,9.0,450.0,3024.0,5237.0,1,0.01,6.023708006279429,6.380546310832016,44.238808539944905,0.01,6.098238618524324,6.497463108320238,40.88240358126722,0.01,6.122084772370479,6.520916797488228,43.51325757575758,0,0,0,0,0,1
14304,7.0,2006,9.0,36.0,1761.0,5238.0,8,0.02,6.37,6.88,8.5,0.15,3.7,3.58,9.0,0.15,3.7,3.58,9.0,0,0,0,0,0,1
14305,4.0,2013,11.0,54.0,234.0,488.0,8,0.03,5.5,6.0,4.0,0.16,6.4,6.9,1.0,0.31,6.5,6.5,1.0,0,0,0,0,0,1
14306,4.0,2008,6.0,60.0,3025.0,5239.0,1,0.14,5.13,4.5,0.5,0.14,5.13,4.5,0.5,0.14,5.13,4.5,0.5,0,0,0,0,0,1
14307,9.0,2005,2.0,11.0,3026.0,3489.0,1,0.08,6.0,7.4,9.0,0.08,6.0,7.4,9.0,0.08,6.0,7.4,9.0,0,0,0,0,0,1
14308,13.0,1996,9.0,31.0,817.0,5240.0,1,0.06,6.3,6.3,6.0,0.06,6.3,6.3,6.0,0.06,6.3,6.3,6.0,0,0,0,0,0,1
14309,8.0,1996,6.0,514.0,3027.0,5241.0,1,0.0,0.0,0.0,0.0,0.0,0.0,0.0,0.0,0.0,0.0,0.0,0.0,0,0,0,0,0,1
14310,5.0,2010,11.0,379.0,2820.0,4923.0,1,0.07,6.036517973148549,6.446041576440007,42.41893830703013,0.07,6.13182763100909,6.5621524469467225,36.190578670492584,0.04,6.158211346903418,6.59756604590732,41.083213773314206,0,0,0,0,0,1
14311,23.0,2015,9.0,152.0,2034.0,4945.0,7,0.04,6.0,7.6,15.0,0.03,6.0,7.6,15.0,0.04,6.0,5.9,9.0,0,0,0,0,0,1
14312,10.0,2015,9.0,26.0,3028.0,5242.0,1,0.04,6.023708006279429,6.380546310832016,44.238808539944905,0.04,6.098238618524324,6.497463108320238,40.88240358126722,0.04,6.122084772370479,6.520916797488228,43.51325757575758,0,0,0,0,0,1
14313,19.0,2003,9.0,40.0,204.0,2791.0,10,0.1,5.53,7.3,0.5,0.17,7.1,7.9,0.5,0.17,7.1,7.9,0.5,0,0,0,0,0,1
14314,17.0,2006,4.0,26.0,1829.0,1972.0,1,0.04,6.3,6.1,15.0,0.14,6.3,7.4,15.0,0.09,6.8,6.95,4.0,0,0,0,0,0,1
14315,17.0,2006,4.0,423.0,1929.0,4287.0,6,0.0,0.0,0.0,0.0,0.0,0.0,0.0,0.0,0.0,0.0,0.0,0.0,0,0,0,0,0,1
14316,5.0,2009,7.0,381.0,1284.0,5243.0,1,0.1,7.1,7.8,3.0,0.02,7.1,7.3,3.0,0.02,7.1,7.3,3.0,0,0,0,0,0,1
14317,19.0,2002,3.0,8.0,27.0,2281.0,6,0.9,7.83,8.3,2.0,0.05,7.4,6.55,5.0,0.12,7.77,6.95,19.5,0,0,1,0,0,1
14318,24.0,1998,10.0,13.0,51.0,2392.0,1,0.18,8.0,8.0,1.0,0.14,7.4,7.4,7.0,0.14,7.4,7.4,7.0,0,0,1,0,0,1
14319,15.0,2003,8.0,6.0,3029.0,5244.0,7,0.2,8.2,8.5,45.79083511777302,0.2,8.2,8.5,44.859186295503214,0.2,8.2,8.5,46.22372591006424,0,0,0,1,0,1
14320,17.0,2013,11.0,26.0,3030.0,5245.0,1,0.03,6.016843832020995,6.3843011811023525,43.64141414141414,0.03,6.091391076115479,6.49972440944881,40.217532467532465,0.03,6.117578740157478,6.52308070866142,43.198232323232325,0,0,0,0,0,1
14321,24.0,1998,12.0,432.0,2459.0,4314.0,1,0.04,6.0160609318996405,6.403268817204285,46.05333068992863,0.04,6.099759856630821,6.523605734767007,42.11122125297383,0.04,6.1246594982078815,6.541229390680994,45.49722442505948,0,0,0,0,0,1
14322,1.0,2009,10.0,152.0,676.0,1799.0,12,0.58,8.23,7.97,103.0,0.06,8.23,7.97,103.0,0.08,7.5,8.0,15.5,1,0,0,0,0,1
14323,9.0,2003,3.0,91.0,1612.0,851.0,6,0.02,6.17,6.0,2.0,0.02,4.0,8.1,0.0,0.92,5.17,6.73,10.0,0,0,0,0,0,1
14324,15.0,2011,2.0,54.0,3031.0,5246.0,1,0.04,6.8,7.6,3.0,0.01,6.8,7.6,3.0,0.01,6.8,7.6,3.0,0,0,0,1,0,1
14325,9.0,2003,2.0,452.0,2990.0,4593.0,6,0.03,7.05,7.0,5.0,0.03,7.05,7.0,5.0,0.03,7.05,7.0,5.0,0,0,0,0,0,1
14326,17.0,2013,11.0,292.0,3032.0,5247.0,1,0.04,6.0,6.0,1.0,0.04,6.0,6.0,1.0,0.03,6.0,6.0,1.0,0,0,0,0,0,1
14327,6.0,2015,10.0,26.0,385.0,1237.0,1,0.03,6.43,6.72,68.5,0.47,6.43,6.72,68.5,0.06,7.0,7.3,23.0,0,0,0,1,0,1
14328,6.0,2014,1.0,26.0,3033.0,1440.0,1,0.03,7.5,7.5,1.0,0.03,7.5,7.5,1.0,0.47,7.5,7.5,1.0,0,0,0,0,0,1
14329,1.0,2007,4.0,1.0,3034.0,5248.0,1,0.07,6.099566138746374,6.4607807271916755,47.55820785897907,0.07,6.186688601383021,6.564681017176054,46.14738646101114,0.07,6.2206457729199345,6.6001962971225066,47.53813196229649,0,0,0,0,0,1
14330,17.0,2010,9.0,54.0,3035.0,1273.0,1,0.03,6.036517973148549,6.446041576440007,42.41893830703013,0.03,6.13182763100909,6.5621524469467225,36.190578670492584,0.01,6.158211346903418,6.59756604590732,41.083213773314206,0,0,0,0,0,1
14331,4.0,2008,11.0,228.0,3036.0,5249.0,1,0.04,6.076557377049176,6.4289414021625335,50.52577025484975,0.04,6.1574189047785115,6.543221137077076,48.40728413845569,0.04,6.202197418904775,6.585209277990916,49.56694560669456,0,0,0,0,0,1
14332,10.0,2015,4.0,140.0,3037.0,5250.0,1,0.07,5.0,5.0,44.238808539944905,0.07,5.0,5.0,40.88240358126722,0.07,5.0,5.0,43.51325757575758,0,0,0,0,0,1
14333,4.0,2008,5.0,110.0,3038.0,5251.0,11,0.1,6.044421151439289,6.38992177722153,48.44426425401161,0.1,6.126584793491856,6.504150500625782,46.782946398088086,0.1,6.170384856070071,6.544500938673344,48.1357972004097,0,0,0,0,0,1
14334,15.0,2003,12.0,24.0,822.0,5252.0,9,1.35,7.05,7.5,25.0,0.02,8.65,8.4,7.0,0.02,8.65,8.4,7.0,1,0,0,1,0,1
14335,23.0,2015,9.0,292.0,3039.0,5253.0,1,0.19,7.0,6.0,1.0,0.19,7.0,6.0,1.0,0.19,7.0,6.0,1.0,0,0,0,0,0,1
14336,15.0,2016,12.0,338.0,2407.0,4198.0,6,0.14,6.67,8.22,82.5,0.02,7.0,6.8,82.5,0.07,7.23,7.35,16.5,0,0,0,0,0,1
14337,1.0,2010,6.0,240.0,2143.0,5254.0,12,0.05,4.8,4.8,49.93467259622757,0.06,4.8,4.8,48.478224198742524,0.06,4.8,4.8,49.94947094003987,0,0,0,0,0,1
14338,17.0,2010,11.0,59.0,3040.0,5255.0,1,0.06,5.4,5.4,5.0,0.06,5.4,5.4,5.0,0.02,5.4,5.4,5.0,0,0,0,0,0,1
14339,14.0,2006,6.0,416.0,2379.0,4149.0,5,0.07,6.3,5.3,34.38205128205128,0.07,6.3,5.3,24.756410256410255,0.07,6.3,5.3,30.93717948717949,0,0,0,0,0,1
14340,17.0,2010,11.0,468.0,3041.0,5256.0,1,0.01,6.036517973148549,6.446041576440007,42.41893830703013,0.01,6.13182763100909,6.5621524469467225,36.190578670492584,0.01,6.158211346903418,6.59756604590732,41.083213773314206,0,0,0,0,0,1
14341,15.0,2003,2.0,6.0,19.0,194.0,3,0.07,7.75,8.25,113.0,0.29,7.8,8.2,113.0,0.07,7.75,8.25,113.0,1,0,1,0,1,1
14342,7.0,2006,11.0,490.0,3042.0,5257.0,1,0.04,6.057909446618223,6.454225824482941,48.764652014652015,0.04,6.140609278926769,6.574768026830625,40.60225885225885,0.04,6.179580771380661,6.604046953605371,45.93101343101343,0,0,0,0,0,1
14343,11.0,2017,4.0,9.0,1048.0,834.0,1,0.04,7.27,6.97,4.0,0.04,7.27,6.97,4.0,0.19,5.0,7.5,2.0,1,0,0,0,0,1
14344,4.0,2011,9.0,198.0,1.0,39.0,1,0.22,3.5,5.0,1.0,0.08,3.0,3.5,17.0,5.0,5.9,6.35,66.0,0,0,1,0,0,1
14345,23.0,2014,11.0,379.0,3043.0,5258.0,1,0.02,6.0370023640661925,6.4082836879432445,47.3185817805383,0.02,6.127933806146561,6.533567375886503,45.40683229813665,0.02,6.178366430260039,6.570146572104003,49.021868530020704,0,0,0,0,0,1
14346,19.0,2002,2.0,40.0,210.0,2865.0,12,0.08,6.05,8.42,3.0,0.28,7.4,8.42,3.0,0.28,7.4,8.42,3.0,0,0,0,0,0,1
14347,23.0,2015,2.0,515.0,3044.0,5259.0,1,0.0,0.0,0.0,0.0,0.0,0.0,0.0,0.0,0.0,0.0,0.0,0.0,0,0,0,0,0,1
14348,15.0,2007,9.0,29.0,70.0,613.0,8,0.2,6.0,6.45,4.0,0.52,5.75,6.17,11.5,0.27,5.75,5.25,11.5,0,0,0,0,0,1
14349,5.0,2008,7.0,15.0,3045.0,2747.0,1,0.03,7.0,7.0,1.0,0.03,7.0,7.0,1.0,0.03,7.0,7.0,1.0,0,0,0,0,0,1
14350,17.0,2010,4.0,292.0,3046.0,5260.0,3,0.01,6.08441887842466,6.453391481164448,46.59712738403579,0.01,6.169430650684952,6.553359375000063,45.16023075111843,0.01,6.204124571917825,6.5905062071918294,46.507829055804095,0,0,0,0,0,1
14351,7.0,2002,5.0,196.0,1692.0,5261.0,9,0.1,3.9,3.2,3.0,0.09,2.2,3.8,3.0,0.09,2.2,3.8,3.0,0,0,0,0,0,1
14352,6.0,2014,4.0,26.0,2662.0,4675.0,1,0.03,7.0,7.0,1.0,0.03,7.0,7.0,1.0,0.03,7.0,7.0,1.0,0,0,0,0,0,1
14353,1.0,2010,9.0,75.0,19.0,5262.0,5,0.07,6.067674978747517,6.4074128648342485,49.88838251197281,0.27,6.148580334372342,6.52310427883255,48.341572686544104,0.27,6.194015301785197,6.565334372343457,49.79777537463309,0,0,1,0,0,1
14354,7.0,2010,11.0,49.0,2152.0,3735.0,1,0.04,6.036517973148549,6.446041576440007,42.41893830703013,0.04,6.13182763100909,6.5621524469467225,36.190578670492584,0.03,6.158211346903418,6.59756604590732,41.083213773314206,0,0,0,0,0,1
14355,10.0,2012,11.0,71.0,206.0,1563.0,11,0.31,8.23,8.25,83.5,0.03,8.23,8.3,88.0,0.03,8.23,8.3,88.0,1,0,0,0,0,1
14356,6.0,2013,10.0,13.0,622.0,5263.0,3,0.04,7.73,7.03,123.5,0.06,6.6,5.2,26.0,0.06,6.6,5.2,26.0,1,0,0,0,0,1
14357,15.0,2011,8.0,54.0,1820.0,5264.0,10,0.14,7.8,8.0,3.0,0.04,7.2,8.5,14.0,0.04,7.2,8.5,14.0,0,0,0,0,0,1
14358,24.0,1998,11.0,516.0,3047.0,5265.0,1,0.0,0.0,0.0,0.0,0.0,0.0,0.0,0.0,0.0,0.0,0.0,0.0,0,0,0,0,0,1
14359,4.0,2009,8.0,158.0,3048.0,5266.0,4,0.1,6.1248507638072835,6.489690560125382,45.814278346084414,0.1,6.206650998824923,6.586756756756806,44.8149230636981,0.1,6.240787309048195,6.627685859772829,46.29712885756039,1,0,0,0,0,1
14360,15.0,2010,1.0,6.0,62.0,435.0,10,0.04,5.47,5.5,0.5,0.19,5.47,5.5,0.5,0.19,5.47,5.5,0.5,0,0,1,1,0,1
14361,15.0,2005,12.0,24.0,506.0,4707.0,4,0.14,3.25,4.47,3.5,0.14,3.25,4.47,3.5,0.05,8.05,8.0,22.0,0,0,0,0,0,1
14362,7.0,2009,10.0,267.0,3049.0,2552.0,1,0.22,8.2,9.1,1.0,0.22,8.2,9.1,1.0,0.16,6.35,8.0,1.0,0,0,0,0,0,1
14363,18.0,2015,3.0,270.0,1328.0,2810.0,6,0.17,7.0,7.92,2.0,0.12,7.5,8.22,5.5,0.12,7.5,8.22,5.5,0,0,0,0,1,1
14364,15.0,2012,1.0,3.0,102.0,126.0,10,0.45,7.5,7.37,17.0,2.48,8.0,8.08,109.0,0.45,7.5,7.37,17.0,1,0,1,1,1,1
14365,17.0,2011,11.0,517.0,3050.0,5267.0,1,0.0,0.0,0.0,0.0,0.0,0.0,0.0,0.0,0.0,0.0,0.0,0.0,1,0,0,0,0,1
14366,15.0,2009,9.0,8.0,387.0,135.0,6,0.34,5.3,4.6,4.0,0.34,5.3,4.6,4.0,0.34,5.3,4.6,4.0,0,0,1,0,0,1
14367,17.0,2009,1.0,49.0,524.0,1336.0,1,0.03,6.06531266560678,6.414785373608896,47.58155002891845,0.04,6.151277159512439,6.537713301536816,45.36119144013881,0.05,6.18789083200847,6.572859035506092,49.094852515905146,0,0,0,0,0,1
14368,15.0,2004,12.0,518.0,3051.0,5268.0,6,0.0,0.0,0.0,0.0,0.0,0.0,0.0,0.0,0.0,0.0,0.0,0.0,0,0,0,0,0,1
14369,21.0,1994,6.0,9.0,3052.0,5269.0,1,0.04,6.060073064770927,6.419377962085287,50.71839204668252,0.04,6.1445201421800935,6.542274881516566,48.91938621136806,0.04,6.189670221169031,6.580169826224309,49.949751458828615,0,0,0,0,0,1
14370,17.0,2008,9.0,105.0,573.0,3688.0,7,0.1,4.9,6.9,1.0,0.06,6.0,7.4,3.5,0.1,4.9,6.9,1.0,0,0,0,0,0,1
14371,4.0,2008,4.0,35.0,578.0,5270.0,10,0.17,5.53,6.97,3.0,0.12,5.53,5.7,3.0,0.12,5.53,5.7,3.0,0,0,0,0,0,1
14372,14.0,2005,4.0,11.0,424.0,588.0,6,0.15,4.8,6.4,50.08513282585055,0.15,4.8,6.4,48.5046605561597,0.15,4.8,6.4,49.91968308218114,1,0,0,0,0,1
14373,17.0,2006,5.0,71.0,432.0,4361.0,12,0.1,6.65,7.3,13.0,0.02,6.2,7.9,13.0,0.05,3.8,6.2,13.0,1,0,0,0,0,1
14374,15.0,2009,12.0,11.0,1964.0,5271.0,3,0.12,7.0,7.6,0.0,0.01,7.0,7.6,0.0,0.01,7.0,7.6,0.0,0,0,0,0,0,1
14375,4.0,2008,9.0,26.0,3053.0,5272.0,1,0.04,6.076557377049176,6.4289414021625335,50.52577025484975,0.04,6.1574189047785115,6.543221137077076,48.40728413845569,0.04,6.202197418904775,6.585209277990916,49.56694560669456,0,0,0,0,0,1
14376,4.0,2008,9.0,15.0,3054.0,5273.0,1,0.03,6.076557377049176,6.4289414021625335,50.52577025484975,0.03,6.1574189047785115,6.543221137077076,48.40728413845569,0.03,6.202197418904775,6.585209277990916,49.56694560669456,0,0,0,0,0,1
14377,14.0,2004,9.0,114.0,3055.0,5274.0,8,0.04,7.0,6.8,8.0,0.04,7.0,6.8,8.0,0.04,7.0,6.8,8.0,0,0,0,0,0,1
14378,17.0,2013,11.0,82.0,3056.0,5275.0,1,0.01,6.016843832020995,6.3843011811023525,43.64141414141414,0.01,6.091391076115479,6.49972440944881,40.217532467532465,0.01,6.117578740157478,6.52308070866142,43.198232323232325,0,0,0,0,0,1
14379,6.0,2009,1.0,69.0,2061.0,5276.0,1,0.09,5.0,1.3,47.58155002891845,0.1,5.0,1.3,45.36119144013881,0.1,5.0,1.3,49.094852515905146,0,0,0,0,0,1
14380,11.0,2016,9.0,26.0,768.0,2313.0,5,0.05,9.13,8.33,159.5,0.11,7.5,7.5,6.5,0.15,7.4,6.7,6.5,1,0,0,0,0,1
14381,4.0,2008,11.0,232.0,2011.0,3451.0,1,0.03,6.0,6.0,1.0,0.11,6.0,6.0,1.0,0.11,6.0,6.0,1.0,0,0,0,0,0,1
14382,27.0,1995,10.0,69.0,24.0,2027.0,1,0.47,7.1,7.1,8.0,0.7,7.1,7.1,8.0,0.3,9.0,9.0,1.0,0,0,0,0,0,1
14383,7.0,2001,1.0,6.0,280.0,5277.0,10,0.21,7.6,7.5,77.0,0.06,5.85,7.5,0.0,0.06,5.85,7.5,0.0,0,0,0,0,0,1
14384,13.0,1998,3.0,277.0,37.0,5278.0,1,0.05,3.0,5.0,2.0,0.04,3.0,7.0,4.0,0.04,3.0,7.0,4.0,0,0,0,0,0,1
14385,23.0,2015,11.0,519.0,3057.0,5279.0,1,0.0,0.0,0.0,0.0,0.0,0.0,0.0,0.0,0.0,0.0,0.0,0.0,0,0,0,0,0,1
14386,4.0,2006,9.0,35.0,296.0,5280.0,10,0.07,3.8,4.1,0.0,0.31,7.83,6.6,0.0,0.31,7.83,6.6,0.0,0,0,0,0,0,1
14387,17.0,2010,11.0,59.0,3058.0,5281.0,1,0.04,6.036517973148549,6.446041576440007,42.41893830703013,0.04,6.13182763100909,6.5621524469467225,36.190578670492584,0.04,6.158211346903418,6.59756604590732,41.083213773314206,0,0,0,0,0,1
14388,17.0,2006,4.0,15.0,1880.0,811.0,1,0.04,6.15,6.75,33.0,0.04,6.15,6.75,33.0,0.66,6.15,6.75,33.0,0,0,0,0,0,1
14389,17.0,2011,4.0,72.0,1558.0,3628.0,1,0.06,6.6,6.6,5.0,0.03,7.0,7.0,1.0,0.03,7.0,7.0,1.0,0,0,0,0,0,1
14390,23.0,2015,9.0,291.0,2157.0,3742.0,1,0.01,6.023708006279429,6.380546310832016,44.238808539944905,0.01,6.098238618524324,6.497463108320238,40.88240358126722,0.09,6.122084772370479,6.520916797488228,43.51325757575758,0,0,0,0,0,1
14391,23.0,2015,9.0,292.0,3059.0,5282.0,10,0.01,7.8,6.6,46.93294829482948,0.02,7.8,6.6,45.34031903190319,0.02,7.8,6.6,46.23432343234323,0,0,0,0,0,1
14392,15.0,2015,9.0,5.0,163.0,2449.0,10,0.07,2.75,3.3,1.0,0.11,6.5,6.98,19.5,0.11,6.5,6.98,19.5,0,0,0,1,0,1
14393,9.0,2006,4.0,1.0,1945.0,3316.0,1,0.04,6.0,6.0,3.0,0.04,6.0,6.0,3.0,0.12,6.0,6.0,3.0,0,0,0,0,0,1
14394,17.0,2012,9.0,292.0,3060.0,5283.0,1,0.04,6.072961653015631,6.425969843633651,50.50295255548768,0.04,6.152457185405805,6.543201787043918,48.179596823457544,0.04,6.196662323157107,6.5816586001488995,49.25208715129302,0,0,0,0,0,1
14395,6.0,2010,9.0,49.0,524.0,320.0,1,0.04,6.13,7.05,22.5,0.13,6.13,7.05,22.5,0.24,6.13,7.05,22.5,0,0,0,0,0,1
14396,13.0,1999,11.0,15.0,103.0,5284.0,1,0.04,5.9864729458917845,6.425400801603205,44.05604395604396,0.05,6.120961923847696,6.589959919839676,34.17912087912088,0.05,6.162114228456913,6.618947895791575,38.04120879120879,0,0,0,0,0,1
14397,4.0,2011,6.0,26.0,3061.0,5285.0,1,0.04,6.107652813930537,6.467882595817321,45.77475613360922,0.04,6.194403554438579,6.56657391616556,44.85269484678293,0.04,6.2266573916165795,6.606709451575302,45.76973100798108,0,0,0,0,0,1
14398,7.0,2008,11.0,292.0,2738.0,4808.0,1,0.05,6.076557377049176,6.4289414021625335,50.52577025484975,0.05,6.1574189047785115,6.543221137077076,48.40728413845569,0.03,6.202197418904775,6.585209277990916,49.56694560669456,0,0,0,0,0,1
14399,7.0,2007,8.0,15.0,87.0,729.0,1,0.03,9.0,9.0,1.0,0.09,9.0,9.0,1.0,0.02,9.0,9.0,1.0,0,0,1,0,0,1
14400,15.0,2009,7.0,85.0,1327.0,2168.0,9,0.06,5.27,4.65,1.5,0.01,6.1,6.8,8.0,0.27,5.8,7.3,10.0,0,0,0,0,0,1
14401,19.0,2003,1.0,72.0,3062.0,5286.0,11,0.02,6.2,8.4,48.97781824201291,0.02,6.2,8.4,47.036252276113224,0.02,6.2,8.4,48.732577387849695,0,0,0,0,0,1
14402,4.0,2010,9.0,15.0,3063.0,5287.0,1,0.03,6.036517973148549,6.446041576440007,42.41893830703013,0.03,6.13182763100909,6.5621524469467225,36.190578670492584,0.03,6.158211346903418,6.59756604590732,41.083213773314206,0,0,0,0,0,1
14403,4.0,2011,6.0,26.0,3064.0,5288.0,1,0.03,6.107652813930537,6.467882595817321,45.77475613360922,0.03,6.194403554438579,6.56657391616556,44.85269484678293,0.03,6.2266573916165795,6.606709451575302,45.76973100798108,0,0,0,0,0,1
14404,17.0,2007,5.0,11.0,3065.0,5289.0,10,0.07,6.1034900268284105,6.459080835180271,47.35864844149208,0.07,6.191155954741644,6.567800069987219,46.229496678589676,0.07,6.229064504840788,6.605134725300407,47.57901124169648,0,0,0,0,0,1
14405,13.0,1997,3.0,41.0,1284.0,3291.0,1,0.06,6.042070079121586,6.394020668496688,49.29562687356727,0.12,6.127673179396085,6.510931697077347,47.72615059072474,0.12,6.172315517519764,6.551114161149683,49.20948686298713,0,0,0,0,0,1
14406,1.0,2011,6.0,15.0,87.0,297.0,1,0.06,3.0,4.0,1.0,0.06,3.0,4.0,1.0,0.36,3.0,4.0,1.0,1,0,1,0,0,1
14407,1.0,2008,6.0,6.0,3066.0,3600.0,1,0.08,4.8,6.55,1.0,0.08,4.8,6.55,1.0,0.08,4.8,6.55,1.0,0,0,0,0,0,1
14408,10.0,2012,11.0,122.0,206.0,1563.0,1,0.04,8.2,8.2,66.0,0.05,8.2,8.2,66.0,0.43,8.2,8.2,66.0,0,0,0,0,0,1
14409,4.0,2008,11.0,234.0,2649.0,4648.0,1,0.01,3.0,3.0,1.0,0.01,3.0,3.0,1.0,0.05,3.0,3.0,1.0,0,0,0,0,0,1
14410,7.0,2005,8.0,15.0,365.0,5290.0,9,0.1,5.4,4.5,46.832143282161134,0.01,5.2,4.8,45.37718671902892,0.01,5.2,4.8,46.75086278709985,0,0,0,0,0,1
14411,4.0,2007,9.0,105.0,940.0,5291.0,8,0.03,7.9,8.5,2.0,0.13,7.9,7.9,6.0,0.13,7.9,7.9,6.0,0,0,0,0,0,1
14412,14.0,2003,3.0,40.0,210.0,3637.0,8,0.09,7.6,7.6,46.19905533063428,0.09,7.6,7.6,45.39591767881242,0.09,7.6,7.6,46.679740215924426,0,0,0,0,0,1
14413,17.0,2006,5.0,35.0,1497.0,5292.0,3,0.04,7.13,8.05,18.5,0.19,7.13,8.05,18.5,0.19,7.13,8.05,18.5,0,0,0,0,0,1
14414,23.0,2015,11.0,520.0,372.0,5293.0,1,0.01,7.4,7.4,40.0,1.48,7.4,7.4,40.0,1.48,7.4,7.4,40.0,0,0,0,0,0,1
14415,13.0,2001,9.0,521.0,3067.0,5294.0,1,0.0,0.0,0.0,0.0,0.0,0.0,0.0,0.0,0.0,0.0,0.0,0.0,0,0,0,0,0,1
14416,23.0,2016,4.0,49.0,901.0,1385.0,1,0.03,6.75,7.33,5.5,0.1,6.75,7.33,5.5,0.1,6.75,7.33,5.5,1,0,0,0,0,1
14417,5.0,2010,10.0,9.0,294.0,4985.0,1,0.2,5.0,5.5,4.0,0.09,7.75,8.05,18.0,0.04,7.75,8.0,3.0,0,0,0,0,0,1
14418,15.0,2008,12.0,110.0,2931.0,5098.0,2,0.88,6.140338405797094,6.509248550724672,46.03618002544529,0.88,6.227481159420292,6.610048550724669,45.58993320610687,0.88,6.254673188405799,6.646629710144933,46.776558524173026,0,0,0,0,0,1
14419,7.0,2004,4.0,12.0,61.0,4092.0,7,0.08,4.9,7.0,3.0,0.01,4.0,6.2,3.0,0.07,7.4,7.5,3.0,0,0,0,0,0,1
14420,10.0,2015,4.0,522.0,3068.0,2556.0,4,0.0,0.0,0.0,0.0,0.0,0.0,0.0,0.0,0.11,0.0,0.0,0.0,1,0,0,0,0,1
14421,4.0,2010,1.0,15.0,3069.0,5295.0,1,0.03,6.036517973148549,6.446041576440007,42.41893830703013,0.03,6.13182763100909,6.5621524469467225,36.190578670492584,0.03,6.158211346903418,6.59756604590732,41.083213773314206,0,0,0,0,0,1
14422,15.0,2014,4.0,17.0,473.0,1364.0,10,0.51,6.27,6.3,47.0,0.51,6.27,6.3,47.0,0.51,6.27,6.3,47.0,0,0,0,1,0,1
14423,23.0,2014,11.0,134.0,3070.0,5296.0,1,0.05,8.0,8.0,1.0,0.05,8.0,8.0,1.0,0.05,8.0,8.0,1.0,0,0,0,0,0,1
14424,17.0,2009,8.0,236.0,804.0,946.0,1,0.11,4.8,7.5,1.0,0.26,4.8,9.0,1.0,0.19,6.23,7.4,18.5,1,0,0,0,0,1
14425,20.0,2014,6.0,26.0,1944.0,3315.0,1,0.03,5.0,4.0,1.0,0.03,5.0,4.0,1.0,0.03,5.0,4.0,1.0,0,0,0,0,0,1
14426,14.0,2005,7.0,54.0,2537.0,4430.0,11,0.17,6.1,5.5,1.0,0.17,6.1,5.5,1.0,0.17,6.1,5.5,1.0,0,0,0,0,1,1
14427,17.0,2008,11.0,228.0,3071.0,5297.0,1,0.03,5.0,5.0,50.52577025484975,0.03,5.0,5.0,48.40728413845569,0.03,5.0,5.0,49.56694560669456,0,0,0,0,0,1
14428,13.0,1996,7.0,15.0,87.0,3857.0,1,0.08,6.074598214285714,6.518080357142857,51.629901960784316,0.1,6.105133928571427,6.627678571428572,32.81127450980392,0.09,6.240669642857141,6.645223214285716,43.85294117647059,0,0,1,0,0,1
14429,9.0,2002,2.0,26.0,40.0,1860.0,2,1.74,8.3,7.75,1.0,1.51,6.77,7.57,8.5,0.06,6.77,5.0,1.0,1,0,1,0,0,1
14430,10.0,2015,2.0,523.0,377.0,5298.0,2,0.0,0.0,0.0,0.0,0.09,5.8,7.5,0.0,0.09,5.8,7.5,0.0,1,0,0,0,0,1
14431,17.0,2007,1.0,4.0,3072.0,2812.0,1,0.06,6.3,6.3,3.0,0.06,6.3,6.3,3.0,0.17,6.0,6.0,1.0,0,0,0,0,0,1
14432,10.0,2015,9.0,5.0,321.0,5299.0,11,0.03,6.8,7.13,22.5,0.24,7.0,6.17,6.5,0.24,7.0,6.17,6.5,0,0,0,0,0,1
14433,15.0,2007,9.0,6.0,51.0,67.0,3,0.05,7.45,6.55,3.0,0.01,7.45,6.55,3.0,0.27,6.55,8.45,190.0,1,1,1,1,0,1
14434,10.0,2014,9.0,26.0,323.0,1041.0,10,0.08,6.0,5.0,1.0,0.26,6.8,7.43,10.5,0.34,3.75,5.58,4.0,0,0,0,0,0,1
14435,5.0,2016,9.0,5.0,163.0,110.0,5,0.05,4.0,3.65,8.0,0.05,4.0,3.65,8.0,0.05,4.0,3.65,8.0,0,0,0,0,0,1
14436,6.0,2014,7.0,5.0,1560.0,422.0,3,0.02,3.5,4.43,3.0,0.05,3.5,4.43,3.0,0.11,4.0,4.5,3.0,0,0,0,0,0,1
14437,9.0,2004,5.0,35.0,3073.0,5300.0,3,0.27,6.122058244785515,6.486428964974464,45.87070454152996,0.27,6.2045147579693145,6.583374262101584,44.89656363322397,0.27,6.237591499409697,6.624576151121619,46.36703505439475,0,0,0,0,0,1
14438,13.0,2001,3.0,31.0,1316.0,5301.0,1,0.14,4.35,6.0,1.0,0.27,4.35,6.0,1.0,0.27,4.35,6.0,1.0,0,0,0,0,0,1
14439,7.0,2007,6.0,15.0,87.0,3240.0,1,0.03,7.0,9.0,2.0,0.08,7.0,6.3,45.0,0.03,7.0,6.3,45.0,1,0,1,0,0,1
14440,9.0,2005,6.0,35.0,3074.0,5302.0,1,0.08,5.941533923303834,6.313171091445431,50.56199677938808,0.08,6.055781710914458,6.470575221238942,37.569243156199676,0.08,6.052935103244841,6.466165191740415,43.750402576489535,0,0,0,0,0,1
14441,17.0,2010,4.0,254.0,3075.0,5303.0,1,0.02,7.7,7.7,3.0,0.02,7.7,7.7,3.0,0.02,7.7,7.7,3.0,0,0,0,0,0,1
14442,4.0,2008,11.0,71.0,3076.0,5304.0,1,0.42,9.0,9.0,1.0,0.42,9.0,9.0,1.0,0.42,9.0,9.0,1.0,0,0,0,0,0,1
14443,9.0,2004,3.0,88.0,2101.0,4112.0,11,0.42,4.7,7.3,50.551418439716315,0.02,3.6,7.3,48.66979557780559,0.02,3.6,7.3,49.56727158948686,0,0,0,0,0,1
14444,5.0,2010,10.0,524.0,3077.0,4872.0,1,0.01,5.5,7.0,6.0,0.01,5.5,7.0,6.0,0.04,5.5,5.4,12.0,0,0,0,0,0,1
14445,12.0,1998,2.0,53.0,560.0,5305.0,1,0.05,4.6,4.6,9.0,0.11,4.6,4.6,9.0,0.11,4.6,4.6,9.0,0,0,0,0,0,1
14446,12.0,1999,9.0,196.0,656.0,5306.0,1,0.07,5.9864729458917845,6.425400801603205,44.05604395604396,0.24,6.120961923847696,6.589959919839676,34.17912087912088,0.24,6.162114228456913,6.618947895791575,38.04120879120879,0,0,0,0,0,1
14447,12.0,1998,1.0,161.0,1727.0,5307.0,10,0.21,6.5,6.5,2.0,0.16,6.5,6.5,2.0,0.16,6.5,6.5,2.0,0,0,0,0,0,1
14448,4.0,2009,11.0,15.0,103.0,1228.0,1,0.04,6.06531266560678,6.414785373608896,47.58155002891845,0.05,6.151277159512439,6.537713301536816,45.36119144013881,0.11,6.18789083200847,6.572859035506092,49.094852515905146,0,0,0,0,0,1
14449,9.0,2003,4.0,228.0,841.0,5308.0,11,0.08,8.0,8.45,6.0,0.05,3.9,5.85,1.0,0.05,3.9,5.85,1.0,0,0,0,0,0,1
14450,17.0,2007,2.0,11.0,2431.0,4260.0,2,0.07,8.1,7.37,13.5,0.07,8.1,7.37,13.5,0.07,8.1,7.37,13.5,0,0,0,0,0,1
14451,17.0,2010,10.0,228.0,2334.0,4058.0,1,0.06,6.2,6.2,6.0,0.06,6.2,6.2,6.0,0.04,6.2,6.2,6.0,0,0,0,0,0,1
14452,4.0,2007,9.0,26.0,1065.0,4148.0,1,0.04,6.6,6.4,17.0,0.37,6.6,6.4,17.0,0.37,6.6,6.4,17.0,0,0,0,0,0,1
14453,15.0,2008,3.0,11.0,1654.0,5309.0,9,1.55,6.9,8.1,8.0,0.02,8.2,7.7,8.0,0.02,8.2,7.7,8.0,0,0,0,0,0,1
14454,4.0,2010,6.0,69.0,3078.0,5310.0,1,0.05,6.036517973148549,6.446041576440007,42.41893830703013,0.05,6.13182763100909,6.5621524469467225,36.190578670492584,0.05,6.158211346903418,6.59756604590732,41.083213773314206,0,0,0,0,0,1
14455,8.0,1995,6.0,95.0,3079.0,5311.0,1,0.24,3.0,3.0,3.0,0.24,3.0,3.0,3.0,0.24,3.0,3.0,3.0,0,0,0,0,0,1
14456,9.0,2005,5.0,88.0,2559.0,5312.0,8,0.07,6.00425126409957,6.412411513029939,41.584122203098104,0.07,6.08789187086736,6.5213418903150435,35.80141996557659,0.07,6.1182224815246915,6.556748346946714,40.565834767641995,0,0,0,0,0,1
14457,17.0,2008,9.0,11.0,1682.0,5313.0,2,0.08,6.7,6.5,46.03618002544529,0.05,6.7,6.5,45.58993320610687,0.05,6.7,6.5,46.776558524173026,0,0,0,0,0,1
14458,17.0,2010,6.0,486.0,3080.0,3624.0,10,0.01,7.7,8.0,1.0,0.01,7.7,8.0,1.0,0.1,7.7,6.6,1.0,0,0,0,0,0,1
14459,4.0,2009,11.0,9.0,1774.0,2974.0,1,0.04,6.0,6.9,34.0,0.04,6.0,6.9,34.0,0.13,6.0,5.0,2.0,0,0,0,0,0,1
14460,15.0,1988,8.0,47.0,108.0,137.0,3,0.0,0.0,0.0,0.0,0.0,0.0,0.0,0.0,0.0,0.0,0.0,0.0,1,0,0,1,0,1
14461,15.0,1988,8.0,47.0,108.0,137.0,3,0.03,6.13,3.85,371.5,0.03,6.13,3.85,371.5,0.03,6.13,3.85,371.5,1,0,0,1,0,1
14462,6.0,2012,6.0,26.0,1672.0,2775.0,1,0.03,7.0,7.0,1.0,0.03,7.0,7.0,1.0,0.17,7.0,7.0,1.0,0,0,0,0,0,1
14463,7.0,2010,11.0,292.0,3081.0,5314.0,1,0.05,6.036517973148549,6.446041576440007,42.41893830703013,0.05,6.13182763100909,6.5621524469467225,36.190578670492584,0.05,6.158211346903418,6.59756604590732,41.083213773314206,0,0,0,0,0,1
14464,15.0,2011,6.0,29.0,875.0,5315.0,9,0.09,6.1,6.0,1.0,0.07,6.1,5.85,2.0,0.07,6.1,5.85,2.0,0,0,0,0,0,1
14465,17.0,2011,11.0,292.0,3082.0,5316.0,1,0.04,6.107652813930537,6.467882595817321,45.77475613360922,0.04,6.194403554438579,6.56657391616556,44.85269484678293,0.04,6.2266573916165795,6.606709451575302,45.76973100798108,0,0,0,0,0,1
14466,8.0,1995,12.0,231.0,3083.0,5317.0,1,0.29,6.105477410782085,6.471694191344031,46.30825496342738,0.29,6.192767653758562,6.565149962034973,45.062225705329155,0.29,6.223125474563416,6.604986712224803,46.031556948798325,0,0,0,0,0,1
14467,7.0,2009,11.0,525.0,3084.0,5318.0,1,0.02,6.06531266560678,6.414785373608896,47.58155002891845,0.02,6.151277159512439,6.537713301536816,45.36119144013881,0.02,6.18789083200847,6.572859035506092,49.094852515905146,0,0,0,0,0,1
14468,7.0,2007,12.0,330.0,3085.0,5319.0,1,0.03,6.099566138746374,6.4607807271916755,47.55820785897907,0.03,6.186688601383021,6.564681017176054,46.14738646101114,0.03,6.2206457729199345,6.6001962971225066,47.53813196229649,0,0,0,0,0,1
14469,13.0,1998,12.0,69.0,250.0,5320.0,1,0.08,8.6,8.15,48.0,0.23,8.6,8.15,48.0,0.23,8.6,8.15,48.0,0,0,0,0,0,1
14470,15.0,2012,7.0,7.0,117.0,144.0,10,0.51,8.87,8.2,699.5,0.59,5.85,6.65,27.0,0.59,5.85,6.65,27.0,1,0,0,1,1,1
14471,7.0,2006,12.0,9.0,3086.0,5321.0,1,0.05,6.057909446618223,6.454225824482941,48.764652014652015,0.05,6.140609278926769,6.574768026830625,40.60225885225885,0.05,6.179580771380661,6.604046953605371,45.93101343101343,0,0,0,0,0,1
14472,13.0,1996,7.0,41.0,365.0,5322.0,1,2.4,7.0,7.0,2.0,0.07,3.5,3.5,2.0,0.07,3.5,3.5,2.0,0,0,0,0,0,1
14473,4.0,2009,8.0,6.0,19.0,5323.0,10,0.06,6.6,6.6,39.8933506044905,0.07,6.6,6.6,32.29706390328152,0.07,6.6,6.6,34.81476683937824,1,0,1,0,0,1
14474,17.0,2006,12.0,6.0,2503.0,2210.0,10,0.06,5.6,7.22,5.0,0.06,5.6,7.22,5.0,0.1,3.85,7.83,3.0,0,0,0,0,0,1
14475,4.0,2009,9.0,204.0,2334.0,4058.0,1,0.06,6.06531266560678,6.414785373608896,47.58155002891845,0.06,6.151277159512439,6.537713301536816,45.36119144013881,0.01,6.18789083200847,6.572859035506092,49.094852515905146,0,0,0,0,0,1
14476,13.0,1995,10.0,526.0,2752.0,5324.0,1,0.0,0.0,0.0,0.0,0.0,0.0,0.0,0.0,0.0,0.0,0.0,0.0,0,0,0,0,0,1
14477,4.0,2011,11.0,86.0,3087.0,5325.0,1,1.18,7.05,7.5,25.0,1.18,7.05,7.5,25.0,1.18,7.05,7.5,25.0,0,0,0,0,0,1
14478,1.0,2008,11.0,88.0,627.0,5018.0,12,0.05,3.0,3.0,45.88682931064421,0.02,3.0,3.0,44.88565723215836,0.04,3.0,3.0,46.308734155235285,0,0,0,0,0,1
14479,15.0,2009,2.0,527.0,3088.0,5326.0,8,0.0,0.0,0.0,0.0,0.0,0.0,0.0,0.0,0.0,0.0,0.0,0.0,0,0,0,0,0,1
14480,6.0,2013,8.0,379.0,3089.0,5327.0,1,0.01,8.0,8.0,3.0,0.01,8.0,8.0,3.0,0.01,8.0,8.0,3.0,0,0,0,0,0,1
14481,9.0,2004,7.0,88.0,2101.0,2388.0,8,0.16,5.9,8.15,1.0,0.05,7.0,8.15,1.0,0.03,7.0,7.7,15.0,1,0,0,0,0,1
14482,15.0,2010,9.0,18.0,164.0,184.0,10,0.8,6.05,6.35,68.0,0.8,6.05,6.35,68.0,0.8,6.05,6.35,68.0,0,0,0,0,0,1
14483,15.0,2016,3.0,8.0,222.0,43.0,1,0.04,8.0,8.0,0.5,2.39,5.0,6.3,11.0,2.39,5.0,6.3,11.0,1,1,0,1,0,1
14484,7.0,2008,11.0,292.0,2356.0,4095.0,1,0.04,6.076557377049176,6.4289414021625335,50.52577025484975,0.04,6.1574189047785115,6.543221137077076,48.40728413845569,0.04,6.202197418904775,6.585209277990916,49.56694560669456,0,0,0,0,0,1
14485,4.0,2006,9.0,88.0,2559.0,5328.0,10,0.1,2.5,3.5,20.0,0.03,2.5,6.3,20.0,0.03,2.5,6.3,20.0,0,0,0,0,0,1
14486,9.0,2005,5.0,11.0,626.0,5329.0,6,0.03,4.75,6.13,22.0,0.03,4.75,6.13,22.0,0.03,4.75,6.13,22.0,0,0,0,0,0,1
14487,5.0,2011,4.0,13.0,51.0,73.0,1,0.13,7.0,8.3,4.0,0.26,7.0,8.3,4.0,2.79,6.0,7.8,53.0,1,1,1,0,0,1
14488,14.0,2003,12.0,13.0,586.0,2692.0,11,0.08,6.4,7.1,2.0,0.14,5.8,7.1,2.0,0.19,5.13,4.65,2.0,0,0,0,0,0,1
14489,9.0,2004,1.0,88.0,3090.0,230.0,4,0.02,6.25,6.0,0.5,0.02,6.25,6.0,0.5,0.54,8.8,8.2,0.5,0,0,0,0,0,1
14490,13.0,1997,12.0,96.0,485.0,5330.0,1,0.0,0.0,0.0,0.0,0.0,0.0,0.0,0.0,0.0,0.0,0.0,0.0,0,0,0,0,0,1
14491,17.0,2010,8.0,236.0,227.0,946.0,5,0.01,4.0,4.8,6.0,1.84,8.7,8.5,211.0,0.03,8.7,7.0,1.0,1,0,0,0,0,1
14492,1.0,2010,12.0,26.0,683.0,701.0,1,0.04,8.0,8.0,4.0,0.04,8.0,8.0,4.0,0.06,8.0,8.0,4.0,0,0,0,0,0,1
14493,15.0,2010,12.0,338.0,3014.0,5331.0,7,0.03,5.85,4.4,1.0,0.01,5.85,4.4,1.0,0.01,5.85,4.4,1.0,0,0,0,0,0,1
14494,14.0,2006,9.0,26.0,562.0,2849.0,2,0.16,7.5,8.8,1.0,0.1,7.5,8.8,1.0,0.1,7.5,8.8,1.0,0,0,0,0,0,1
14495,9.0,2003,2.0,13.0,1224.0,403.0,9,0.3,6.5,7.3,30.0,0.11,6.5,7.3,30.0,0.11,6.5,7.3,30.0,0,0,0,0,0,1
14496,15.0,2009,4.0,3.0,482.0,700.0,1,0.08,4.9,6.5,47.58155002891845,0.08,4.9,6.5,45.36119144013881,0.08,4.9,6.5,49.094852515905146,0,0,0,0,0,1
14497,14.0,2005,1.0,64.0,892.0,1368.0,5,0.24,4.8,4.8,45.790360209033224,0.51,4.8,4.8,44.90593505039194,0.51,4.8,4.8,46.025615901455765,0,0,0,0,0,1
14498,5.0,2015,9.0,239.0,779.0,191.0,12,0.04,3.75,5.0,1.0,0.07,3.75,5.0,1.0,0.14,3.75,5.0,1.0,0,0,0,0,0,1
14499,17.0,2008,6.0,4.0,3091.0,5332.0,1,0.05,10.0,10.0,1.0,0.05,10.0,10.0,1.0,0.05,10.0,10.0,1.0,0,0,0,0,0,1
14500,15.0,2008,9.0,5.0,11.0,151.0,10,0.1,6.35,6.5,15.0,0.27,5.85,7.0,15.0,0.43,5.5,4.6,37.5,0,0,1,0,0,1
14501,4.0,2010,4.0,528.0,3092.0,5333.0,1,0.0,0.0,0.0,0.0,0.0,0.0,0.0,0.0,0.0,0.0,0.0,0.0,0,0,0,0,0,1
14502,23.0,2015,9.0,9.0,1048.0,834.0,1,0.17,7.75,7.7,68.0,0.17,7.75,7.7,68.0,0.16,7.75,6.4,11.0,1,0,0,0,0,1
14503,4.0,2009,3.0,5.0,415.0,3461.0,4,0.18,6.75,6.13,29.5,0.09,4.2,4.2,6.0,0.11,3.03,3.22,2.5,0,0,0,0,0,1
14504,6.0,2011,1.0,201.0,724.0,1089.0,6,0.11,6.0,7.5,1.0,0.09,5.5,5.5,1.0,0.09,5.5,5.5,1.0,0,0,0,0,0,1
14505,9.0,2005,2.0,11.0,94.0,725.0,4,0.13,4.55,2.85,1.0,0.04,4.0,4.53,3.0,0.54,4.0,6.6,18.0,0,0,0,0,1,1
14506,7.0,2002,12.0,9.0,3093.0,2889.0,12,0.24,8.3,8.2,46.100670307845085,0.24,8.3,8.2,45.57816120489904,0.24,8.3,8.2,46.971367096987755,1,0,0,0,0,1
14507,10.0,2013,9.0,71.0,1043.0,1020.0,10,0.03,8.9,8.68,75.0,0.3,8.9,7.5,75.0,0.02,8.9,7.5,75.0,0,0,0,0,0,1
14508,15.0,2016,1.0,81.0,1359.0,4710.0,6,0.05,5.9,4.0,1.0,0.03,5.9,6.25,15.5,0.02,6.5,6.72,10.0,1,0,0,0,0,1
14509,31.0,1996,4.0,249.0,3094.0,5334.0,1,0.14,6.074598214285714,6.518080357142857,51.629901960784316,0.14,6.105133928571427,6.627678571428572,32.81127450980392,0.14,6.240669642857141,6.645223214285716,43.85294117647059,0,0,0,0,0,1
14510,7.0,2008,8.0,15.0,87.0,729.0,1,0.03,6.0,6.0,1.0,0.08,6.0,6.0,1.0,0.03,7.5,7.5,2.0,0,0,1,0,0,1
14511,1.0,2010,3.0,224.0,1738.0,5335.0,11,0.04,7.0,7.8,42.0,0.07,7.0,7.8,42.0,0.07,7.0,7.8,42.0,0,0,0,0,0,1
14512,23.0,2015,4.0,279.0,950.0,5336.0,1,0.02,5.8,5.55,3.0,0.04,5.8,6.2,5.0,0.04,5.8,6.2,5.0,1,0,0,0,0,1
14513,9.0,2001,9.0,6.0,548.0,5337.0,11,0.18,6.6,7.1,7.5,0.46,6.6,7.1,7.5,0.46,6.6,7.1,7.5,0,0,0,0,0,1
14514,17.0,2011,6.0,54.0,3095.0,5338.0,1,0.04,6.107652813930537,6.467882595817321,45.77475613360922,0.04,6.194403554438579,6.56657391616556,44.85269484678293,0.04,6.2266573916165795,6.606709451575302,45.76973100798108,0,0,0,0,0,1
14515,6.0,2009,12.0,4.0,511.0,755.0,3,0.33,7.9,6.9,2.0,0.08,4.7,4.4,2.0,0.36,7.7,7.6,58.5,1,0,0,0,0,1
14516,4.0,2007,11.0,29.0,120.0,5339.0,1,0.04,5.3,7.5,47.55820785897907,0.41,5.3,7.5,46.14738646101114,0.41,5.3,7.5,47.53813196229649,0,0,0,0,0,1
14517,14.0,2006,1.0,281.0,2043.0,3526.0,4,0.2,4.2,6.4,1.0,0.09,2.5,5.8,1.0,0.11,7.3,6.3,1.0,0,0,0,0,0,1
14518,4.0,2010,11.0,26.0,3096.0,4110.0,1,0.04,7.1,7.1,42.41893830703013,0.04,7.1,7.1,36.190578670492584,0.06,7.1,7.1,41.083213773314206,0,0,0,0,0,1
14519,8.0,1995,6.0,252.0,3097.0,5340.0,1,0.04,7.0,7.0,1.0,0.04,7.0,7.0,1.0,0.04,7.0,7.0,1.0,0,0,0,0,0,1
14520,17.0,2012,9.0,517.0,3098.0,5341.0,1,0.02,6.072961653015631,6.425969843633651,50.50295255548768,0.02,6.152457185405805,6.543201787043918,48.179596823457544,0.02,6.196662323157107,6.5816586001488995,49.25208715129302,0,0,0,0,0,1
14521,15.0,2008,11.0,207.0,1867.0,5342.0,10,0.01,5.8,6.3,47.32791802049488,0.01,5.8,6.3,45.973319170207446,0.01,5.8,6.3,47.42195701074731,0,0,0,0,0,1
14522,15.0,2009,8.0,29.0,702.0,1058.0,11,0.19,6.05,6.08,5.5,0.7,3.5,5.05,3.0,0.7,3.5,5.05,3.0,0,0,0,0,0,1
14523,4.0,2008,9.0,5.0,284.0,191.0,11,0.1,5.0,1.3,13.0,0.38,4.95,6.05,13.0,0.65,6.15,6.95,20.0,0,0,0,0,0,1
14524,6.0,2006,6.0,15.0,1249.0,2798.0,1,0.04,6.057909446618223,6.454225824482941,48.764652014652015,0.15,6.140609278926769,6.574768026830625,40.60225885225885,0.17,6.179580771380661,6.604046953605371,45.93101343101343,0,0,1,0,1,1
14525,17.0,2009,11.0,15.0,2818.0,4921.0,1,0.03,5.0,5.0,1.0,0.03,5.0,5.0,1.0,0.04,5.0,5.0,1.0,0,0,0,0,0,1
14526,17.0,2007,1.0,4.0,101.0,1163.0,10,0.34,6.33,7.77,37.0,0.26,6.3,6.3,37.0,0.13,5.1,5.65,4.0,0,0,0,0,1,1
14527,1.0,2009,11.0,42.0,1472.0,4248.0,5,0.06,6.1,7.3,2.0,0.17,6.1,7.3,2.0,0.05,6.87,7.65,15.5,1,0,0,0,0,1
14528,4.0,2009,9.0,17.0,2319.0,4033.0,1,0.06,6.06531266560678,6.414785373608896,47.58155002891845,0.06,6.151277159512439,6.537713301536816,45.36119144013881,0.08,6.18789083200847,6.572859035506092,49.094852515905146,0,0,0,0,0,1
14529,4.0,2012,5.0,54.0,3099.0,5343.0,12,0.12,7.1,8.02,21.0,0.12,7.1,8.02,21.0,0.12,7.1,8.02,21.0,0,0,0,0,0,1
14530,10.0,2013,9.0,26.0,317.0,3790.0,11,0.09,3.3,4.8,47.93929897864438,0.59,3.3,3.7,46.61176880222841,0.59,3.3,3.7,48.86049210770659,0,0,0,1,0,1
14531,15.0,2002,9.0,383.0,1855.0,3122.0,5,0.01,5.0,5.0,0.0,0.01,5.0,5.0,0.0,0.01,5.0,5.0,0.0,1,0,0,0,0,1
14532,6.0,2015,9.0,49.0,1696.0,2062.0,3,0.05,6.7,7.0,1.0,0.11,6.7,7.8,1.0,0.16,4.9,6.5,2.0,0,0,0,0,0,1
14533,5.0,2010,6.0,201.0,2751.0,3683.0,1,0.04,6.8,5.53,16.0,0.04,6.8,5.53,16.0,0.04,6.8,5.53,16.0,0,0,0,0,0,1
14534,23.0,2015,9.0,450.0,2034.0,3509.0,1,0.05,6.023708006279429,6.380546310832016,44.238808539944905,0.03,6.098238618524324,6.497463108320238,40.88240358126722,0.02,6.122084772370479,6.520916797488228,43.51325757575758,0,0,0,0,0,1
14535,10.0,2014,6.0,26.0,3100.0,5344.0,1,0.03,6.0,6.0,3.0,0.03,6.0,6.0,3.0,0.03,6.0,6.0,3.0,0,0,0,0,0,1
14536,15.0,2010,6.0,459.0,703.0,4652.0,8,0.05,7.5,6.0,1.5,0.52,7.67,7.7,32.0,0.52,7.67,7.7,32.0,0,0,0,0,0,1
14537,4.0,2008,6.0,85.0,1818.0,3060.0,7,0.14,5.95,5.7,1.5,0.14,5.95,5.7,1.5,0.14,5.95,5.7,1.5,0,0,0,0,0,1
14538,7.0,2005,7.0,26.0,669.0,5345.0,9,0.08,6.0,8.45,6.0,0.48,5.0,5.0,2.0,0.48,5.0,5.0,2.0,0,0,0,0,0,1
14539,15.0,2004,7.0,8.0,37.0,42.0,1,0.22,7.0,8.0,35.0,0.01,8.0,7.8,16.0,0.03,8.63,8.52,158.5,1,1,0,1,0,1
14540,4.0,2007,9.0,26.0,3101.0,5346.0,1,0.03,6.099566138746374,6.4607807271916755,47.55820785897907,0.03,6.186688601383021,6.564681017176054,46.14738646101114,0.03,6.2206457729199345,6.6001962971225066,47.53813196229649,0,0,0,0,0,1
14541,17.0,2013,6.0,442.0,3102.0,5347.0,1,0.03,6.016843832020995,6.3843011811023525,43.64141414141414,0.03,6.091391076115479,6.49972440944881,40.217532467532465,0.03,6.117578740157478,6.52308070866142,43.198232323232325,0,0,0,0,0,1
14542,18.0,2015,11.0,179.0,590.0,2220.0,1,0.05,4.0,6.3,50.0,0.05,4.0,6.3,50.0,0.05,4.0,6.3,50.0,0,0,0,0,0,1
14543,14.0,2003,2.0,181.0,226.0,2353.0,10,0.23,6.7,3.5,47.44406405941743,0.23,6.7,3.5,45.58605082975514,0.23,6.7,3.5,46.54206800510619,0,0,0,0,0,1
14544,6.0,2010,1.0,216.0,1648.0,5348.0,1,0.0,0.0,0.0,0.0,0.07,0.0,0.0,0.0,0.07,0.0,0.0,0.0,0,0,0,0,0,1
14545,13.0,1996,9.0,19.0,79.0,5349.0,1,0.08,6.0,6.0,1.0,0.12,6.0,6.0,1.0,0.12,6.0,6.0,1.0,0,0,0,0,0,1
14546,4.0,2008,12.0,49.0,253.0,5350.0,1,0.05,6.0,7.3,3.0,0.4,6.0,7.3,3.0,0.4,6.0,7.3,3.0,0,0,0,0,0,1
14547,14.0,2002,4.0,373.0,1686.0,5351.0,12,0.11,6.140388876328281,6.504112593262527,46.100670307845085,0.17,6.2242520159770995,6.600902102645306,45.57816120489904,0.17,6.255484211319628,6.641152309895251,46.971367096987755,0,0,0,0,0,1
14548,19.0,2003,3.0,8.0,1316.0,488.0,9,0.1,8.5,7.4,10.0,0.14,4.63,4.2,10.0,0.09,6.77,7.5,0.5,0,0,0,0,0,1
14549,7.0,2006,8.0,15.0,87.0,5352.0,1,0.03,9.5,9.5,4.0,0.05,9.5,9.5,4.0,0.05,9.5,9.5,4.0,0,0,1,0,0,1
14550,4.0,2009,11.0,38.0,3103.0,5353.0,1,0.2,6.06531266560678,6.414785373608896,47.58155002891845,0.2,6.151277159512439,6.537713301536816,45.36119144013881,0.2,6.18789083200847,6.572859035506092,49.094852515905146,0,0,0,0,0,1
14551,1.0,2007,3.0,6.0,53.0,59.0,3,0.05,4.2,3.6,44.5,0.28,5.97,7.12,44.5,0.28,5.97,7.12,44.5,1,0,0,0,0,1
14552,15.0,1992,7.0,529.0,117.0,144.0,5,0.0,0.0,0.0,0.0,0.0,0.0,0.0,0.0,0.0,0.0,0.0,0.0,1,0,0,1,1,1
14553,15.0,1992,7.0,529.0,117.0,144.0,12,0.03,7.57,8.3,207.5,0.03,7.57,8.3,207.5,0.03,7.57,8.3,207.5,1,0,0,1,1,1
14554,9.0,2002,9.0,88.0,2860.0,3674.0,11,0.01,7.7,7.7,45.226486486486486,0.01,7.7,7.7,38.287837837837834,0.1,7.7,7.7,43.71081081081081,0,0,0,0,0,1
14555,23.0,2015,11.0,519.0,3104.0,5354.0,1,0.03,6.023708006279429,6.380546310832016,44.238808539944905,0.03,6.098238618524324,6.497463108320238,40.88240358126722,0.03,6.122084772370479,6.520916797488228,43.51325757575758,0,0,0,0,0,1
14556,4.0,2010,8.0,288.0,1996.0,5355.0,1,0.19,6.8,6.3,4.0,0.11,6.8,6.3,4.0,0.11,6.8,6.3,4.0,0,0,0,0,0,1
14557,14.0,2004,12.0,272.0,3105.0,4275.0,5,0.02,4.95,7.7,46.15250020731404,0.02,4.95,7.7,45.613608093540094,0.02,4.95,7.7,47.005638941869144,0,0,0,0,0,1
14558,9.0,2006,1.0,15.0,87.0,1539.0,1,0.03,6.057909446618223,6.454225824482941,48.764652014652015,0.04,6.140609278926769,6.574768026830625,40.60225885225885,0.15,6.179580771380661,6.604046953605371,45.93101343101343,0,0,1,0,0,1
14559,4.0,2009,6.0,59.0,3106.0,5356.0,1,0.06,4.2,6.1,47.58155002891845,0.06,4.2,6.1,45.36119144013881,0.06,4.2,6.1,49.094852515905146,0,0,0,0,0,1
14560,17.0,2012,11.0,530.0,1014.0,5357.0,1,0.0,0.0,0.0,0.0,0.08,6.0,0.0,0.0,0.02,6.0,0.0,0.0,0,0,0,0,0,1
14561,4.0,2006,9.0,12.0,61.0,5358.0,8,0.28,7.05,7.6,34.0,0.12,6.8,6.9,8.0,0.12,6.8,6.9,8.0,0,0,0,0,0,1
14562,17.0,2010,4.0,342.0,1558.0,3628.0,1,0.09,7.87,8.07,5.5,0.1,7.65,7.57,4.0,0.09,7.87,8.07,5.5,0,0,0,0,0,1
14563,18.0,2016,9.0,49.0,253.0,1600.0,1,0.03,3.0,4.4,18.0,0.13,6.0,6.5,13.0,0.13,7.0,5.4,8.0,0,0,0,1,0,1
14564,10.0,2016,4.0,140.0,1322.0,2156.0,1,0.03,5.0,5.0,46.00420630552716,0.03,5.0,5.0,45.91736771758786,0.07,5.0,5.0,47.09733469612391,0,0,0,0,0,1
14565,17.0,2006,3.0,36.0,169.0,292.0,6,0.03,7.7,7.35,9.0,0.05,6.87,8.0,18.0,0.03,7.7,7.35,9.0,0,0,0,0,0,1
14566,4.0,2010,11.0,82.0,2034.0,3509.0,1,0.06,6.036517973148549,6.446041576440007,42.41893830703013,0.02,6.13182763100909,6.5621524469467225,36.190578670492584,0.02,6.158211346903418,6.59756604590732,41.083213773314206,0,0,0,0,0,1
14567,9.0,2003,9.0,29.0,669.0,2705.0,6,0.04,7.0,6.5,2.0,0.21,5.5,7.2,2.0,0.21,5.5,7.2,2.0,0,0,0,0,0,1
14568,10.0,2016,9.0,26.0,3107.0,5359.0,1,0.04,6.139692021200393,6.5099813780261035,46.00420630552716,0.04,6.228947858472998,6.612544764360438,45.91736771758786,0.04,6.258451511244804,6.6494134078212355,47.09733469612391,0,0,0,0,0,1
14569,23.0,2014,11.0,15.0,3108.0,5360.0,1,0.09,6.0370023640661925,6.4082836879432445,47.3185817805383,0.09,6.127933806146561,6.533567375886503,45.40683229813665,0.09,6.178366430260039,6.570146572104003,49.021868530020704,0,0,0,0,0,1
14570,23.0,2015,4.0,379.0,3109.0,5361.0,1,0.01,6.023708006279429,6.380546310832016,44.238808539944905,0.01,6.098238618524324,6.497463108320238,40.88240358126722,0.01,6.122084772370479,6.520916797488228,43.51325757575758,0,0,0,0,0,1
14571,6.0,2011,6.0,54.0,3110.0,5362.0,1,0.03,8.0,8.0,5.0,0.03,8.0,8.0,5.0,0.03,8.0,8.0,5.0,0,0,0,0,0,1
14572,5.0,2015,9.0,361.0,1648.0,5181.0,9,0.03,6.056879350348023,6.413271461716923,50.44444444444444,0.03,6.137900232018563,6.532095901005401,48.38212927756654,0.03,6.181947022428457,6.569897525135331,49.40853400929446,0,0,0,0,0,1
14573,5.0,2011,6.0,2.0,2094.0,5363.0,4,1.64,7.13,6.38,40.5,0.02,7.13,7.85,6.0,0.02,7.13,7.85,6.0,0,0,0,0,0,1
14574,1.0,2010,1.0,264.0,1457.0,2397.0,1,0.2,4.6,4.6,42.41893830703013,0.2,4.6,4.6,36.190578670492584,0.2,4.6,4.6,41.083213773314206,0,0,0,0,0,1
14575,13.0,2000,3.0,106.0,1551.0,5364.0,3,0.2,6.139316450338602,6.506447516930062,45.87851335656214,0.2,6.227496472911969,6.61041055304744,45.86039488966318,0.2,6.2573518623024835,6.647404768623042,47.110259388308165,0,0,0,0,0,1
14576,20.0,2013,6.0,59.0,548.0,3502.0,1,0.08,6.016843832020995,6.3843011811023525,43.64141414141414,0.11,6.091391076115479,6.49972440944881,40.217532467532465,0.11,6.117578740157478,6.52308070866142,43.198232323232325,0,0,0,0,0,1
14577,11.0,2015,4.0,365.0,316.0,4839.0,10,0.05,7.0,7.5,4.0,0.33,7.63,7.6,109.0,0.33,7.63,7.6,109.0,0,0,0,0,0,1
14578,5.0,2010,7.0,381.0,1284.0,2090.0,1,0.03,6.8,8.2,36.0,0.03,6.8,8.2,36.0,0.28,6.8,7.95,68.0,0,0,0,0,0,1
14579,10.0,2015,12.0,49.0,524.0,1335.0,1,0.04,8.0,8.0,1.0,0.04,8.0,8.0,1.0,0.06,8.0,8.0,1.0,1,0,0,0,0,1
14580,9.0,2006,1.0,1.0,3111.0,5365.0,1,0.04,6.0,6.3,28.0,0.04,6.0,6.3,28.0,0.04,6.0,6.3,28.0,0,0,0,0,0,1
14581,15.0,2009,9.0,5.0,229.0,1373.0,3,0.17,4.65,6.35,1.0,0.19,4.7,6.0,1.0,0.19,4.7,6.0,1.0,0,0,0,0,0,1
14582,14.0,2002,3.0,15.0,87.0,2217.0,11,0.03,7.0,8.0,0.0,0.19,7.5,7.5,0.0,0.02,4.0,7.5,0.0,0,0,1,0,0,1
14583,17.0,2010,12.0,4.0,3112.0,5366.0,1,0.04,6.036517973148549,6.446041576440007,42.41893830703013,0.04,6.13182763100909,6.5621524469467225,36.190578670492584,0.04,6.158211346903418,6.59756604590732,41.083213773314206,0,0,0,0,0,1
14584,7.0,2006,12.0,330.0,3085.0,5319.0,1,0.0,0.0,0.0,0.0,0.0,0.0,0.0,0.0,0.0,0.0,0.0,0.0,0,0,0,0,0,1
14585,15.0,2015,11.0,144.0,3113.0,5367.0,1,0.04,6.023708006279429,6.380546310832016,44.238808539944905,0.04,6.098238618524324,6.497463108320238,40.88240358126722,0.04,6.122084772370479,6.520916797488228,43.51325757575758,0,0,0,0,0,1
14586,4.0,2010,6.0,1.0,3114.0,5368.0,1,0.23,6.0,6.9,25.0,0.23,6.0,6.9,25.0,0.23,6.0,6.9,25.0,0,0,0,0,0,1
14587,9.0,2002,10.0,187.0,3115.0,5369.0,1,0.03,9.0,9.0,62.0,0.03,9.0,9.0,62.0,0.03,9.0,9.0,62.0,0,0,0,0,0,1
14588,4.0,2008,5.0,260.0,3116.0,3397.0,1,0.24,8.7,8.7,50.52577025484975,0.24,8.7,8.7,48.40728413845569,0.24,8.7,8.7,49.56694560669456,0,0,0,0,0,1
14589,15.0,2016,12.0,338.0,2407.0,5370.0,5,0.02,8.63,8.15,86.0,0.07,7.23,7.35,16.5,0.07,7.23,7.35,16.5,0,0,0,0,0,1
14590,17.0,2005,4.0,292.0,841.0,3811.0,9,0.05,7.0,8.2,46.832143282161134,0.03,7.0,8.2,45.37718671902892,0.05,7.0,8.2,46.75086278709985,0,0,0,0,0,1
14591,17.0,2010,11.0,292.0,2738.0,4808.0,1,0.04,6.036517973148549,6.446041576440007,42.41893830703013,0.04,6.13182763100909,6.5621524469467225,36.190578670492584,0.03,6.158211346903418,6.59756604590732,41.083213773314206,0,0,0,0,0,1
14592,14.0,2004,11.0,6.0,1855.0,3122.0,10,0.13,7.9,8.3,68.5,0.02,7.5,7.85,68.5,0.1,5.35,7.15,54.0,1,0,0,0,0,1
14593,5.0,2011,6.0,86.0,474.0,4933.0,1,0.11,7.45,7.0,2.0,0.26,7.45,7.6,25.0,0.04,7.45,7.6,25.0,0,0,0,0,0,1
14594,23.0,2016,11.0,54.0,3117.0,5371.0,1,0.04,4.4,4.4,46.00420630552716,0.04,4.4,4.4,45.91736771758786,0.04,4.4,4.4,47.09733469612391,0,0,0,0,0,1
14595,14.0,2003,3.0,373.0,971.0,5372.0,4,0.11,6.05,6.05,45.709594825262776,0.08,6.05,6.05,44.99577755817087,0.08,6.05,6.05,46.423861288293956,0,0,0,0,0,1
14596,15.0,2011,5.0,81.0,2997.0,5373.0,10,0.04,5.3,4.8,2.0,0.03,5.0,5.0,2.5,0.03,5.0,5.0,2.5,1,0,0,0,1,1
14597,20.0,2012,2.0,72.0,3118.0,5374.0,1,0.38,8.2,8.2,18.0,0.38,8.2,8.2,18.0,0.38,8.2,8.2,18.0,0,0,0,0,0,1
14598,4.0,2009,9.0,9.0,1563.0,1394.0,1,0.03,4.0,5.0,1.0,0.04,4.0,5.7,18.0,0.05,4.0,10.0,1.0,0,0,0,0,0,1
14599,1.0,2009,9.0,75.0,2876.0,16.0,9,0.09,6.83,5.3,81.5,0.09,6.83,5.3,81.5,0.91,6.83,6.87,81.5,0,0,0,0,0,1
14600,15.0,2012,11.0,414.0,2022.0,5375.0,4,0.0,0.0,0.0,0.0,0.11,8.0,8.1,160.0,0.11,8.0,8.1,160.0,0,0,0,0,0,1
14601,23.0,2015,11.0,520.0,3119.0,5376.0,1,0.01,6.023708006279429,6.380546310832016,44.238808539944905,0.01,6.098238618524324,6.497463108320238,40.88240358126722,0.01,6.122084772370479,6.520916797488228,43.51325757575758,0,0,0,0,0,1
14602,4.0,2009,11.0,38.0,3120.0,5377.0,1,0.09,6.06531266560678,6.414785373608896,47.58155002891845,0.09,6.151277159512439,6.537713301536816,45.36119144013881,0.09,6.18789083200847,6.572859035506092,49.094852515905146,0,0,0,0,0,1
14603,17.0,2010,10.0,234.0,1139.0,5378.0,1,0.04,5.57,8.0,9.0,0.16,5.57,4.82,36.0,0.16,5.57,4.82,36.0,0,0,0,0,0,1
14604,1.0,2009,5.0,68.0,799.0,2600.0,2,0.2,6.104990465293672,6.471661899313569,46.313123359580054,0.25,6.191879290617869,6.565022883295242,45.077952755905514,0.25,6.222345537757457,6.603920671243372,46.040734908136486,0,0,0,0,0,1
14605,17.0,2011,11.0,292.0,3121.0,5379.0,1,0.04,6.107652813930537,6.467882595817321,45.77475613360922,0.04,6.194403554438579,6.56657391616556,44.85269484678293,0.02,6.2266573916165795,6.606709451575302,45.76973100798108,0,0,0,0,0,1
14606,5.0,2010,1.0,216.0,1648.0,5348.0,1,0.03,6.036517973148549,6.446041576440007,42.41893830703013,0.07,6.13182763100909,6.5621524469467225,36.190578670492584,0.07,6.158211346903418,6.59756604590732,41.083213773314206,0,0,0,0,0,1
14607,15.0,2010,4.0,303.0,817.0,1812.0,5,0.0,0.0,0.0,0.0,0.14,7.0,8.8,0.0,0.34,5.69,6.85,20.0,0,0,0,0,0,1
14608,15.0,2008,6.0,6.0,19.0,3489.0,10,0.07,4.5,6.0,11.0,0.07,4.5,6.0,11.0,0.02,4.5,6.0,11.0,0,0,1,0,0,1
14609,15.0,2004,7.0,8.0,653.0,42.0,3,0.15,5.47,7.83,3.5,0.17,2.8,7.3,3.5,0.03,8.63,8.52,158.5,1,1,0,0,0,1
14610,13.0,2000,11.0,4.0,1397.0,5380.0,1,0.09,7.7,7.7,68.0,0.06,7.7,7.7,68.0,0.06,7.7,7.7,68.0,0,0,0,0,0,1
14611,17.0,2011,6.0,4.0,3122.0,5381.0,1,0.06,9.0,8.05,234.0,0.06,9.0,8.05,234.0,0.06,9.0,8.05,234.0,0,0,0,0,0,1
14612,17.0,2013,11.0,330.0,3123.0,5382.0,1,0.12,6.016843832020995,6.3843011811023525,43.64141414141414,0.12,6.091391076115479,6.49972440944881,40.217532467532465,0.12,6.117578740157478,6.52308070866142,43.198232323232325,0,0,0,0,0,1
14613,19.0,2002,9.0,40.0,971.0,2742.0,12,0.06,7.0,9.0,2.0,0.11,4.2,5.35,2.0,0.11,4.2,5.35,2.0,0,0,0,0,0,1
14614,9.0,2005,9.0,29.0,3124.0,5383.0,10,0.11,7.25,7.65,4.0,0.11,7.25,7.65,4.0,0.11,7.25,7.65,4.0,0,0,0,0,0,1
14615,8.0,1994,9.0,26.0,683.0,701.0,1,0.27,6.060073064770927,6.419377962085287,50.71839204668252,0.27,6.1445201421800935,6.542274881516566,48.91938621136806,0.33,6.189670221169031,6.580169826224309,49.949751458828615,0,0,0,0,0,1
14616,4.0,2005,9.0,15.0,3125.0,5384.0,1,0.06,8.0,8.0,1.0,0.06,8.0,8.0,1.0,0.06,8.0,8.0,1.0,1,0,0,0,0,1
14617,15.0,2006,9.0,6.0,1971.0,1905.0,1,0.12,6.4,7.35,1.0,0.12,6.4,7.35,1.0,0.02,7.0,7.0,5.0,0,0,0,0,0,1
14618,7.0,2008,10.0,531.0,3126.0,5385.0,1,0.0,0.0,0.0,0.0,0.0,0.0,0.0,0.0,0.0,0.0,0.0,0.0,1,0,0,0,0,1
14619,5.0,2012,9.0,59.0,2941.0,5116.0,1,0.04,6.072961653015631,6.425969843633651,50.50295255548768,0.04,6.152457185405805,6.543201787043918,48.179596823457544,0.04,6.196662323157107,6.5816586001488995,49.25208715129302,0,0,0,0,0,1
14620,15.0,2015,3.0,270.0,1040.0,2471.0,3,0.1,5.63,5.78,3.0,0.1,5.63,5.78,3.0,0.1,5.63,5.78,3.0,0,0,0,0,0,1
14621,15.0,2015,3.0,270.0,2997.0,2471.0,3,0.08,5.75,5.62,1.5,0.03,5.0,5.0,2.5,0.08,5.75,5.62,1.5,0,0,0,0,0,1
14622,14.0,2005,10.0,234.0,380.0,1850.0,8,0.11,7.1,7.45,1.0,0.04,7.1,8.3,23.0,0.07,7.3,7.8,1.0,0,0,0,0,0,1
14623,14.0,2002,1.0,15.0,87.0,243.0,3,0.07,4.4,0.5,2.0,0.07,4.4,0.5,2.0,0.06,6.43,6.5,2.0,0,0,1,0,1,1
14624,4.0,2007,5.0,88.0,1883.0,5386.0,10,0.14,2.2,2.17,2.0,0.13,2.2,2.17,2.0,0.13,2.2,2.17,2.0,0,0,0,0,0,1
14625,15.0,2006,12.0,42.0,1189.0,2660.0,12,0.02,7.05,7.85,1.0,0.02,7.05,7.85,1.0,0.04,7.05,7.2,6.0,0,0,0,0,0,1
14626,17.0,2011,11.0,257.0,3127.0,5387.0,1,0.01,6.107652813930537,6.467882595817321,45.77475613360922,0.01,6.194403554438579,6.56657391616556,44.85269484678293,0.01,6.2266573916165795,6.606709451575302,45.76973100798108,0,0,0,0,0,1
14627,7.0,2009,11.0,59.0,2569.0,4480.0,1,0.04,6.06531266560678,6.414785373608896,47.58155002891845,0.04,6.151277159512439,6.537713301536816,45.36119144013881,0.01,6.18789083200847,6.572859035506092,49.094852515905146,0,0,0,0,0,1
14628,17.0,2011,11.0,82.0,3128.0,5388.0,1,0.06,6.107652813930537,6.467882595817321,45.77475613360922,0.06,6.194403554438579,6.56657391616556,44.85269484678293,0.06,6.2266573916165795,6.606709451575302,45.76973100798108,0,0,0,0,0,1
14629,17.0,2010,11.0,468.0,3129.0,5389.0,1,0.04,6.036517973148549,6.446041576440007,42.41893830703013,0.04,6.13182763100909,6.5621524469467225,36.190578670492584,0.04,6.158211346903418,6.59756604590732,41.083213773314206,0,0,0,0,0,1
14630,17.0,2012,4.0,217.0,524.0,4131.0,1,0.04,4.0,6.5,4.0,0.11,6.5,6.77,1.5,0.04,6.5,6.77,1.5,0,0,0,0,0,1
14631,4.0,2008,12.0,49.0,3130.0,5390.0,1,0.03,6.076557377049176,6.4289414021625335,50.52577025484975,0.03,6.1574189047785115,6.543221137077076,48.40728413845569,0.03,6.202197418904775,6.585209277990916,49.56694560669456,0,0,0,0,0,1
14632,6.0,2012,9.0,26.0,1672.0,2775.0,1,0.03,6.072961653015631,6.425969843633651,50.50295255548768,0.03,6.152457185405805,6.543201787043918,48.179596823457544,0.03,6.196662323157107,6.5816586001488995,49.25208715129302,0,0,0,0,0,1
14633,15.0,2010,6.0,26.0,1557.0,2585.0,1,0.03,6.036517973148549,6.446041576440007,42.41893830703013,0.03,6.13182763100909,6.5621524469467225,36.190578670492584,0.03,6.158211346903418,6.59756604590732,41.083213773314206,0,0,0,0,0,1
14634,11.0,2016,9.0,5.0,3131.0,248.0,1,0.03,5.9,6.8,39.0,0.03,5.9,6.8,39.0,2.08,6.0,6.7,39.0,0,0,0,0,0,1
14635,4.0,2012,9.0,125.0,508.0,5391.0,1,0.75,9.0,8.2,428.0,0.05,9.0,7.0,1.0,0.05,9.0,7.0,1.0,0,0,0,0,0,1
14636,4.0,2006,4.0,92.0,3132.0,3244.0,1,0.04,6.2,6.55,1.0,0.03,6.2,6.55,1.0,0.04,6.2,8.0,1.0,0,0,0,0,0,1
14637,19.0,2005,2.0,155.0,312.0,5392.0,9,0.08,5.6,7.2,40.0,0.08,5.6,7.2,40.0,0.08,5.6,7.2,40.0,0,0,0,0,0,1
14638,4.0,2008,11.0,313.0,2143.0,5177.0,11,0.03,3.7,3.7,48.44426425401161,0.04,3.7,3.7,46.782946398088086,0.04,3.7,3.7,48.1357972004097,0,0,0,0,0,1
14639,23.0,2015,9.0,49.0,524.0,4131.0,1,0.03,6.7,6.7,7.0,0.04,6.7,6.7,7.0,0.04,6.7,6.7,7.0,0,0,0,0,0,1
14640,23.0,2011,8.0,59.0,2455.0,4306.0,1,0.06,5.4,5.4,5.0,0.06,5.4,5.4,5.0,0.06,5.4,5.4,5.0,0,0,0,0,1,1
14641,6.0,2013,9.0,49.0,253.0,559.0,9,0.61,6.27,7.73,44.5,0.69,6.53,7.65,109.0,0.1,6.53,7.65,109.0,0,0,0,0,0,1
14642,15.0,2001,12.0,532.0,2521.0,5393.0,4,0.0,0.0,0.0,0.0,0.0,0.0,0.0,0.0,0.0,0.0,0.0,0.0,0,0,0,0,0,1
14643,1.0,2009,11.0,224.0,499.0,5394.0,10,0.31,6.017120127287195,6.416451869530627,39.8933506044905,1.09,6.130859188544151,6.552171837708827,32.29706390328152,1.09,6.161694510739854,6.5963723150357945,34.81476683937824,0,0,0,0,0,1
14644,1.0,2011,6.0,533.0,3133.0,5395.0,1,0.01,8.0,7.3,38.0,0.01,8.0,7.3,38.0,0.01,8.0,7.3,38.0,0,0,0,0,0,1
14645,24.0,1995,10.0,9.0,680.0,608.0,1,0.04,6.9,7.7,25.0,0.28,6.9,7.7,25.0,1.27,6.9,8.7,25.0,1,0,0,0,1,1
14646,23.0,2016,9.0,291.0,709.0,3648.0,11,0.01,5.8,6.45,74.0,0.27,5.8,6.45,74.0,0.03,5.8,6.45,74.0,1,0,0,0,0,1
14647,5.0,2011,9.0,13.0,1658.0,67.0,1,0.05,6.75,7.15,39.0,0.05,6.75,7.15,39.0,1.08,6.75,7.15,39.0,0,0,0,0,0,1
14648,23.0,2013,4.0,486.0,1691.0,5396.0,1,0.02,6.016843832020995,6.3843011811023525,43.64141414141414,0.02,6.091391076115479,6.49972440944881,40.217532467532465,0.02,6.117578740157478,6.52308070866142,43.198232323232325,0,0,0,0,0,1
14649,15.0,2008,9.0,6.0,341.0,298.0,1,0.04,5.0,7.1,51.0,0.64,5.0,7.1,51.0,0.29,7.0,7.5,91.0,1,0,1,0,1,1
14650,9.0,2003,9.0,54.0,1394.0,5397.0,10,0.21,6.2,7.15,3.0,0.21,6.2,7.15,3.0,0.21,6.2,7.15,3.0,0,0,0,0,0,1
14651,17.0,2007,5.0,40.0,993.0,5398.0,6,2.01,7.1,5.8,45.848692033293695,0.05,7.1,5.8,44.92196789536266,0.05,7.1,5.8,45.84106222750694,0,0,0,0,0,1
14653,10.0,2015,9.0,140.0,3135.0,5400.0,1,0.03,6.023708006279429,6.380546310832016,44.238808539944905,0.03,6.098238618524324,6.497463108320238,40.88240358126722,0.03,6.122084772370479,6.520916797488228,43.51325757575758,0,0,0,0,0,1
14654,4.0,2006,8.0,35.0,237.0,702.0,9,0.16,7.7,6.5,3.0,0.23,8.0,7.95,99.0,1.13,8.35,7.85,6.0,0,0,0,0,0,1
14655,15.0,2011,4.0,338.0,908.0,5401.0,1,0.03,6.8,5.3,18.0,0.5,5.0,5.4,18.0,0.5,5.0,5.4,18.0,0,0,0,0,0,1
14656,15.0,2013,9.0,26.0,381.0,2210.0,1,0.03,3.0,4.4,5.0,0.26,3.0,4.4,5.0,0.26,3.0,4.4,5.0,0,0,0,1,0,1
14657,4.0,2008,3.0,129.0,318.0,935.0,7,0.09,2.0,2.2,6.0,1.71,2.0,2.2,6.0,0.38,2.0,7.5,6.0,0,0,0,0,0,1
14658,6.0,2009,9.0,4.0,334.0,5402.0,8,0.6,5.87,6.03,15.0,0.28,7.4,7.55,31.0,0.28,7.4,7.55,31.0,0,0,0,0,0,1
14659,9.0,2002,1.0,15.0,87.0,1922.0,11,0.03,6.75,8.0,45.226486486486486,0.11,7.0,7.5,38.287837837837834,0.06,3.8,4.7,43.71081081081081,1,0,1,0,0,1
14660,7.0,2008,11.0,535.0,3136.0,5403.0,1,0.01,6.076557377049176,6.4289414021625335,50.52577025484975,0.01,6.1574189047785115,6.543221137077076,48.40728413845569,0.01,6.202197418904775,6.585209277990916,49.56694560669456,0,0,0,0,0,1
14661,17.0,2011,11.0,82.0,3137.0,5404.0,1,0.04,6.0,5.9,9.0,0.04,6.0,5.9,9.0,0.04,6.0,5.9,9.0,0,0,0,0,0,1
14662,5.0,2011,4.0,13.0,51.0,73.0,1,0.03,6.107652813930537,6.467882595817321,45.77475613360922,0.05,6.194403554438579,6.56657391616556,44.85269484678293,0.5,6.2266573916165795,6.606709451575302,45.76973100798108,1,1,1,0,0,1
14663,15.0,2008,8.0,42.0,2261.0,5405.0,10,0.04,7.25,7.6,37.0,0.04,7.25,7.6,37.0,0.04,7.25,7.6,37.0,1,0,0,0,0,1
14664,13.0,1998,6.0,91.0,734.0,1101.0,1,0.41,6.0160609318996405,6.403268817204285,46.05333068992863,0.41,6.099759856630821,6.523605734767007,42.11122125297383,0.41,6.1246594982078815,6.541229390680994,45.49722442505948,0,0,0,0,0,1
14665,9.0,2003,7.0,3.0,1489.0,168.0,8,1.78,7.67,7.87,21.5,0.03,5.65,3.0,1.0,0.02,8.3,8.65,283.0,1,0,0,0,1,1
14666,7.0,2005,3.0,34.0,145.0,5406.0,8,0.0,0.0,0.0,0.0,0.39,5.3,7.4,6.0,0.39,5.3,7.4,6.0,0,0,1,0,0,1
14667,17.0,2011,6.0,442.0,2547.0,4446.0,1,0.05,6.107652813930537,6.467882595817321,45.77475613360922,0.05,6.194403554438579,6.56657391616556,44.85269484678293,0.05,6.2266573916165795,6.606709451575302,45.76973100798108,0,0,0,0,0,1
14668,4.0,2009,8.0,79.0,2256.0,5407.0,8,0.09,4.0,4.0,46.48216786984161,0.09,4.0,4.0,45.03658010990195,0.09,4.0,4.0,45.97128542182954,0,0,0,0,0,1
14669,13.0,1997,6.0,89.0,703.0,5408.0,1,0.1,4.0,4.0,1.0,0.1,4.0,4.0,1.0,0.1,4.0,4.0,1.0,1,0,0,0,0,1
14670,14.0,2003,1.0,13.0,51.0,5409.0,8,0.17,6.5,8.8,3.0,0.11,5.95,7.87,3.0,0.11,5.95,7.87,3.0,0,0,1,0,0,1
14671,1.0,2007,9.0,26.0,3138.0,5410.0,1,0.03,6.099566138746374,6.4607807271916755,47.55820785897907,0.03,6.186688601383021,6.564681017176054,46.14738646101114,0.03,6.2206457729199345,6.6001962971225066,47.53813196229649,0,0,0,0,0,1
14672,6.0,2016,9.0,152.0,269.0,5104.0,3,0.05,7.55,8.22,11.5,0.11,4.23,6.53,15.0,0.11,4.23,6.53,15.0,0,0,0,0,0,1
14673,17.0,2011,11.0,82.0,3139.0,5411.0,1,0.03,6.107652813930537,6.467882595817321,45.77475613360922,0.03,6.194403554438579,6.56657391616556,44.85269484678293,0.03,6.2266573916165795,6.606709451575302,45.76973100798108,0,0,0,0,0,1
14674,7.0,2007,12.0,15.0,3140.0,5412.0,1,0.03,7.5,7.5,2.0,0.03,7.5,7.5,2.0,0.03,7.5,7.5,2.0,0,0,0,0,0,1
14675,15.0,2011,12.0,338.0,3141.0,3178.0,1,0.05,4.9,6.4,45.77475613360922,0.05,4.9,6.4,44.85269484678293,0.05,4.9,6.4,45.76973100798108,0,0,0,0,0,1
14676,15.0,2003,7.0,3.0,411.0,168.0,10,0.03,7.93,8.1,84.0,0.02,8.3,8.65,283.0,0.03,7.93,8.1,84.0,1,0,0,0,1,1
14677,19.0,2003,3.0,31.0,3142.0,2942.0,1,0.07,3.7,3.58,9.0,0.07,3.7,3.58,9.0,0.15,3.7,3.58,9.0,0,0,0,0,0,1
14678,14.0,2006,1.0,3.0,373.0,126.0,9,0.32,7.88,7.12,67.0,0.33,7.1,5.7,67.0,0.21,6.35,5.65,5.0,1,0,0,1,1,1
14679,19.0,2003,3.0,13.0,51.0,1693.0,9,0.14,4.55,4.25,8.0,0.3,6.5,7.3,30.0,0.39,5.8,6.55,6.0,0,0,1,1,0,1
14680,4.0,2012,5.0,536.0,3143.0,2719.0,6,0.02,6.0,6.0,0.0,0.02,6.0,6.0,0.0,0.18,6.0,6.0,0.0,0,0,0,0,0,1
14681,17.0,2011,6.0,292.0,3144.0,5413.0,1,0.03,6.107652813930537,6.467882595817321,45.77475613360922,0.03,6.194403554438579,6.56657391616556,44.85269484678293,0.01,6.2266573916165795,6.606709451575302,45.76973100798108,0,0,0,0,0,1
14682,15.0,2008,8.0,8.0,122.0,137.0,9,0.11,6.7,8.1,55.0,0.91,5.55,7.1,55.0,0.48,6.73,6.6,22.5,0,0,1,0,0,1
14683,15.0,2006,4.0,44.0,235.0,290.0,10,0.03,8.9,8.15,86.0,0.03,8.9,8.15,86.0,0.03,8.9,8.15,86.0,1,0,0,0,0,1
14684,9.0,2006,7.0,5.0,3145.0,1318.0,1,0.13,7.4,7.65,2.0,0.13,7.4,7.65,2.0,0.54,7.4,7.65,2.0,0,0,0,0,0,1
14685,9.0,2002,1.0,31.0,831.0,549.0,11,0.07,2.4,3.6,2.0,0.19,7.33,7.0,2.0,0.28,7.8,8.5,2.0,0,0,0,0,0,1
14686,1.0,2009,8.0,42.0,3146.0,5414.0,1,0.04,5.5,5.5,2.0,0.04,5.5,5.5,2.0,0.04,5.5,5.5,2.0,0,0,0,0,0,1
14687,4.0,2007,11.0,71.0,3147.0,5415.0,3,0.17,5.73,6.88,7.5,0.17,5.73,6.88,7.5,0.17,5.73,6.88,7.5,0,0,0,0,0,1
14688,4.0,2009,11.0,449.0,3148.0,5416.0,1,0.06,6.06531266560678,6.414785373608896,47.58155002891845,0.06,6.151277159512439,6.537713301536816,45.36119144013881,0.06,6.18789083200847,6.572859035506092,49.094852515905146,0,0,0,0,0,1
14689,4.0,2011,9.0,26.0,3149.0,5417.0,1,0.03,6.107652813930537,6.467882595817321,45.77475613360922,0.03,6.194403554438579,6.56657391616556,44.85269484678293,0.03,6.2266573916165795,6.606709451575302,45.76973100798108,0,0,0,0,0,1
14690,4.0,2007,4.0,26.0,3150.0,5418.0,1,0.03,6.099566138746374,6.4607807271916755,47.55820785897907,0.03,6.186688601383021,6.564681017176054,46.14738646101114,0.03,6.2206457729199345,6.6001962971225066,47.53813196229649,0,0,0,0,0,1
14691,14.0,2005,2.0,15.0,24.0,112.0,9,0.05,5.4,7.7,46.832143282161134,0.1,5.4,4.5,45.37718671902892,0.1,5.4,4.5,46.75086278709985,1,0,0,0,0,1
14692,18.0,2016,1.0,15.0,87.0,102.0,9,0.28,7.83,7.15,77.5,0.28,7.83,7.15,77.5,0.28,7.83,7.15,77.5,0,1,1,1,0,1
14693,17.0,2009,4.0,134.0,3151.0,2698.0,1,0.23,4.6,5.5,7.0,0.23,4.6,5.5,7.0,0.19,7.45,8.0,16.0,0,0,0,0,0,1
14694,17.0,2009,4.0,49.0,2152.0,3735.0,1,0.03,6.06531266560678,6.414785373608896,47.58155002891845,0.03,6.151277159512439,6.537713301536816,45.36119144013881,0.05,6.18789083200847,6.572859035506092,49.094852515905146,0,0,0,0,0,1
14695,24.0,1995,7.0,95.0,3152.0,3648.0,1,0.46,8.4,8.4,5.0,0.46,8.4,8.4,5.0,0.1,8.4,8.4,5.0,1,0,0,0,0,1
14696,4.0,2012,9.0,537.0,2779.0,4870.0,1,0.0,0.0,0.0,0.0,0.0,0.0,0.0,0.0,0.0,0.0,0.0,0.0,0,0,0,0,0,1
14697,15.0,2003,12.0,11.0,226.0,5419.0,8,0.29,6.9,8.3,22.0,0.36,5.0,6.6,22.0,0.36,5.0,6.6,22.0,1,0,0,0,0,1
14698,17.0,2009,10.0,4.0,2165.0,1394.0,1,0.04,5.45,6.8,4.0,0.04,5.45,6.8,4.0,0.2,5.45,6.8,4.0,0,0,0,0,0,1
14699,7.0,2001,6.0,15.0,3153.0,5420.0,1,0.05,7.0,7.0,1.0,0.05,7.0,7.0,1.0,0.05,7.0,7.0,1.0,0,0,0,0,0,1
14700,17.0,2012,9.0,26.0,3154.0,5421.0,1,0.03,6.072961653015631,6.425969843633651,50.50295255548768,0.03,6.152457185405805,6.543201787043918,48.179596823457544,0.03,6.196662323157107,6.5816586001488995,49.25208715129302,0,0,0,0,0,1
14701,10.0,2011,9.0,15.0,87.0,102.0,1,0.05,7.6,6.55,47.5,0.05,7.6,6.55,47.5,0.23,7.6,6.55,47.5,0,1,1,0,0,1
14702,6.0,2012,9.0,26.0,3155.0,5422.0,1,0.03,6.072961653015631,6.425969843633651,50.50295255548768,0.03,6.152457185405805,6.543201787043918,48.179596823457544,0.03,6.196662323157107,6.5816586001488995,49.25208715129302,0,0,0,0,0,1
14703,7.0,2006,8.0,49.0,2027.0,3497.0,3,0.01,6.7,8.65,1.0,0.11,6.7,8.65,1.0,0.11,6.7,8.65,1.0,0,0,0,0,0,1
14704,19.0,2003,7.0,13.0,51.0,5423.0,12,0.02,5.35,6.65,1.0,0.08,6.4,7.1,2.0,0.08,6.4,7.1,2.0,0,0,1,0,0,1
14705,7.0,2007,10.0,58.0,3156.0,5424.0,1,0.08,6.099566138746374,6.4607807271916755,47.55820785897907,0.08,6.186688601383021,6.564681017176054,46.14738646101114,0.08,6.2206457729199345,6.6001962971225066,47.53813196229649,0,0,0,0,0,1
14706,15.0,2009,9.0,18.0,164.0,184.0,10,0.4,3.65,5.6,3.0,0.41,3.0,5.0,3.0,0.4,3.65,5.6,3.0,0,0,0,0,0,1
14707,17.0,2009,2.0,60.0,3157.0,5425.0,7,0.06,6.5,6.5,61.18867924528302,0.06,6.5,6.5,37.9685534591195,0.06,6.5,6.5,51.5188679245283,0,0,0,0,0,1
14708,23.0,2015,11.0,232.0,676.0,4794.0,8,0.02,4.3,7.6,15.0,0.04,4.3,7.6,15.0,0.05,4.3,6.15,1.0,1,0,0,0,0,1
14709,15.0,2016,3.0,36.0,130.0,1912.0,12,0.32,8.17,8.0,43.5,0.32,8.17,8.0,43.5,0.32,8.17,8.0,43.5,0,0,0,0,0,1
14710,13.0,1995,1.0,273.0,3158.0,5426.0,1,0.07,6.105477410782085,6.471694191344031,46.30825496342738,0.07,6.192767653758562,6.565149962034973,45.062225705329155,0.07,6.223125474563416,6.604986712224803,46.031556948798325,0,0,0,0,0,1
14711,11.0,2015,9.0,538.0,3159.0,5427.0,11,0.0,0.0,0.0,0.0,0.0,0.0,0.0,0.0,0.0,0.0,0.0,0.0,0,0,0,0,0,1
14712,7.0,2006,10.0,34.0,3160.0,5428.0,1,0.03,4.5,7.4,48.764652014652015,0.03,4.5,7.4,40.60225885225885,0.03,4.5,7.4,45.93101343101343,0,0,0,0,0,1
14713,9.0,2003,3.0,155.0,3161.0,5429.0,1,0.05,6.1012652384897565,6.454888152444128,47.685338686698614,0.05,6.1868883891584945,6.56346904959172,46.47707550835384,0.05,6.225610131376502,6.600911350455717,47.855459137417434,0,0,0,0,0,1
14714,18.0,2014,1.0,54.0,332.0,4027.0,8,0.03,5.33,7.0,1.0,0.28,5.33,5.17,38.0,0.28,5.33,5.17,38.0,0,0,0,0,0,1
14715,1.0,2011,3.0,75.0,1013.0,5430.0,5,0.18,6.5,6.5,45.713787653402754,0.01,6.5,6.5,44.8219598363704,0.01,6.5,6.5,45.93584975827445,0,0,0,0,0,1
14716,14.0,2003,5.0,340.0,938.0,3070.0,8,0.05,6.7,6.5,46.19905533063428,0.02,4.1,1.8,45.39591767881242,0.02,4.1,1.8,46.679740215924426,0,0,0,0,0,1
14717,6.0,2014,11.0,379.0,3043.0,5258.0,1,0.01,6.0370023640661925,6.4082836879432445,47.3185817805383,0.01,6.127933806146561,6.533567375886503,45.40683229813665,0.03,6.178366430260039,6.570146572104003,49.021868530020704,0,0,0,0,0,1
14718,5.0,2014,7.0,5.0,1560.0,422.0,3,0.01,4.0,4.9,11.0,0.18,4.0,2.5,1.0,0.1,4.0,2.0,1.0,0,0,0,0,0,1
14719,7.0,2006,11.0,15.0,3162.0,5431.0,1,0.03,6.057909446618223,6.454225824482941,48.764652014652015,0.03,6.140609278926769,6.574768026830625,40.60225885225885,0.03,6.179580771380661,6.604046953605371,45.93101343101343,0,0,0,0,0,1
14720,10.0,2013,10.0,232.0,3163.0,5432.0,1,0.02,6.016843832020995,6.3843011811023525,43.64141414141414,0.02,6.091391076115479,6.49972440944881,40.217532467532465,0.02,6.117578740157478,6.52308070866142,43.198232323232325,0,0,0,0,0,1
14721,15.0,2007,8.0,8.0,108.0,5433.0,9,0.25,7.5,8.05,8.0,0.07,7.4,7.3,3.0,0.07,7.4,7.3,3.0,0,0,0,1,0,1
14722,19.0,2003,9.0,24.0,131.0,2705.0,8,0.18,7.2,7.9,2.0,0.18,7.2,7.9,2.0,0.18,7.2,7.9,2.0,0,0,0,0,0,1
14723,5.0,2008,11.0,458.0,2850.0,4970.0,1,0.01,6.076557377049176,6.4289414021625335,50.52577025484975,0.01,6.1574189047785115,6.543221137077076,48.40728413845569,0.04,6.202197418904775,6.585209277990916,49.56694560669456,0,0,0,0,0,1
14724,17.0,2012,9.0,292.0,3032.0,5247.0,1,0.04,6.072961653015631,6.425969843633651,50.50295255548768,0.04,6.152457185405805,6.543201787043918,48.179596823457544,0.04,6.196662323157107,6.5816586001488995,49.25208715129302,0,0,0,0,0,1
14725,7.0,2006,11.0,72.0,3164.0,5434.0,1,0.07,7.5,8.3,48.764652014652015,0.07,7.5,8.3,40.60225885225885,0.07,7.5,8.3,45.93101343101343,0,0,0,0,0,1
14726,4.0,2006,9.0,15.0,87.0,112.0,11,0.14,6.2,7.35,3.0,1.04,7.3,7.8,3.0,0.05,5.4,7.7,3.0,0,0,1,0,0,1
14727,9.0,2003,9.0,9.0,82.0,2516.0,6,1.27,5.7,7.9,4.0,0.2,6.1,6.0,4.0,0.21,8.4,8.2,54.0,0,0,1,0,0,1
14728,4.0,2011,12.0,54.0,3165.0,2949.0,9,0.04,5.8,7.58,20.5,0.04,5.8,7.58,20.5,0.15,5.8,7.58,20.5,0,0,0,0,0,1
14729,4.0,2009,9.0,94.0,3166.0,5435.0,1,1.12,8.6,7.5,3.0,1.12,8.6,7.5,3.0,1.12,8.6,7.5,3.0,1,0,0,0,0,1
14730,10.0,2016,6.0,9.0,410.0,5436.0,1,0.17,7.0,7.8,149.0,0.03,6.8,5.8,4.0,0.03,6.8,5.8,4.0,0,0,0,0,0,1
14731,9.0,2004,4.0,211.0,94.0,623.0,12,0.05,7.0,8.15,1.0,0.01,7.0,8.15,1.0,0.26,6.85,7.25,23.0,1,0,0,0,0,1
14732,15.0,2014,3.0,36.0,130.0,2494.0,6,0.21,7.25,5.7,14.0,0.21,7.25,5.7,14.0,0.21,7.25,5.7,14.0,0,0,0,0,0,1
14733,13.0,1996,2.0,89.0,3167.0,888.0,1,0.05,4.3,4.3,3.0,0.05,4.3,4.3,3.0,0.06,4.3,4.3,3.0,0,0,0,0,0,1
14734,15.0,2004,4.0,11.0,154.0,5437.0,10,0.02,5.9,6.0,4.0,2.19,8.95,8.8,161.0,2.19,8.95,8.8,161.0,0,0,0,1,0,1
14735,15.0,2010,4.0,241.0,1416.0,2140.0,11,0.02,5.0,7.72,78.5,0.08,7.4,7.72,78.5,0.08,7.4,7.72,78.5,1,0,0,0,0,1
14736,7.0,2004,9.0,13.0,51.0,5438.0,10,0.12,6.7,7.5,7.0,0.12,6.7,7.5,7.0,0.12,6.7,7.5,7.0,0,0,1,0,0,1
14737,15.0,2006,7.0,8.0,41.0,42.0,10,0.19,7.3,6.8,0.0,0.18,6.17,4.05,230.0,0.56,7.5,7.3,9.0,1,1,1,1,0,1
14738,4.0,2007,9.0,13.0,3168.0,5439.0,1,0.08,6.0,6.0,2.0,0.08,6.0,6.0,2.0,0.08,6.0,6.0,2.0,0,0,0,0,0,1
14739,15.0,2011,8.0,287.0,1579.0,2628.0,7,0.19,5.03,5.8,3.5,0.19,5.03,5.8,3.5,0.19,5.03,5.8,3.5,0,0,0,0,0,1
14740,13.0,1997,9.0,15.0,3169.0,5440.0,1,0.06,6.042070079121586,6.394020668496688,49.29562687356727,0.06,6.127673179396085,6.510931697077347,47.72615059072474,0.06,6.172315517519764,6.551114161149683,49.20948686298713,0,0,0,0,0,1
14741,13.0,1995,2.0,4.0,3170.0,5441.0,1,0.08,7.0,7.0,3.0,0.08,7.0,7.0,3.0,0.08,7.0,7.0,3.0,0,0,0,0,0,1
14742,15.0,2010,7.0,13.0,51.0,565.0,5,0.96,6.77,6.83,110.0,0.96,6.77,6.83,110.0,0.96,6.77,6.83,110.0,0,0,1,0,0,1
14743,14.0,2006,1.0,8.0,27.0,651.0,9,0.06,5.45,5.45,4.0,0.17,7.31,7.32,15.5,0.27,7.41,6.63,10.5,1,0,1,0,0,1
14744,7.0,2001,8.0,15.0,1800.0,3019.0,1,0.03,6.097708281522011,6.447693359860781,47.903901046622266,0.03,6.1815792091519635,6.559855757274357,46.559535136604595,0.15,6.221097985575736,6.597542899776213,47.730256898192195,1,0,0,0,1,1
14745,7.0,2002,3.0,181.0,2040.0,842.0,1,0.2,6.050969223702346,6.468989435002288,43.711032388663966,0.11,6.146789159393657,6.595062011943035,37.134362348178136,0.11,6.180679834634819,6.631194304088199,42.425607287449395,1,0,0,0,0,1
14746,23.0,2014,11.0,292.0,2711.0,4754.0,1,0.12,6.0370023640661925,6.4082836879432445,47.3185817805383,0.12,6.127933806146561,6.533567375886503,45.40683229813665,0.05,6.178366430260039,6.570146572104003,49.021868530020704,0,0,0,0,0,1
14747,6.0,2012,11.0,360.0,1227.0,5215.0,2,0.12,5.87,6.12,8.5,0.09,7.57,7.57,41.0,0.09,7.57,7.57,41.0,0,0,0,0,0,1
14748,15.0,2008,9.0,3.0,506.0,743.0,3,0.52,7.93,8.28,158.5,0.04,4.0,4.1,2.0,0.04,4.0,4.1,2.0,0,0,0,0,0,1
14749,1.0,2009,8.0,12.0,958.0,5442.0,11,0.18,3.4,3.1,0.0,0.02,6.0,6.3,15.0,0.02,6.0,6.3,15.0,0,0,0,0,0,1
14750,15.0,2005,4.0,44.0,235.0,290.0,4,0.04,7.95,7.95,7.0,0.04,7.95,7.95,7.0,0.04,7.95,7.95,7.0,1,0,0,0,0,1
14751,17.0,2010,11.0,458.0,2850.0,4970.0,1,0.01,6.036517973148549,6.446041576440007,42.41893830703013,0.01,6.13182763100909,6.5621524469467225,36.190578670492584,0.04,6.158211346903418,6.59756604590732,41.083213773314206,0,0,0,0,0,1
14752,19.0,2004,1.0,155.0,2556.0,4460.0,1,0.06,6.0,6.0,47.43754583231484,0.06,6.0,6.0,46.20019555120997,0.06,6.0,6.0,48.87949156685407,0,0,0,0,0,1
14753,17.0,2010,12.0,418.0,3171.0,5443.0,1,0.06,5.4,6.5,42.41893830703013,0.06,5.4,6.5,36.190578670492584,0.06,5.4,6.5,41.083213773314206,0,0,0,0,0,1
14754,17.0,2006,7.0,11.0,337.0,1165.0,11,0.06,6.2,5.0,1.0,0.06,5.8,6.7,4.0,0.06,5.8,6.7,4.0,0,0,0,0,0,1
14755,4.0,2007,1.0,228.0,3172.0,5444.0,1,0.04,6.099566138746374,6.4607807271916755,47.55820785897907,0.04,6.186688601383021,6.564681017176054,46.14738646101114,0.04,6.2206457729199345,6.6001962971225066,47.53813196229649,0,0,0,0,0,1
14756,7.0,2007,7.0,8.0,31.0,49.0,3,0.07,7.75,7.55,34.0,0.85,7.0,6.7,43.0,2.65,6.05,7.2,5.0,1,0,0,1,0,1
14757,6.0,2012,11.0,279.0,3173.0,5445.0,1,0.09,6.2,6.2,5.0,0.09,6.2,6.2,5.0,0.09,6.2,6.2,5.0,0,0,0,0,0,1
14758,13.0,1997,7.0,19.0,3174.0,5446.0,1,0.04,6.042070079121586,6.394020668496688,49.29562687356727,0.04,6.127673179396085,6.510931697077347,47.72615059072474,0.04,6.172315517519764,6.551114161149683,49.20948686298713,0,0,0,0,0,1
14759,4.0,2008,11.0,59.0,3175.0,5447.0,1,0.04,6.076557377049176,6.4289414021625335,50.52577025484975,0.04,6.1574189047785115,6.543221137077076,48.40728413845569,0.04,6.202197418904775,6.585209277990916,49.56694560669456,0,0,0,0,0,1
14760,7.0,2008,5.0,158.0,1828.0,2175.0,10,0.12,5.0,5.0,47.32791802049488,0.12,5.0,5.0,45.973319170207446,0.27,5.7,5.7,47.42195701074731,0,0,0,0,0,1
14761,8.0,1995,1.0,26.0,2252.0,3913.0,1,0.09,8.3,8.3,3.0,0.09,8.3,8.3,3.0,0.09,8.3,8.3,3.0,0,0,0,0,0,1
14762,7.0,2006,2.0,9.0,234.0,294.0,6,1.05,5.53,4.9,21.0,0.08,4.53,5.93,5.5,0.24,6.93,7.92,6.0,1,0,0,0,1,1
14763,5.0,2011,7.0,86.0,3176.0,5448.0,1,0.03,6.107652813930537,6.467882595817321,45.77475613360922,0.03,6.194403554438579,6.56657391616556,44.85269484678293,0.03,6.2266573916165795,6.606709451575302,45.76973100798108,1,0,0,0,0,1
14764,23.0,2015,8.0,257.0,3177.0,5449.0,1,0.05,6.023708006279429,6.380546310832016,44.238808539944905,0.05,6.098238618524324,6.497463108320238,40.88240358126722,0.05,6.122084772370479,6.520916797488228,43.51325757575758,0,0,0,0,0,1
14765,11.0,2016,9.0,13.0,1321.0,1130.0,1,0.07,5.5,7.1,180.0,0.07,5.5,7.1,180.0,0.09,5.5,7.1,180.0,1,0,0,0,0,1
14766,1.0,2009,2.0,60.0,3157.0,5425.0,7,0.01,4.3,4.3,61.18867924528302,0.03,4.1,4.1,37.9685534591195,0.03,4.1,4.1,51.5188679245283,0,0,0,0,0,1
14767,23.0,2015,11.0,520.0,3178.0,5450.0,1,0.03,7.9,7.9,54.0,0.03,7.9,7.9,54.0,0.03,7.9,7.9,54.0,0,0,0,0,0,1
14768,9.0,2006,1.0,8.0,394.0,77.0,8,0.09,7.45,8.15,35.0,0.12,7.18,6.87,4.5,1.02,7.4,7.2,4.0,1,1,0,1,1,1
14769,13.0,1999,3.0,120.0,3179.0,5451.0,1,0.04,8.37,9.15,81.0,0.04,8.37,9.15,81.0,0.04,8.37,9.15,81.0,0,0,0,0,0,1
14770,10.0,2014,12.0,5.0,3180.0,5452.0,1,0.06,4.9,4.9,11.0,0.06,4.9,4.9,11.0,0.06,4.9,4.9,11.0,0,0,0,0,0,1
14771,4.0,2007,8.0,539.0,1868.0,624.0,9,0.0,0.0,0.0,0.0,0.0,0.0,0.0,0.0,0.59,3.0,5.3,4.0,0,0,0,0,0,1
14772,20.0,2013,9.0,239.0,948.0,817.0,10,0.06,6.098904346244777,6.463935260956605,45.335564435564436,0.46,6.188481542098587,6.563615202764193,44.153296703296704,0.96,6.2197063102382515,6.60443626113844,45.17992007992008,0,0,0,0,0,1
14773,9.0,2005,6.0,105.0,3181.0,5453.0,1,0.24,5.941533923303834,6.313171091445431,50.56199677938808,0.24,6.055781710914458,6.470575221238942,37.569243156199676,0.24,6.052935103244841,6.466165191740415,43.750402576489535,0,0,0,0,0,1
14774,6.0,2015,11.0,379.0,3182.0,4667.0,1,0.04,7.7,7.7,11.0,0.04,7.7,7.7,11.0,0.04,7.7,7.7,11.0,0,0,0,0,0,1
14775,4.0,2009,12.0,382.0,668.0,5454.0,1,0.01,6.0,6.0,33.0,0.22,6.0,6.0,33.0,0.22,6.0,6.0,33.0,0,0,0,0,0,1
14776,1.0,2007,1.0,11.0,805.0,1226.0,1,0.06,6.099566138746374,6.4607807271916755,47.55820785897907,0.07,6.186688601383021,6.564681017176054,46.14738646101114,0.07,6.2206457729199345,6.6001962971225066,47.53813196229649,0,0,0,0,0,1
14777,15.0,2012,11.0,360.0,1227.0,5215.0,12,0.03,5.0,6.0,1.0,0.03,5.0,6.0,1.0,0.03,5.0,6.0,1.0,0,0,0,0,0,1
14778,9.0,2005,6.0,88.0,3183.0,5455.0,11,0.05,5.936334519572957,6.371731909845787,44.6111833550065,0.05,6.069098457888501,6.534733096085411,34.02925877763329,0.05,6.109596678529062,6.556631079478051,39.31014304291288,1,0,0,0,0,1
14779,15.0,2007,12.0,2.0,200.0,1678.0,10,0.24,4.8,5.35,3.0,0.04,7.7,8.25,23.0,0.23,8.0,7.95,99.0,1,0,0,1,0,1
14780,1.0,2010,1.0,42.0,3184.0,3160.0,6,0.14,6.033445600132071,6.393825326069004,49.04950405770965,0.14,6.117914809311541,6.507062902426945,47.05843101893598,0.14,6.163670133729564,6.549328050189856,48.10054102795311,0,0,0,0,0,1
14781,20.0,2014,9.0,33.0,2146.0,2294.0,11,0.1,6.032845701209544,6.392883295194503,49.06956599392749,0.1,6.116621444916636,6.505696305982348,47.025629576710124,0.1,6.161266753841114,6.547830990519772,48.061618146097516,0,0,0,0,0,1
14782,10.0,2015,6.0,82.0,3185.0,5456.0,1,0.01,6.023708006279429,6.380546310832016,44.238808539944905,0.01,6.098238618524324,6.497463108320238,40.88240358126722,0.01,6.122084772370479,6.520916797488228,43.51325757575758,0,0,0,0,0,1
14783,7.0,2005,1.0,12.0,3186.0,5457.0,1,0.03,7.6,7.6,50.56199677938808,0.03,7.6,7.6,37.569243156199676,0.03,7.6,7.6,43.750402576489535,0,0,0,0,0,1
14784,23.0,2014,6.0,107.0,3187.0,1765.0,11,0.06,6.8,6.5,2.0,0.06,6.8,6.5,2.0,0.36,6.8,6.8,28.0,1,0,0,0,0,1
14785,4.0,2008,3.0,314.0,151.0,5458.0,7,0.07,4.05,4.05,0.0,0.07,4.05,4.05,0.0,0.07,4.05,4.05,0.0,0,0,0,0,0,1
14786,9.0,2006,9.0,22.0,377.0,5459.0,10,0.02,6.4,6.63,58.0,0.49,5.3,5.7,58.0,0.49,5.3,5.7,58.0,0,0,0,0,0,1
14787,4.0,2008,8.0,49.0,3188.0,5460.0,1,0.03,6.076557377049176,6.4289414021625335,50.52577025484975,0.03,6.1574189047785115,6.543221137077076,48.40728413845569,0.03,6.202197418904775,6.585209277990916,49.56694560669456,0,0,0,0,0,1
14788,11.0,2015,9.0,5.0,321.0,5299.0,11,0.51,8.43,8.1,668.0,0.18,7.47,6.6,8.5,0.18,7.47,6.6,8.5,0,0,0,0,0,1
14789,1.0,2008,3.0,141.0,1389.0,5461.0,5,0.05,1.9,1.9,46.09182401140007,0.01,3.4,3.4,45.30495190594941,0.01,3.4,3.4,46.50917349483434,0,0,0,0,0,1
14790,15.0,2005,4.0,2.0,1114.0,1662.0,8,1.05,8.6,7.8,23.0,1.05,8.6,7.8,23.0,1.05,8.6,7.8,23.0,0,0,0,0,0,1
14791,4.0,2009,6.0,59.0,3189.0,5462.0,1,0.03,6.06531266560678,6.414785373608896,47.58155002891845,0.03,6.151277159512439,6.537713301536816,45.36119144013881,0.03,6.18789083200847,6.572859035506092,49.094852515905146,0,0,0,0,0,1
14792,14.0,2006,7.0,438.0,2376.0,5463.0,1,0.06,3.2,6.5,48.764652014652015,0.07,4.4,7.3,40.60225885225885,0.07,4.4,7.3,45.93101343101343,0,0,0,0,0,1
14793,7.0,2005,4.0,92.0,3132.0,3244.0,4,0.03,8.0,8.0,1.0,0.03,8.0,8.0,1.0,0.04,8.0,8.0,1.0,0,0,0,0,0,1
14794,4.0,2010,8.0,6.0,519.0,214.0,10,0.04,2.8,4.35,1.0,0.02,2.8,4.35,1.0,0.05,2.8,4.35,1.0,0,0,0,0,0,1
14795,15.0,2005,7.0,24.0,178.0,1893.0,4,0.1,4.6,7.1,4.0,0.1,4.6,7.1,4.0,0.17,5.95,6.65,1.0,1,0,0,0,0,1
14796,7.0,2008,11.0,59.0,3040.0,5255.0,1,0.03,6.076557377049176,6.4289414021625335,50.52577025484975,0.03,6.1574189047785115,6.543221137077076,48.40728413845569,0.02,6.202197418904775,6.585209277990916,49.56694560669456,0,0,0,0,0,1
14797,7.0,2006,8.0,15.0,87.0,3240.0,1,0.03,6.057909446618223,6.454225824482941,48.764652014652015,0.03,6.140609278926769,6.574768026830625,40.60225885225885,0.03,6.179580771380661,6.604046953605371,45.93101343101343,1,0,1,0,0,1
14798,15.0,2011,11.0,54.0,3190.0,5401.0,11,0.08,7.0,5.2,124.0,0.02,7.0,8.2,124.0,0.03,6.63,7.62,124.0,0,0,0,0,0,1
14799,9.0,2004,5.0,54.0,474.0,1834.0,1,0.07,2.2,1.7,47.43754583231484,0.83,2.2,1.7,46.20019555120997,0.83,2.2,1.7,48.87949156685407,0,0,0,0,0,1
14800,23.0,2012,11.0,134.0,3191.0,5464.0,1,0.14,8.1,7.85,23.0,0.14,8.1,7.85,23.0,0.14,8.1,7.85,23.0,0,0,0,0,0,1
14801,20.0,2016,9.0,12.0,687.0,1029.0,5,0.04,7.7,7.85,84.0,0.06,7.77,7.27,33.0,0.04,7.8,7.5,31.5,0,0,0,0,0,1
14802,4.0,2009,6.0,101.0,714.0,5465.0,2,1.02,6.7,7.35,4.0,0.68,7.1,7.8,19.0,0.68,7.1,7.8,19.0,0,0,0,0,0,1
14803,4.0,2009,4.0,54.0,3192.0,2055.0,2,0.08,3.8,2.5,2.0,0.01,4.8,2.5,2.0,0.05,6.8,6.95,13.0,0,0,0,0,0,1
14804,7.0,2006,11.0,432.0,3193.0,5466.0,1,0.06,6.057909446618223,6.454225824482941,48.764652014652015,0.06,6.140609278926769,6.574768026830625,40.60225885225885,0.06,6.179580771380661,6.604046953605371,45.93101343101343,0,0,0,0,0,1
14805,1.0,2009,8.0,209.0,843.0,5467.0,8,0.02,3.9,7.2,46.48216786984161,0.56,6.7,7.6,45.03658010990195,0.56,6.7,7.6,45.97128542182954,0,0,0,0,0,1
14806,4.0,2011,5.0,382.0,3194.0,5468.0,12,0.03,6.0,6.0,1.0,0.03,6.0,6.0,1.0,0.03,6.0,6.0,1.0,0,0,0,0,0,1
14807,4.0,2008,9.0,132.0,3195.0,5469.0,1,0.05,6.0,7.5,8.0,0.05,6.0,7.5,8.0,0.05,6.0,7.5,8.0,0,0,0,0,0,1
14808,15.0,2009,9.0,8.0,116.0,980.0,1,0.09,7.0,7.3,78.0,0.76,5.4,7.1,78.0,0.76,5.4,7.1,78.0,0,0,0,0,0,1
14809,14.0,2005,10.0,54.0,1139.0,1850.0,6,0.01,5.5,5.2,50.08513282585055,0.26,6.4,6.9,48.5046605561597,0.26,6.4,6.9,49.91968308218114,0,0,0,0,0,1
14810,17.0,2011,11.0,292.0,3196.0,5470.0,1,0.03,6.107652813930537,6.467882595817321,45.77475613360922,0.03,6.194403554438579,6.56657391616556,44.85269484678293,0.03,6.2266573916165795,6.606709451575302,45.76973100798108,0,0,0,0,0,1
14811,23.0,2012,9.0,458.0,2651.0,4650.0,1,0.01,8.5,8.5,2.0,0.05,8.5,8.5,2.0,0.05,8.5,8.5,2.0,0,0,0,0,0,1
14812,24.0,1996,11.0,161.0,3197.0,5471.0,1,0.22,6.074598214285714,6.518080357142857,51.629901960784316,0.22,6.105133928571427,6.627678571428572,32.81127450980392,0.22,6.240669642857141,6.645223214285716,43.85294117647059,0,0,0,0,0,1
14813,23.0,2015,4.0,292.0,1430.0,5472.0,1,0.03,7.0,6.0,1.0,0.19,7.0,6.0,1.0,0.19,7.0,6.0,1.0,0,0,0,0,0,1
14814,4.0,2009,2.0,35.0,3198.0,5473.0,8,0.04,6.101287351817383,6.462355246399602,46.48216786984161,0.02,6.189425884197139,6.559642402273006,45.03658010990195,0.02,6.221066914862368,6.60016949152547,45.97128542182954,0,0,0,0,0,1
14815,5.0,2012,9.0,13.0,51.0,5474.0,3,0.24,7.75,7.43,57.0,0.44,7.35,7.9,36.0,0.44,7.35,7.9,36.0,0,0,1,0,0,1
14816,1.0,2008,1.0,26.0,242.0,301.0,1,0.03,6.076557377049176,6.4289414021625335,50.52577025484975,0.03,6.1574189047785115,6.543221137077076,48.40728413845569,0.42,6.202197418904775,6.585209277990916,49.56694560669456,0,0,0,0,0,1
14817,7.0,2006,2.0,6.0,19.0,422.0,9,0.11,5.9,7.3,48.248510874082285,0.11,5.9,7.3,46.851849286604796,0.11,5.9,7.3,48.092395068569054,0,0,1,0,0,1
14818,5.0,2011,4.0,13.0,51.0,73.0,1,0.03,6.107652813930537,6.467882595817321,45.77475613360922,0.03,6.194403554438579,6.56657391616556,44.85269484678293,0.03,6.2266573916165795,6.606709451575302,45.76973100798108,1,1,1,0,0,1
14819,4.0,2009,9.0,204.0,3199.0,5475.0,1,0.04,3.0,3.5,2.0,0.04,3.0,3.5,2.0,0.04,3.0,3.5,2.0,0,0,0,0,0,1
14820,7.0,2001,8.0,251.0,766.0,1288.0,1,0.02,7.0,7.0,1.0,0.42,7.0,7.0,1.0,0.55,7.0,7.8,72.0,0,0,1,0,0,1
14821,23.0,2016,11.0,292.0,2713.0,4756.0,1,0.02,7.8,6.6,46.00420630552716,0.02,7.8,6.6,45.91736771758786,0.03,7.8,6.6,47.09733469612391,1,0,0,0,0,1
14822,1.0,2011,1.0,201.0,724.0,1089.0,6,0.05,6.0,8.0,1.0,0.08,5.5,5.0,0.5,0.08,5.5,5.0,0.5,0,0,0,0,0,1
14823,15.0,2009,12.0,22.0,1151.0,1870.0,5,0.02,7.25,7.7,10.0,0.01,7.25,7.7,10.0,0.01,6.7,6.55,11.5,0,0,0,0,0,1
14824,15.0,2006,4.0,11.0,97.0,5476.0,11,0.05,7.0,5.0,1.0,1.37,7.8,8.1,95.0,1.37,7.8,8.1,95.0,0,0,0,1,0,1
14825,17.0,2010,6.0,442.0,2547.0,4446.0,1,0.06,6.036517973148549,6.446041576440007,42.41893830703013,0.06,6.13182763100909,6.5621524469467225,36.190578670492584,0.06,6.158211346903418,6.59756604590732,41.083213773314206,0,0,0,0,0,1
14826,15.0,2002,7.0,8.0,653.0,42.0,9,0.05,3.9,5.85,1.0,0.12,5.9,3.6,1.0,0.12,5.9,3.6,1.0,1,1,0,1,0,1
14827,5.0,2015,11.0,179.0,590.0,2765.0,10,0.03,4.0,6.3,50.0,0.17,4.0,6.7,26.0,0.06,6.6,5.2,26.0,0,0,0,0,0,1
14828,13.0,1996,1.0,368.0,3200.0,5477.0,1,0.09,7.5,7.5,2.0,0.09,7.5,7.5,2.0,0.09,7.5,7.5,2.0,0,0,0,0,0,1
14829,15.0,2009,9.0,5.0,212.0,998.0,1,0.41,5.0,4.5,2.0,0.75,6.0,6.7,43.0,0.75,6.0,6.7,43.0,1,0,0,0,0,1
14830,17.0,2013,11.0,291.0,3201.0,5478.0,1,0.02,6.016843832020995,6.3843011811023525,43.64141414141414,0.02,6.091391076115479,6.49972440944881,40.217532467532465,0.02,6.117578740157478,6.52308070866142,43.198232323232325,0,0,0,0,0,1
14831,7.0,2003,7.0,181.0,315.0,4605.0,10,0.07,6.6,3.0,14.0,0.08,6.3,4.6,14.0,0.05,3.0,5.0,2.0,0,0,0,0,0,1
14832,1.0,2009,8.0,375.0,1520.0,5479.0,3,0.05,6.091280098280098,6.442550368550418,47.69869728713403,0.21,6.175740786240802,6.554272727272775,46.337630942788074,0.21,6.215514742014753,6.591929975430013,47.46736502820306,0,0,0,0,0,1
14833,9.0,2003,3.0,29.0,1489.0,488.0,6,0.2,6.2,4.25,0.5,0.2,6.2,4.25,0.5,0.13,5.23,4.25,0.5,0,0,0,0,0,1
14834,17.0,2012,11.0,292.0,3202.0,5480.0,1,0.03,6.072961653015631,6.425969843633651,50.50295255548768,0.03,6.152457185405805,6.543201787043918,48.179596823457544,0.03,6.196662323157107,6.5816586001488995,49.25208715129302,0,0,0,0,0,1
14835,11.0,2015,6.0,26.0,3203.0,5481.0,1,0.03,6.023708006279429,6.380546310832016,44.238808539944905,0.03,6.098238618524324,6.497463108320238,40.88240358126722,0.03,6.122084772370479,6.520916797488228,43.51325757575758,1,0,0,0,0,1
14836,4.0,2006,12.0,167.0,2294.0,5482.0,6,0.05,4.0,7.1,7.0,0.05,4.0,7.1,7.0,0.05,4.0,7.1,7.0,0,0,0,0,0,1
14837,15.0,2011,9.0,33.0,60.0,450.0,5,0.62,5.55,6.85,36.0,0.62,5.55,6.85,36.0,0.62,5.55,6.85,36.0,0,0,1,0,0,1
14838,20.0,2013,1.0,59.0,562.0,5113.0,7,0.04,6.141527836804078,6.507665391698577,45.88387999378206,0.09,6.229994333475,6.611288426122716,45.936615886833515,0.09,6.259653633659157,6.649035982433788,47.199984455153114,0,0,0,0,1,1
14839,15.0,2003,8.0,24.0,552.0,787.0,3,0.05,6.6,8.42,23.0,0.27,6.72,8.42,23.0,0.27,6.72,8.42,23.0,0,0,0,0,0,1
14840,5.0,2015,9.0,5.0,321.0,5299.0,11,0.03,7.0,7.0,49.16500321957501,0.03,7.0,7.0,47.164037347070185,0.03,7.0,7.0,48.79145202833226,0,0,0,0,0,1
14841,4.0,2010,11.0,140.0,3204.0,5483.0,1,0.06,6.036517973148549,6.446041576440007,42.41893830703013,0.06,6.13182763100909,6.5621524469467225,36.190578670492584,0.06,6.158211346903418,6.59756604590732,41.083213773314206,0,0,0,0,0,1
14842,6.0,2013,6.0,540.0,3205.0,5484.0,1,0.0,0.0,0.0,0.0,0.0,0.0,0.0,0.0,0.0,0.0,0.0,0.0,0,0,0,0,0,1
14843,7.0,2007,6.0,9.0,2515.0,4397.0,1,0.04,6.099566138746374,6.4607807271916755,47.55820785897907,0.04,6.186688601383021,6.564681017176054,46.14738646101114,0.04,6.2206457729199345,6.6001962971225066,47.53813196229649,0,0,0,0,0,1
14844,7.0,2006,1.0,375.0,441.0,5485.0,2,0.11,7.3,6.3,33.97331786542924,0.11,7.3,6.3,24.481438515081205,0.11,7.3,6.3,29.665893271461716,0,0,0,0,0,1
14845,9.0,2006,4.0,228.0,3206.0,5486.0,1,0.09,6.1,7.8,48.764652014652015,0.09,6.1,7.8,40.60225885225885,0.09,6.1,7.8,45.93101343101343,0,0,0,0,0,1
14846,13.0,1998,7.0,418.0,743.0,2388.0,1,0.0,0.0,0.0,0.0,0.23,8.0,7.22,15.5,0.23,8.0,7.22,15.5,1,0,0,0,0,1
14847,17.0,2011,11.0,292.0,2762.0,4529.0,1,0.03,6.107652813930537,6.467882595817321,45.77475613360922,0.03,6.194403554438579,6.56657391616556,44.85269484678293,0.02,6.2266573916165795,6.606709451575302,45.76973100798108,1,0,0,0,0,1
14848,17.0,2009,9.0,26.0,3207.0,5487.0,1,0.04,6.06531266560678,6.414785373608896,47.58155002891845,0.04,6.151277159512439,6.537713301536816,45.36119144013881,0.02,6.18789083200847,6.572859035506092,49.094852515905146,1,0,0,0,0,1
14849,11.0,2016,11.0,134.0,1399.0,5488.0,9,0.15,8.77,8.45,77.5,0.05,7.7,7.6,7.5,0.05,7.7,7.6,7.5,0,0,0,0,0,1
14850,4.0,2008,6.0,59.0,3208.0,5489.0,1,0.03,6.076557377049176,6.4289414021625335,50.52577025484975,0.03,6.1574189047785115,6.543221137077076,48.40728413845569,0.03,6.202197418904775,6.585209277990916,49.56694560669456,0,0,0,0,0,1
14851,8.0,1994,9.0,58.0,3209.0,5490.0,1,0.07,6.060073064770927,6.419377962085287,50.71839204668252,0.07,6.1445201421800935,6.542274881516566,48.91938621136806,0.07,6.189670221169031,6.580169826224309,49.949751458828615,0,0,0,0,0,1
14852,4.0,2007,5.0,68.0,518.0,5070.0,10,0.25,3.75,3.65,2.0,0.05,3.75,3.65,2.0,0.05,3.75,3.65,2.0,0,0,0,0,1,1
14853,4.0,2008,8.0,330.0,2583.0,1545.0,1,0.02,6.076557377049176,6.4289414021625335,50.52577025484975,0.02,6.1574189047785115,6.543221137077076,48.40728413845569,0.02,6.202197418904775,6.585209277990916,49.56694560669456,0,0,0,0,0,1
14854,1.0,2007,2.0,312.0,1389.0,5491.0,10,0.08,2.25,1.52,9.0,0.05,2.25,0.9,9.0,0.05,2.25,0.9,9.0,0,0,0,0,0,1
14855,13.0,1996,10.0,14.0,287.0,2061.0,1,0.19,9.0,7.58,8.5,0.19,9.0,7.58,8.5,0.19,9.0,7.58,8.5,0,0,0,0,0,1
14856,7.0,2009,9.0,26.0,2583.0,1545.0,1,0.04,6.06531266560678,6.414785373608896,47.58155002891845,0.04,6.151277159512439,6.537713301536816,45.36119144013881,0.03,6.18789083200847,6.572859035506092,49.094852515905146,0,0,0,0,0,1
14857,13.0,1995,11.0,58.0,3210.0,5492.0,1,0.04,7.5,7.5,2.0,0.04,7.5,7.5,2.0,0.04,7.5,7.5,2.0,0,0,0,0,0,1
14858,4.0,2007,11.0,541.0,3211.0,5493.0,1,0.0,0.0,0.0,0.0,0.0,0.0,0.0,0.0,0.0,0.0,0.0,0.0,0,0,0,0,0,1
14859,23.0,2012,11.0,122.0,206.0,1563.0,1,0.01,8.2,8.2,66.0,0.04,8.2,8.2,66.0,0.43,8.2,8.2,66.0,0,0,0,0,0,1
14860,7.0,2002,11.0,92.0,3212.0,5494.0,1,0.01,6.050969223702346,6.468989435002288,43.711032388663966,0.01,6.146789159393657,6.595062011943035,37.134362348178136,0.01,6.180679834634819,6.631194304088199,42.425607287449395,0,0,0,0,0,1
14861,17.0,2006,1.0,4.0,3213.0,5495.0,1,0.04,6.057909446618223,6.454225824482941,48.764652014652015,0.04,6.140609278926769,6.574768026830625,40.60225885225885,0.04,6.179580771380661,6.604046953605371,45.93101343101343,0,0,0,0,0,1
14862,23.0,2016,4.0,134.0,709.0,5496.0,1,0.04,4.0,5.7,0.0,0.69,6.75,6.75,73.0,0.69,6.75,6.75,73.0,0,0,0,1,0,1
14863,4.0,2009,8.0,209.0,843.0,5467.0,8,0.3,7.5,7.5,46.48216786984161,0.28,7.5,7.5,45.03658010990195,0.03,7.5,7.5,45.97128542182954,0,0,0,0,0,1
14864,23.0,2014,11.0,292.0,3214.0,5497.0,1,0.05,6.0370023640661925,6.4082836879432445,47.3185817805383,0.05,6.127933806146561,6.533567375886503,45.40683229813665,0.05,6.178366430260039,6.570146572104003,49.021868530020704,0,0,0,0,0,1
14865,1.0,2011,1.0,298.0,1652.0,5498.0,3,0.13,6.140943212466283,6.506353760863086,45.95671494404213,0.13,6.223055888522631,6.602258016182238,45.441943712969056,0.13,6.255173059634411,6.642743482169622,46.805258393680056,0,0,0,0,0,1
14866,18.0,2016,9.0,5.0,3131.0,248.0,1,0.03,6.0,6.7,39.0,0.03,6.0,6.7,39.0,0.09,6.0,6.7,39.0,0,0,0,0,0,1
14867,15.0,2005,12.0,3.0,3215.0,2851.0,1,1.14,8.55,8.4,16.0,1.14,8.55,8.4,16.0,0.11,8.55,8.4,16.0,0,0,0,0,0,1
14868,17.0,2009,6.0,424.0,3216.0,5499.0,1,0.07,6.06531266560678,6.414785373608896,47.58155002891845,0.07,6.151277159512439,6.537713301536816,45.36119144013881,0.07,6.18789083200847,6.572859035506092,49.094852515905146,0,0,0,0,0,1
14869,4.0,2007,11.0,15.0,2229.0,3406.0,1,0.03,6.099566138746374,6.4607807271916755,47.55820785897907,0.03,6.186688601383021,6.564681017176054,46.14738646101114,0.12,6.2206457729199345,6.6001962971225066,47.53813196229649,0,0,0,0,0,1
14870,19.0,2002,5.0,31.0,2694.0,4727.0,5,0.13,5.0,6.8,50.12277777777778,0.13,5.0,6.8,48.375238095238096,0.13,5.0,6.8,49.76777777777778,0,0,0,0,0,1
14871,15.0,2011,5.0,81.0,3217.0,5500.0,1,0.14,8.1,7.77,86.0,0.14,8.1,7.77,86.0,0.14,8.1,7.77,86.0,0,0,0,0,0,1
14872,15.0,2006,12.0,18.0,1032.0,184.0,10,0.44,7.25,7.65,28.0,0.02,6.0,6.4,5.0,0.05,7.1,7.87,103.0,0,0,0,1,0,1
14873,9.0,2005,3.0,88.0,1379.0,441.0,1,0.04,4.6,4.5,2.0,0.14,4.6,4.5,2.0,0.49,4.6,7.78,3.0,0,0,0,0,0,1
14874,17.0,2010,11.0,292.0,3042.0,5257.0,1,0.03,6.036517973148549,6.446041576440007,42.41893830703013,0.03,6.13182763100909,6.5621524469467225,36.190578670492584,0.03,6.158211346903418,6.59756604590732,41.083213773314206,0,0,0,0,0,1
14875,7.0,2010,11.0,458.0,3218.0,5501.0,1,0.04,8.5,8.5,2.0,0.04,8.5,8.5,2.0,0.04,8.5,8.5,2.0,0,0,0,0,0,1
14876,14.0,2004,3.0,168.0,3219.0,5502.0,1,0.04,5.85,5.85,0.0,0.04,5.85,5.85,0.0,0.04,5.85,5.85,0.0,0,0,0,0,0,1
14877,23.0,2013,11.0,379.0,3220.0,5503.0,1,0.06,6.016843832020995,6.3843011811023525,43.64141414141414,0.06,6.091391076115479,6.49972440944881,40.217532467532465,0.06,6.117578740157478,6.52308070866142,43.198232323232325,0,0,0,1,0,1
14878,19.0,2003,3.0,54.0,28.0,5504.0,4,0.02,6.1,7.58,0.0,1.04,8.3,7.58,86.0,1.04,8.3,7.58,86.0,0,0,0,0,0,1
14879,15.0,2009,11.0,241.0,3221.0,5505.0,8,0.16,6.101287351817383,6.462355246399602,46.48216786984161,0.16,6.189425884197139,6.559642402273006,45.03658010990195,0.16,6.221066914862368,6.60016949152547,45.97128542182954,0,0,0,0,0,1
14880,24.0,1995,6.0,261.0,3222.0,5506.0,1,0.11,5.0,5.0,46.30825496342738,0.11,5.0,5.0,45.062225705329155,0.11,5.0,5.0,46.031556948798325,0,0,0,0,0,1
14881,5.0,2009,7.0,379.0,3223.0,5507.0,1,0.01,6.06531266560678,6.414785373608896,47.58155002891845,0.01,6.151277159512439,6.537713301536816,45.36119144013881,0.01,6.18789083200847,6.572859035506092,49.094852515905146,0,0,0,0,0,1
14882,4.0,2009,6.0,297.0,3224.0,5508.0,1,0.0,0.0,0.0,0.0,0.0,0.0,0.0,0.0,0.0,0.0,0.0,0.0,0,0,0,0,0,1
14883,15.0,2006,12.0,42.0,3225.0,5509.0,9,0.08,5.8,5.3,0.0,0.08,5.8,5.3,0.0,0.08,5.8,5.3,0.0,0,0,0,0,0,1
14884,15.0,2009,12.0,207.0,692.0,1763.0,7,0.03,6.97,6.03,10.0,0.03,6.97,6.03,10.0,0.03,6.97,6.03,10.0,0,0,0,0,0,1
14885,7.0,2007,10.0,330.0,2583.0,1545.0,1,0.03,6.0,6.0,1.0,0.03,6.0,6.0,1.0,0.06,6.0,6.0,1.0,0,0,0,0,0,1
14886,15.0,1998,12.0,24.0,2924.0,5510.0,10,0.02,8.65,8.4,7.0,0.04,8.65,8.2,27.0,0.04,8.65,8.2,27.0,0,0,0,0,0,1
14887,4.0,2011,11.0,54.0,931.0,5511.0,1,0.03,3.4,6.8,45.77475613360922,0.47,3.4,6.8,44.85269484678293,0.47,3.4,6.8,45.76973100798108,0,0,0,0,0,1
14888,4.0,2008,9.0,26.0,3226.0,5512.0,1,0.03,6.076557377049176,6.4289414021625335,50.52577025484975,0.03,6.1574189047785115,6.543221137077076,48.40728413845569,0.03,6.202197418904775,6.585209277990916,49.56694560669456,0,0,0,1,0,1
14889,7.0,2005,7.0,8.0,37.0,42.0,1,0.06,3.0,6.1,22.0,0.03,3.0,6.1,22.0,0.03,3.0,6.1,22.0,1,1,0,1,0,1
14890,6.0,2012,9.0,26.0,1672.0,2775.0,1,0.03,6.072961653015631,6.425969843633651,50.50295255548768,0.03,6.152457185405805,6.543201787043918,48.179596823457544,0.03,6.196662323157107,6.5816586001488995,49.25208715129302,0,0,0,0,0,1
14891,14.0,2003,10.0,141.0,3227.0,5513.0,5,0.19,7.13,8.05,18.5,0.19,7.13,8.05,18.5,0.19,7.13,8.05,18.5,0,0,0,0,0,1
14892,9.0,2004,7.0,64.0,460.0,2969.0,4,0.1,3.85,7.83,3.0,0.16,5.9,6.7,1.0,0.15,7.25,7.6,7.0,1,0,0,0,0,1
14893,15.0,2007,12.0,6.0,382.0,1905.0,9,0.12,3.45,6.2,0.0,0.11,3.45,6.2,0.0,0.03,5.0,6.0,1.0,0,0,0,0,0,1
14894,1.0,2010,8.0,42.0,1472.0,3462.0,5,0.26,3.57,4.2,48.0,0.02,3.57,5.5,2.0,0.02,3.57,5.5,2.0,0,0,0,0,0,1
14895,7.0,2006,8.0,15.0,87.0,3240.0,1,0.03,6.057909446618223,6.454225824482941,48.764652014652015,0.03,6.140609278926769,6.574768026830625,40.60225885225885,0.03,6.179580771380661,6.604046953605371,45.93101343101343,1,0,1,0,0,1
14896,7.0,2006,8.0,15.0,87.0,729.0,1,0.03,8.0,8.0,1.0,0.03,8.0,8.0,1.0,0.05,8.0,8.0,1.0,0,0,1,0,0,1
14897,15.0,2008,4.0,542.0,3228.0,2660.0,9,0.0,0.0,0.0,0.0,0.0,0.0,0.0,0.0,0.03,6.77,6.58,31.0,0,0,1,0,0,1
14898,19.0,2005,1.0,15.0,87.0,3419.0,1,0.04,5.0,5.0,1.0,0.06,5.0,5.0,1.0,0.06,5.0,5.0,1.0,0,0,1,0,0,1
14899,19.0,2002,3.0,88.0,680.0,5514.0,5,0.21,6.8,8.5,50.12277777777778,0.02,6.8,8.5,48.375238095238096,0.02,6.8,8.5,49.76777777777778,0,0,0,0,0,1
14900,17.0,2014,9.0,292.0,3060.0,5283.0,1,0.03,6.0370023640661925,6.4082836879432445,47.3185817805383,0.03,6.127933806146561,6.533567375886503,45.40683229813665,0.03,6.178366430260039,6.570146572104003,49.021868530020704,0,0,0,0,0,1
14901,5.0,2010,9.0,228.0,2077.0,1250.0,1,0.06,7.93,7.8,205.0,0.06,7.93,7.8,205.0,0.57,7.93,7.8,205.0,1,0,0,0,0,1
14902,17.0,2005,1.0,9.0,169.0,760.0,1,0.06,7.0,8.0,1.0,0.67,8.0,7.4,20.0,0.18,8.27,8.07,41.5,1,0,0,1,1,1
14903,17.0,2007,6.0,5.0,266.0,1454.0,11,0.08,6.45,6.1,5.0,0.1,6.5,7.55,7.0,0.08,6.45,6.1,5.0,0,0,0,0,0,1
14904,17.0,2012,9.0,379.0,3229.0,5515.0,1,0.11,6.072961653015631,6.425969843633651,50.50295255548768,0.11,6.152457185405805,6.543201787043918,48.179596823457544,0.11,6.196662323157107,6.5816586001488995,49.25208715129302,0,0,0,0,0,1
14905,14.0,2005,7.0,340.0,3230.0,5516.0,9,0.03,4.0,4.0,46.832143282161134,0.03,4.0,4.0,45.37718671902892,0.03,4.0,4.0,46.75086278709985,0,0,0,0,0,1
14906,14.0,2004,8.0,13.0,51.0,3222.0,2,0.29,5.6,7.35,9.5,0.08,5.6,7.35,9.5,0.1,7.15,8.2,14.0,0,0,1,1,0,1
14907,6.0,2016,9.0,26.0,1158.0,637.0,1,0.03,6.43,6.72,68.5,0.03,6.43,6.72,68.5,0.47,6.43,6.72,68.5,0,0,0,0,0,1
14908,6.0,2010,4.0,331.0,1776.0,3076.0,1,0.13,6.1,7.1,42.41893830703013,0.14,6.1,7.1,36.190578670492584,0.14,6.1,7.1,41.083213773314206,0,0,0,0,0,1
14909,14.0,2002,1.0,15.0,87.0,2755.0,10,0.58,7.4,7.75,14.0,0.01,4.0,8.0,1.0,0.18,5.3,7.3,1.0,0,0,1,0,1,1
14910,17.0,2011,11.0,292.0,3231.0,5517.0,1,0.03,6.107652813930537,6.467882595817321,45.77475613360922,0.03,6.194403554438579,6.56657391616556,44.85269484678293,0.03,6.2266573916165795,6.606709451575302,45.76973100798108,0,0,0,0,0,1
14911,7.0,2006,3.0,40.0,204.0,441.0,9,0.02,6.97,6.55,23.0,0.04,4.87,5.8,2.0,0.13,5.7,5.8,2.0,0,0,0,0,0,1
14912,15.0,2010,9.0,20.0,60.0,258.0,6,0.71,6.55,6.5,34.0,1.59,6.95,7.35,34.0,1.59,6.95,7.35,34.0,0,0,1,0,0,1
14913,17.0,2008,10.0,228.0,3232.0,5518.0,1,0.03,6.076557377049176,6.4289414021625335,50.52577025484975,0.03,6.1574189047785115,6.543221137077076,48.40728413845569,0.03,6.202197418904775,6.585209277990916,49.56694560669456,0,0,0,0,0,1
14914,15.0,2007,8.0,2.0,460.0,457.0,11,0.48,7.3,7.1,10.0,0.25,7.1,7.45,8.5,1.63,7.7,7.5,32.0,0,0,0,0,0,1
14915,14.0,2004,9.0,181.0,284.0,4554.0,9,0.03,4.73,5.87,5.0,0.66,7.7,8.0,5.0,0.06,4.65,8.0,5.0,1,0,0,0,0,1
14916,9.0,2003,9.0,13.0,2470.0,5519.0,6,0.35,6.25,6.65,8.0,0.35,6.25,6.65,8.0,0.35,6.25,6.65,8.0,0,0,0,0,0,1
14917,17.0,2007,7.0,22.0,1675.0,3787.0,2,0.06,5.23,6.68,9.0,0.09,6.05,6.95,13.0,0.09,6.05,6.95,13.0,0,0,0,0,0,1
14918,15.0,2016,8.0,289.0,3233.0,5520.0,3,0.15,6.111427570502711,6.4728087230688995,45.817158795806485,0.15,6.197917323524286,6.571596601856761,44.88366836587477,0.15,6.22778682781576,6.609881765633239,45.85668942964317,0,0,0,0,0,1
14919,17.0,2006,9.0,15.0,24.0,5521.0,9,1.04,7.3,7.8,3.0,0.01,7.3,6.7,3.0,0.01,7.3,6.7,3.0,0,0,0,0,0,1
14920,10.0,2016,8.0,1.0,500.0,5522.0,7,0.85,7.55,7.95,18.0,0.31,4.95,4.8,18.0,0.31,4.95,4.8,18.0,0,0,0,0,0,1
14921,4.0,2008,8.0,97.0,3198.0,5523.0,10,0.23,5.0,5.0,47.32791802049488,0.23,5.0,5.0,45.973319170207446,0.23,5.0,5.0,47.42195701074731,0,0,0,0,0,1
14922,4.0,2010,9.0,157.0,3234.0,5524.0,1,0.04,6.036517973148549,6.446041576440007,42.41893830703013,0.04,6.13182763100909,6.5621524469467225,36.190578670492584,0.04,6.158211346903418,6.59756604590732,41.083213773314206,1,0,0,0,0,1
14923,11.0,2014,4.0,279.0,1430.0,5525.0,4,0.04,6.2,6.2,5.0,0.12,7.2,7.2,6.0,0.12,7.2,7.2,6.0,0,0,0,0,0,1
14924,6.0,2015,9.0,26.0,1672.0,2775.0,1,0.03,7.0,7.0,5.0,0.03,7.0,7.0,5.0,0.13,7.0,7.0,5.0,0,0,0,0,0,1
14925,15.0,2009,12.0,11.0,1114.0,5526.0,4,0.29,7.4,7.85,41.5,0.05,8.37,8.02,75.5,0.05,8.37,8.02,75.5,0,0,0,0,0,1
14926,6.0,2014,9.0,5.0,2161.0,3746.0,1,0.06,4.9,4.9,11.0,0.09,4.9,4.9,11.0,0.09,4.9,4.9,11.0,0,0,0,0,0,1
14927,14.0,2005,2.0,40.0,284.0,1625.0,11,0.47,5.27,7.47,7.5,0.13,6.1,8.0,7.5,0.12,6.0,8.75,2.0,0,0,0,0,0,1
14928,17.0,2011,9.0,257.0,3235.0,5527.0,1,0.04,6.5,7.7,45.77475613360922,0.04,6.5,7.7,44.85269484678293,0.04,6.5,7.7,45.76973100798108,0,0,0,0,0,1
14929,6.0,2015,11.0,26.0,1672.0,2775.0,1,0.03,6.023708006279429,6.380546310832016,44.238808539944905,0.03,6.098238618524324,6.497463108320238,40.88240358126722,0.04,6.122084772370479,6.520916797488228,43.51325757575758,0,0,0,0,0,1
14930,11.0,2015,10.0,9.0,1552.0,2548.0,1,0.05,6.5,6.5,2.0,0.05,6.5,6.5,2.0,0.2,7.5,7.5,2.0,0,0,0,0,0,1
14931,17.0,2008,4.0,266.0,3236.0,5528.0,1,0.06,8.5,8.5,3.0,0.06,8.5,8.5,3.0,0.06,8.5,8.5,3.0,0,0,0,0,0,1
14932,4.0,2010,11.0,9.0,3237.0,5529.0,1,0.13,6.036517973148549,6.446041576440007,42.41893830703013,0.13,6.13182763100909,6.5621524469467225,36.190578670492584,0.13,6.158211346903418,6.59756604590732,41.083213773314206,0,0,0,0,0,1
14933,15.0,2010,4.0,11.0,3238.0,2210.0,2,0.13,4.13,5.95,2.5,0.13,4.13,5.95,2.5,0.12,4.13,5.95,2.5,0,0,0,0,0,1
14934,5.0,2011,1.0,5.0,321.0,1242.0,11,0.06,3.5,5.25,1.0,0.08,3.5,5.25,1.0,0.08,3.5,7.0,1.0,0,0,0,0,0,1
14935,5.0,2016,1.0,415.0,2760.0,4843.0,4,0.04,6.4,6.1,45.95170342265433,0.04,6.4,6.1,45.71942929412695,0.04,6.4,6.1,46.92964983005296,0,0,0,0,0,1
14936,4.0,2008,6.0,59.0,3239.0,5530.0,1,0.03,6.076557377049176,6.4289414021625335,50.52577025484975,0.03,6.1574189047785115,6.543221137077076,48.40728413845569,0.03,6.202197418904775,6.585209277990916,49.56694560669456,0,0,0,0,0,1
14937,23.0,2014,9.0,292.0,2713.0,4756.0,1,0.02,6.0370023640661925,6.4082836879432445,47.3185817805383,0.02,6.127933806146561,6.533567375886503,45.40683229813665,0.03,6.178366430260039,6.570146572104003,49.021868530020704,1,0,0,0,0,1
14938,4.0,2007,5.0,12.0,3240.0,5531.0,10,0.05,5.5,5.5,47.35864844149208,0.05,5.5,5.5,46.229496678589676,0.05,5.5,5.5,47.57901124169648,0,0,0,0,0,1
14939,14.0,2005,9.0,88.0,280.0,669.0,10,0.01,6.8,7.25,1.0,0.19,6.8,7.25,1.0,0.19,6.8,7.25,1.0,0,0,0,0,0,1
14940,7.0,2006,1.0,86.0,586.0,854.0,6,0.0,0.0,0.0,0.0,0.13,7.5,8.35,7.0,0.3,4.8,4.4,7.0,0,0,0,0,0,1
14941,14.0,2005,7.0,22.0,1675.0,3787.0,9,0.04,6.47,8.0,29.0,0.09,6.05,6.95,13.0,0.09,6.05,6.95,13.0,0,0,0,0,0,1
14942,13.0,1998,3.0,19.0,24.0,778.0,1,0.14,6.0,6.7,7.0,0.33,6.0,7.3,4.0,0.47,6.0,6.3,6.0,1,0,0,0,0,1
14943,9.0,2002,3.0,36.0,1612.0,215.0,9,0.04,7.63,6.85,7.0,0.02,4.0,8.1,0.0,0.91,9.0,8.1,36.0,1,0,0,0,0,1
14944,17.0,2010,12.0,251.0,1149.0,3563.0,3,0.02,6.08441887842466,6.453391481164448,46.59712738403579,0.02,6.169430650684952,6.553359375000063,45.16023075111843,0.11,6.204124571917825,6.5905062071918294,46.507829055804095,0,0,0,0,0,1
14945,15.0,2012,12.0,207.0,1093.0,1763.0,3,0.05,5.7,5.3,18.0,0.36,7.57,7.83,18.0,0.36,7.57,7.83,18.0,0,0,0,0,0,1
14946,15.0,2008,12.0,338.0,2407.0,5532.0,10,0.03,5.6,3.2,0.0,0.03,5.6,3.2,0.0,0.03,5.6,3.2,0.0,0,0,0,0,0,1
14947,13.0,1997,3.0,14.0,3241.0,5533.0,1,0.07,6.042070079121586,6.394020668496688,49.29562687356727,0.07,6.127673179396085,6.510931697077347,47.72615059072474,0.07,6.172315517519764,6.551114161149683,49.20948686298713,0,0,0,0,0,1
14948,29.0,1994,5.0,386.0,3242.0,1818.0,6,0.0,0.0,0.0,0.0,0.0,0.0,0.0,0.0,0.0,0.0,0.0,0.0,0,0,0,0,0,1
14949,17.0,2006,6.0,54.0,1460.0,5534.0,8,0.12,6.9,5.95,8.0,0.11,4.77,5.95,8.0,0.11,4.77,5.95,8.0,0,0,0,0,0,1
14950,17.0,2007,3.0,108.0,3243.0,5137.0,1,0.04,6.099566138746374,6.4607807271916755,47.55820785897907,0.04,6.186688601383021,6.564681017176054,46.14738646101114,0.03,6.2206457729199345,6.6001962971225066,47.53813196229649,0,0,0,0,0,1
14951,23.0,2015,9.0,26.0,3244.0,5535.0,1,0.02,6.023708006279429,6.380546310832016,44.238808539944905,0.02,6.098238618524324,6.497463108320238,40.88240358126722,0.02,6.122084772370479,6.520916797488228,43.51325757575758,0,0,0,0,0,1
14952,7.0,2006,11.0,157.0,3245.0,5536.0,1,0.02,6.057909446618223,6.454225824482941,48.764652014652015,0.02,6.140609278926769,6.574768026830625,40.60225885225885,0.02,6.179580771380661,6.604046953605371,45.93101343101343,0,0,0,0,0,1
14953,7.0,2006,11.0,516.0,2877.0,5011.0,1,0.03,6.057909446618223,6.454225824482941,48.764652014652015,0.03,6.140609278926769,6.574768026830625,40.60225885225885,0.03,6.179580771380661,6.604046953605371,45.93101343101343,0,0,0,0,0,1
14954,15.0,2008,7.0,6.0,62.0,266.0,4,0.07,7.1,7.3,50.0,2.42,7.1,7.3,50.0,2.42,7.1,7.3,50.0,1,0,1,0,0,1
14955,5.0,2009,11.0,379.0,3246.0,5537.0,1,0.04,6.06531266560678,6.414785373608896,47.58155002891845,0.04,6.151277159512439,6.537713301536816,45.36119144013881,0.04,6.18789083200847,6.572859035506092,49.094852515905146,0,0,0,0,0,1
14956,23.0,2016,9.0,192.0,1237.0,2130.0,1,0.11,7.83,8.1,39.0,0.01,9.0,8.7,3.0,0.14,9.0,8.7,3.0,0,0,0,0,0,1
14957,4.0,2009,8.0,198.0,3247.0,5538.0,1,0.1,6.06531266560678,6.414785373608896,47.58155002891845,0.1,6.151277159512439,6.537713301536816,45.36119144013881,0.1,6.18789083200847,6.572859035506092,49.094852515905146,0,0,0,0,0,1
14958,1.0,2008,2.0,155.0,938.0,4693.0,3,0.15,5.45,7.4,17.0,0.05,5.45,7.4,17.0,0.05,5.45,7.4,17.0,0,0,0,0,0,1
14959,9.0,2002,7.0,15.0,87.0,2711.0,9,0.18,5.85,7.9,1.0,0.02,6.1,7.0,1.0,0.02,6.1,7.0,1.0,0,0,1,0,0,1
14960,5.0,2011,7.0,86.0,1772.0,2969.0,1,0.03,6.8,6.97,40.5,0.01,6.8,6.97,40.5,0.01,6.8,6.97,40.5,1,0,0,0,0,1
14961,13.0,2002,2.0,4.0,2131.0,3479.0,2,0.96,8.35,8.2,61.0,0.96,8.35,8.2,61.0,0.11,8.35,8.2,61.0,0,0,0,0,0,1
14962,1.0,2009,3.0,162.0,619.0,1308.0,1,0.04,5.55,5.9,8.0,0.04,5.55,5.9,8.0,0.04,4.0,5.6,8.0,0,0,0,1,0,1
14963,4.0,2006,4.0,26.0,814.0,406.0,1,0.04,5.0,6.2,5.0,0.58,5.0,6.7,30.0,1.74,8.3,7.75,1.0,1,0,0,0,0,1
14964,15.0,2007,8.0,8.0,2873.0,5539.0,11,0.06,5.9,7.0,5.0,0.04,6.7,6.7,6.0,0.04,6.7,6.7,6.0,1,0,0,1,0,1
14965,1.0,2008,1.0,69.0,386.0,526.0,1,0.07,5.7,8.0,3.0,0.07,5.7,8.0,3.0,0.38,5.7,8.0,3.0,0,0,0,0,0,1
14966,6.0,2016,6.0,26.0,1672.0,2775.0,1,0.03,6.139692021200393,6.5099813780261035,46.00420630552716,0.03,6.228947858472998,6.612544764360438,45.91736771758786,0.02,6.258451511244804,6.6494134078212355,47.09733469612391,0,0,0,0,0,1
14967,15.0,2010,5.0,144.0,3248.0,5540.0,1,0.02,8.0,8.0,42.41893830703013,0.02,8.0,8.0,36.190578670492584,0.02,8.0,8.0,41.083213773314206,0,0,0,0,0,1
14968,7.0,2004,8.0,157.0,3249.0,5541.0,1,0.55,7.8,8.15,37.0,0.55,7.8,8.15,37.0,0.55,7.8,8.15,37.0,0,0,0,0,0,1
14969,5.0,2011,11.0,486.0,3250.0,5542.0,1,0.01,6.107652813930537,6.467882595817321,45.77475613360922,0.01,6.194403554438579,6.56657391616556,44.85269484678293,0.01,6.2266573916165795,6.606709451575302,45.76973100798108,0,0,0,0,0,1
14970,4.0,2007,4.0,71.0,972.0,778.0,1,0.04,6.0,6.7,7.0,0.04,6.0,6.7,7.0,0.09,7.4,7.3,2.0,1,0,0,0,0,1
14971,1.0,2014,9.0,26.0,548.0,582.0,11,0.06,5.1,4.85,1.0,0.07,5.1,4.85,1.0,0.07,5.1,4.85,1.0,0,0,0,0,0,1
14972,17.0,2010,11.0,458.0,3251.0,5543.0,1,0.03,6.036517973148549,6.446041576440007,42.41893830703013,0.03,6.13182763100909,6.5621524469467225,36.190578670492584,0.03,6.158211346903418,6.59756604590732,41.083213773314206,0,0,0,0,0,1
14973,15.0,2008,7.0,6.0,127.0,844.0,9,0.2,7.03,7.3,60.5,0.87,7.03,7.05,60.5,0.87,7.03,7.05,60.5,1,0,0,0,0,1
14974,17.0,2011,11.0,292.0,3252.0,5544.0,1,0.03,6.107652813930537,6.467882595817321,45.77475613360922,0.03,6.194403554438579,6.56657391616556,44.85269484678293,0.03,6.2266573916165795,6.606709451575302,45.76973100798108,0,0,0,0,0,1
14975,19.0,2004,12.0,272.0,2056.0,4275.0,5,0.02,4.95,7.7,46.15250020731404,0.11,7.9,7.7,45.613608093540094,0.11,7.9,7.7,47.005638941869144,0,0,0,0,0,1
14976,15.0,2008,12.0,427.0,1714.0,2851.0,6,0.07,5.5,7.0,16.0,0.11,8.55,8.4,16.0,0.02,8.55,4.0,1.0,0,0,0,0,0,1
14977,13.0,1997,10.0,15.0,103.0,5545.0,1,0.04,9.0,9.0,1.0,0.19,9.0,9.0,1.0,0.19,9.0,9.0,1.0,0,0,0,0,0,1
14978,4.0,2007,1.0,11.0,805.0,1226.0,1,0.03,6.0,7.0,1.0,0.06,6.0,7.0,1.0,0.06,6.0,7.0,1.0,0,0,0,0,0,1
14979,17.0,2011,11.0,517.0,3253.0,5546.0,1,0.03,6.107652813930537,6.467882595817321,45.77475613360922,0.01,6.194403554438579,6.56657391616556,44.85269484678293,0.01,6.2266573916165795,6.606709451575302,45.76973100798108,0,0,0,0,0,1
14980,17.0,2013,11.0,292.0,2356.0,4095.0,1,0.03,6.016843832020995,6.3843011811023525,43.64141414141414,0.03,6.091391076115479,6.49972440944881,40.217532467532465,0.02,6.117578740157478,6.52308070866142,43.198232323232325,0,0,0,0,0,1
14981,15.0,2010,8.0,81.0,2439.0,4276.0,10,0.04,7.5,4.0,3.0,0.05,7.5,7.5,3.0,0.05,7.5,7.5,3.0,1,0,0,0,0,1
14982,15.0,2008,9.0,5.0,155.0,191.0,1,0.07,2.0,6.0,20.0,3.05,5.0,6.0,20.0,1.26,5.0,6.0,20.0,0,0,0,0,0,1
14983,7.0,2006,11.0,525.0,3254.0,5547.0,1,0.0,0.0,0.0,0.0,0.0,0.0,0.0,0.0,0.0,0.0,0.0,0.0,0,0,0,0,0,1
14984,5.0,2010,1.0,364.0,315.0,2316.0,1,0.06,6.036517973148549,6.446041576440007,42.41893830703013,0.11,6.13182763100909,6.5621524469467225,36.190578670492584,0.11,6.158211346903418,6.59756604590732,41.083213773314206,0,0,0,0,0,1
14985,13.0,1998,5.0,5.0,1379.0,5548.0,1,0.15,6.3,6.3,3.0,0.04,7.0,7.0,1.0,0.04,7.0,7.0,1.0,1,0,0,0,1,1
14986,11.0,2016,4.0,229.0,1217.0,2989.0,12,0.02,6.7,7.7,3.0,0.02,6.7,7.7,3.0,0.15,6.7,7.95,5.0,0,0,0,0,0,1
14987,4.0,2008,1.0,204.0,3255.0,5549.0,1,0.05,5.0,5.0,50.52577025484975,0.05,5.0,5.0,48.40728413845569,0.05,5.0,5.0,49.56694560669456,0,0,0,0,0,1
14988,5.0,2013,11.0,379.0,2489.0,3962.0,1,0.03,7.0,7.0,1.0,0.03,7.0,7.0,1.0,0.02,7.0,7.0,1.0,0,0,0,0,0,1
14989,9.0,2004,7.0,24.0,970.0,5550.0,8,0.57,6.0,5.8,4.0,0.1,4.32,6.05,4.0,0.1,4.32,6.05,4.0,0,0,0,0,0,1
14990,23.0,2015,9.0,49.0,2370.0,1336.0,1,0.03,6.023708006279429,6.380546310832016,44.238808539944905,0.03,6.098238618524324,6.497463108320238,40.88240358126722,0.05,6.122084772370479,6.520916797488228,43.51325757575758,0,0,0,0,0,1
14991,17.0,2010,11.0,59.0,2569.0,4480.0,1,0.03,6.036517973148549,6.446041576440007,42.41893830703013,0.03,6.13182763100909,6.5621524469467225,36.190578670492584,0.03,6.158211346903418,6.59756604590732,41.083213773314206,0,0,0,0,0,1
14992,7.0,2008,11.0,82.0,3256.0,5551.0,1,0.07,6.076557377049176,6.4289414021625335,50.52577025484975,0.07,6.1574189047785115,6.543221137077076,48.40728413845569,0.07,6.202197418904775,6.585209277990916,49.56694560669456,0,0,0,0,0,1
14993,4.0,2009,11.0,340.0,1868.0,5552.0,1,0.05,7.0,7.4,23.0,0.05,7.0,7.4,23.0,0.05,7.0,7.4,23.0,0,0,0,0,0,1
14994,15.0,2012,10.0,13.0,51.0,57.0,3,0.04,5.27,4.87,59.0,0.24,7.75,7.43,57.0,0.47,7.93,6.2,82.5,1,0,1,1,0,1
14995,7.0,2001,4.0,251.0,1014.0,5553.0,1,0.09,5.5,5.5,2.0,0.08,5.5,5.5,2.0,0.08,5.5,5.5,2.0,0,0,0,0,0,1
14996,15.0,2009,9.0,207.0,3257.0,5554.0,7,0.01,5.943410404624276,6.483352601156066,61.18867924528302,0.01,6.0577456647398815,6.585260115606936,37.9685534591195,0.01,6.170289017341039,6.621791907514448,51.5188679245283,0,0,0,0,0,1
14997,17.0,2012,12.0,157.0,2164.0,5524.0,1,0.06,8.6,8.6,7.0,0.01,7.0,7.0,6.0,0.02,7.0,7.0,6.0,1,0,0,0,0,1
14998,14.0,2002,3.0,91.0,539.0,3566.0,11,0.02,2.75,7.9,1.5,0.11,5.91,6.77,1.5,0.11,5.91,6.77,1.5,0,0,0,0,0,1
14999,4.0,2006,9.0,11.0,1086.0,3489.0,12,0.66,6.3,6.05,12.0,0.01,6.3,6.05,12.0,0.03,6.3,6.05,12.0,0,0,0,0,0,1
15000,17.0,2006,5.0,243.0,1178.0,2796.0,11,0.0,0.0,0.0,0.0,0.0,0.0,0.0,0.0,0.0,0.0,0.0,0.0,1,0,0,0,0,1
15001,4.0,2012,9.0,537.0,3258.0,5555.0,1,0.03,6.072961653015631,6.425969843633651,50.50295255548768,0.03,6.152457185405805,6.543201787043918,48.179596823457544,0.03,6.196662323157107,6.5816586001488995,49.25208715129302,0,0,0,0,0,1
15002,18.0,2016,3.0,507.0,559.0,1205.0,9,0.03,5.55,4.2,0.0,0.96,6.55,6.75,48.0,0.16,5.6,6.75,48.0,0,0,0,0,0,1
15003,13.0,1999,6.0,92.0,3259.0,5556.0,1,1.15,5.9864729458917845,6.425400801603205,44.05604395604396,1.15,6.120961923847696,6.589959919839676,34.17912087912088,1.15,6.162114228456913,6.618947895791575,38.04120879120879,0,0,0,0,0,1
15004,4.0,2007,9.0,15.0,3260.0,5557.0,1,0.03,6.099566138746374,6.4607807271916755,47.55820785897907,0.03,6.186688601383021,6.564681017176054,46.14738646101114,0.03,6.2206457729199345,6.6001962971225066,47.53813196229649,0,0,0,0,0,1
15005,5.0,2011,9.0,15.0,491.0,5069.0,4,0.08,3.0,4.0,1.0,0.67,8.43,7.97,308.5,0.67,8.43,7.97,308.5,1,0,0,1,0,1
15006,4.0,2012,2.0,543.0,513.0,5558.0,3,0.09,6.107345193294558,6.472551317139987,45.49549380398047,0.09,6.193362983236427,6.570975025658612,44.67118850920015,0.09,6.222634279849501,6.6114531303455575,45.70146451370635,1,0,0,0,0,1
15007,1.0,2008,7.0,313.0,573.0,4407.0,3,0.03,5.9,6.5,0.0,0.13,5.9,6.5,0.0,0.05,6.0,6.5,17.5,0,0,0,0,0,1
15008,7.0,2007,11.0,228.0,3261.0,5559.0,1,0.03,6.099566138746374,6.4607807271916755,47.55820785897907,0.03,6.186688601383021,6.564681017176054,46.14738646101114,0.03,6.2206457729199345,6.6001962971225066,47.53813196229649,0,0,0,0,0,1
15009,6.0,2011,11.0,379.0,3262.0,5560.0,1,0.04,6.107652813930537,6.467882595817321,45.77475613360922,0.04,6.194403554438579,6.56657391616556,44.85269484678293,0.04,6.2266573916165795,6.606709451575302,45.76973100798108,0,0,0,0,0,1
15010,9.0,2002,4.0,72.0,3263.0,5561.0,1,0.09,7.0,8.7,3.0,0.09,7.0,8.7,3.0,0.09,7.0,8.7,3.0,0,0,0,0,0,1
15011,4.0,2006,12.0,26.0,626.0,5562.0,9,0.06,4.95,6.6,2.0,0.03,5.6,8.7,2.0,0.03,5.6,8.7,2.0,0,0,0,0,0,1
15012,15.0,2005,3.0,11.0,1654.0,5563.0,1,0.03,5.941533923303834,6.313171091445431,50.56199677938808,0.03,6.055781710914458,6.470575221238942,37.569243156199676,0.03,6.052935103244841,6.466165191740415,43.750402576489535,0,0,0,0,0,1
15013,9.0,2002,2.0,54.0,943.0,5564.0,4,0.06,7.7,7.7,7.0,0.06,7.7,7.7,7.0,0.06,7.7,7.7,7.0,0,0,0,0,0,1
15014,1.0,2009,11.0,9.0,1774.0,2974.0,1,0.03,5.0,5.0,2.0,0.03,5.0,5.0,2.0,0.07,5.0,5.0,2.0,0,0,0,0,0,1
15015,15.0,2012,3.0,36.0,130.0,159.0,11,0.35,6.05,6.47,52.0,0.35,6.05,6.47,52.0,0.35,6.05,6.47,52.0,0,0,0,0,0,1
15016,9.0,2002,4.0,72.0,3264.0,5565.0,10,0.05,6.09650932583099,6.461896425966512,47.153113889207475,0.05,6.179974992185077,6.560766906324954,45.36168138547998,0.05,6.214858810044824,6.598898614150305,46.27904576212868,0,0,0,0,0,1
15017,7.0,2007,11.0,432.0,3265.0,5566.0,1,0.03,6.099566138746374,6.4607807271916755,47.55820785897907,0.03,6.186688601383021,6.564681017176054,46.14738646101114,0.03,6.2206457729199345,6.6001962971225066,47.53813196229649,0,0,0,0,0,1
15018,4.0,2010,6.0,59.0,3266.0,5567.0,1,0.03,6.036517973148549,6.446041576440007,42.41893830703013,0.03,6.13182763100909,6.5621524469467225,36.190578670492584,0.03,6.158211346903418,6.59756604590732,41.083213773314206,0,0,0,0,0,1
15019,15.0,2011,5.0,215.0,474.0,5568.0,6,0.02,6.143474808933733,6.507432663055609,46.21515842632565,0.02,6.2255123543815465,6.604321436521517,45.67675327848823,0.02,6.256786376790091,6.645066409438314,47.00456137492873,0,0,0,0,0,1
15020,23.0,2016,9.0,49.0,2152.0,3735.0,1,0.03,7.8,7.05,7.0,0.03,7.8,7.05,7.0,0.03,7.8,7.05,7.0,0,0,0,0,0,1
15021,10.0,2015,9.0,125.0,508.0,5569.0,10,0.02,6.105984810632563,6.471264115119483,46.93294829482948,0.03,6.191401019286521,6.5660117917458365,45.34031903190319,0.03,6.223512541221162,6.606858199260567,46.23432343234323,0,0,0,0,0,1
15022,1.0,2010,5.0,364.0,2340.0,4071.0,4,0.03,6.13196643055128,6.497064983061319,46.01039378063208,0.03,6.2144672004927735,6.595193255312639,45.13714720297448,0.06,6.248746535263336,6.634806744687414,46.44710157174244,0,0,0,0,0,1
15023,15.0,2005,8.0,544.0,3267.0,5570.0,6,0.0,0.0,0.0,0.0,0.0,0.0,0.0,0.0,0.0,0.0,0.0,0.0,1,0,0,0,0,1
15024,13.0,1997,1.0,15.0,3268.0,1747.0,1,0.03,6.042070079121586,6.394020668496688,49.29562687356727,0.03,6.127673179396085,6.510931697077347,47.72615059072474,0.14,6.172315517519764,6.551114161149683,49.20948686298713,0,0,0,0,0,1
15025,9.0,2002,4.0,545.0,3269.0,5571.0,1,0.0,0.0,0.0,0.0,0.0,0.0,0.0,0.0,0.0,0.0,0.0,0.0,0,0,0,0,0,1
15026,5.0,2015,3.0,270.0,1040.0,2471.0,3,0.03,6.1,5.92,6.0,0.08,5.75,5.62,1.5,0.03,6.1,5.92,6.0,0,0,0,0,0,1
15027,1.0,2008,5.0,42.0,1367.0,3985.0,10,1.27,3.0,2.0,5.0,0.1,5.75,6.65,5.0,0.1,5.75,6.65,5.0,0,0,0,0,0,1
15028,17.0,2013,11.0,257.0,3270.0,5572.0,1,0.07,6.016843832020995,6.3843011811023525,43.64141414141414,0.07,6.091391076115479,6.49972440944881,40.217532467532465,0.07,6.117578740157478,6.52308070866142,43.198232323232325,0,0,0,0,0,1
15029,4.0,2011,5.0,224.0,3271.0,5573.0,1,0.03,6.107652813930537,6.467882595817321,45.77475613360922,0.03,6.194403554438579,6.56657391616556,44.85269484678293,0.03,6.2266573916165795,6.606709451575302,45.76973100798108,0,0,0,0,0,1
15030,15.0,2006,7.0,40.0,2094.0,5574.0,11,0.16,6.95,7.03,4.0,0.02,6.95,8.65,95.0,0.02,6.95,8.65,95.0,1,0,0,0,0,1
15031,15.0,2012,6.0,42.0,2261.0,3932.0,1,0.1,4.8,6.25,0.5,0.03,7.4,8.05,76.0,0.03,7.4,8.05,76.0,1,0,0,0,0,1
15032,11.0,2016,9.0,546.0,3272.0,5575.0,10,0.0,0.0,0.0,0.0,0.0,0.0,0.0,0.0,0.0,0.0,0.0,0.0,0,0,0,0,0,1
15033,1.0,2007,1.0,49.0,1398.0,2300.0,1,0.05,5.0,5.0,47.55820785897907,0.05,5.0,5.0,46.14738646101114,0.06,5.0,5.0,47.53813196229649,1,0,0,0,0,1
15034,17.0,2010,9.0,15.0,3273.0,5576.0,1,0.03,6.036517973148549,6.446041576440007,42.41893830703013,0.03,6.13182763100909,6.5621524469467225,36.190578670492584,0.03,6.158211346903418,6.59756604590732,41.083213773314206,1,0,0,0,0,1
15035,7.0,2007,10.0,34.0,3160.0,5428.0,1,0.03,4.5,7.4,47.55820785897907,0.03,4.5,7.4,46.14738646101114,0.03,4.5,7.4,47.53813196229649,0,0,0,0,0,1
15036,11.0,2015,9.0,361.0,1648.0,5181.0,5,0.04,6.10985919804102,6.4734292419141575,47.274146451033246,0.04,6.19366187123765,6.570160187736006,45.55986073674753,0.04,6.226127946127964,6.608802163044638,46.40043800539083,0,0,0,0,0,1
15037,15.0,2009,12.0,6.0,196.0,858.0,11,0.08,5.25,7.5,0.0,0.09,6.2,5.55,4.0,0.57,6.8,7.48,42.5,1,0,1,0,0,1
15038,13.0,1999,7.0,41.0,61.0,4215.0,10,0.03,7.9,7.0,2.0,0.41,7.9,7.0,2.0,0.07,7.9,7.5,12.0,0,0,0,0,0,1
15039,15.0,2008,7.0,8.0,95.0,122.0,11,0.17,6.8,7.0,1.0,1.83,8.3,8.7,131.0,3.52,8.47,7.98,261.5,0,0,0,0,0,1
15040,15.0,2006,5.0,81.0,474.0,1754.0,11,0.0,0.0,0.0,0.0,0.03,0.0,0.0,0.0,0.03,0.0,0.0,0.0,0,1,0,0,0,1
15041,7.0,2007,4.0,228.0,3274.0,5577.0,1,0.03,6.099566138746374,6.4607807271916755,47.55820785897907,0.03,6.186688601383021,6.564681017176054,46.14738646101114,0.03,6.2206457729199345,6.6001962971225066,47.53813196229649,0,0,0,0,0,1
15042,7.0,2008,11.0,547.0,3275.0,5578.0,1,0.0,0.0,0.0,0.0,0.0,0.0,0.0,0.0,0.0,0.0,0.0,0.0,0,0,0,0,0,1
15043,14.0,2002,1.0,29.0,1347.0,5579.0,10,3.02,8.2,7.55,2.0,3.02,8.2,7.55,2.0,3.02,8.2,7.55,2.0,0,0,0,0,0,1
15044,15.0,2007,3.0,36.0,130.0,738.0,6,0.87,8.15,7.8,27.0,0.02,7.8,7.3,39.0,0.02,7.8,7.3,39.0,0,0,0,0,0,1
15045,1.0,2008,3.0,141.0,1389.0,5580.0,1,0.07,2.45,2.08,13.0,0.02,2.45,2.08,13.0,0.02,2.45,2.08,13.0,0,0,0,0,0,1
15046,23.0,2016,4.0,279.0,2342.0,4074.0,1,0.03,5.0,5.0,1.0,0.03,5.0,5.0,1.0,0.08,5.0,5.0,1.0,0,0,0,0,0,1
15047,5.0,2006,4.0,6.0,804.0,5072.0,1,0.09,5.0,6.0,3.0,0.26,5.0,9.0,1.0,0.26,5.0,9.0,1.0,0,0,0,0,1,1
15048,14.0,2005,9.0,42.0,491.0,5581.0,2,0.32,7.55,8.05,13.0,0.32,7.55,8.05,13.0,0.32,7.55,8.05,13.0,0,0,0,0,0,1
15049,17.0,2011,6.0,385.0,3276.0,5582.0,1,0.01,6.107652813930537,6.467882595817321,45.77475613360922,0.01,6.194403554438579,6.56657391616556,44.85269484678293,0.01,6.2266573916165795,6.606709451575302,45.76973100798108,0,0,0,0,0,1
15050,17.0,2013,6.0,49.0,3277.0,5583.0,1,0.04,6.016843832020995,6.3843011811023525,43.64141414141414,0.04,6.091391076115479,6.49972440944881,40.217532467532465,0.04,6.117578740157478,6.52308070866142,43.198232323232325,0,0,0,0,0,1
15051,1.0,2010,5.0,241.0,3278.0,5101.0,6,0.13,5.35,5.53,6.5,0.13,5.35,5.53,6.5,0.13,5.35,5.53,6.5,0,0,0,0,0,1
15052,17.0,2009,11.0,49.0,2677.0,4131.0,1,0.03,6.06531266560678,6.414785373608896,47.58155002891845,0.03,6.151277159512439,6.537713301536816,45.36119144013881,0.04,6.18789083200847,6.572859035506092,49.094852515905146,0,0,0,0,0,1
15053,6.0,2015,10.0,9.0,1552.0,2548.0,1,0.03,5.5,5.5,2.0,0.03,5.5,5.5,2.0,0.11,5.5,5.5,2.0,0,0,0,0,0,1
15054,1.0,2012,9.0,33.0,1047.0,4458.0,1,0.49,4.0,5.7,12.0,0.1,5.0,4.0,2.0,0.06,5.27,4.65,1.5,0,0,0,0,0,1
15055,15.0,2008,7.0,29.0,378.0,1274.0,2,0.24,6.83,0.2,45.5,0.56,6.83,6.78,45.5,0.56,6.83,6.78,45.5,0,0,0,0,0,1
15056,7.0,2008,11.0,15.0,3279.0,5584.0,1,0.03,6.076557377049176,6.4289414021625335,50.52577025484975,0.03,6.1574189047785115,6.543221137077076,48.40728413845569,0.03,6.202197418904775,6.585209277990916,49.56694560669456,0,0,0,0,0,1
15057,5.0,2009,3.0,209.0,853.0,3220.0,9,0.12,4.7,6.7,48.85785172212493,0.02,4.7,6.7,47.55465557501459,0.13,4.7,6.7,48.898423817863396,0,0,0,0,0,1
15058,4.0,2009,11.0,453.0,3280.0,5585.0,1,0.02,6.06531266560678,6.414785373608896,47.58155002891845,0.02,6.151277159512439,6.537713301536816,45.36119144013881,0.02,6.18789083200847,6.572859035506092,49.094852515905146,0,0,0,0,0,1
15059,15.0,2009,11.0,6.0,519.0,4413.0,3,0.04,6.67,6.95,59.0,0.06,4.25,6.25,1.0,0.06,4.25,6.25,1.0,0,0,0,0,0,1
15060,7.0,2008,11.0,490.0,3281.0,5586.0,1,0.03,6.076557377049176,6.4289414021625335,50.52577025484975,0.03,6.1574189047785115,6.543221137077076,48.40728413845569,0.03,6.202197418904775,6.585209277990916,49.56694560669456,0,0,0,0,0,1
15061,7.0,2006,11.0,49.0,2762.0,4529.0,1,0.04,6.057909446618223,6.454225824482941,48.764652014652015,0.04,6.140609278926769,6.574768026830625,40.60225885225885,0.04,6.179580771380661,6.604046953605371,45.93101343101343,0,0,0,0,0,1
15062,7.0,2006,9.0,68.0,3282.0,5587.0,1,0.05,6.0,4.35,2.0,0.05,6.0,4.35,2.0,0.05,6.0,4.35,2.0,0,0,0,0,0,1
15063,17.0,2005,6.0,4.0,1275.0,107.0,1,0.08,5.9,7.2,50.56199677938808,0.08,5.9,7.2,37.569243156199676,0.91,5.9,7.2,43.750402576489535,1,0,1,0,1,1
15064,17.0,2010,11.0,379.0,2820.0,4923.0,1,0.05,7.7,7.7,11.0,0.05,7.7,7.7,11.0,0.04,7.7,7.7,11.0,0,0,0,0,0,1
15065,17.0,2009,4.0,266.0,1217.0,5588.0,1,0.02,7.7,7.7,3.0,0.07,7.7,7.7,3.0,0.07,7.7,7.7,3.0,0,0,0,1,0,1
15066,9.0,2003,4.0,58.0,1405.0,2313.0,7,0.23,8.8,8.8,4.0,0.24,8.8,8.8,4.0,0.24,8.8,8.8,4.0,1,0,0,0,0,1
15067,14.0,2006,10.0,155.0,380.0,1642.0,1,0.03,4.2,4.2,11.0,1.46,9.1,9.1,11.0,0.08,8.0,8.0,21.0,1,0,0,0,0,1
15068,14.0,2004,1.0,72.0,432.0,1369.0,8,0.11,8.1,7.7,5.0,0.32,6.8,8.0,5.0,0.09,4.0,5.7,11.0,0,0,0,0,0,1
15069,17.0,2007,6.0,493.0,190.0,486.0,1,0.04,7.0,6.8,47.0,0.08,7.0,6.8,47.0,0.08,7.0,6.8,47.0,0,0,0,0,0,1
15070,4.0,2006,9.0,105.0,1363.0,5453.0,1,0.03,6.057909446618223,6.454225824482941,48.764652014652015,0.26,6.140609278926769,6.574768026830625,40.60225885225885,0.03,6.179580771380661,6.604046953605371,45.93101343101343,0,0,0,0,0,1
15071,15.0,2007,3.0,11.0,662.0,563.0,9,1.35,5.85,6.2,0.0,0.16,6.95,7.75,12.0,0.32,7.23,7.92,108.0,1,0,0,1,0,1
15072,15.0,2009,9.0,15.0,1066.0,1727.0,11,0.08,4.47,6.13,54.5,0.37,4.47,6.13,54.5,0.37,4.47,6.13,54.5,0,0,0,0,0,1
15073,7.0,2010,11.0,473.0,3283.0,5589.0,1,0.0,0.0,0.0,0.0,0.0,0.0,0.0,0.0,0.0,0.0,0.0,0.0,0,0,0,0,0,1
15074,23.0,2015,9.0,257.0,2734.0,3972.0,1,0.04,6.023708006279429,6.380546310832016,44.238808539944905,0.04,6.098238618524324,6.497463108320238,40.88240358126722,0.08,6.122084772370479,6.520916797488228,43.51325757575758,0,0,0,0,0,1
15075,13.0,2002,4.0,156.0,3284.0,5590.0,1,0.22,6.050969223702346,6.468989435002288,43.711032388663966,0.22,6.146789159393657,6.595062011943035,37.134362348178136,0.22,6.180679834634819,6.631194304088199,42.425607287449395,0,0,0,0,0,1
15076,7.0,2002,1.0,26.0,3285.0,5591.0,1,0.05,5.0,5.0,1.0,0.05,5.0,5.0,1.0,0.05,5.0,5.0,1.0,0,0,0,0,0,1
15077,15.0,2009,9.0,5.0,321.0,1692.0,6,0.11,7.9,7.9,1.0,0.17,7.9,7.9,1.0,0.17,7.9,7.9,1.0,0,0,0,0,0,1
15078,4.0,2007,6.0,428.0,1354.0,4305.0,10,0.07,6.1034900268284105,6.459080835180271,47.35864844149208,0.07,6.191155954741644,6.567800069987219,46.229496678589676,0.07,6.229064504840788,6.605134725300407,47.57901124169648,0,0,0,0,0,1
15079,17.0,2012,11.0,292.0,3286.0,5592.0,1,0.03,6.072961653015631,6.425969843633651,50.50295255548768,0.03,6.152457185405805,6.543201787043918,48.179596823457544,0.03,6.196662323157107,6.5816586001488995,49.25208715129302,0,0,0,0,0,1
15080,17.0,2010,11.0,453.0,3287.0,5593.0,1,0.05,6.036517973148549,6.446041576440007,42.41893830703013,0.05,6.13182763100909,6.5621524469467225,36.190578670492584,0.05,6.158211346903418,6.59756604590732,41.083213773314206,0,0,0,0,0,1
15081,15.0,2010,7.0,548.0,1772.0,2969.0,1,0.0,0.0,0.0,0.0,0.06,6.35,6.35,19.0,0.06,6.35,6.35,19.0,1,0,0,0,0,1
15082,7.0,2006,9.0,12.0,3288.0,5594.0,9,0.03,3.9,3.9,48.248510874082285,0.03,3.9,3.9,46.851849286604796,0.03,3.9,3.9,48.092395068569054,0,0,0,0,0,1
15083,19.0,2002,1.0,40.0,330.0,4272.0,6,0.22,3.55,6.5,0.0,0.09,7.7,8.0,0.0,0.09,7.7,8.0,0.0,0,0,0,0,0,1
15084,15.0,1998,12.0,24.0,822.0,5252.0,8,0.01,8.4,8.4,2.0,0.01,8.4,8.4,2.0,0.01,8.4,8.4,2.0,1,0,0,0,0,1
15085,14.0,2003,3.0,40.0,649.0,3840.0,9,0.09,6.9,8.05,4.5,0.79,2.7,5.3,0.0,0.79,2.7,5.3,0.0,0,0,0,0,0,1
15086,7.0,2005,10.0,26.0,672.0,1207.0,1,0.06,5.0,5.0,5.0,0.13,5.0,5.0,5.0,0.08,5.0,5.0,5.0,0,0,0,0,0,1
15087,7.0,2006,3.0,26.0,1129.0,37.0,8,0.08,4.85,8.4,46.19023352860926,0.08,4.85,8.4,45.736899125270845,0.08,4.85,8.4,46.94057459272931,1,0,0,0,0,1
15088,15.0,2014,7.0,8.0,474.0,666.0,2,0.68,6.87,7.5,60.5,0.68,6.87,7.5,60.5,0.68,6.87,7.5,60.5,0,0,0,1,1,1
15089,15.0,2001,7.0,3.0,411.0,168.0,8,0.13,5.65,6.1,1.0,0.13,5.65,6.1,1.0,3.31,8.0,8.17,139.0,1,0,0,0,1,1
15090,23.0,2014,6.0,9.0,3289.0,5595.0,1,0.07,6.0370023640661925,6.4082836879432445,47.3185817805383,0.07,6.127933806146561,6.533567375886503,45.40683229813665,0.07,6.178366430260039,6.570146572104003,49.021868530020704,0,0,0,0,0,1
15091,6.0,2013,9.0,4.0,3290.0,5596.0,1,0.23,6.2,6.3,14.0,0.23,6.2,6.3,14.0,0.23,6.2,6.3,14.0,1,0,0,1,0,1
15092,6.0,2009,11.0,132.0,206.0,3269.0,1,0.04,8.0,7.6,11.0,0.43,8.0,8.2,66.0,0.43,8.0,8.2,66.0,0,0,0,0,0,1
15093,15.0,2003,8.0,6.0,3291.0,1059.0,3,0.07,7.85,8.1,113.0,0.01,8.55,8.25,4.0,0.01,8.55,8.25,4.0,1,0,0,0,0,1
15094,15.0,2007,12.0,36.0,1021.0,1637.0,6,0.4,7.2,7.8,51.5,0.4,7.2,7.8,51.5,0.4,7.2,7.8,51.5,1,0,0,0,0,1
15095,15.0,2014,4.0,42.0,1472.0,1164.0,8,0.08,5.47,5.42,5.0,0.12,5.2,3.8,11.0,0.12,5.2,3.8,11.0,0,0,0,0,0,1
15096,4.0,2005,5.0,12.0,3292.0,5597.0,1,0.14,6.45,6.95,13.0,0.14,6.45,6.95,13.0,0.14,6.45,6.95,13.0,0,0,0,0,0,1
15097,1.0,2009,12.0,42.0,1472.0,4975.0,7,0.01,7.0,7.15,7.0,0.05,5.77,6.2,2.5,0.05,5.77,6.2,2.5,1,0,0,0,0,1
15098,17.0,2010,6.0,59.0,3293.0,5598.0,1,0.02,6.036517973148549,6.446041576440007,42.41893830703013,0.02,6.13182763100909,6.5621524469467225,36.190578670492584,0.02,6.158211346903418,6.59756604590732,41.083213773314206,0,0,0,0,0,1
15099,19.0,2003,1.0,40.0,210.0,502.0,12,0.04,4.3,6.6,45.86576885837514,0.05,7.1,6.6,45.062538508934075,0.23,7.3,8.5,46.35604260188364,1,0,0,0,0,1
15100,15.0,2016,1.0,12.0,1448.0,2381.0,7,0.23,7.83,7.68,174.0,0.23,7.83,7.68,174.0,0.23,7.83,7.68,174.0,0,0,0,1,0,1
15101,1.0,2007,1.0,88.0,513.0,5599.0,12,0.05,2.5,5.0,1.0,0.17,6.0,5.0,1.0,0.17,6.0,5.0,1.0,0,0,0,0,0,1
15102,15.0,2009,3.0,144.0,895.0,3483.0,10,0.02,5.73,5.9,22.5,0.51,6.5,7.05,59.0,0.51,6.5,7.05,59.0,0,0,0,0,0,1
15103,18.0,2015,1.0,6.0,332.0,4144.0,9,0.05,5.7,5.7,50.44444444444444,0.05,5.7,5.7,48.38212927756654,0.05,5.7,5.7,49.40853400929446,0,0,0,0,0,1
15104,6.0,2015,9.0,49.0,2370.0,1336.0,1,0.03,6.023708006279429,6.380546310832016,44.238808539944905,0.03,6.098238618524324,6.497463108320238,40.88240358126722,0.04,6.122084772370479,6.520916797488228,43.51325757575758,0,0,0,0,0,1
15105,4.0,2011,7.0,202.0,1617.0,5600.0,9,0.38,6.067762359063304,6.406916738941901,49.94059640265068,0.19,6.146775079502746,6.521676785198052,48.186573051435786,0.19,6.193820468343437,6.562677074298944,49.52627011675607,0,0,0,0,0,1
15106,14.0,2006,7.0,22.0,1528.0,2738.0,4,0.07,6.93,6.93,83.5,0.04,6.47,8.0,29.0,0.02,7.1,6.9,11.0,1,0,0,0,0,1
15107,23.0,2015,9.0,54.0,3294.0,5601.0,1,0.03,6.4,7.45,2.0,0.03,6.4,7.45,2.0,0.03,6.4,7.45,2.0,0,0,0,0,0,1
15108,4.0,2005,1.0,71.0,106.0,2579.0,11,0.02,4.9,5.2,1.0,0.27,6.7,8.6,1.0,0.2,6.7,7.0,1.0,0,0,0,0,0,1
15109,17.0,2007,4.0,417.0,2417.0,5602.0,1,0.0,0.0,0.0,0.0,0.07,5.6,7.55,1.0,0.07,5.6,7.55,1.0,0,0,0,0,0,1
15110,13.0,1999,10.0,19.0,3295.0,5603.0,1,0.46,7.1,7.1,14.0,0.46,7.1,7.1,14.0,0.46,7.1,7.1,14.0,0,0,0,0,0,1
15111,4.0,2006,5.0,126.0,497.0,723.0,1,0.02,6.8,8.3,48.764652014652015,0.02,6.8,8.3,40.60225885225885,1.1,6.8,8.3,45.93101343101343,1,0,0,0,0,1
15112,14.0,2005,11.0,3.0,448.0,3327.0,11,0.1,8.2,7.4,44.6111833550065,0.02,5.7,7.4,34.02925877763329,0.02,5.7,7.4,39.31014304291288,0,0,0,0,0,1
15113,15.0,2011,8.0,54.0,3190.0,4617.0,11,0.07,4.9,8.2,20.0,0.02,7.0,8.2,20.0,0.05,7.17,7.12,20.0,0,0,0,0,0,1
15114,7.0,2002,1.0,15.0,87.0,2217.0,11,0.03,3.9,7.1,0.0,0.03,3.9,7.1,0.0,0.04,4.4,7.1,0.0,0,0,1,0,0,1
15115,7.0,2007,6.0,9.0,3296.0,5604.0,1,0.04,6.099566138746374,6.4607807271916755,47.55820785897907,0.04,6.186688601383021,6.564681017176054,46.14738646101114,0.04,6.2206457729199345,6.6001962971225066,47.53813196229649,0,0,0,0,0,1
15116,11.0,2016,9.0,152.0,269.0,5104.0,3,0.04,7.1,7.1,2.0,0.04,7.1,7.1,2.0,0.04,7.1,7.1,2.0,0,0,0,0,0,1
15117,4.0,2006,8.0,80.0,3297.0,5605.0,8,0.37,8.2,8.2,46.19023352860926,0.37,8.2,8.2,45.736899125270845,0.37,8.2,8.2,46.94057459272931,0,0,0,0,0,1
15118,8.0,1996,5.0,93.0,1333.0,690.0,1,0.47,7.9,7.9,9.0,0.27,7.9,7.9,9.0,0.27,7.9,7.9,9.0,0,0,0,0,0,1
15119,6.0,2013,4.0,134.0,3298.0,5606.0,1,0.11,5.8,5.8,8.0,0.11,5.8,5.8,8.0,0.11,5.8,5.8,8.0,0,0,0,0,0,1
15120,4.0,2010,11.0,75.0,3299.0,5607.0,3,0.07,6.08441887842466,6.453391481164448,46.59712738403579,0.07,6.169430650684952,6.553359375000063,45.16023075111843,0.07,6.204124571917825,6.5905062071918294,46.507829055804095,0,0,0,0,0,1
15121,6.0,2015,9.0,239.0,779.0,191.0,12,0.04,3.75,6.9,7.5,0.05,3.75,6.9,7.5,0.1,3.75,4.4,7.5,0,0,0,0,0,1
15122,15.0,2001,12.0,549.0,3300.0,1905.0,1,0.0,0.0,0.0,0.0,0.0,0.0,0.0,0.0,0.0,0.0,0.0,0.0,0,0,0,0,0,1
15123,7.0,2007,11.0,228.0,3301.0,5608.0,1,0.02,6.099566138746374,6.4607807271916755,47.55820785897907,0.02,6.186688601383021,6.564681017176054,46.14738646101114,0.02,6.2206457729199345,6.6001962971225066,47.53813196229649,0,0,0,0,0,1
15124,15.0,2008,4.0,338.0,3302.0,1970.0,9,0.03,5.6,3.2,0.0,0.03,5.6,3.2,0.0,0.31,4.7,5.47,8.0,0,0,0,0,0,1
15125,4.0,2009,11.0,234.0,2649.0,4648.0,1,0.01,3.0,3.0,1.0,0.01,3.0,3.0,1.0,0.05,3.0,3.0,1.0,0,0,0,0,0,1
15126,7.0,2006,7.0,26.0,419.0,5609.0,4,0.51,6.75,7.75,11.0,0.51,6.75,7.75,11.0,0.51,6.75,7.75,11.0,0,0,1,0,0,1
15127,6.0,2011,11.0,54.0,3303.0,5610.0,1,0.03,6.107652813930537,6.467882595817321,45.77475613360922,0.03,6.194403554438579,6.56657391616556,44.85269484678293,0.03,6.2266573916165795,6.606709451575302,45.76973100798108,0,0,0,0,0,1
15128,7.0,2006,5.0,68.0,799.0,2600.0,6,0.04,6.0,7.0,3.0,0.23,4.9,6.0,3.0,0.23,4.9,6.0,3.0,0,0,0,0,0,1
15129,15.0,2008,11.0,241.0,2594.0,5611.0,1,0.22,4.0,4.0,50.52577025484975,0.22,4.0,4.0,48.40728413845569,0.22,4.0,4.0,49.56694560669456,0,0,0,0,0,1
15130,17.0,2009,9.0,59.0,3304.0,5612.0,1,0.03,6.06531266560678,6.414785373608896,47.58155002891845,0.03,6.151277159512439,6.537713301536816,45.36119144013881,0.03,6.18789083200847,6.572859035506092,49.094852515905146,0,0,0,0,0,1
15131,19.0,2003,6.0,73.0,91.0,2936.0,11,0.28,7.1,7.4,1.0,0.01,7.1,7.4,1.0,0.15,7.1,7.4,1.0,0,0,0,0,0,1
15132,15.0,2005,7.0,5.0,212.0,1496.0,10,0.09,7.1,3.75,1.0,0.25,6.6,6.7,8.0,0.21,8.2,7.65,92.0,1,0,0,0,1,1
15133,15.0,2002,12.0,272.0,3305.0,5613.0,6,0.0,0.0,0.0,0.0,0.0,0.0,0.0,0.0,0.0,0.0,0.0,0.0,0,0,0,0,0,1
15134,23.0,2016,9.0,54.0,3306.0,5614.0,1,0.01,6.139692021200393,6.5099813780261035,46.00420630552716,0.01,6.228947858472998,6.612544764360438,45.91736771758786,0.01,6.258451511244804,6.6494134078212355,47.09733469612391,0,0,0,0,0,1
15135,24.0,1996,7.0,550.0,3307.0,5615.0,1,0.0,0.0,0.0,0.0,0.0,0.0,0.0,0.0,0.0,0.0,0.0,0.0,0,0,0,0,0,1
15136,17.0,2006,6.0,551.0,3308.0,5616.0,1,0.0,0.0,0.0,0.0,0.0,0.0,0.0,0.0,0.0,0.0,0.0,0.0,0,0,0,1,0,1
15137,4.0,2011,6.0,552.0,3309.0,5617.0,1,0.0,0.0,0.0,0.0,0.0,0.0,0.0,0.0,0.0,0.0,0.0,0.0,0,0,0,0,0,1
15138,4.0,2009,12.0,42.0,1472.0,4975.0,7,0.09,7.0,7.6,6.5,0.03,7.0,7.6,6.5,0.03,7.0,7.6,6.5,1,0,0,0,0,1
15139,17.0,2011,11.0,517.0,3253.0,5501.0,1,0.03,6.107652813930537,6.467882595817321,45.77475613360922,0.01,6.194403554438579,6.56657391616556,44.85269484678293,0.02,6.2266573916165795,6.606709451575302,45.76973100798108,0,0,0,0,0,1
15140,15.0,2009,3.0,36.0,70.0,1935.0,5,0.09,3.8,3.37,11.0,0.31,6.7,6.8,69.5,0.31,6.7,6.8,69.5,0,0,0,0,0,1
15141,19.0,2004,7.0,64.0,460.0,5618.0,4,0.07,5.5,7.13,12.0,0.07,5.5,7.13,12.0,0.07,5.5,7.13,12.0,1,0,0,0,0,1
15142,6.0,2010,6.0,418.0,3310.0,5619.0,1,0.07,7.0,7.0,1.0,0.07,7.0,7.0,1.0,0.07,7.0,7.0,1.0,0,0,0,0,0,1
15143,6.0,2014,8.0,291.0,1931.0,5620.0,1,0.12,4.0,4.0,1.0,0.06,7.0,7.0,1.0,0.06,7.0,7.0,1.0,0,0,0,0,0,1
15144,4.0,2010,8.0,42.0,2595.0,5621.0,5,0.21,3.5,4.5,56.0,0.06,3.5,4.5,56.0,0.06,3.5,4.5,56.0,0,0,0,0,0,1
15145,4.0,2008,11.0,82.0,3311.0,5622.0,1,0.06,6.076557377049176,6.4289414021625335,50.52577025484975,0.06,6.1574189047785115,6.543221137077076,48.40728413845569,0.06,6.202197418904775,6.585209277990916,49.56694560669456,0,0,0,0,0,1
15146,14.0,2004,9.0,383.0,1855.0,5623.0,6,0.02,7.05,6.75,4.0,0.1,5.35,7.15,54.0,0.1,5.35,7.15,54.0,0,0,0,0,0,1
15147,1.0,2009,7.0,54.0,2801.0,5624.0,7,0.02,6.0,8.0,1.0,0.04,6.0,4.9,2.0,0.04,6.0,4.9,2.0,0,0,0,0,0,1
15148,6.0,2010,9.0,29.0,509.0,751.0,1,0.15,8.43,7.93,364.5,1.06,8.43,8.13,502.0,1.06,8.43,8.13,502.0,0,0,0,0,0,1
15149,7.0,2002,11.0,503.0,3312.0,5625.0,1,0.0,0.0,0.0,0.0,0.0,0.0,0.0,0.0,0.0,0.0,0.0,0.0,0,0,0,0,0,1
15150,15.0,2005,11.0,11.0,153.0,2976.0,9,0.1,7.7,7.6,103.0,0.15,7.65,7.55,103.0,0.15,7.65,7.55,103.0,0,0,0,0,0,1
15151,7.0,2007,6.0,9.0,3313.0,5626.0,1,0.03,6.099566138746374,6.4607807271916755,47.55820785897907,0.03,6.186688601383021,6.564681017176054,46.14738646101114,0.03,6.2206457729199345,6.6001962971225066,47.53813196229649,0,0,0,0,0,1
15152,15.0,2010,11.0,321.0,3314.0,5627.0,1,0.11,8.0,8.1,160.0,0.11,8.0,8.1,160.0,0.11,8.0,8.1,160.0,0,0,0,0,0,1
15153,18.0,2016,3.0,26.0,1040.0,1686.0,6,0.06,7.25,8.05,1.5,0.07,7.0,7.0,0.5,0.02,7.5,8.07,3.5,0,0,0,1,0,1
15154,6.0,2013,1.0,59.0,562.0,5113.0,7,0.03,3.8,3.8,45.88387999378206,0.05,3.8,3.8,45.936615886833515,0.05,3.8,3.8,47.199984455153114,0,0,0,0,1,1
15155,15.0,2008,1.0,8.0,45.0,31.0,10,0.22,5.05,6.05,5.0,0.45,4.0,5.0,0.0,0.9,8.0,7.85,83.0,1,1,1,0,1,1
15156,15.0,2006,12.0,8.0,46.0,169.0,3,0.15,6.27,7.18,42.0,0.53,6.1,7.05,8.0,0.14,5.0,6.0,2.0,0,0,1,0,0,1
15157,13.0,1997,1.0,111.0,244.0,5628.0,1,0.88,6.4,6.4,18.0,0.88,6.4,6.4,18.0,0.88,6.4,6.4,18.0,0,0,0,0,0,1
15158,4.0,2009,2.0,54.0,1458.0,5629.0,5,0.03,6.7,6.75,5.0,0.15,6.6,7.25,5.0,0.15,6.6,7.25,5.0,0,0,0,0,0,1
15159,15.0,2008,11.0,22.0,3315.0,5630.0,6,0.08,7.4,7.5,28.0,0.08,7.4,7.5,28.0,0.08,7.4,7.5,28.0,0,0,0,0,0,1
15160,5.0,2011,1.0,241.0,441.0,616.0,1,0.05,5.0,5.0,1.0,0.08,5.0,5.0,1.0,0.08,5.0,5.0,1.0,0,0,0,0,0,1
15161,7.0,2008,11.0,82.0,3316.0,5631.0,1,0.02,6.076557377049176,6.4289414021625335,50.52577025484975,0.02,6.1574189047785115,6.543221137077076,48.40728413845569,0.02,6.202197418904775,6.585209277990916,49.56694560669456,0,0,0,0,0,1
15162,4.0,2007,9.0,33.0,460.0,2686.0,3,0.08,5.75,5.8,2.0,0.46,7.6,7.5,2.0,0.46,7.6,7.5,2.0,0,0,0,0,0,1
15163,4.0,2008,11.0,307.0,2396.0,5632.0,10,0.17,5.5,6.45,5.0,0.07,3.5,3.47,2.5,0.07,3.5,3.47,2.5,0,0,0,0,0,1
15164,17.0,2011,11.0,292.0,3317.0,5633.0,1,0.02,6.107652813930537,6.467882595817321,45.77475613360922,0.02,6.194403554438579,6.56657391616556,44.85269484678293,0.02,6.2266573916165795,6.606709451575302,45.76973100798108,0,0,0,0,0,1
15165,7.0,2009,12.0,330.0,3085.0,5319.0,1,0.02,6.06531266560678,6.414785373608896,47.58155002891845,0.02,6.151277159512439,6.537713301536816,45.36119144013881,0.03,6.18789083200847,6.572859035506092,49.094852515905146,0,0,0,0,0,1
15166,17.0,2012,9.0,292.0,3318.0,5634.0,1,0.03,6.072961653015631,6.425969843633651,50.50295255548768,0.03,6.152457185405805,6.543201787043918,48.179596823457544,0.03,6.196662323157107,6.5816586001488995,49.25208715129302,0,0,0,0,0,1
15167,17.0,2010,11.0,82.0,3319.0,5635.0,1,0.04,4.0,4.0,1.0,0.04,4.0,4.0,1.0,0.04,4.0,4.0,1.0,0,0,0,0,0,1
15168,14.0,2005,10.0,9.0,3320.0,5636.0,3,0.29,7.05,7.6,17.0,0.29,7.05,7.6,17.0,0.29,7.05,7.6,17.0,0,0,0,0,0,1
15169,15.0,2007,4.0,241.0,3321.0,5637.0,8,0.16,6.095568957456762,6.460997662459158,45.82505399568034,0.16,6.182758298270237,6.557058438522723,44.64352566080428,0.16,6.213557737260412,6.596859280037453,45.60989406561761,0,0,0,0,0,1
15170,1.0,2009,5.0,219.0,3322.0,5638.0,10,0.06,6.017120127287195,6.416451869530627,39.8933506044905,0.06,6.130859188544151,6.552171837708827,32.29706390328152,0.06,6.161694510739854,6.5963723150357945,34.81476683937824,0,0,0,0,0,1
15171,4.0,2008,1.0,15.0,2623.0,3045.0,1,0.03,9.0,9.0,1.0,0.03,9.0,9.0,1.0,0.05,6.5,6.5,2.0,0,0,0,0,1,1
15172,7.0,2004,11.0,246.0,227.0,5639.0,12,0.04,6.0,7.55,6.0,0.07,5.7,7.3,2.0,0.07,5.7,7.3,2.0,0,0,0,0,0,1
15173,17.0,2012,11.0,292.0,3323.0,5640.0,1,0.02,6.072961653015631,6.425969843633651,50.50295255548768,0.02,6.152457185405805,6.543201787043918,48.179596823457544,0.02,6.196662323157107,6.5816586001488995,49.25208715129302,0,0,0,0,0,1
15174,6.0,2010,11.0,82.0,3324.0,3509.0,1,0.03,6.036517973148549,6.446041576440007,42.41893830703013,0.03,6.13182763100909,6.5621524469467225,36.190578670492584,0.02,6.158211346903418,6.59756604590732,41.083213773314206,0,0,0,0,0,1
15175,23.0,2015,11.0,292.0,2713.0,4756.0,1,0.03,5.0,5.0,44.238808539944905,0.03,5.0,5.0,40.88240358126722,0.02,5.0,5.0,43.51325757575758,1,0,0,0,0,1
15176,1.0,2010,1.0,158.0,3325.0,5641.0,1,0.16,7.5,7.5,2.0,0.16,7.5,7.5,2.0,0.16,7.5,7.5,2.0,0,0,0,0,0,1
15177,10.0,2012,4.0,257.0,3326.0,5642.0,1,0.06,6.1,6.8,50.50295255548768,0.06,6.1,6.8,48.179596823457544,0.06,6.1,6.8,49.25208715129302,0,0,0,0,0,1
15178,17.0,2007,3.0,42.0,619.0,4463.0,4,0.3,7.45,7.7,26.0,0.02,4.4,7.0,1.0,0.06,4.95,6.6,1.0,0,0,0,0,0,1
15179,15.0,2004,4.0,6.0,2094.0,47.0,4,0.05,8.63,8.15,247.0,0.05,8.63,8.15,247.0,0.05,5.3,5.3,5.0,1,0,0,0,0,1
15180,19.0,2004,9.0,181.0,284.0,4554.0,9,0.06,4.65,4.65,47.36133139729699,0.06,4.65,4.65,45.73416731821736,0.06,4.65,4.65,46.57991734614096,1,0,0,0,0,1
15181,15.0,2005,8.0,8.0,108.0,5643.0,11,0.15,4.6,6.1,22.0,0.33,6.65,7.45,62.0,0.33,6.65,7.45,62.0,0,0,0,0,0,1
15182,15.0,2008,12.0,8.0,31.0,487.0,1,0.12,4.5,4.0,2.0,1.03,5.2,6.4,55.0,0.07,7.75,7.55,34.0,0,0,0,0,0,1
15183,6.0,2011,6.0,241.0,1795.0,5644.0,9,0.08,7.0,9.0,1.0,0.06,7.0,9.0,1.0,0.06,7.0,9.0,1.0,0,0,0,0,0,1
15184,15.0,2005,4.0,521.0,769.0,1164.0,8,0.01,4.5,4.9,1.0,0.04,6.75,6.15,2.0,0.04,6.75,6.15,2.0,0,0,0,0,0,1
15185,17.0,2012,9.0,553.0,3327.0,5645.0,1,0.0,0.0,0.0,0.0,0.0,0.0,0.0,0.0,0.0,0.0,0.0,0.0,0,0,0,0,0,1
15186,17.0,2007,5.0,9.0,55.0,690.0,1,0.02,5.0,7.18,32.5,0.19,5.6,7.18,32.5,0.04,7.25,6.8,14.5,1,0,1,0,0,1
15187,4.0,2010,5.0,12.0,1762.0,5646.0,1,0.11,6.5,7.1,9.0,0.1,6.5,7.1,9.0,0.1,6.5,7.1,9.0,0,0,0,0,0,1
15188,6.0,2012,9.0,26.0,1672.0,2775.0,1,0.03,6.072961653015631,6.425969843633651,50.50295255548768,0.03,6.152457185405805,6.543201787043918,48.179596823457544,0.03,6.196662323157107,6.5816586001488995,49.25208715129302,0,0,0,0,0,1
15189,4.0,2009,8.0,12.0,958.0,5647.0,6,0.06,6.072216863165409,6.424708824580193,50.939571150097464,0.07,6.151868524473027,6.540253662022141,48.451559454191035,0.07,6.1993461950696656,6.582299035369757,49.943567251461985,0,0,0,0,0,1
15190,7.0,2006,11.0,516.0,3328.0,5648.0,1,0.03,6.057909446618223,6.454225824482941,48.764652014652015,0.03,6.140609278926769,6.574768026830625,40.60225885225885,0.03,6.179580771380661,6.604046953605371,45.93101343101343,0,0,0,0,0,1
15191,4.0,2008,6.0,17.0,3329.0,5649.0,1,0.05,6.076557377049176,6.4289414021625335,50.52577025484975,0.05,6.1574189047785115,6.543221137077076,48.40728413845569,0.05,6.202197418904775,6.585209277990916,49.56694560669456,0,0,0,0,0,1
15192,14.0,2003,3.0,13.0,51.0,5650.0,11,0.06,6.3,6.5,4.0,0.03,6.2,5.8,4.0,0.03,6.2,5.8,4.0,0,0,1,0,0,1
15193,7.0,2006,11.0,4.0,2406.0,4197.0,1,0.04,6.0,6.9,14.0,0.04,6.0,6.9,14.0,0.07,6.0,6.9,14.0,0,0,0,0,1,1
15194,13.0,2000,7.0,167.0,149.0,184.0,1,0.29,6.0,6.5,20.0,1.21,3.0,4.6,5.0,1.74,3.0,5.7,23.0,0,0,0,0,0,1
15195,4.0,2011,5.0,71.0,1360.0,1324.0,6,0.04,7.3,7.3,18.0,0.06,7.3,7.3,18.0,0.19,7.3,7.3,18.0,0,0,0,0,0,1
15196,17.0,2006,12.0,9.0,34.0,1293.0,1,0.04,6.6,6.6,5.0,1.01,6.6,6.6,5.0,0.29,6.6,6.6,5.0,1,0,1,0,0,1
15197,17.0,2005,2.0,11.0,560.0,5651.0,3,0.15,5.7,7.2,12.0,0.48,6.2,6.8,12.0,0.01,6.35,8.2,7.0,0,0,0,0,0,1
15198,4.0,2012,9.0,33.0,1047.0,4458.0,1,0.24,5.0,6.3,14.0,0.07,5.0,6.3,14.0,0.06,5.07,4.95,3.0,0,0,0,0,0,1
15199,15.0,2009,12.0,17.0,1267.0,5652.0,9,0.79,6.57,7.0,191.5,0.79,6.57,7.0,191.5,0.79,6.57,7.0,191.5,0,0,0,0,0,1
15200,19.0,2004,7.0,11.0,337.0,1233.0,9,0.04,7.1,6.7,3.0,0.17,5.77,7.13,8.0,0.17,5.77,7.13,8.0,0,0,0,0,0,1
15201,15.0,2004,7.0,340.0,2937.0,5108.0,10,0.09,2.5,5.8,1.0,0.09,2.5,5.8,1.0,0.09,2.5,5.8,1.0,0,0,0,0,0,1
15202,6.0,2014,11.0,279.0,3330.0,5653.0,1,0.07,5.8,5.8,4.0,0.07,5.8,5.8,4.0,0.07,5.8,5.8,4.0,0,0,0,0,0,1
15203,23.0,2014,6.0,20.0,3331.0,5654.0,1,0.81,7.1,7.1,10.0,0.81,7.1,7.1,10.0,0.81,7.1,7.1,10.0,0,0,0,0,0,1
15204,4.0,2007,9.0,15.0,3332.0,5655.0,1,0.02,6.099566138746374,6.4607807271916755,47.55820785897907,0.02,6.186688601383021,6.564681017176054,46.14738646101114,0.02,6.2206457729199345,6.6001962971225066,47.53813196229649,0,0,0,0,0,1
15205,8.0,1994,10.0,252.0,1379.0,5656.0,1,0.06,4.5,7.6,42.0,0.04,4.5,7.0,1.0,0.04,4.5,7.0,1.0,0,0,0,0,0,1
15206,24.0,1994,1.0,9.0,884.0,5657.0,1,0.04,6.060073064770927,6.419377962085287,50.71839204668252,0.04,6.1445201421800935,6.542274881516566,48.91938621136806,0.04,6.189670221169031,6.580169826224309,49.949751458828615,0,0,0,0,1,1
15207,15.0,2008,9.0,5.0,11.0,158.0,10,0.09,5.65,6.6,15.0,0.25,5.65,6.6,15.0,0.25,5.65,6.6,15.0,0,0,1,1,0,1
15208,14.0,2003,3.0,31.0,3142.0,2942.0,1,0.03,3.7,3.58,9.0,0.03,3.7,3.58,9.0,0.15,3.7,3.58,9.0,0,0,0,0,0,1
15209,1.0,2009,5.0,88.0,3333.0,5658.0,4,0.15,2.6,2.6,45.814278346084414,0.15,2.6,2.6,44.8149230636981,0.15,2.6,2.6,46.29712885756039,0,0,0,0,0,1
15210,5.0,2011,6.0,215.0,474.0,4933.0,1,0.26,7.45,7.6,25.0,0.08,8.2,7.75,3.0,0.03,6.7,7.75,3.0,0,0,0,0,0,1
15211,17.0,2009,11.0,82.0,2034.0,3509.0,1,0.01,6.06531266560678,6.414785373608896,47.58155002891845,0.06,6.151277159512439,6.537713301536816,45.36119144013881,0.06,6.18789083200847,6.572859035506092,49.094852515905146,0,0,0,0,0,1
15212,4.0,2010,2.0,158.0,3334.0,2910.0,12,0.09,5.0,7.0,2.0,0.09,5.0,7.0,2.0,0.04,5.0,7.0,2.0,1,0,0,0,0,1
15213,6.0,2012,9.0,547.0,3335.0,5659.0,1,0.02,6.072961653015631,6.425969843633651,50.50295255548768,0.02,6.152457185405805,6.543201787043918,48.179596823457544,0.02,6.196662323157107,6.5816586001488995,49.25208715129302,0,0,0,0,0,1
15214,7.0,2002,3.0,15.0,82.0,2217.0,10,0.16,4.55,7.8,0.0,1.73,7.9,7.8,6.0,0.26,5.13,7.45,0.5,0,0,1,0,0,1
15215,17.0,2013,11.0,292.0,3336.0,5660.0,1,0.03,6.016843832020995,6.3843011811023525,43.64141414141414,0.03,6.091391076115479,6.49972440944881,40.217532467532465,0.03,6.117578740157478,6.52308070866142,43.198232323232325,0,0,0,0,0,1
15216,15.0,2011,4.0,54.0,3337.0,5661.0,10,0.05,6.02490849673202,6.3988126361655615,46.89055793991416,0.05,6.123793028322429,6.526827886710213,45.688006676204104,0.05,6.174326797385606,6.567407407407391,48.2448736289938,0,0,0,0,0,1
15217,6.0,2015,9.0,17.0,57.0,25.0,6,0.71,8.2,8.2,119.0,0.25,5.5,6.6,33.0,0.71,8.2,8.2,119.0,1,1,1,1,0,1
15218,20.0,2013,7.0,12.0,315.0,812.0,5,0.72,7.7,7.22,58.0,0.98,6.0,6.13,150.5,0.98,6.0,6.13,150.5,1,0,0,0,0,1
15219,17.0,2008,8.0,554.0,3338.0,5662.0,1,0.0,0.0,0.0,0.0,0.0,0.0,0.0,0.0,0.0,0.0,0.0,0.0,0,0,0,0,0,1
15220,19.0,2003,3.0,31.0,209.0,4336.0,11,0.06,6.9,8.22,3.0,0.02,6.6,6.8,3.0,0.02,6.6,6.8,3.0,1,0,0,0,0,1
15221,15.0,2006,12.0,8.0,2094.0,487.0,2,0.08,5.65,6.7,11.0,0.02,5.65,8.65,95.0,0.01,7.5,7.7,95.0,0,0,0,0,0,1
15222,1.0,2010,6.0,54.0,388.0,3848.0,6,0.32,6.53,7.23,74.0,1.44,6.53,7.23,74.0,1.44,6.53,7.23,74.0,0,0,0,0,0,1
15223,7.0,2006,6.0,91.0,2003.0,3433.0,5,0.09,5.8,6.4,4.0,0.11,5.9,7.45,5.0,0.11,5.9,7.45,5.0,0,0,0,0,0,1
15224,1.0,2006,6.0,12.0,330.0,430.0,5,0.08,6.7,6.3,34.38205128205128,0.34,6.7,6.3,24.756410256410255,0.14,6.5,2.7,30.93717948717949,0,0,0,0,0,1
15225,9.0,2004,7.0,88.0,499.0,1051.0,2,0.23,7.0,6.7,30.5,0.12,7.6,6.7,30.5,0.7,6.6,7.17,11.5,0,0,0,0,0,1
15226,17.0,2010,11.0,292.0,3339.0,5663.0,1,0.03,6.036517973148549,6.446041576440007,42.41893830703013,0.03,6.13182763100909,6.5621524469467225,36.190578670492584,0.03,6.158211346903418,6.59756604590732,41.083213773314206,0,0,0,0,0,1
15227,1.0,2007,6.0,204.0,3340.0,5664.0,1,0.06,6.099566138746374,6.4607807271916755,47.55820785897907,0.06,6.186688601383021,6.564681017176054,46.14738646101114,0.06,6.2206457729199345,6.6001962971225066,47.53813196229649,0,0,0,0,0,1
15228,10.0,2011,7.0,183.0,931.0,2737.0,12,0.11,3.9,4.6,1.0,0.18,3.9,3.45,1.0,0.11,3.9,4.6,1.0,0,0,0,0,0,1
15229,4.0,2008,6.0,388.0,3341.0,5665.0,1,0.06,6.076557377049176,6.4289414021625335,50.52577025484975,0.06,6.1574189047785115,6.543221137077076,48.40728413845569,0.06,6.202197418904775,6.585209277990916,49.56694560669456,0,0,0,0,0,1
15230,23.0,2016,11.0,59.0,3342.0,5666.0,1,0.02,6.139692021200393,6.5099813780261035,46.00420630552716,0.02,6.228947858472998,6.612544764360438,45.91736771758786,0.02,6.258451511244804,6.6494134078212355,47.09733469612391,0,0,0,0,0,1
15231,4.0,2008,11.0,365.0,2541.0,3451.0,6,0.0,0.0,0.0,0.0,0.0,0.0,0.0,0.0,0.11,0.0,6.0,1.0,1,0,0,0,0,1
15232,17.0,2011,11.0,292.0,3343.0,5667.0,1,0.02,6.107652813930537,6.467882595817321,45.77475613360922,0.02,6.194403554438579,6.56657391616556,44.85269484678293,0.02,6.2266573916165795,6.606709451575302,45.76973100798108,0,0,0,0,0,1
15233,6.0,2014,1.0,361.0,1648.0,3383.0,6,0.01,5.7,8.1,47.344282511210764,0.18,5.7,8.1,45.720571748878925,0.18,5.7,8.1,46.56698430493274,0,0,0,0,0,1
15234,14.0,2004,5.0,9.0,3344.0,5668.0,1,0.14,5.0,5.0,47.43754583231484,0.14,5.0,5.0,46.20019555120997,0.14,5.0,5.0,48.87949156685407,0,0,0,0,0,1
15235,5.0,2010,11.0,292.0,3345.0,5669.0,1,0.02,6.036517973148549,6.446041576440007,42.41893830703013,0.02,6.13182763100909,6.5621524469467225,36.190578670492584,0.02,6.158211346903418,6.59756604590732,41.083213773314206,0,0,0,0,0,1
15236,4.0,2009,11.0,129.0,3346.0,870.0,2,0.34,4.0,3.8,4.0,0.34,4.0,3.8,4.0,0.29,4.0,3.8,4.0,0,0,0,0,0,1
15237,17.0,2009,12.0,347.0,2600.0,5670.0,12,0.01,4.2,8.3,45.496519612454144,0.06,4.2,8.3,44.671996989935096,0.01,4.2,8.3,45.642884018436646,0,0,0,0,0,1
15238,24.0,1996,6.0,491.0,3347.0,5671.0,1,0.04,6.074598214285714,6.518080357142857,51.629901960784316,0.04,6.105133928571427,6.627678571428572,32.81127450980392,0.04,6.240669642857141,6.645223214285716,43.85294117647059,0,0,0,0,0,1
15239,7.0,2008,11.0,503.0,3348.0,5672.0,1,0.02,6.076557377049176,6.4289414021625335,50.52577025484975,0.02,6.1574189047785115,6.543221137077076,48.40728413845569,0.02,6.202197418904775,6.585209277990916,49.56694560669456,0,0,0,0,0,1
15240,15.0,2009,12.0,9.0,270.0,2757.0,3,0.17,5.53,4.85,7.5,0.17,5.53,4.85,7.5,0.17,5.53,4.85,7.5,0,0,0,0,0,1
15241,23.0,2016,11.0,379.0,3349.0,5673.0,1,0.05,7.5,7.8,3.5,0.05,7.5,7.8,3.5,0.05,7.5,7.8,3.5,0,0,0,0,0,1
15242,7.0,2011,11.0,292.0,3350.0,5674.0,1,0.02,6.107652813930537,6.467882595817321,45.77475613360922,0.02,6.194403554438579,6.56657391616556,44.85269484678293,0.02,6.2266573916165795,6.606709451575302,45.76973100798108,0,0,0,0,0,1
15243,10.0,2012,9.0,232.0,3351.0,5675.0,1,0.05,6.0,6.0,1.0,0.05,6.0,6.0,1.0,0.05,6.0,6.0,1.0,0,0,0,0,0,1
15244,19.0,2002,2.0,73.0,1150.0,917.0,10,0.16,5.0,3.0,1.0,0.14,5.6,5.08,2.0,0.14,5.6,5.08,2.0,0,0,0,0,0,1
15245,7.0,2007,11.0,330.0,2583.0,1545.0,1,0.03,6.099566138746374,6.4607807271916755,47.55820785897907,0.03,6.186688601383021,6.564681017176054,46.14738646101114,0.05,6.2206457729199345,6.6001962971225066,47.53813196229649,0,0,0,0,0,1
15246,17.0,2010,11.0,555.0,2962.0,5143.0,1,0.0,0.0,0.0,0.0,0.0,0.0,0.0,0.0,0.03,0.0,0.0,0.0,0,0,0,0,0,1
15247,7.0,2002,3.0,24.0,938.0,5676.0,7,0.25,8.1,8.3,46.050303078013066,0.08,6.7,8.3,45.954538298039836,0.08,6.7,8.3,47.137605290088956,0,0,0,0,0,1
15248,4.0,2006,4.0,15.0,3352.0,5677.0,1,0.02,6.057909446618223,6.454225824482941,48.764652014652015,0.02,6.140609278926769,6.574768026830625,40.60225885225885,0.02,6.179580771380661,6.604046953605371,45.93101343101343,0,0,0,0,0,1
15249,15.0,2016,3.0,36.0,408.0,159.0,1,0.27,7.0,7.0,5.0,0.27,7.0,7.0,5.0,0.27,7.0,7.0,5.0,0,0,0,1,0,1
15250,13.0,1996,11.0,454.0,3353.0,5678.0,1,0.05,6.074598214285714,6.518080357142857,51.629901960784316,0.05,6.105133928571427,6.627678571428572,32.81127450980392,0.05,6.240669642857141,6.645223214285716,43.85294117647059,0,0,0,0,0,1
15251,15.0,2007,2.0,5.0,229.0,158.0,5,0.16,3.5,6.82,3.0,0.16,3.5,6.82,3.0,0.47,6.13,5.82,23.0,0,0,0,1,0,1
15252,5.0,2012,11.0,379.0,2063.0,3564.0,1,0.06,7.0,7.0,1.0,0.06,7.0,7.0,1.0,0.06,7.0,7.0,1.0,0,0,0,0,0,1
15253,4.0,2011,2.0,202.0,1617.0,5679.0,9,0.38,6.067762359063304,6.406916738941901,49.94059640265068,0.09,6.146775079502746,6.521676785198052,48.186573051435786,0.09,6.193820468343437,6.562677074298944,49.52627011675607,0,0,0,0,0,1
15254,15.0,2015,9.0,415.0,3354.0,5680.0,6,0.07,6.107423043095867,6.470310466139026,45.744662351463624,0.07,6.194644678979795,6.568890061565569,44.78311274273017,0.07,6.224703605980683,6.607507475813573,45.87411844266254,0,0,0,0,0,1
15255,4.0,2007,6.0,49.0,3355.0,5681.0,1,0.03,6.099566138746374,6.4607807271916755,47.55820785897907,0.03,6.186688601383021,6.564681017176054,46.14738646101114,0.03,6.2206457729199345,6.6001962971225066,47.53813196229649,0,0,0,0,0,1
15256,15.0,2008,4.0,556.0,3356.0,169.0,11,0.0,0.0,0.0,0.0,0.0,0.0,0.0,0.0,0.02,7.2,7.4,21.0,0,0,0,0,0,1
15257,4.0,2010,12.0,224.0,1738.0,5682.0,3,0.02,6.8,6.8,46.59712738403579,0.16,3.3,3.3,45.16023075111843,0.16,3.3,3.3,46.507829055804095,0,0,0,0,0,1
15258,15.0,2009,12.0,382.0,3357.0,5683.0,9,0.1,6.081317301269194,6.428591850367435,48.85785172212493,0.1,6.164849699398801,6.541612558450277,47.55465557501459,0.1,6.20785303941215,6.583874415497689,48.898423817863396,0,0,0,0,0,1
15259,6.0,2013,4.0,13.0,51.0,2597.0,1,0.05,7.83,8.0,1.0,0.2,7.83,7.52,103.5,0.09,5.6,5.85,13.0,0,0,1,0,0,1
15260,14.0,2006,10.0,234.0,1139.0,1850.0,4,0.04,6.9,7.45,1.0,0.01,7.0,7.9,35.0,0.03,7.6,7.0,1.0,0,0,0,0,0,1
15261,7.0,2007,3.0,170.0,1328.0,5684.0,9,0.04,6.8,7.8,0.0,0.27,7.0,7.8,0.0,0.27,7.0,7.8,0.0,0,0,0,0,0,1
15262,17.0,2007,5.0,59.0,779.0,1836.0,10,0.29,7.42,6.87,28.5,0.04,6.75,6.55,6.0,0.29,7.42,6.87,28.5,1,0,0,0,0,1
15263,13.0,1995,11.0,4.0,1014.0,5038.0,1,0.05,6.105477410782085,6.471694191344031,46.30825496342738,0.11,6.192767653758562,6.565149962034973,45.062225705329155,0.11,6.223125474563416,6.604986712224803,46.031556948798325,0,0,0,0,0,1
15264,4.0,2007,11.0,228.0,3358.0,5685.0,1,0.02,6.099566138746374,6.4607807271916755,47.55820785897907,0.02,6.186688601383021,6.564681017176054,46.14738646101114,0.02,6.2206457729199345,6.6001962971225066,47.53813196229649,0,0,0,0,0,1
15265,4.0,2010,11.0,81.0,3359.0,4831.0,11,0.02,7.15,6.6,12.0,0.02,7.15,6.6,12.0,0.04,8.13,7.7,71.5,1,0,0,0,0,1
15266,4.0,2009,9.0,35.0,3360.0,5686.0,1,0.05,3.35,2.75,3.0,0.05,3.35,2.75,3.0,0.05,3.35,2.75,3.0,0,0,0,0,0,1
15267,17.0,2010,11.0,292.0,3121.0,5379.0,1,0.02,6.036517973148549,6.446041576440007,42.41893830703013,0.02,6.13182763100909,6.5621524469467225,36.190578670492584,0.02,6.158211346903418,6.59756604590732,41.083213773314206,0,0,0,0,0,1
15268,9.0,2003,1.0,276.0,3361.0,2871.0,6,0.0,0.0,0.0,0.0,0.0,0.0,0.0,0.0,0.0,0.0,0.0,0.0,0,0,0,0,0,1
15269,5.0,2012,11.0,81.0,1027.0,1649.0,9,0.26,6.75,7.0,24.0,0.26,6.75,7.0,24.0,0.26,6.75,7.0,24.0,0,0,0,0,0,1
15270,7.0,2002,9.0,156.0,3362.0,5687.0,1,0.06,6.050969223702346,6.468989435002288,43.711032388663966,0.06,6.146789159393657,6.595062011943035,37.134362348178136,0.06,6.180679834634819,6.631194304088199,42.425607287449395,0,0,0,0,0,1
15271,7.0,2006,11.0,59.0,3040.0,5255.0,1,0.1,6.057909446618223,6.454225824482941,48.764652014652015,0.1,6.140609278926769,6.574768026830625,40.60225885225885,0.1,6.179580771380661,6.604046953605371,45.93101343101343,0,0,0,0,0,1
15272,5.0,2011,9.0,54.0,1691.0,5396.0,1,0.02,6.107652813930537,6.467882595817321,45.77475613360922,0.02,6.194403554438579,6.56657391616556,44.85269484678293,0.02,6.2266573916165795,6.606709451575302,45.76973100798108,0,0,0,0,0,1
15273,4.0,2010,8.0,228.0,677.0,5688.0,1,0.03,5.3,6.85,6.0,0.15,5.3,6.85,6.0,0.15,5.3,6.85,6.0,0,0,0,0,0,1
15275,17.0,2011,4.0,208.0,3364.0,5690.0,1,0.02,6.107652813930537,6.467882595817321,45.77475613360922,0.02,6.194403554438579,6.56657391616556,44.85269484678293,0.02,6.2266573916165795,6.606709451575302,45.76973100798108,1,0,0,0,0,1
15276,4.0,2008,7.0,539.0,3365.0,5691.0,8,0.03,3.3,2.8,46.06567270145545,0.03,3.3,2.8,45.24915690450834,0.03,3.3,2.8,46.436324103656375,0,0,0,0,0,1
15277,7.0,2006,11.0,82.0,3366.0,5692.0,1,1.22,6.057909446618223,6.454225824482941,48.764652014652015,1.22,6.140609278926769,6.574768026830625,40.60225885225885,1.22,6.179580771380661,6.604046953605371,45.93101343101343,0,0,0,0,0,1
15278,15.0,2007,4.0,8.0,3367.0,5693.0,10,0.14,8.3,8.85,131.0,0.14,8.3,8.85,131.0,0.14,8.3,8.85,131.0,0,0,0,1,0,1
15279,1.0,2008,10.0,228.0,2334.0,4058.0,1,0.03,6.076557377049176,6.4289414021625335,50.52577025484975,0.03,6.1574189047785115,6.543221137077076,48.40728413845569,0.08,6.202197418904775,6.585209277990916,49.56694560669456,0,0,0,0,0,1
15280,6.0,2014,4.0,134.0,819.0,4298.0,3,0.03,6.7,7.5,35.0,0.18,6.7,7.5,35.0,0.07,6.7,7.3,9.0,0,0,0,0,0,1
15281,6.0,2012,7.0,82.0,3368.0,4945.0,1,0.01,6.0,5.9,9.0,0.01,6.0,5.9,9.0,0.04,6.0,5.9,9.0,0,0,0,0,0,1
15282,1.0,2011,9.0,298.0,1652.0,5694.0,9,0.06,6.067762359063304,6.406916738941901,49.94059640265068,0.06,6.146775079502746,6.521676785198052,48.186573051435786,0.06,6.193820468343437,6.562677074298944,49.52627011675607,0,0,0,0,0,1
15283,4.0,2011,11.0,292.0,2356.0,4095.0,1,0.02,6.107652813930537,6.467882595817321,45.77475613360922,0.02,6.194403554438579,6.56657391616556,44.85269484678293,0.04,6.2266573916165795,6.606709451575302,45.76973100798108,0,0,0,0,0,1
15284,4.0,2011,5.0,54.0,1580.0,2631.0,9,0.03,5.0,5.0,1.0,0.03,5.0,5.0,1.0,0.19,5.0,5.0,1.0,1,0,0,0,1,1
15285,10.0,2015,9.0,239.0,779.0,191.0,12,0.03,6.4,6.4,46.00992502981769,0.03,6.4,6.4,45.08600272618845,0.03,6.4,6.4,46.38430737774749,0,0,0,0,0,1
15286,9.0,2005,4.0,15.0,87.0,2604.0,1,0.03,4.2,5.0,1.0,0.04,4.2,5.0,1.0,0.13,4.2,8.3,0.0,0,0,1,0,0,1
15287,11.0,2016,9.0,13.0,51.0,325.0,9,0.2,7.23,7.28,4.5,0.82,7.35,5.2,92.0,0.06,6.2,6.38,26.0,1,0,1,0,0,1
15288,15.0,2016,7.0,42.0,1194.0,521.0,5,0.12,5.15,6.7,5.0,0.31,4.77,5.48,9.0,0.31,4.77,5.48,9.0,0,0,0,1,0,1
15289,17.0,2013,11.0,292.0,2904.0,5054.0,1,0.02,6.016843832020995,6.3843011811023525,43.64141414141414,0.02,6.091391076115479,6.49972440944881,40.217532467532465,0.04,6.117578740157478,6.52308070866142,43.198232323232325,0,0,0,0,0,1
15290,18.0,2016,4.0,81.0,1572.0,4678.0,6,0.05,5.67,6.27,13.5,0.01,5.37,6.27,16.5,0.01,5.37,6.27,16.5,0,0,0,1,0,1
15291,6.0,2012,11.0,26.0,3369.0,5695.0,1,0.02,6.072961653015631,6.425969843633651,50.50295255548768,0.02,6.152457185405805,6.543201787043918,48.179596823457544,0.02,6.196662323157107,6.5816586001488995,49.25208715129302,0,0,0,0,0,1
15292,15.0,2006,3.0,36.0,130.0,292.0,2,0.08,7.73,7.1,34.5,0.08,7.73,7.1,34.5,0.08,7.73,7.1,34.5,1,0,0,1,0,1
15293,15.0,2011,8.0,54.0,3031.0,5696.0,1,0.02,6.107652813930537,6.467882595817321,45.77475613360922,0.01,6.194403554438579,6.56657391616556,44.85269484678293,0.01,6.2266573916165795,6.606709451575302,45.76973100798108,0,0,0,0,0,1
15294,1.0,2009,1.0,307.0,2636.0,5697.0,10,0.05,1.0,5.6,39.8933506044905,0.05,1.0,5.6,32.29706390328152,0.05,1.0,5.6,34.81476683937824,0,0,0,0,0,1
15295,24.0,1998,11.0,558.0,1441.0,5698.0,1,0.0,0.0,0.0,0.0,0.0,0.0,0.0,0.0,0.0,0.0,0.0,0.0,0,0,0,0,0,1
15296,6.0,2012,9.0,26.0,1672.0,2775.0,1,0.02,6.072961653015631,6.425969843633651,50.50295255548768,0.02,6.152457185405805,6.543201787043918,48.179596823457544,0.02,6.196662323157107,6.5816586001488995,49.25208715129302,0,0,0,0,0,1
15297,9.0,2002,1.0,54.0,87.0,1922.0,12,0.58,8.4,8.8,46.100670307845085,0.13,6.0,7.2,45.57816120489904,0.03,6.75,8.0,46.971367096987755,1,0,1,0,0,1
15298,15.0,2012,12.0,494.0,3370.0,5699.0,1,0.02,4.0,4.6,0.0,0.02,4.0,4.6,0.0,0.02,4.0,4.6,0.0,0,0,0,0,0,1
15299,20.0,2014,7.0,5.0,1560.0,422.0,3,0.03,6.0,6.83,2.0,0.03,6.0,6.83,2.0,0.03,6.0,6.83,2.0,0,0,0,0,0,1
15300,4.0,2007,7.0,559.0,3371.0,5700.0,3,0.0,0.0,0.0,0.0,0.0,0.0,0.0,0.0,0.0,0.0,0.0,0.0,0,0,0,0,0,1
15301,23.0,2015,9.0,292.0,3372.0,5701.0,1,0.03,5.0,5.0,1.0,0.03,5.0,5.0,1.0,0.03,5.0,5.0,1.0,0,0,0,0,0,1
15302,15.0,2011,8.0,348.0,450.0,5702.0,8,0.06,6.142671116160179,6.510005680204524,45.90738720486247,0.06,6.2310969894916255,6.612984947458146,45.94821943427102,0.06,6.260451576256746,6.65026767963648,47.1943037481493,0,0,0,0,0,1
15303,14.0,2004,9.0,9.0,1055.0,1705.0,9,0.06,5.9,7.0,34.5,0.38,7.8,7.72,34.5,0.38,7.8,7.72,34.5,0,0,0,0,0,1
15304,17.0,2011,9.0,59.0,3373.0,5703.0,1,0.03,6.0,6.0,0.0,0.03,6.0,6.0,0.0,0.03,6.0,6.0,0.0,0,0,0,0,0,1
15305,1.0,2008,10.0,26.0,3374.0,5704.0,1,0.03,6.076557377049176,6.4289414021625335,50.52577025484975,0.03,6.1574189047785115,6.543221137077076,48.40728413845569,0.03,6.202197418904775,6.585209277990916,49.56694560669456,0,0,0,0,0,1
15306,17.0,2013,11.0,82.0,2617.0,4571.0,1,0.07,4.0,4.0,1.0,0.07,4.0,4.0,1.0,0.04,4.0,4.0,1.0,0,0,0,0,0,1
15307,10.0,2013,11.0,130.0,3375.0,5705.0,1,0.05,6.016843832020995,6.3843011811023525,43.64141414141414,0.05,6.091391076115479,6.49972440944881,40.217532467532465,0.05,6.117578740157478,6.52308070866142,43.198232323232325,0,0,0,0,0,1
15308,17.0,2008,6.0,560.0,3376.0,5706.0,1,0.0,0.0,0.0,0.0,0.0,0.0,0.0,0.0,0.0,0.0,0.0,0.0,0,0,0,0,0,1
15309,4.0,2008,1.0,243.0,687.0,5707.0,10,0.08,5.05,1.0,2.0,0.08,5.05,1.0,2.0,0.08,5.05,1.0,2.0,0,0,0,0,0,1
15310,9.0,2001,2.0,29.0,577.0,5167.0,10,0.16,6.059249046641243,6.394590789087702,46.801602564102566,0.16,6.13151657377529,6.5043883836902205,44.4875,0.03,6.159023173951297,6.5348577295394605,47.54919871794872,0,0,0,0,0,1
15311,9.0,2002,3.0,211.0,94.0,2281.0,4,0.13,6.8,6.15,3.0,4.17,6.8,6.15,3.0,0.06,8.15,6.15,3.0,0,0,0,0,0,1
15312,14.0,2005,7.0,196.0,3377.0,5708.0,2,0.09,7.9,7.4,7.0,0.09,7.9,7.4,7.0,0.09,7.9,7.4,7.0,0,0,0,0,0,1
15313,4.0,2010,11.0,232.0,3378.0,3451.0,1,0.01,6.036517973148549,6.446041576440007,42.41893830703013,0.01,6.13182763100909,6.5621524469467225,36.190578670492584,0.01,6.158211346903418,6.59756604590732,41.083213773314206,0,0,0,0,0,1
15314,13.0,2001,8.0,15.0,103.0,297.0,1,0.03,7.4,7.0,1.0,0.28,7.4,7.0,1.0,0.04,7.4,8.2,1.0,1,0,0,0,0,1
15315,17.0,2012,4.0,257.0,3326.0,5642.0,1,0.08,7.0,7.0,1.0,0.08,7.0,7.0,1.0,0.02,7.0,7.0,1.0,0,0,0,0,0,1
15316,1.0,2010,11.0,158.0,1608.0,3883.0,9,0.04,6.0408158995815855,6.398263598326344,49.51921757035004,0.19,6.133399581589951,6.528050209204999,47.858499199267904,0.19,6.181351464435135,6.563376569037639,49.493479752916954,0,0,0,0,0,1
15317,4.0,2008,11.0,26.0,3379.0,5709.0,1,0.02,6.076557377049176,6.4289414021625335,50.52577025484975,0.02,6.1574189047785115,6.543221137077076,48.40728413845569,0.02,6.202197418904775,6.585209277990916,49.56694560669456,0,0,0,0,0,1
15318,23.0,2016,4.0,229.0,1217.0,4166.0,1,0.06,8.1,8.1,41.0,0.07,8.1,8.1,41.0,0.07,7.7,7.7,3.0,0,0,0,0,0,1
15319,1.0,2007,11.0,6.0,3380.0,5710.0,1,0.04,6.0,6.5,25.0,0.04,6.0,6.5,25.0,0.04,6.0,6.5,25.0,0,0,0,0,0,1
15320,4.0,2012,9.0,125.0,1268.0,2064.0,1,0.03,9.0,8.2,428.0,0.26,1.5,1.25,2.0,0.29,1.5,1.25,2.0,0,0,0,0,0,1
15321,12.0,1999,1.0,425.0,3381.0,5711.0,1,0.0,0.0,0.0,0.0,0.0,0.0,0.0,0.0,0.0,0.0,0.0,0.0,0,0,0,0,0,1
15322,12.0,2000,5.0,52.0,2749.0,4827.0,1,0.07,6.080184531886015,6.4249240162822545,49.17336199229173,0.07,6.164715061058349,6.539900949796512,47.802772013044766,0.07,6.208497964721839,6.582871099050231,49.20360213459828,0,0,0,0,0,1
15323,4.0,2010,8.0,355.0,3382.0,5712.0,1,0.01,6.036517973148549,6.446041576440007,42.41893830703013,0.01,6.13182763100909,6.5621524469467225,36.190578670492584,0.01,6.158211346903418,6.59756604590732,41.083213773314206,0,0,0,0,0,1
15324,17.0,2006,12.0,26.0,40.0,5713.0,1,0.03,5.8,6.65,2.0,0.1,5.0,7.6,11.0,0.1,5.0,7.6,11.0,0,0,1,0,0,1
15325,4.0,2010,3.0,224.0,499.0,4403.0,11,0.01,1.0,1.0,1.0,0.1,1.0,1.0,1.0,0.1,1.0,1.0,1.0,0,0,0,0,0,1
15326,15.0,2006,8.0,8.0,108.0,5714.0,11,0.08,3.93,3.67,5.0,0.27,5.8,6.75,10.0,0.27,5.8,6.75,10.0,0,0,0,1,0,1
15327,13.0,2002,11.0,6.0,315.0,5715.0,1,0.05,5.0,7.0,2.0,0.05,3.0,5.0,2.0,0.05,3.0,5.0,2.0,0,0,0,0,0,1
15328,17.0,2011,11.0,517.0,3218.0,5501.0,1,0.02,6.107652813930537,6.467882595817321,45.77475613360922,0.02,6.194403554438579,6.56657391616556,44.85269484678293,0.02,6.2266573916165795,6.606709451575302,45.76973100798108,0,0,0,0,0,1
15329,4.0,2009,4.0,17.0,202.0,5716.0,1,0.04,6.06531266560678,6.414785373608896,47.58155002891845,0.05,6.151277159512439,6.537713301536816,45.36119144013881,0.05,6.18789083200847,6.572859035506092,49.094852515905146,0,0,0,0,0,1
15330,7.0,2006,2.0,80.0,3383.0,5717.0,6,0.17,6.142576419213964,6.510019650655057,46.07439501637249,0.17,6.228874818049496,6.6101899563319115,45.62994169794745,0.17,6.25625109170306,6.6470931586608515,46.82677102467854,0,0,0,0,0,1
15331,13.0,1999,9.0,19.0,385.0,5718.0,1,0.21,4.0,4.2,5.0,1.45,5.0,6.4,23.0,1.45,5.0,6.4,23.0,0,0,0,0,0,1
15332,23.0,2012,9.0,9.0,3384.0,5719.0,1,0.06,6.072961653015631,6.425969843633651,50.50295255548768,0.06,6.152457185405805,6.543201787043918,48.179596823457544,0.06,6.196662323157107,6.5816586001488995,49.25208715129302,0,0,0,0,0,1
15333,6.0,2015,6.0,26.0,1672.0,2775.0,1,0.02,6.023708006279429,6.380546310832016,44.238808539944905,0.02,6.098238618524324,6.497463108320238,40.88240358126722,0.02,6.122084772370479,6.520916797488228,43.51325757575758,0,0,0,0,0,1
15334,17.0,2011,4.0,208.0,3364.0,5720.0,1,0.02,6.107652813930537,6.467882595817321,45.77475613360922,0.02,6.194403554438579,6.56657391616556,44.85269484678293,0.02,6.2266573916165795,6.606709451575302,45.76973100798108,1,0,0,0,0,1
15335,17.0,2006,6.0,4.0,504.0,5721.0,1,0.03,6.057909446618223,6.454225824482941,48.764652014652015,0.14,6.140609278926769,6.574768026830625,40.60225885225885,0.14,6.179580771380661,6.604046953605371,45.93101343101343,0,0,0,0,0,1
15336,14.0,2003,3.0,31.0,209.0,4336.0,9,0.09,5.37,6.97,7.0,0.11,4.6,6.2,16.0,0.11,4.6,6.2,16.0,1,0,0,0,0,1
15337,17.0,2010,11.0,330.0,1826.0,3075.0,1,0.01,6.036517973148549,6.446041576440007,42.41893830703013,0.01,6.13182763100909,6.5621524469467225,36.190578670492584,0.01,6.158211346903418,6.59756604590732,41.083213773314206,0,0,0,0,0,1
15338,15.0,2012,3.0,26.0,1059.0,335.0,3,0.15,6.55,6.0,41.5,0.18,6.4,5.33,41.5,0.18,6.4,5.33,41.5,1,0,0,1,1,1
15339,17.0,2012,4.0,208.0,3385.0,5722.0,1,0.02,6.072961653015631,6.425969843633651,50.50295255548768,0.02,6.152457185405805,6.543201787043918,48.179596823457544,0.02,6.196662323157107,6.5816586001488995,49.25208715129302,1,0,0,0,0,1
15340,17.0,2006,6.0,9.0,3386.0,5723.0,1,0.03,6.057909446618223,6.454225824482941,48.764652014652015,0.03,6.140609278926769,6.574768026830625,40.60225885225885,0.03,6.179580771380661,6.604046953605371,45.93101343101343,0,0,0,0,0,1
15341,10.0,2011,9.0,26.0,3387.0,5724.0,1,0.03,6.107652813930537,6.467882595817321,45.77475613360922,0.03,6.194403554438579,6.56657391616556,44.85269484678293,0.03,6.2266573916165795,6.606709451575302,45.76973100798108,0,0,0,0,0,1
15342,23.0,2014,4.0,4.0,648.0,944.0,5,0.33,7.65,7.85,163.0,0.14,4.2,2.8,2.0,0.11,4.2,5.6,1.0,1,0,0,1,0,1
15343,11.0,2016,9.0,198.0,3388.0,5725.0,6,0.33,6.1384799268790005,6.505007382408812,45.83989197530864,0.33,6.227447795823669,6.610201082753323,45.87091049382716,0.33,6.257429515573364,6.647423187794436,47.21068672839506,0,0,0,0,0,1
15344,4.0,2007,8.0,310.0,782.0,5726.0,6,0.01,2.6,2.17,3.5,0.02,2.6,2.17,3.5,0.02,2.6,2.17,3.5,0,0,0,0,0,1
15345,4.0,2008,8.0,228.0,3389.0,5727.0,1,0.02,6.076557377049176,6.4289414021625335,50.52577025484975,0.02,6.1574189047785115,6.543221137077076,48.40728413845569,0.02,6.202197418904775,6.585209277990916,49.56694560669456,0,0,0,0,0,1
15346,17.0,2012,9.0,473.0,3390.0,5728.0,1,0.05,6.072961653015631,6.425969843633651,50.50295255548768,0.05,6.152457185405805,6.543201787043918,48.179596823457544,0.05,6.196662323157107,6.5816586001488995,49.25208715129302,0,0,0,0,0,1
15347,6.0,2013,4.0,266.0,1217.0,2474.0,1,0.07,6.23,8.17,16.0,0.31,6.23,8.17,16.0,0.06,8.5,8.5,3.0,0,0,0,0,0,1
15348,14.0,2005,3.0,3.0,649.0,945.0,4,0.18,6.9,6.5,2.0,0.02,6.35,6.85,2.0,0.79,2.7,5.3,0.0,0,0,0,0,0,1
15349,23.0,2016,11.0,134.0,1399.0,5488.0,9,0.06,8.5,7.32,77.0,0.05,7.55,8.22,11.5,0.05,7.55,8.22,11.5,0,0,0,0,0,1
15350,19.0,2002,1.0,15.0,755.0,243.0,3,0.05,6.0,6.3,47.00641389488024,0.64,7.8,8.6,45.229821773186515,0.03,4.95,8.6,46.14320581223748,0,0,0,0,0,1
15351,7.0,2007,1.0,49.0,2370.0,1336.0,1,0.02,6.099566138746374,6.4607807271916755,47.55820785897907,0.02,6.186688601383021,6.564681017176054,46.14738646101114,0.13,6.2206457729199345,6.6001962971225066,47.53813196229649,0,0,0,0,0,1
15352,11.0,2016,9.0,13.0,1658.0,67.0,1,0.03,9.0,8.7,624.0,0.03,9.0,8.7,624.0,0.07,5.5,7.1,180.0,1,1,0,0,0,1
15353,7.0,2010,9.0,94.0,3391.0,5729.0,1,0.01,6.036517973148549,6.446041576440007,42.41893830703013,0.01,6.13182763100909,6.5621524469467225,36.190578670492584,0.01,6.158211346903418,6.59756604590732,41.083213773314206,1,0,0,0,0,1
15354,17.0,2013,11.0,59.0,2569.0,4480.0,1,0.03,6.016843832020995,6.3843011811023525,43.64141414141414,0.03,6.091391076115479,6.49972440944881,40.217532467532465,0.06,6.117578740157478,6.52308070866142,43.198232323232325,0,0,0,0,0,1
15355,20.0,2013,10.0,49.0,524.0,5730.0,2,0.38,7.37,7.88,31.5,1.05,7.0,8.15,2.0,1.05,7.0,8.15,2.0,0,0,0,0,0,1
15356,1.0,2010,3.0,127.0,1615.0,5731.0,3,0.03,6.08441887842466,6.453391481164448,46.59712738403579,0.03,6.169430650684952,6.553359375000063,45.16023075111843,0.03,6.204124571917825,6.5905062071918294,46.507829055804095,0,0,0,0,0,1
15357,9.0,2006,9.0,11.0,327.0,188.0,1,0.07,6.0,7.0,1.0,0.08,6.0,7.4,9.0,0.5,6.3,6.8,15.0,0,0,0,0,0,1
15358,15.0,2016,4.0,17.0,397.0,544.0,8,0.33,8.63,7.5,145.5,0.33,8.63,7.5,145.5,0.33,8.63,7.5,145.5,1,0,0,1,0,1
15359,7.0,2006,8.0,15.0,3392.0,5732.0,1,0.02,9.0,9.0,1.0,0.02,9.0,9.0,1.0,0.02,9.0,9.0,1.0,0,0,0,0,0,1
15360,7.0,2008,1.0,11.0,805.0,1226.0,6,0.06,5.07,4.93,42.5,0.13,5.07,4.93,42.5,0.13,5.07,4.93,42.5,0,0,0,0,0,1
15361,4.0,2009,5.0,158.0,853.0,5733.0,6,0.11,6.5,6.5,50.939571150097464,0.08,6.5,6.5,48.451559454191035,0.08,6.5,6.5,49.943567251461985,0,0,0,0,0,1
15362,17.0,2014,11.0,292.0,3393.0,5734.0,1,0.02,6.0370023640661925,6.4082836879432445,47.3185817805383,0.02,6.127933806146561,6.533567375886503,45.40683229813665,0.02,6.178366430260039,6.570146572104003,49.021868530020704,0,0,0,0,0,1
15363,5.0,2007,12.0,2.0,511.0,755.0,3,0.92,6.9,8.05,144.0,0.08,6.13,6.4,39.5,0.78,6.33,6.87,29.5,1,0,0,0,0,1
15364,15.0,2016,8.0,11.0,3394.0,5735.0,11,0.01,8.0,7.95,50.0,0.01,8.0,7.95,50.0,0.01,8.0,7.95,50.0,1,0,0,0,0,1
15365,17.0,2010,11.0,379.0,3395.0,5736.0,1,0.03,6.036517973148549,6.446041576440007,42.41893830703013,0.03,6.13182763100909,6.5621524469467225,36.190578670492584,0.03,6.158211346903418,6.59756604590732,41.083213773314206,0,0,0,0,0,1
15366,15.0,2011,12.0,494.0,3015.0,5737.0,2,0.0,0.0,0.0,0.0,0.0,0.0,0.0,0.0,0.0,0.0,0.0,0.0,0,0,0,0,0,1
15367,1.0,2006,5.0,162.0,3396.0,5738.0,12,0.04,6.1129297079909035,6.473325756251156,45.79735048478449,0.04,6.198632628081858,6.571929533135209,44.87222808870116,0.04,6.228769889840909,6.610742262633357,45.878995872132094,0,0,0,0,0,1
15368,17.0,2008,4.0,266.0,1217.0,5739.0,1,0.07,8.5,7.7,3.0,0.06,8.5,8.5,3.0,0.06,8.5,8.5,3.0,0,0,0,0,0,1
15369,14.0,2005,6.0,183.0,2586.0,4517.0,8,0.1,6.0,4.0,0.5,0.06,7.3,8.4,0.5,0.06,7.3,8.4,0.5,1,0,0,0,0,1
15370,17.0,2013,11.0,157.0,2333.0,4057.0,1,0.06,6.016843832020995,6.3843011811023525,43.64141414141414,0.06,6.091391076115479,6.49972440944881,40.217532467532465,0.08,6.117578740157478,6.52308070866142,43.198232323232325,0,0,0,0,0,1
15371,6.0,2014,11.0,26.0,1065.0,5740.0,1,0.03,6.0370023640661925,6.4082836879432445,47.3185817805383,0.06,6.127933806146561,6.533567375886503,45.40683229813665,0.06,6.178366430260039,6.570146572104003,49.021868530020704,0,0,0,0,0,1
15372,15.0,2008,8.0,8.0,256.0,804.0,10,0.15,6.2,2.2,0.0,0.7,5.0,2.2,0.0,0.61,3.0,2.2,0.0,0,0,0,0,0,1
15373,23.0,2015,11.0,561.0,3397.0,5741.0,1,0.0,0.0,0.0,0.0,0.0,0.0,0.0,0.0,0.0,0.0,0.0,0.0,0,0,0,0,0,1
15374,7.0,2004,2.0,397.0,109.0,5742.0,5,0.0,0.0,0.0,0.0,0.07,7.25,7.8,3.0,0.07,7.25,7.8,3.0,0,0,0,0,0,1
15375,4.0,2008,12.0,209.0,938.0,4583.0,9,0.05,1.75,4.23,2.5,0.29,1.75,4.23,2.5,0.29,1.75,4.23,2.5,0,0,0,0,0,1
15376,15.0,2006,8.0,8.0,108.0,5743.0,4,0.04,5.55,5.65,3.0,1.38,6.25,7.2,62.0,1.38,6.25,7.2,62.0,0,0,0,1,0,1
15377,7.0,2008,4.0,9.0,34.0,5744.0,1,0.05,4.5,4.5,2.0,0.36,7.4,7.4,5.0,0.36,7.4,7.4,5.0,1,0,1,0,0,1
15378,15.0,2006,1.0,9.0,363.0,498.0,1,0.02,6.0,8.4,10.0,0.03,6.0,8.2,6.0,0.02,7.0,5.0,1.0,0,0,0,0,0,1
15379,15.0,2005,8.0,36.0,1269.0,2067.0,9,0.29,7.2,8.4,16.0,0.29,7.2,8.4,16.0,0.29,7.2,8.4,16.0,0,0,0,0,0,1
15380,17.0,2012,9.0,26.0,3398.0,5745.0,1,0.02,6.072961653015631,6.425969843633651,50.50295255548768,0.02,6.152457185405805,6.543201787043918,48.179596823457544,0.02,6.196662323157107,6.5816586001488995,49.25208715129302,0,0,0,0,0,1
15381,10.0,2014,9.0,26.0,323.0,5746.0,10,0.07,7.35,6.0,1.0,0.3,7.35,7.55,15.0,0.3,7.35,7.55,15.0,0,0,0,0,0,1
15382,15.0,2010,4.0,338.0,3302.0,1970.0,3,0.07,7.23,7.35,16.5,0.02,7.85,8.2,102.0,0.13,5.3,5.4,4.0,0,0,0,0,0,1
15383,1.0,2010,11.0,85.0,1142.0,2731.0,1,0.13,3.0,7.0,1.0,0.16,3.0,7.0,1.0,0.18,3.0,7.0,1.0,0,0,0,0,0,1
15384,15.0,2012,5.0,562.0,3399.0,5747.0,10,0.01,6.056810319554371,6.402236880680159,49.122339574331896,0.01,6.138100263852236,6.5155702140135,47.53496559449512,0.01,6.185627381999394,6.5565977719144,48.773403744599136,0,0,0,0,0,1
15385,5.0,2013,7.0,127.0,2778.0,4865.0,11,0.16,8.2,7.6,205.5,0.04,4.0,5.95,4.0,0.04,4.0,5.95,4.0,0,0,0,0,0,1
15386,15.0,2016,9.0,13.0,51.0,67.0,1,0.03,5.5,7.0,1.0,0.07,5.5,7.1,180.0,0.03,9.0,8.7,624.0,1,1,1,0,0,1
15387,17.0,2009,8.0,49.0,524.0,3497.0,1,0.03,6.5,6.5,47.58155002891845,0.04,6.5,6.5,45.36119144013881,0.05,6.5,6.5,49.094852515905146,0,0,0,0,0,1
15388,4.0,2007,5.0,22.0,2523.0,5748.0,6,0.11,7.7,7.7,11.0,0.11,7.7,7.7,11.0,0.11,7.7,7.7,11.0,0,0,0,0,0,1
15389,10.0,2015,9.0,232.0,3400.0,509.0,1,0.06,7.0,7.15,3.0,0.06,7.0,7.15,3.0,0.05,7.0,6.0,1.0,0,0,0,0,0,1
15390,15.0,2009,9.0,22.0,165.0,1734.0,10,0.35,6.03,7.0,23.0,0.35,6.43,7.62,40.0,0.35,6.43,7.62,40.0,0,0,0,0,0,1
15391,11.0,2015,9.0,127.0,2199.0,5749.0,7,0.06,7.0,6.62,2.5,0.06,7.0,6.62,2.5,0.06,7.0,6.62,2.5,0,0,0,0,0,1
15392,15.0,2008,1.0,8.0,45.0,651.0,9,0.07,4.93,4.17,16.5,0.17,4.93,4.17,16.5,0.34,7.93,7.82,18.5,1,0,1,0,0,1
15393,4.0,2007,5.0,5.0,975.0,5750.0,10,0.12,2.0,3.0,1.0,0.44,2.0,3.0,1.0,0.44,2.0,3.0,1.0,0,0,0,0,0,1
15394,6.0,2013,4.0,134.0,3401.0,5751.0,6,0.2,7.0,7.85,16.0,0.2,7.0,7.85,16.0,0.2,7.0,7.85,16.0,0,0,0,0,0,1
15395,23.0,2015,12.0,49.0,524.0,1160.0,1,0.02,8.25,7.8,3.0,0.03,8.25,7.8,3.0,0.04,8.25,7.8,3.0,1,0,0,0,0,1
15396,1.0,2011,8.0,533.0,3402.0,5752.0,1,0.01,8.0,7.3,38.0,0.01,8.0,7.3,38.0,0.01,8.0,7.3,38.0,0,0,0,0,0,1
15397,7.0,2006,9.0,26.0,3403.0,5753.0,1,0.02,5.0,6.7,30.0,0.02,5.0,6.7,30.0,0.02,5.0,6.7,30.0,0,0,0,0,0,1
15398,23.0,2015,9.0,49.0,2762.0,4529.0,1,0.02,6.023708006279429,6.380546310832016,44.238808539944905,0.02,6.098238618524324,6.497463108320238,40.88240358126722,0.01,6.122084772370479,6.520916797488228,43.51325757575758,1,0,0,0,0,1
15399,4.0,2014,9.0,26.0,147.0,5754.0,11,0.04,5.2,5.2,49.06956599392749,0.58,5.2,5.2,47.025629576710124,0.58,5.2,5.2,48.061618146097516,0,0,0,0,0,1
15400,15.0,2007,12.0,54.0,3404.0,5755.0,1,0.29,6.6,6.6,47.55820785897907,0.29,6.6,6.6,46.14738646101114,0.29,6.6,6.6,47.53813196229649,0,0,0,0,0,1
15401,15.0,2012,4.0,338.0,3302.0,1970.0,3,0.03,5.65,6.7,0.0,0.02,7.85,8.2,102.0,0.02,7.85,8.2,102.0,0,0,0,0,0,1
15402,9.0,2001,4.0,261.0,2716.0,5756.0,10,0.18,8.0,8.0,28.0,0.05,8.0,8.0,28.0,0.05,8.0,8.0,28.0,0,0,0,0,0,1
15403,15.0,2003,7.0,222.0,3405.0,2713.0,1,0.11,8.55,8.4,16.0,0.11,8.55,8.4,16.0,0.11,8.55,8.4,16.0,0,0,0,0,0,1
15404,17.0,2011,11.0,59.0,3406.0,5757.0,1,0.03,6.0,6.0,45.77475613360922,0.03,6.0,6.0,44.85269484678293,0.03,6.0,6.0,45.76973100798108,0,0,0,0,0,1
15405,14.0,2004,10.0,11.0,2167.0,588.0,9,0.03,4.95,7.05,7.0,0.09,6.65,6.55,6.5,0.13,6.2,6.55,6.5,1,0,0,0,0,1
15406,6.0,2012,11.0,379.0,1931.0,3962.0,1,0.02,4.0,4.0,1.0,0.12,4.0,4.0,1.0,0.08,7.0,7.0,1.0,0,0,0,0,0,1
15407,1.0,2008,1.0,170.0,627.0,5758.0,10,0.02,5.0,7.6,70.0,0.83,5.0,7.6,70.0,0.01,5.0,7.6,70.0,0,0,0,0,0,1
15408,17.0,2008,4.0,4.0,3407.0,5759.0,1,0.04,8.3,8.3,3.0,0.04,8.3,8.3,3.0,0.04,8.3,8.3,3.0,0,0,0,0,0,1
15409,15.0,2005,7.0,91.0,3408.0,5760.0,11,0.11,5.9,7.45,5.0,0.11,5.9,7.45,5.0,0.11,5.9,7.45,5.0,0,0,0,0,0,1
15410,17.0,2007,11.0,458.0,1369.0,5761.0,1,0.0,0.0,0.0,0.0,0.08,0.0,8.0,2.0,0.08,0.0,8.0,2.0,0,0,0,0,0,1
15411,15.0,2008,7.0,8.0,407.0,560.0,9,0.03,6.33,7.12,19.0,0.05,8.63,8.15,247.0,0.72,8.53,8.1,583.5,1,0,0,1,0,1
15412,7.0,2010,11.0,82.0,3409.0,5762.0,1,0.02,6.036517973148549,6.446041576440007,42.41893830703013,0.02,6.13182763100909,6.5621524469467225,36.190578670492584,0.02,6.158211346903418,6.59756604590732,41.083213773314206,0,0,0,0,0,1
15413,11.0,2016,1.0,198.0,3410.0,5763.0,6,0.06,6.1384799268790005,6.505007382408812,45.83989197530864,0.06,6.227447795823669,6.610201082753323,45.87091049382716,0.06,6.257429515573364,6.647423187794436,47.21068672839506,0,0,0,0,0,1
15414,4.0,2009,9.0,209.0,3411.0,3271.0,7,0.03,7.0,8.4,61.18867924528302,0.03,7.0,8.4,37.9685534591195,0.02,7.0,8.4,51.5188679245283,0,0,0,0,0,1
15415,20.0,2016,2.0,42.0,1113.0,4821.0,6,0.02,4.97,5.3,39.5,0.09,4.97,5.0,1.0,0.05,4.6,4.05,6.0,0,0,0,1,0,1
15416,15.0,2011,5.0,198.0,3412.0,5764.0,3,0.03,9.0,8.3,563.0,0.01,9.0,8.3,563.0,0.01,9.0,8.3,563.0,0,0,0,0,0,1
15417,15.0,2006,12.0,11.0,3413.0,5765.0,2,0.02,5.881969696969699,6.2233333333333425,33.97331786542924,0.02,5.954372294372301,6.35341991341992,24.481438515081205,0.02,5.97727272727273,6.357207792207794,29.665893271461716,0,0,0,0,0,1
15418,6.0,2015,9.0,26.0,1672.0,2775.0,1,0.02,6.0,6.0,1.0,0.02,6.0,6.0,1.0,0.02,6.0,6.0,1.0,0,0,0,0,0,1
15419,15.0,2016,11.0,383.0,318.0,3590.0,2,0.07,6.25,6.75,15.0,1.31,5.6,4.2,15.0,1.31,5.6,4.2,15.0,0,0,0,0,0,1
15420,7.0,2006,1.0,9.0,3414.0,5766.0,1,0.02,6.057909446618223,6.454225824482941,48.764652014652015,0.02,6.140609278926769,6.574768026830625,40.60225885225885,0.02,6.179580771380661,6.604046953605371,45.93101343101343,0,0,0,0,0,1
15421,23.0,2015,9.0,279.0,1430.0,5767.0,1,0.06,5.8,5.55,3.0,0.02,5.8,5.55,3.0,0.02,5.8,5.55,3.0,0,0,0,0,0,1
15422,13.0,1998,1.0,89.0,2887.0,5026.0,1,0.23,7.8,7.8,9.0,0.04,6.0,6.0,1.0,0.04,6.0,6.0,1.0,1,0,0,0,0,1
15423,11.0,2015,9.0,59.0,3415.0,5768.0,1,0.1,6.8,6.8,5.0,0.1,6.8,6.8,5.0,0.1,6.8,6.8,5.0,0,0,0,0,0,1
15424,11.0,2016,4.0,292.0,3416.0,5769.0,1,0.03,7.8,7.1,46.00420630552716,0.03,7.8,7.1,45.91736771758786,0.03,7.8,7.1,47.09733469612391,0,0,0,1,0,1
15425,17.0,2013,10.0,26.0,1591.0,2642.0,1,0.03,5.0,5.7,3.0,0.03,5.0,5.7,3.0,0.19,5.0,5.7,3.0,0,0,0,0,0,1
15426,17.0,2010,11.0,486.0,3417.0,5770.0,1,0.01,7.0,7.0,1.0,0.01,7.0,7.0,1.0,0.01,7.0,7.0,1.0,0,0,0,0,0,1
15427,29.0,1995,8.0,563.0,2220.0,3863.0,1,0.0,0.0,0.0,0.0,0.0,0.0,0.0,0.0,0.04,0.0,0.0,0.0,0,0,0,0,0,1
15428,15.0,2009,7.0,5.0,155.0,624.0,1,0.33,5.0,4.5,2.0,0.45,5.0,4.5,2.0,0.41,5.0,4.5,2.0,0,0,0,0,0,1
15429,11.0,2016,11.0,383.0,318.0,5771.0,1,0.07,6.83,7.88,61.5,0.04,4.3,7.88,61.5,0.04,4.3,7.88,61.5,0,0,0,0,0,1
15430,6.0,2011,9.0,6.0,19.0,5772.0,9,0.09,3.9,5.75,4.0,0.09,3.9,5.75,4.0,0.09,3.9,5.75,4.0,1,0,1,0,0,1
15431,7.0,2008,11.0,92.0,3418.0,5773.0,1,0.07,4.6,6.7,50.52577025484975,0.07,4.6,6.7,48.40728413845569,0.07,4.6,6.7,49.56694560669456,0,0,0,0,0,1
15432,4.0,2005,2.0,71.0,617.0,4361.0,10,0.12,5.9,5.05,2.0,0.09,6.1,7.8,2.0,0.01,5.0,7.8,2.0,0,0,0,0,0,1
15433,15.0,2008,12.0,29.0,2581.0,5774.0,3,0.08,4.7,4.4,2.0,0.06,7.73,8.0,196.0,0.06,7.73,8.0,196.0,0,0,0,1,0,1
15434,9.0,2002,12.0,106.0,577.0,5775.0,3,0.01,6.7,3.65,15.5,0.92,6.15,3.65,15.5,0.92,6.15,3.65,15.5,0,0,0,0,0,1
15435,14.0,2005,2.0,64.0,448.0,3660.0,10,0.1,4.9,8.0,46.396146867328426,0.1,4.9,8.0,45.01510299925285,0.1,4.9,8.0,45.991941509232575,0,0,0,0,0,1
15436,23.0,2015,9.0,49.0,253.0,320.0,2,0.08,5.97,6.93,10.5,0.08,5.97,6.93,10.5,0.3,5.5,6.6,28.5,1,0,0,1,1,1
15437,4.0,2008,8.0,149.0,3419.0,5776.0,1,0.07,6.7,5.8,7.0,0.07,6.7,5.8,7.0,0.07,6.7,5.8,7.0,0,0,0,0,0,1
15438,10.0,2015,12.0,72.0,3420.0,5777.0,1,0.08,7.75,5.6,13.0,0.08,7.75,5.6,13.0,0.08,7.75,5.6,13.0,0,0,0,0,0,1
15439,17.0,2008,4.0,69.0,3421.0,5778.0,1,0.32,6.076557377049176,6.4289414021625335,50.52577025484975,0.32,6.1574189047785115,6.543221137077076,48.40728413845569,0.32,6.202197418904775,6.585209277990916,49.56694560669456,0,0,0,0,0,1
15440,15.0,2003,12.0,22.0,1528.0,2738.0,10,0.6,4.05,6.6,2.0,0.07,6.68,7.7,29.0,0.18,7.29,7.45,22.0,1,0,0,0,0,1
15441,23.0,2015,9.0,59.0,3422.0,5779.0,1,0.05,6.023708006279429,6.380546310832016,44.238808539944905,0.05,6.098238618524324,6.497463108320238,40.88240358126722,0.05,6.122084772370479,6.520916797488228,43.51325757575758,0,0,0,0,0,1
15442,19.0,2003,3.0,31.0,460.0,3741.0,5,0.15,8.9,8.7,2.0,0.42,4.75,6.45,2.0,0.42,4.75,6.45,2.0,0,0,0,0,0,1
15443,15.0,2015,6.0,562.0,3423.0,5780.0,1,0.01,6.023708006279429,6.380546310832016,44.238808539944905,0.01,6.098238618524324,6.497463108320238,40.88240358126722,0.01,6.122084772370479,6.520916797488228,43.51325757575758,0,0,0,0,0,1
15444,23.0,2016,9.0,134.0,3424.0,5781.0,1,0.04,6.139692021200393,6.5099813780261035,46.00420630552716,0.04,6.228947858472998,6.612544764360438,45.91736771758786,0.04,6.258451511244804,6.6494134078212355,47.09733469612391,0,0,0,0,0,1
15445,1.0,2009,7.0,298.0,1652.0,5782.0,10,0.01,6.017120127287195,6.416451869530627,39.8933506044905,0.01,6.130859188544151,6.552171837708827,32.29706390328152,0.01,6.161694510739854,6.5963723150357945,34.81476683937824,0,0,0,0,0,1
15446,10.0,2012,5.0,537.0,687.0,5783.0,5,0.03,6.101296450195887,6.454998219161869,47.56497725795971,0.05,6.184988721358199,6.563252997744323,46.35743989603639,0.05,6.223789623649541,6.599926392021887,47.635022742040285,0,0,0,0,0,1
15447,14.0,2002,1.0,15.0,755.0,243.0,3,0.03,7.1,8.6,47.00641389488024,0.64,7.8,8.6,45.229821773186515,0.03,7.1,8.6,46.14320581223748,0,0,0,0,0,1
15448,17.0,2010,6.0,564.0,3425.0,5784.0,1,0.0,0.0,0.0,0.0,0.0,0.0,0.0,0.0,0.0,0.0,0.0,0.0,0,0,0,0,0,1
15449,4.0,2008,8.0,340.0,384.0,1415.0,3,0.05,6.7,7.25,26.5,0.03,6.7,7.25,26.5,0.04,6.7,7.25,26.5,0,0,0,0,0,1
15450,13.0,2000,12.0,53.0,3426.0,5785.0,9,0.01,5.8,8.0,47.22648344066237,0.01,5.8,8.0,45.44520469181233,0.01,5.8,8.0,46.36321297148114,0,0,0,0,0,1
15451,7.0,2007,10.0,228.0,2334.0,4058.0,1,0.02,6.099566138746374,6.4607807271916755,47.55820785897907,0.02,6.186688601383021,6.564681017176054,46.14738646101114,0.06,6.2206457729199345,6.6001962971225066,47.53813196229649,0,0,0,0,0,1
15452,5.0,2011,7.0,381.0,1284.0,5786.0,1,0.03,7.0,7.0,3.0,0.02,8.6,8.6,9.0,0.02,8.6,8.6,9.0,0,0,0,0,0,1
15453,13.0,2000,7.0,26.0,465.0,1833.0,5,0.27,6.73,7.25,37.0,1.1,6.73,7.25,37.0,0.34,6.0,7.0,1.0,0,0,0,0,0,1
15454,17.0,2013,11.0,330.0,3427.0,5787.0,1,0.09,6.016843832020995,6.3843011811023525,43.64141414141414,0.09,6.091391076115479,6.49972440944881,40.217532467532465,0.09,6.117578740157478,6.52308070866142,43.198232323232325,0,0,0,0,0,1
15455,6.0,2016,9.0,13.0,1321.0,1130.0,1,0.02,3.0,3.0,46.00420630552716,0.02,3.0,3.0,45.91736771758786,0.05,3.0,3.0,47.09733469612391,1,0,0,0,0,1
15456,23.0,2016,11.0,292.0,2356.0,4095.0,1,0.03,6.139692021200393,6.5099813780261035,46.00420630552716,0.03,6.228947858472998,6.612544764360438,45.91736771758786,0.05,6.258451511244804,6.6494134078212355,47.09733469612391,0,0,0,0,0,1
15457,5.0,2012,9.0,381.0,1284.0,5243.0,1,0.01,8.2,8.2,36.0,0.01,8.2,8.2,36.0,0.03,8.2,8.2,36.0,0,0,0,0,0,1
15458,15.0,2003,11.0,6.0,179.0,225.0,11,0.07,5.43,4.93,1.5,2.81,7.3,7.08,40.5,0.28,7.57,7.62,12.0,0,0,0,0,0,1
15459,17.0,2009,6.0,267.0,2034.0,3509.0,1,0.1,6.06531266560678,6.414785373608896,47.58155002891845,0.03,6.151277159512439,6.537713301536816,45.36119144013881,0.03,6.18789083200847,6.572859035506092,49.094852515905146,0,0,0,0,0,1
15460,17.0,2012,9.0,292.0,2738.0,4808.0,1,0.02,6.072961653015631,6.425969843633651,50.50295255548768,0.02,6.152457185405805,6.543201787043918,48.179596823457544,0.03,6.196662323157107,6.5816586001488995,49.25208715129302,0,0,0,0,0,1
15461,7.0,2007,4.0,132.0,3428.0,5788.0,1,0.05,6.099566138746374,6.4607807271916755,47.55820785897907,0.05,6.186688601383021,6.564681017176054,46.14738646101114,0.05,6.2206457729199345,6.6001962971225066,47.53813196229649,0,0,0,0,0,1
15462,7.0,2009,7.0,82.0,1948.0,5789.0,1,0.03,6.8,6.8,47.58155002891845,0.12,6.8,6.8,45.36119144013881,0.12,6.8,6.8,49.094852515905146,0,0,0,0,0,1
15463,13.0,1997,5.0,167.0,3429.0,5790.0,1,0.0,0.0,0.0,0.0,0.0,0.0,0.0,0.0,0.0,0.0,0.0,0.0,0,0,0,0,0,1
15464,17.0,2009,4.0,26.0,2822.0,4925.0,1,0.03,7.0,7.0,1.0,0.03,7.0,7.0,1.0,0.03,7.0,7.0,1.0,0,0,0,0,0,1
15465,15.0,2013,8.0,565.0,3430.0,5791.0,1,0.01,7.9,7.9,43.64141414141414,0.01,7.9,7.9,40.217532467532465,0.01,7.9,7.9,43.198232323232325,1,0,0,0,0,1
15466,4.0,2008,3.0,75.0,2460.0,4316.0,11,0.12,3.5,3.5,48.44426425401161,0.06,4.0,4.0,46.782946398088086,0.06,4.0,4.0,48.1357972004097,0,0,0,0,0,1
15467,7.0,2006,8.0,235.0,3431.0,5792.0,1,0.28,6.057909446618223,6.454225824482941,48.764652014652015,0.28,6.140609278926769,6.574768026830625,40.60225885225885,0.28,6.179580771380661,6.604046953605371,45.93101343101343,0,0,0,1,0,1
15468,9.0,2006,6.0,33.0,635.0,2590.0,9,0.26,4.65,6.1,1.0,0.66,4.65,6.1,1.0,0.66,4.65,6.1,1.0,0,0,0,0,0,1
15469,19.0,2003,9.0,6.0,573.0,5793.0,7,0.06,6.4,8.2,45.79083511777302,0.06,6.4,8.2,44.859186295503214,0.06,6.4,8.2,46.22372591006424,0,0,0,0,0,1
15470,15.0,2011,3.0,6.0,1328.0,2509.0,1,0.08,6.0,6.0,1.0,0.17,6.0,6.0,1.0,0.17,6.0,6.0,1.0,0,0,0,0,0,1
15471,5.0,2011,6.0,29.0,120.0,262.0,11,0.13,3.8,3.8,6.0,0.19,3.8,3.8,6.0,0.19,5.25,5.25,6.0,0,0,0,0,0,1
15472,4.0,2010,11.0,157.0,3432.0,5794.0,1,0.04,6.036517973148549,6.446041576440007,42.41893830703013,0.04,6.13182763100909,6.5621524469467225,36.190578670492584,0.04,6.158211346903418,6.59756604590732,41.083213773314206,0,0,0,0,0,1
15473,9.0,2006,9.0,15.0,1689.0,110.0,1,0.02,4.1,6.68,2.0,0.02,4.1,6.68,2.0,0.2,4.1,6.68,2.0,0,0,0,0,0,1
15474,7.0,2008,11.0,379.0,3433.0,5795.0,1,0.04,6.076557377049176,6.4289414021625335,50.52577025484975,0.04,6.1574189047785115,6.543221137077076,48.40728413845569,0.04,6.202197418904775,6.585209277990916,49.56694560669456,0,0,0,0,0,1
15475,7.0,2006,11.0,95.0,3434.0,5796.0,1,0.01,4.0,6.2,48.764652014652015,0.01,4.0,6.2,40.60225885225885,0.01,4.0,6.2,45.93101343101343,0,0,0,0,0,1
15476,14.0,2006,1.0,8.0,3435.0,2453.0,2,0.05,6.67,7.48,10.5,0.05,6.67,7.48,10.5,0.05,6.75,7.7,0.0,0,0,0,0,0,1
15477,5.0,2012,9.0,6.0,138.0,257.0,11,0.08,8.7,8.47,418.5,0.36,8.5,7.1,257.0,0.1,3.75,4.2,5.0,0,0,1,1,0,1
15478,1.0,2010,1.0,158.0,853.0,5797.0,2,0.06,6.10970075440067,6.4764073763621655,45.58566176470588,0.14,6.196900251466912,6.575593461860899,44.6546875,0.14,6.225879295892737,6.6160628667225705,45.84627757352941,0,0,0,0,0,1
15479,6.0,2015,9.0,59.0,3415.0,5768.0,1,0.02,6.023708006279429,6.380546310832016,44.238808539944905,0.02,6.098238618524324,6.497463108320238,40.88240358126722,0.02,6.122084772370479,6.520916797488228,43.51325757575758,0,0,0,0,0,1
15480,20.0,2014,9.0,26.0,1591.0,2642.0,1,0.03,6.0370023640661925,6.4082836879432445,47.3185817805383,0.03,6.127933806146561,6.533567375886503,45.40683229813665,0.02,6.178366430260039,6.570146572104003,49.021868530020704,0,0,0,0,0,1
15481,9.0,2006,6.0,28.0,186.0,5798.0,1,0.39,5.6,4.5,48.764652014652015,0.3,6.9,4.5,40.60225885225885,0.3,6.9,4.5,45.93101343101343,0,0,0,0,1,1
15482,14.0,2006,7.0,22.0,63.0,3631.0,6,0.02,6.55,7.15,4.0,0.06,6.15,7.4,5.0,0.1,6.0,7.0,5.0,0,0,0,0,0,1
15483,28.0,1995,7.0,69.0,24.0,5799.0,1,0.3,9.0,9.0,1.0,0.33,9.0,9.0,1.0,0.33,9.0,9.0,1.0,0,0,0,0,0,1
15484,7.0,2007,9.0,228.0,3436.0,5800.0,1,0.02,6.099566138746374,6.4607807271916755,47.55820785897907,0.02,6.186688601383021,6.564681017176054,46.14738646101114,0.02,6.2206457729199345,6.6001962971225066,47.53813196229649,0,0,0,0,0,1
15485,9.0,2002,9.0,6.0,705.0,1388.0,11,0.04,4.97,4.0,2.0,0.11,5.8,7.25,16.0,0.11,5.8,7.25,16.0,0,0,1,0,0,1
15486,7.0,2007,8.0,15.0,3437.0,5801.0,1,0.02,6.099566138746374,6.4607807271916755,47.55820785897907,0.02,6.186688601383021,6.564681017176054,46.14738646101114,0.02,6.2206457729199345,6.6001962971225066,47.53813196229649,0,0,0,0,0,1
15487,11.0,2015,5.0,548.0,3438.0,5802.0,12,0.02,6.128939605651298,6.493310045024103,46.00992502981769,0.02,6.210971122496514,6.59049604098747,45.08600272618845,0.02,6.244264089427124,6.630833721471833,46.38430737774749,0,0,0,0,0,1
15488,13.0,1997,9.0,31.0,1443.0,5803.0,1,0.08,7.8,7.8,21.0,0.23,7.8,7.8,21.0,0.23,7.8,7.8,21.0,0,0,0,0,0,1
15489,15.0,2008,7.0,11.0,172.0,2226.0,11,0.13,4.0,5.77,25.0,0.26,3.9,5.67,38.5,0.26,3.9,5.67,38.5,0,0,0,0,0,1
15490,17.0,2007,11.0,458.0,3364.0,5804.0,1,0.02,6.099566138746374,6.4607807271916755,47.55820785897907,0.02,6.186688601383021,6.564681017176054,46.14738646101114,0.02,6.2206457729199345,6.6001962971225066,47.53813196229649,0,0,0,0,0,1
15491,10.0,2012,9.0,143.0,3439.0,5805.0,1,0.17,6.072961653015631,6.425969843633651,50.50295255548768,0.17,6.152457185405805,6.543201787043918,48.179596823457544,0.17,6.196662323157107,6.5816586001488995,49.25208715129302,0,0,0,0,0,1
15492,4.0,2006,6.0,72.0,3440.0,5806.0,1,0.02,6.2,7.9,48.764652014652015,0.02,6.2,7.9,40.60225885225885,0.02,6.2,7.9,45.93101343101343,0,0,0,0,0,1
15493,7.0,2007,8.0,15.0,87.0,5807.0,1,0.02,7.5,7.5,2.0,0.03,7.5,7.5,2.0,0.03,7.5,7.5,2.0,0,0,1,0,0,1
15494,14.0,2003,11.0,29.0,1397.0,5808.0,12,0.12,6.45,7.7,8.0,0.06,3.4,7.0,1.0,0.06,3.4,7.0,1.0,0,0,0,0,0,1
15495,4.0,2009,6.0,428.0,1652.0,5809.0,8,0.02,6.0,6.8,6.0,0.03,6.0,6.8,6.0,0.03,6.0,6.8,6.0,0,0,0,0,0,1
15496,1.0,2010,7.0,54.0,2806.0,5810.0,9,0.04,8.7,8.7,49.51921757035004,0.04,8.7,8.7,47.858499199267904,0.04,8.7,8.7,49.493479752916954,0,0,0,0,0,1
15497,17.0,2010,11.0,292.0,3441.0,5811.0,1,0.02,6.036517973148549,6.446041576440007,42.41893830703013,0.02,6.13182763100909,6.5621524469467225,36.190578670492584,0.02,6.158211346903418,6.59756604590732,41.083213773314206,0,0,0,0,0,1
15498,17.0,2010,11.0,292.0,3442.0,5812.0,1,0.02,6.036517973148549,6.446041576440007,42.41893830703013,0.02,6.13182763100909,6.5621524469467225,36.190578670492584,0.02,6.158211346903418,6.59756604590732,41.083213773314206,0,0,0,0,0,1
15499,7.0,2007,12.0,15.0,3443.0,5813.0,1,0.02,6.099566138746374,6.4607807271916755,47.55820785897907,0.02,6.186688601383021,6.564681017176054,46.14738646101114,0.02,6.2206457729199345,6.6001962971225066,47.53813196229649,0,0,0,1,0,1
15500,17.0,2010,11.0,379.0,3246.0,5537.0,1,0.02,6.036517973148549,6.446041576440007,42.41893830703013,0.02,6.13182763100909,6.5621524469467225,36.190578670492584,0.02,6.158211346903418,6.59756604590732,41.083213773314206,0,0,0,0,0,1
15501,27.0,1995,1.0,566.0,400.0,5814.0,1,0.0,0.0,0.0,0.0,0.08,0.0,0.0,0.0,0.08,0.0,0.0,0.0,0,0,0,0,0,1
15502,23.0,2015,11.0,519.0,3444.0,5815.0,1,0.03,6.023708006279429,6.380546310832016,44.238808539944905,0.03,6.098238618524324,6.497463108320238,40.88240358126722,0.03,6.122084772370479,6.520916797488228,43.51325757575758,0,0,0,0,0,1
15503,10.0,2012,9.0,26.0,3445.0,5816.0,1,0.02,6.072961653015631,6.425969843633651,50.50295255548768,0.02,6.152457185405805,6.543201787043918,48.179596823457544,0.02,6.196662323157107,6.5816586001488995,49.25208715129302,0,0,0,0,0,1
15504,4.0,2006,6.0,26.0,3446.0,5817.0,1,0.02,6.057909446618223,6.454225824482941,48.764652014652015,0.02,6.140609278926769,6.574768026830625,40.60225885225885,0.02,6.179580771380661,6.604046953605371,45.93101343101343,0,0,0,0,0,1
15505,23.0,2015,11.0,458.0,3447.0,5818.0,1,0.02,6.023708006279429,6.380546310832016,44.238808539944905,0.02,6.098238618524324,6.497463108320238,40.88240358126722,0.02,6.122084772370479,6.520916797488228,43.51325757575758,0,0,0,0,0,1
15506,4.0,2007,2.0,105.0,940.0,3271.0,9,0.28,6.05,6.8,21.0,0.06,6.05,6.8,21.0,0.04,6.05,5.0,1.0,0,0,0,0,0,1
15507,1.0,2011,4.0,157.0,1065.0,5819.0,1,0.06,6.107652813930537,6.467882595817321,45.77475613360922,0.06,6.194403554438579,6.56657391616556,44.85269484678293,0.06,6.2266573916165795,6.606709451575302,45.76973100798108,0,0,0,0,0,1
15508,6.0,2015,9.0,232.0,3400.0,509.0,1,0.16,7.7,7.9,19.0,0.16,7.7,7.9,19.0,0.03,7.7,7.9,19.0,0,0,0,0,0,1
15509,23.0,2015,9.0,379.0,3448.0,5820.0,1,0.03,6.023708006279429,6.380546310832016,44.238808539944905,0.03,6.098238618524324,6.497463108320238,40.88240358126722,0.03,6.122084772370479,6.520916797488228,43.51325757575758,0,0,0,0,0,1
15510,9.0,2004,11.0,24.0,377.0,5821.0,9,0.02,4.7,4.7,47.36133139729699,0.28,5.3,5.3,45.73416731821736,0.28,5.3,5.3,46.57991734614096,0,0,0,0,0,1
15511,15.0,2010,1.0,81.0,1359.0,2820.0,10,0.24,6.7,7.5,9.0,0.04,7.46,6.85,69.0,0.17,7.09,6.1,29.0,0,0,0,0,0,1
15512,17.0,2010,11.0,54.0,1014.0,5357.0,1,0.03,6.036517973148549,6.446041576440007,42.41893830703013,0.41,6.13182763100909,6.5621524469467225,36.190578670492584,0.41,6.158211346903418,6.59756604590732,41.083213773314206,0,0,0,0,0,1
15513,15.0,2008,4.0,103.0,3449.0,5822.0,1,0.0,0.0,0.0,0.0,0.0,0.0,0.0,0.0,0.0,0.0,0.0,0.0,0,0,0,0,0,1
15514,6.0,2016,6.0,26.0,1672.0,2775.0,1,0.02,3.0,3.0,1.0,0.02,3.0,3.0,1.0,0.09,8.0,8.0,1.0,0,0,0,0,0,1
15515,1.0,2009,8.0,167.0,3419.0,5776.0,1,0.03,6.06531266560678,6.414785373608896,47.58155002891845,0.03,6.151277159512439,6.537713301536816,45.36119144013881,0.02,6.18789083200847,6.572859035506092,49.094852515905146,0,0,0,0,0,1
15516,17.0,2006,3.0,36.0,799.0,3104.0,6,0.02,7.8,7.3,39.0,0.2,7.8,7.3,39.0,0.14,7.8,7.3,11.0,1,0,0,0,0,1
15517,17.0,2012,4.0,291.0,3450.0,5823.0,1,0.0,0.0,0.0,0.0,0.0,0.0,0.0,0.0,0.0,0.0,0.0,0.0,0,0,0,0,0,1
15518,10.0,2015,9.0,49.0,901.0,1385.0,1,0.02,7.5,7.5,11.0,0.04,7.5,7.5,11.0,0.04,7.5,7.5,11.0,0,0,0,0,0,1
15519,15.0,2009,12.0,300.0,3051.0,5824.0,11,0.17,5.2,5.23,12.5,0.03,6.35,8.8,0.0,0.03,6.35,8.8,0.0,0,0,0,0,0,1
15520,15.0,2015,9.0,6.0,1342.0,3756.0,11,0.09,7.15,6.47,189.0,0.26,5.5,5.53,36.0,0.26,5.5,5.53,36.0,0,0,0,1,0,1
15521,4.0,2009,1.0,307.0,362.0,5697.0,10,0.1,3.4,4.0,0.0,1.52,3.4,4.0,0.0,1.52,3.4,4.0,0.0,0,0,0,0,0,1
15522,15.0,2015,6.0,125.0,3451.0,5825.0,8,0.01,6.110810034631307,6.475984458146859,45.75685693106004,0.01,6.196128896021647,6.57423599966218,44.82468495181616,0.01,6.224973393023091,6.615115296900104,45.94250370644922,0,0,0,0,0,1
15523,15.0,2015,6.0,125.0,3452.0,5825.0,6,0.02,6.107423043095867,6.470310466139026,45.744662351463624,0.02,6.194644678979795,6.568890061565569,44.78311274273017,0.02,6.224703605980683,6.607507475813573,45.87411844266254,0,0,0,0,0,1
15524,4.0,2009,9.0,35.0,173.0,5826.0,11,0.22,7.67,7.82,24.0,0.25,7.67,7.82,24.0,0.25,7.67,7.82,24.0,0,0,0,0,0,1
15525,7.0,2007,4.0,9.0,3453.0,5827.0,1,0.02,6.099566138746374,6.4607807271916755,47.55820785897907,0.02,6.186688601383021,6.564681017176054,46.14738646101114,0.02,6.2206457729199345,6.6001962971225066,47.53813196229649,1,0,1,0,0,1
15526,23.0,2014,6.0,228.0,3454.0,5828.0,1,0.22,5.5,7.65,9.0,0.22,5.5,7.65,9.0,0.22,5.5,7.65,9.0,0,0,0,0,0,1
15527,17.0,2010,9.0,204.0,2156.0,1020.0,1,0.06,4.3,7.0,1.0,0.06,4.3,7.0,1.0,0.26,4.3,5.28,51.0,0,0,0,0,0,1
15528,4.0,2005,1.0,155.0,513.0,5209.0,12,0.06,6.6,7.5,49.11326567596955,0.08,6.6,7.5,47.151141718013776,0.08,6.6,7.5,48.1197897789054,0,0,0,0,0,1
15529,10.0,2015,6.0,430.0,3455.0,5829.0,1,0.07,6.023708006279429,6.380546310832016,44.238808539944905,0.07,6.098238618524324,6.497463108320238,40.88240358126722,0.07,6.122084772370479,6.520916797488228,43.51325757575758,0,0,0,0,0,1
15530,23.0,2014,3.0,270.0,1040.0,1686.0,6,0.12,7.5,8.22,5.5,0.18,7.4,6.67,30.0,0.12,7.5,8.22,5.5,0,0,0,0,1,1
15531,4.0,2008,5.0,69.0,972.0,778.0,1,0.02,5.73,6.88,7.5,0.02,5.73,6.88,7.5,0.17,5.73,6.88,7.5,1,0,0,0,0,1
15532,7.0,2007,11.0,458.0,3456.0,5830.0,1,0.02,6.099566138746374,6.4607807271916755,47.55820785897907,0.02,6.186688601383021,6.564681017176054,46.14738646101114,0.02,6.2206457729199345,6.6001962971225066,47.53813196229649,0,0,0,0,0,1
15533,4.0,2010,8.0,17.0,3457.0,5831.0,1,0.32,4.0,4.0,0.0,0.32,4.0,4.0,0.0,0.32,4.0,4.0,0.0,1,0,0,0,1,1
15534,7.0,2010,4.0,26.0,1405.0,2313.0,1,0.03,8.0,8.0,2.0,0.04,8.0,8.0,2.0,0.06,8.0,8.0,2.0,1,0,0,0,0,1
15535,4.0,2007,6.0,567.0,3458.0,5832.0,1,0.0,0.0,0.0,0.0,0.0,0.0,0.0,0.0,0.0,0.0,0.0,0.0,0,0,0,0,0,1
15536,4.0,2010,9.0,26.0,683.0,701.0,1,0.03,7.0,7.0,1.0,0.03,7.0,7.0,1.0,0.17,7.0,7.0,1.0,0,0,0,0,0,1
15537,15.0,2008,5.0,215.0,474.0,3381.0,9,0.01,8.3,8.3,8.0,0.02,7.15,7.15,8.0,0.02,7.15,7.15,8.0,1,0,0,0,0,1
15538,17.0,2013,6.0,442.0,2547.0,4446.0,1,0.01,6.016843832020995,6.3843011811023525,43.64141414141414,0.01,6.091391076115479,6.49972440944881,40.217532467532465,0.03,6.117578740157478,6.52308070866142,43.198232323232325,0,0,0,0,0,1
15539,17.0,2007,5.0,356.0,1497.0,5833.0,2,0.0,0.0,0.0,0.0,0.03,5.1,0.0,0.0,0.03,5.1,0.0,0.0,0,0,0,0,0,1
15540,14.0,2002,1.0,15.0,3459.0,3918.0,1,0.06,6.43,6.5,2.0,0.06,6.43,6.5,2.0,0.06,6.43,6.5,2.0,0,0,0,0,0,1
15541,7.0,2006,1.0,49.0,538.0,2188.0,1,0.04,7.4,8.25,18.0,0.08,7.4,8.25,18.0,0.17,7.1,8.7,18.0,1,0,0,0,0,1
15542,1.0,2007,3.0,312.0,1389.0,4614.0,12,0.05,0.9,0.9,46.930714968914394,0.03,0.8,0.8,45.4678981348637,0.05,0.9,0.9,46.8644787183166,1,0,0,0,0,1
15543,14.0,2005,9.0,24.0,3460.0,4881.0,3,0.09,4.0,2.0,1.0,0.09,4.0,2.0,1.0,0.09,4.0,2.0,1.0,0,0,0,0,0,1
15544,5.0,2010,7.0,379.0,1284.0,5834.0,1,0.02,6.8,7.95,68.0,0.28,6.8,7.95,68.0,0.02,6.8,7.3,3.0,0,0,0,0,0,1
15545,4.0,2007,1.0,310.0,1102.0,5835.0,3,0.04,4.7,6.53,1.0,0.01,5.7,6.53,1.0,0.01,5.7,6.53,1.0,0,0,0,0,0,1
15546,6.0,2016,7.0,5.0,9.0,5836.0,5,0.03,4.75,4.95,8.0,2.86,7.1,4.85,169.0,2.86,7.1,4.85,169.0,1,0,1,1,0,1
15547,7.0,2006,10.0,155.0,1139.0,5837.0,1,0.02,1.2,2.6,48.764652014652015,0.03,6.9,6.6,40.60225885225885,0.03,6.9,6.6,45.93101343101343,0,0,0,0,0,1
15548,4.0,2010,8.0,144.0,3461.0,4191.0,1,0.53,5.6,5.6,42.41893830703013,0.53,5.6,5.6,36.190578670492584,0.53,5.6,5.6,41.083213773314206,1,0,0,0,0,1
15549,15.0,2008,12.0,8.0,46.0,487.0,3,0.12,6.25,7.6,0.0,0.43,7.6,7.2,34.0,0.43,7.6,7.2,34.0,0,0,1,0,0,1
15550,17.0,2011,6.0,157.0,1774.0,2974.0,1,0.04,6.107652813930537,6.467882595817321,45.77475613360922,0.04,6.194403554438579,6.56657391616556,44.85269484678293,0.04,6.2266573916165795,6.606709451575302,45.76973100798108,0,0,0,0,0,1
15551,7.0,2002,11.0,261.0,2476.0,4341.0,1,0.08,7.0,6.8,47.0,0.08,7.0,6.8,47.0,0.05,7.0,6.8,47.0,0,0,0,0,0,1
15552,4.0,2009,5.0,313.0,3462.0,5838.0,1,0.02,6.25,6.25,1.0,0.02,6.25,6.25,1.0,0.02,6.25,6.25,1.0,0,0,0,0,0,1
15553,15.0,2010,7.0,5.0,252.0,1032.0,11,0.08,4.0,6.75,0.0,0.72,5.75,6.75,14.0,0.72,5.75,6.75,14.0,0,0,0,0,0,1
15554,7.0,2006,9.0,9.0,3463.0,5839.0,1,0.02,5.0,7.7,6.0,0.02,5.0,7.7,6.0,0.02,5.0,7.7,6.0,1,0,0,0,0,1
15555,9.0,2002,9.0,181.0,3464.0,5840.0,8,0.04,6.0,6.0,48.57975592246949,0.01,6.7,6.7,47.31751615218952,0.01,6.7,6.7,48.66547020818378,0,0,0,0,0,1
15556,15.0,2011,7.0,183.0,3465.0,2737.0,11,0.09,3.9,3.45,1.0,0.09,3.9,3.45,1.0,0.18,3.9,3.45,1.0,0,0,0,0,0,1
15557,5.0,2011,1.0,201.0,724.0,1089.0,6,0.03,4.75,0.5,1.0,0.03,4.75,0.5,1.0,0.03,4.75,0.5,1.0,0,0,0,0,0,1
15558,15.0,2008,11.0,509.0,3466.0,3812.0,1,0.0,0.0,0.0,0.0,0.0,0.0,0.0,0.0,0.0,0.0,0.0,0.0,0,0,0,0,0,1
15559,18.0,2015,9.0,6.0,1342.0,3756.0,11,0.07,6.47,6.95,36.0,0.09,7.15,6.47,189.0,0.09,7.15,6.47,189.0,0,0,0,1,0,1
15560,6.0,2016,9.0,49.0,253.0,1720.0,1,0.03,7.0,5.4,8.0,0.06,7.0,5.4,8.0,0.3,7.6,7.8,18.0,0,0,0,0,0,1
15561,17.0,2010,11.0,82.0,3467.0,5841.0,1,0.02,6.036517973148549,6.446041576440007,42.41893830703013,0.02,6.13182763100909,6.5621524469467225,36.190578670492584,0.02,6.158211346903418,6.59756604590732,41.083213773314206,0,0,0,0,0,1
15562,10.0,2012,9.0,418.0,2542.0,4440.0,1,0.02,6.072961653015631,6.425969843633651,50.50295255548768,0.02,6.152457185405805,6.543201787043918,48.179596823457544,0.06,6.196662323157107,6.5816586001488995,49.25208715129302,0,0,0,0,0,1
15563,4.0,2010,6.0,26.0,3468.0,5842.0,1,0.02,6.036517973148549,6.446041576440007,42.41893830703013,0.02,6.13182763100909,6.5621524469467225,36.190578670492584,0.02,6.158211346903418,6.59756604590732,41.083213773314206,0,0,0,0,0,1
15564,7.0,2008,3.0,85.0,3383.0,5843.0,2,0.05,3.2,1.6,46.03618002544529,0.02,5.7,7.4,45.58993320610687,0.02,5.7,7.4,46.776558524173026,0,0,0,0,0,1
15565,10.0,2013,9.0,26.0,147.0,427.0,11,0.07,4.75,6.35,17.0,0.69,4.75,6.35,17.0,0.09,4.75,6.35,17.0,0,0,0,0,0,1
15566,7.0,2007,11.0,157.0,3469.0,5844.0,1,0.17,8.6,8.6,7.0,0.17,8.6,8.6,7.0,0.17,8.6,8.6,7.0,0,0,0,0,0,1
15567,7.0,2007,11.0,59.0,3470.0,5845.0,1,0.06,6.099566138746374,6.4607807271916755,47.55820785897907,0.06,6.186688601383021,6.564681017176054,46.14738646101114,0.06,6.2206457729199345,6.6001962971225066,47.53813196229649,0,0,0,0,0,1
15568,4.0,2010,1.0,149.0,2078.0,3591.0,1,0.63,7.95,7.9,85.0,0.1,7.95,7.9,85.0,0.1,7.95,7.9,85.0,0,0,0,0,0,1
15569,9.0,2001,5.0,240.0,312.0,1948.0,12,0.27,5.0,6.0,1.0,1.73,5.0,6.4,40.0,0.31,5.0,6.4,40.0,0,0,0,0,0,1
15570,17.0,2011,11.0,82.0,3471.0,5846.0,1,0.03,6.107652813930537,6.467882595817321,45.77475613360922,0.03,6.194403554438579,6.56657391616556,44.85269484678293,0.03,6.2266573916165795,6.606709451575302,45.76973100798108,0,0,0,0,0,1
15571,1.0,2010,5.0,298.0,1652.0,4431.0,2,0.14,6.10970075440067,6.4764073763621655,45.58566176470588,0.02,6.196900251466912,6.575593461860899,44.6546875,0.02,6.225879295892737,6.6160628667225705,45.84627757352941,0,0,0,0,0,1
15572,4.0,2006,11.0,12.0,2037.0,3516.0,1,0.07,6.057909446618223,6.454225824482941,48.764652014652015,0.07,6.140609278926769,6.574768026830625,40.60225885225885,0.07,6.179580771380661,6.604046953605371,45.93101343101343,0,0,0,0,0,1
15573,15.0,2006,9.0,22.0,433.0,76.0,4,0.04,6.53,7.2,6.5,0.01,6.5,8.05,41.5,0.13,7.6,7.0,132.0,1,1,0,1,1,1
15574,1.0,2008,3.0,36.0,799.0,5847.0,4,0.25,3.4,4.93,20.0,0.59,3.4,4.93,20.0,0.59,3.4,4.93,20.0,1,0,0,0,0,1
15575,13.0,1998,9.0,96.0,239.0,5848.0,1,0.03,7.0,7.0,8.0,2.25,7.0,7.0,8.0,2.25,7.0,7.0,8.0,0,0,0,0,0,1
15576,7.0,2006,10.0,419.0,3472.0,5849.0,1,0.07,6.057909446618223,6.454225824482941,48.764652014652015,0.07,6.140609278926769,6.574768026830625,40.60225885225885,0.07,6.179580771380661,6.604046953605371,45.93101343101343,0,0,0,0,0,1
15577,9.0,2001,4.0,126.0,1237.0,5850.0,1,0.06,6.0,6.0,1.0,0.12,8.0,8.0,1.0,0.12,8.0,8.0,1.0,1,0,0,0,0,1
15578,14.0,2005,10.0,15.0,221.0,110.0,3,0.55,8.2,8.9,98.0,0.06,6.47,4.15,1.0,0.32,5.5,6.78,2.0,0,0,1,0,0,1
15579,9.0,2005,5.0,189.0,3473.0,3364.0,11,0.12,5.936334519572957,6.371731909845787,44.6111833550065,0.12,6.069098457888501,6.534733096085411,34.02925877763329,0.12,6.109596678529062,6.556631079478051,39.31014304291288,1,0,0,0,0,1
15580,15.0,2002,8.0,2.0,522.0,5851.0,10,0.1,2.8,3.4,0.0,0.99,7.45,8.3,0.0,0.99,7.45,8.3,0.0,0,0,0,1,1,1
15581,17.0,2012,9.0,292.0,3474.0,5852.0,1,0.02,6.0,6.0,1.0,0.02,6.0,6.0,1.0,0.02,6.0,6.0,1.0,0,0,0,0,0,1
15582,7.0,2008,9.0,228.0,2334.0,4058.0,1,0.02,6.076557377049176,6.4289414021625335,50.52577025484975,0.02,6.1574189047785115,6.543221137077076,48.40728413845569,0.04,6.202197418904775,6.585209277990916,49.56694560669456,0,0,0,0,0,1
15583,1.0,2007,6.0,26.0,2854.0,4978.0,1,0.03,6.099566138746374,6.4607807271916755,47.55820785897907,0.03,6.186688601383021,6.564681017176054,46.14738646101114,0.04,6.2206457729199345,6.6001962971225066,47.53813196229649,0,0,0,0,0,1
15584,14.0,2003,7.0,106.0,577.0,5853.0,7,0.14,5.65,5.17,8.5,0.02,7.25,6.5,4.0,0.02,7.25,6.5,4.0,0,0,0,0,0,1
15585,17.0,2009,4.0,208.0,3475.0,5854.0,1,0.04,4.9,4.9,2.0,0.04,4.9,4.9,2.0,0.04,4.9,4.9,2.0,1,0,0,0,0,1
15586,15.0,2014,9.0,17.0,433.0,76.0,12,0.03,6.43,6.52,37.0,0.59,8.67,8.18,544.5,0.6,8.0,7.7,644.0,0,0,0,1,0,1
15587,15.0,2015,9.0,17.0,57.0,25.0,6,0.12,7.8,7.95,22.0,0.12,7.8,7.95,22.0,0.12,7.8,7.95,22.0,1,1,1,1,0,1
15588,23.0,2014,11.0,458.0,3277.0,5583.0,1,0.03,8.5,8.5,2.0,0.03,8.5,8.5,2.0,0.02,8.5,8.5,2.0,0,0,0,0,0,1
15589,7.0,2006,4.0,292.0,3476.0,3811.0,1,0.05,6.0,7.1,48.764652014652015,0.05,6.0,7.1,40.60225885225885,0.06,6.0,7.1,45.93101343101343,0,0,0,0,0,1
15590,17.0,2012,9.0,486.0,3477.0,5855.0,1,0.03,6.75,6.75,3.0,0.03,6.75,6.75,3.0,0.03,6.75,6.75,3.0,0,0,0,0,0,1
15591,19.0,2002,1.0,9.0,11.0,1568.0,12,0.14,8.4,8.4,2.0,0.1,4.15,7.65,2.0,0.21,8.2,8.0,8.0,1,0,1,0,0,1
15592,1.0,2009,1.0,60.0,3478.0,5856.0,1,0.1,6.8,6.8,47.58155002891845,0.1,6.8,6.8,45.36119144013881,0.1,6.8,6.8,49.094852515905146,0,0,0,0,0,1
15593,6.0,2014,1.0,81.0,1359.0,4710.0,6,0.19,5.27,6.15,48.5,0.08,4.9,6.45,29.0,0.03,5.9,6.25,15.5,0,0,0,0,0,1
15594,14.0,2006,1.0,5.0,891.0,4076.0,4,0.03,4.3,6.5,1.0,0.08,5.8,5.3,0.0,0.08,5.8,5.3,0.0,0,0,0,0,0,1
15595,13.0,1996,4.0,251.0,1014.0,5857.0,1,0.25,7.0,7.0,3.0,0.08,7.0,7.0,3.0,0.08,7.0,7.0,3.0,0,0,0,0,0,1
15596,1.0,2010,1.0,489.0,3479.0,123.0,5,0.0,0.0,0.0,0.0,0.0,0.0,0.0,0.0,3.92,8.1,7.1,1.0,0,0,0,0,0,1
15597,9.0,2002,6.0,11.0,277.0,3974.0,6,0.06,7.98,7.45,33.0,1.94,7.98,5.2,1.0,1.94,7.98,5.2,1.0,1,0,0,0,0,1
15598,15.0,2000,8.0,120.0,1612.0,5858.0,1,0.12,7.0,4.8,9.0,0.12,7.0,4.8,9.0,0.12,7.0,4.8,9.0,0,0,0,0,0,1
15599,7.0,2005,4.0,54.0,284.0,386.0,1,0.15,7.5,8.2,3.5,0.09,6.17,7.68,3.5,1.81,8.8,8.07,33.0,0,0,0,0,0,1
15600,9.0,2002,1.0,15.0,87.0,1922.0,6,0.07,4.25,7.8,2.0,0.03,7.1,7.8,2.0,0.07,4.4,0.5,2.0,1,0,1,0,0,1
15601,15.0,2010,5.0,86.0,474.0,1754.0,4,0.02,3.0,4.2,1.0,0.03,6.7,4.2,1.0,0.05,7.8,6.8,1.0,0,1,0,0,0,1
15602,9.0,2003,2.0,40.0,2101.0,5859.0,12,0.17,7.2,5.05,1.0,0.05,7.0,8.15,1.0,0.05,7.0,8.15,1.0,0,0,0,0,0,1
15603,4.0,2008,2.0,130.0,3480.0,5860.0,2,0.09,3.8,3.8,0.0,0.09,3.8,3.8,0.0,0.09,3.8,3.8,0.0,0,0,0,0,0,1
15604,6.0,2009,3.0,201.0,1040.0,2288.0,5,0.2,6.3,7.4,5.0,0.21,6.3,7.4,5.0,0.21,6.3,7.4,5.0,0,0,0,0,0,1
15605,15.0,2016,9.0,440.0,75.0,4378.0,7,0.06,6.45,7.0,9.0,0.06,6.45,7.0,9.0,0.06,6.45,7.0,9.0,0,0,0,0,0,1
15606,7.0,2006,6.0,551.0,3481.0,5861.0,1,0.02,6.057909446618223,6.454225824482941,48.764652014652015,0.02,6.140609278926769,6.574768026830625,40.60225885225885,0.02,6.179580771380661,6.604046953605371,45.93101343101343,0,0,0,1,0,1
15607,17.0,2011,12.0,49.0,1556.0,1160.0,1,0.04,6.107652813930537,6.467882595817321,45.77475613360922,0.04,6.194403554438579,6.56657391616556,44.85269484678293,0.13,6.2266573916165795,6.606709451575302,45.76973100798108,0,0,0,0,0,1
15608,19.0,2002,1.0,15.0,791.0,1922.0,12,0.13,6.0,7.2,46.100670307845085,0.04,4.4,7.1,45.57816120489904,0.03,6.4,7.1,46.971367096987755,1,0,0,0,0,1
15609,7.0,2004,7.0,99.0,570.0,4868.0,11,0.16,5.1,5.9,84.0,0.06,7.6,5.9,84.0,0.06,7.6,5.9,84.0,1,0,0,0,0,1
15610,6.0,2011,4.0,331.0,3482.0,3579.0,1,0.08,7.0,7.45,1.0,0.08,7.0,7.45,1.0,0.09,7.0,7.45,1.0,1,0,0,0,0,1
15611,11.0,2014,6.0,6.0,3483.0,5862.0,1,0.4,6.0370023640661925,6.4082836879432445,47.3185817805383,0.4,6.127933806146561,6.533567375886503,45.40683229813665,0.4,6.178366430260039,6.570146572104003,49.021868530020704,0,0,0,0,0,1
15612,4.0,2008,6.0,568.0,3484.0,5863.0,1,0.0,0.0,0.0,0.0,0.0,0.0,0.0,0.0,0.0,0.0,0.0,0.0,0,0,0,0,0,1
15613,7.0,2002,3.0,88.0,680.0,2229.0,1,0.0,0.0,0.0,0.0,0.28,5.4,0.0,0.0,0.06,6.0,5.2,5.0,0,0,0,0,0,1
15614,14.0,2003,3.0,168.0,1678.0,5864.0,1,0.01,4.2,5.6,47.685338686698614,0.13,5.55,5.6,46.47707550835384,0.13,5.55,5.6,47.855459137417434,0,0,0,0,0,1
15615,19.0,2003,3.0,40.0,649.0,3840.0,9,0.07,7.05,7.5,0.0,0.09,6.9,8.05,4.5,0.09,6.9,8.05,4.5,0,0,0,0,0,1
15616,17.0,2010,4.0,15.0,3485.0,5865.0,1,0.03,6.036517973148549,6.446041576440007,42.41893830703013,0.03,6.13182763100909,6.5621524469467225,36.190578670492584,0.03,6.158211346903418,6.59756604590732,41.083213773314206,0,0,0,0,0,1
15617,4.0,2007,5.0,155.0,145.0,5866.0,11,0.47,6.5,7.25,22.0,1.19,6.93,7.25,22.0,1.19,6.93,7.25,22.0,0,0,1,0,0,1
15618,15.0,2004,7.0,11.0,49.0,1010.0,3,0.11,5.6,6.95,1.0,0.32,5.6,6.95,1.0,0.01,8.53,8.0,65.5,1,0,0,1,1,1
15619,7.0,2006,1.0,4.0,101.0,1163.0,9,0.2,6.8,7.0,48.248510874082285,0.12,6.6,7.7,46.851849286604796,0.53,6.3,6.3,48.092395068569054,0,0,0,0,1,1
15620,17.0,2009,4.0,134.0,3486.0,4507.0,1,0.5,5.8,5.8,19.0,0.5,5.8,5.8,19.0,0.04,5.8,5.8,6.0,0,0,0,0,0,1
15621,14.0,2006,7.0,22.0,315.0,4068.0,5,0.14,8.05,8.3,98.0,0.08,5.55,6.65,12.0,0.04,6.53,7.2,6.5,0,0,0,0,0,1
15622,19.0,2003,2.0,177.0,2927.0,5867.0,9,0.14,6.2,8.7,47.787334469647305,0.14,6.2,8.7,46.592762554084175,0.14,6.2,8.7,47.85302215812246,0,0,0,0,0,1
15623,6.0,2015,9.0,26.0,1672.0,2775.0,1,0.02,6.023708006279429,6.380546310832016,44.238808539944905,0.02,6.098238618524324,6.497463108320238,40.88240358126722,0.02,6.122084772370479,6.520916797488228,43.51325757575758,0,0,0,0,0,1
15624,4.0,2007,1.0,88.0,513.0,5599.0,12,0.03,6.08544218427064,6.449484390297025,46.930714968914394,0.07,6.172533449363662,6.553195909931529,45.4678981348637,0.07,6.207361035570555,6.590356793212271,46.8644787183166,0,0,0,0,0,1
15625,10.0,2012,6.0,125.0,3487.0,1292.0,1,0.03,6.072961653015631,6.425969843633651,50.50295255548768,0.03,6.152457185405805,6.543201787043918,48.179596823457544,0.03,6.196662323157107,6.5816586001488995,49.25208715129302,0,0,0,0,0,1
15626,15.0,1999,11.0,91.0,817.0,4994.0,12,0.41,6.09069493226292,6.440864274962418,48.032775644541964,0.58,6.176378575012557,6.5550539387857985,46.64447339550192,0.58,6.216085047666845,6.594136979428034,47.79155238617663,0,0,0,0,0,1
15627,17.0,2006,4.0,15.0,87.0,3316.0,1,0.02,6.0,6.0,3.0,0.02,6.0,6.0,3.0,0.12,6.0,6.0,3.0,0,0,1,0,0,1
15628,15.0,2006,12.0,3.0,1714.0,2851.0,10,0.08,7.77,7.6,14.5,0.11,8.55,8.4,16.0,0.11,8.55,8.4,16.0,0,0,0,0,0,1
15629,4.0,2007,8.0,15.0,3488.0,5868.0,1,0.02,6.099566138746374,6.4607807271916755,47.55820785897907,0.02,6.186688601383021,6.564681017176054,46.14738646101114,0.02,6.2206457729199345,6.6001962971225066,47.53813196229649,0,0,0,0,0,1
15630,17.0,2006,11.0,122.0,206.0,5869.0,1,0.37,6.0,7.0,13.0,2.05,6.0,7.0,13.0,2.05,6.0,7.0,13.0,0,0,0,0,0,1
15631,11.0,2016,8.0,49.0,2370.0,1336.0,1,0.02,6.139692021200393,6.5099813780261035,46.00420630552716,0.02,6.228947858472998,6.612544764360438,45.91736771758786,0.02,6.258451511244804,6.6494134078212355,47.09733469612391,0,0,0,0,0,1
15632,4.0,2005,6.0,35.0,782.0,5870.0,12,0.11,3.5,3.5,49.11326567596955,0.11,3.5,3.5,47.151141718013776,0.11,3.5,3.5,48.1197897789054,0,0,0,0,0,1
15633,6.0,2011,12.0,59.0,2113.0,3659.0,1,0.02,5.0,5.0,45.77475613360922,0.02,5.0,5.0,44.85269484678293,0.1,5.0,5.0,45.76973100798108,0,0,0,0,0,1
15634,8.0,1994,1.0,465.0,3489.0,5871.0,1,0.05,6.060073064770927,6.419377962085287,50.71839204668252,0.05,6.1445201421800935,6.542274881516566,48.91938621136806,0.05,6.189670221169031,6.580169826224309,49.949751458828615,0,0,0,0,0,1
15635,1.0,2010,9.0,35.0,3490.0,5872.0,5,0.06,6.067674978747517,6.4074128648342485,49.88838251197281,0.06,6.148580334372342,6.52310427883255,48.341572686544104,0.06,6.194015301785197,6.565334372343457,49.79777537463309,0,0,0,0,0,1
15636,23.0,2014,11.0,379.0,2063.0,3564.0,1,0.03,6.0370023640661925,6.4082836879432445,47.3185817805383,0.03,6.127933806146561,6.533567375886503,45.40683229813665,0.03,6.178366430260039,6.570146572104003,49.021868530020704,0,0,0,0,0,1
15637,4.0,2008,7.0,455.0,1284.0,5834.0,1,0.02,6.7,5.7,50.52577025484975,0.05,5.8,5.7,48.40728413845569,0.05,5.8,5.7,49.56694560669456,0,0,0,0,0,1
15638,23.0,2015,11.0,291.0,3491.0,5873.0,1,0.03,6.023708006279429,6.380546310832016,44.238808539944905,0.03,6.098238618524324,6.497463108320238,40.88240358126722,0.03,6.122084772370479,6.520916797488228,43.51325757575758,0,0,0,0,0,1
15639,15.0,2004,11.0,497.0,1855.0,3122.0,5,0.04,6.3,7.5,32.0,0.02,7.05,6.75,4.0,0.03,6.73,8.22,105.0,1,0,0,0,0,1
15640,9.0,2004,7.0,26.0,424.0,701.0,10,0.2,7.7,8.05,1.0,0.08,7.7,8.05,1.0,0.06,4.5,7.6,1.0,0,0,0,0,0,1
15641,4.0,2010,5.0,68.0,938.0,3418.0,10,0.12,8.3,7.45,5.0,0.12,8.3,7.45,5.0,0.11,6.8,6.3,4.0,0,0,0,0,0,1
15642,15.0,2011,12.0,207.0,692.0,3739.0,9,0.36,7.57,7.83,18.0,0.02,7.57,7.9,18.0,0.09,5.75,4.05,4.0,0,0,0,0,0,1
15643,17.0,2011,11.0,517.0,3218.0,5501.0,1,0.02,6.107652813930537,6.467882595817321,45.77475613360922,0.02,6.194403554438579,6.56657391616556,44.85269484678293,0.02,6.2266573916165795,6.606709451575302,45.76973100798108,0,0,0,0,0,1
15644,7.0,2007,6.0,59.0,3492.0,5874.0,1,0.04,6.099566138746374,6.4607807271916755,47.55820785897907,0.04,6.186688601383021,6.564681017176054,46.14738646101114,0.04,6.2206457729199345,6.6001962971225066,47.53813196229649,0,0,0,0,0,1
15645,15.0,2008,9.0,6.0,62.0,1224.0,2,0.05,4.75,5.55,18.0,0.59,4.75,5.55,18.0,0.59,4.75,5.55,18.0,0,0,1,0,0,1
15646,10.0,2013,9.0,239.0,948.0,817.0,10,0.09,6.098904346244777,6.463935260956605,45.335564435564436,0.26,6.188481542098587,6.563615202764193,44.153296703296704,0.56,6.2197063102382515,6.60443626113844,45.17992007992008,0,0,0,0,0,1
15647,17.0,2010,11.0,94.0,3493.0,5875.0,1,0.03,6.036517973148549,6.446041576440007,42.41893830703013,0.03,6.13182763100909,6.5621524469467225,36.190578670492584,0.03,6.158211346903418,6.59756604590732,41.083213773314206,0,0,0,0,0,1
15648,17.0,2009,11.0,458.0,3494.0,5876.0,1,0.05,8.5,8.5,2.0,0.05,8.5,8.5,2.0,0.05,8.5,8.5,2.0,0,0,0,0,0,1
15649,7.0,2002,11.0,569.0,3495.0,5877.0,1,0.0,0.0,0.0,0.0,0.0,0.0,0.0,0.0,0.0,0.0,0.0,0.0,0,0,0,0,0,1
15650,9.0,2007,6.0,59.0,147.0,5878.0,1,0.02,6.099566138746374,6.4607807271916755,47.55820785897907,0.02,6.186688601383021,6.564681017176054,46.14738646101114,0.02,6.2206457729199345,6.6001962971225066,47.53813196229649,0,0,0,0,0,1
15651,4.0,2009,11.0,340.0,3496.0,5879.0,1,0.02,4.0,5.0,1.0,0.02,4.0,5.0,1.0,0.02,4.0,5.0,1.0,0,0,0,0,0,1
15652,7.0,2006,11.0,437.0,1546.0,5880.0,8,0.0,0.0,0.0,0.0,0.12,3.9,7.9,0.0,0.12,3.9,7.9,0.0,0,0,0,0,0,1
15653,18.0,2015,11.0,179.0,590.0,2765.0,10,0.17,6.5,6.7,26.0,0.08,6.5,6.65,7.0,0.17,6.5,6.7,26.0,0,0,0,0,0,1
15654,15.0,2003,11.0,383.0,1855.0,5881.0,2,0.03,6.73,8.22,105.0,0.03,6.73,8.22,105.0,0.03,6.73,8.22,105.0,0,0,0,0,0,1
15655,17.0,2013,12.0,26.0,2839.0,4952.0,1,0.03,3.0,4.4,5.0,0.03,3.0,4.4,5.0,0.01,3.0,4.4,5.0,0,0,0,0,0,1
15656,4.0,2010,11.0,280.0,3497.0,5882.0,1,0.03,6.036517973148549,6.446041576440007,42.41893830703013,0.03,6.13182763100909,6.5621524469467225,36.190578670492584,0.03,6.158211346903418,6.59756604590732,41.083213773314206,0,0,0,0,0,1
15657,6.0,2015,9.0,26.0,1672.0,2775.0,1,0.02,6.023708006279429,6.380546310832016,44.238808539944905,0.02,6.098238618524324,6.497463108320238,40.88240358126722,0.02,6.122084772370479,6.520916797488228,43.51325757575758,0,0,0,0,0,1
15658,7.0,2007,11.0,134.0,3498.0,5883.0,1,0.04,7.0,7.0,18.0,0.04,7.0,7.0,18.0,0.04,7.0,7.0,18.0,0,0,0,0,0,1
15659,17.0,2006,4.0,292.0,841.0,5884.0,4,0.03,4.7,5.6,1.0,0.03,4.7,5.6,1.0,0.03,4.7,5.6,1.0,0,0,0,0,0,1
15660,11.0,2016,9.0,42.0,3499.0,5885.0,1,0.05,7.75,7.3,19.0,0.05,7.75,7.3,19.0,0.05,7.75,7.3,19.0,0,0,0,0,0,1
15661,7.0,2006,6.0,105.0,573.0,5453.0,4,0.02,1.65,3.15,2.0,0.02,1.65,3.15,2.0,0.03,1.65,3.15,2.0,0,0,0,0,0,1
15662,23.0,2016,11.0,292.0,3500.0,5886.0,1,0.02,6.139692021200393,6.5099813780261035,46.00420630552716,0.02,6.228947858472998,6.612544764360438,45.91736771758786,0.02,6.258451511244804,6.6494134078212355,47.09733469612391,0,0,0,0,0,1
15663,14.0,2005,7.0,13.0,2912.0,5066.0,11,0.11,7.15,7.05,28.0,0.04,3.83,5.8,2.0,0.04,3.83,5.8,2.0,0,0,0,0,0,1
15664,1.0,2010,9.0,313.0,3501.0,257.0,1,0.03,4.25,8.5,1.0,0.03,4.25,8.5,1.0,0.29,4.25,8.5,1.0,0,0,0,0,0,1
15665,7.0,2010,11.0,82.0,3502.0,5887.0,1,0.02,6.036517973148549,6.446041576440007,42.41893830703013,0.02,6.13182763100909,6.5621524469467225,36.190578670492584,0.02,6.158211346903418,6.59756604590732,41.083213773314206,0,0,0,0,0,1
15666,18.0,2016,9.0,49.0,253.0,3915.0,2,0.02,6.128506397828617,6.492884063590576,46.048468085106386,0.02,6.210574641333858,6.590147343931802,45.15242553191489,0.02,6.244124079100441,6.630502520356739,46.48744680851064,0,0,0,0,0,1
15667,17.0,2013,11.0,292.0,3503.0,5888.0,1,0.02,6.016843832020995,6.3843011811023525,43.64141414141414,0.02,6.091391076115479,6.49972440944881,40.217532467532465,0.02,6.117578740157478,6.52308070866142,43.198232323232325,0,0,0,0,0,1
15668,4.0,2006,4.0,101.0,3504.0,2968.0,1,0.23,4.0,6.0,1.0,0.23,4.0,6.0,1.0,0.15,4.0,8.3,1.0,1,0,0,0,0,1
15669,13.0,2001,10.0,26.0,424.0,588.0,2,0.04,5.1,8.7,46.09300044583148,0.35,5.1,8.7,45.315292019616585,0.11,5.1,8.7,46.52278198840838,1,0,0,0,0,1
15670,17.0,2010,11.0,59.0,2569.0,4480.0,1,0.02,6.036517973148549,6.446041576440007,42.41893830703013,0.02,6.13182763100909,6.5621524469467225,36.190578670492584,0.03,6.158211346903418,6.59756604590732,41.083213773314206,0,0,0,0,0,1
15671,15.0,2010,12.0,207.0,1270.0,5889.0,7,0.04,6.75,8.3,7.0,0.29,6.75,6.7,4.0,0.29,6.75,6.7,4.0,0,0,0,0,0,1
15672,15.0,2016,11.0,103.0,1397.0,5890.0,3,0.04,6.1,9.2,8.0,0.06,6.1,6.7,8.0,0.06,6.1,6.7,8.0,0,0,0,0,0,1
15673,18.0,2015,1.0,127.0,217.0,860.0,7,0.05,7.0,7.0,1.5,0.14,5.25,7.38,4.0,0.08,4.9,4.15,8.0,1,0,0,0,0,1
15674,14.0,2006,9.0,13.0,713.0,480.0,2,0.27,6.55,8.45,190.0,0.09,8.0,6.8,190.0,1.02,8.0,6.7,17.0,1,0,0,0,1,1
15675,19.0,2003,12.0,168.0,1678.0,2786.0,12,0.08,6.0,7.0,1.0,0.17,6.27,7.75,10.5,0.17,6.27,7.75,10.5,0,0,0,0,0,1
15676,4.0,2009,3.0,167.0,1692.0,5891.0,2,0.02,5.7,7.0,1.0,0.01,5.7,7.0,1.0,0.01,5.7,7.0,1.0,0,0,0,0,0,1
15677,17.0,2011,9.0,204.0,3505.0,5892.0,1,0.02,6.107652813930537,6.467882595817321,45.77475613360922,0.02,6.194403554438579,6.56657391616556,44.85269484678293,0.02,6.2266573916165795,6.606709451575302,45.76973100798108,0,0,0,0,0,1
15678,17.0,2012,9.0,292.0,901.0,1385.0,1,0.02,8.0,8.0,1.0,0.1,8.0,8.0,1.0,0.02,8.0,8.0,1.0,0,0,0,0,0,1
15679,4.0,2009,6.0,42.0,1699.0,5893.0,11,0.14,7.73,7.57,148.0,0.17,5.2,7.57,148.0,0.17,5.2,7.57,148.0,0,0,0,0,0,1
15680,14.0,2005,3.0,177.0,3506.0,5894.0,2,0.02,5.0,6.0,1.0,0.01,5.65,7.0,1.0,0.01,5.65,7.0,1.0,0,0,0,0,0,1
15681,4.0,2007,2.0,12.0,3507.0,2733.0,7,0.07,3.37,3.7,2.5,0.07,3.37,3.7,2.5,0.18,7.8,7.4,2.5,0,0,0,0,0,1
15682,5.0,2010,11.0,379.0,2877.0,5011.0,1,0.02,6.0,6.0,1.0,0.02,6.0,6.0,1.0,0.02,6.0,6.0,1.0,0,0,0,0,0,1
15683,4.0,2008,11.0,67.0,3042.0,5257.0,1,0.04,6.076557377049176,6.4289414021625335,50.52577025484975,0.04,6.1574189047785115,6.543221137077076,48.40728413845569,0.03,6.202197418904775,6.585209277990916,49.56694560669456,0,0,0,0,0,1
15684,4.0,2006,6.0,54.0,2168.0,5895.0,11,0.1,7.5,8.55,21.0,0.04,7.5,8.55,21.0,0.04,7.5,8.55,21.0,0,0,0,0,0,1
15685,5.0,2006,1.0,9.0,3508.0,498.0,10,0.46,7.65,7.3,24.0,0.46,7.65,7.3,24.0,0.01,7.5,8.57,29.5,1,0,0,0,0,1
15686,6.0,2015,9.0,26.0,1672.0,2775.0,1,0.02,6.023708006279429,6.380546310832016,44.238808539944905,0.02,6.098238618524324,6.497463108320238,40.88240358126722,0.02,6.122084772370479,6.520916797488228,43.51325757575758,0,0,0,0,0,1
15687,15.0,2010,12.0,338.0,3509.0,5896.0,5,0.02,8.4,8.33,102.0,0.02,7.1,7.1,102.0,0.02,7.1,7.1,102.0,0,0,0,0,0,1
15688,4.0,2009,8.0,12.0,958.0,5442.0,11,0.08,5.945329457364344,6.3206201550387675,32.76409185803758,0.08,6.042635658914737,6.440271317829467,23.798538622129435,0.08,6.047189922480624,6.441937984496127,28.856993736951985,0,0,0,0,0,1
15689,4.0,2009,6.0,97.0,1042.0,5897.0,1,0.21,6.06531266560678,6.414785373608896,47.58155002891845,0.1,6.151277159512439,6.537713301536816,45.36119144013881,0.1,6.18789083200847,6.572859035506092,49.094852515905146,0,0,0,0,0,1
15690,17.0,2010,11.0,486.0,3510.0,5898.0,1,0.01,6.036517973148549,6.446041576440007,42.41893830703013,0.01,6.13182763100909,6.5621524469467225,36.190578670492584,0.01,6.158211346903418,6.59756604590732,41.083213773314206,0,0,0,0,0,1
15691,15.0,2006,9.0,5.0,60.0,235.0,9,0.06,5.65,5.5,1.0,0.64,7.05,7.4,28.0,0.64,7.05,7.4,28.0,0,0,1,0,0,1
15692,1.0,2011,1.0,152.0,441.0,2162.0,3,0.09,7.77,7.8,33.0,0.05,7.77,5.0,1.0,0.06,3.0,5.0,1.0,0,0,0,0,0,1
15693,4.0,2010,6.0,26.0,3511.0,5899.0,1,0.02,6.036517973148549,6.446041576440007,42.41893830703013,0.02,6.13182763100909,6.5621524469467225,36.190578670492584,0.02,6.158211346903418,6.59756604590732,41.083213773314206,0,0,0,0,0,1
15694,15.0,2006,9.0,22.0,291.0,382.0,9,0.06,3.35,5.0,3.0,0.14,6.6,6.68,74.5,0.14,6.6,6.68,74.5,1,0,0,0,0,1
15695,23.0,2015,9.0,442.0,3512.0,5900.0,1,0.03,6.023708006279429,6.380546310832016,44.238808539944905,0.03,6.098238618524324,6.497463108320238,40.88240358126722,0.03,6.122084772370479,6.520916797488228,43.51325757575758,0,0,0,0,0,1
15696,15.0,2006,8.0,6.0,811.0,895.0,3,0.06,5.2,5.65,41.0,0.39,8.2,8.18,3.0,0.42,5.92,6.25,15.5,0,0,1,0,1,1
15697,4.0,2007,6.0,15.0,1385.0,5901.0,4,0.05,7.6,7.8,20.0,0.25,6.0,6.7,20.0,0.25,6.0,6.7,20.0,0,0,0,0,0,1
15698,7.0,2007,11.0,228.0,3513.0,5902.0,1,0.02,6.099566138746374,6.4607807271916755,47.55820785897907,0.02,6.186688601383021,6.564681017176054,46.14738646101114,0.02,6.2206457729199345,6.6001962971225066,47.53813196229649,0,0,0,0,0,1
15699,17.0,2011,11.0,379.0,2877.0,5011.0,1,0.04,6.107652813930537,6.467882595817321,45.77475613360922,0.04,6.194403554438579,6.56657391616556,44.85269484678293,0.01,6.2266573916165795,6.606709451575302,45.76973100798108,0,0,0,0,0,1
15700,17.0,2012,9.0,292.0,3514.0,5903.0,1,0.02,6.072961653015631,6.425969843633651,50.50295255548768,0.02,6.152457185405805,6.543201787043918,48.179596823457544,0.02,6.196662323157107,6.5816586001488995,49.25208715129302,0,0,0,0,0,1
15701,14.0,2003,7.0,11.0,1657.0,5148.0,1,0.18,6.8,6.2,9.0,0.18,6.8,5.15,1.0,0.18,6.8,5.15,1.0,0,0,0,0,0,1
15702,1.0,2013,1.0,59.0,548.0,5113.0,7,0.03,3.8,3.8,45.88387999378206,0.04,3.8,3.8,45.936615886833515,0.04,3.8,3.8,47.199984455153114,0,0,0,0,1,1
15703,4.0,2009,3.0,364.0,1207.0,5904.0,6,0.0,0.0,0.0,0.0,0.04,5.9,0.0,0.0,0.04,5.9,0.0,0.0,0,0,0,0,0,1
15704,4.0,2009,5.0,224.0,3515.0,5905.0,10,0.31,6.017120127287195,6.416451869530627,39.8933506044905,0.31,6.130859188544151,6.552171837708827,32.29706390328152,0.31,6.161694510739854,6.5963723150357945,34.81476683937824,0,0,0,0,0,1
15705,4.0,2010,5.0,15.0,87.0,3982.0,2,0.19,3.0,3.0,45.58566176470588,0.19,3.0,3.0,44.6546875,0.19,3.0,3.0,45.84627757352941,0,0,1,0,0,1
15706,13.0,1996,11.0,89.0,2465.0,4321.0,1,0.04,6.0,6.0,1.0,0.06,7.4,7.4,16.0,0.06,7.4,7.4,16.0,0,0,0,0,0,1
15707,13.0,2001,9.0,13.0,51.0,5906.0,9,0.77,7.2,8.1,16.0,2.34,7.8,8.13,132.0,2.34,7.8,8.13,132.0,0,0,1,0,0,1
15708,4.0,2008,6.0,280.0,3516.0,5907.0,1,0.2,2.0,2.0,1.0,0.2,2.0,2.0,1.0,0.2,2.0,2.0,1.0,0,0,0,0,0,1
15709,15.0,2014,4.0,81.0,1416.0,2140.0,6,0.03,5.9,6.25,15.5,0.14,8.1,7.77,86.0,0.14,8.1,7.77,86.0,1,0,0,0,0,1
15710,1.0,2008,9.0,17.0,3207.0,5487.0,1,0.03,6.0,6.0,50.52577025484975,0.03,6.0,6.0,48.40728413845569,0.03,6.0,6.0,49.56694560669456,1,0,0,0,0,1
15711,5.0,2010,12.0,486.0,2164.0,5524.0,1,0.02,7.3,7.7,42.41893830703013,0.09,7.3,7.7,36.190578670492584,0.02,7.3,7.7,41.083213773314206,1,0,0,0,0,1
15712,9.0,2006,9.0,68.0,3282.0,5587.0,1,0.09,7.1,7.1,48.764652014652015,0.09,7.1,7.1,40.60225885225885,0.09,7.1,7.1,45.93101343101343,0,0,0,0,0,1
15713,15.0,2009,11.0,144.0,3517.0,4118.0,5,0.51,6.5,7.05,59.0,0.51,6.5,7.05,59.0,0.07,6.25,6.75,15.0,0,0,0,0,0,1
15714,4.0,2010,9.0,69.0,3518.0,5908.0,1,0.05,6.036517973148549,6.446041576440007,42.41893830703013,0.05,6.13182763100909,6.5621524469467225,36.190578670492584,0.05,6.158211346903418,6.59756604590732,41.083213773314206,0,0,0,0,0,1
15715,23.0,2015,9.0,292.0,3519.0,5909.0,1,0.02,6.023708006279429,6.380546310832016,44.238808539944905,0.02,6.098238618524324,6.497463108320238,40.88240358126722,0.02,6.122084772370479,6.520916797488228,43.51325757575758,0,0,0,0,0,1
15716,7.0,2010,11.0,292.0,3520.0,5910.0,1,0.02,6.036517973148549,6.446041576440007,42.41893830703013,0.02,6.13182763100909,6.5621524469467225,36.190578670492584,0.02,6.158211346903418,6.59756604590732,41.083213773314206,0,0,0,0,0,1
15717,23.0,2015,11.0,292.0,3521.0,5911.0,1,0.02,5.0,5.0,44.238808539944905,0.02,5.0,5.0,40.88240358126722,0.02,5.0,5.0,43.51325757575758,0,0,0,0,0,1
15718,17.0,2007,5.0,59.0,3522.0,1836.0,4,0.01,6.10560068813916,6.4721246296473955,46.33363157894737,0.01,6.193031635286265,6.565692440026811,45.141684210526314,0.01,6.223270572493568,6.6041183217051005,46.104,0,0,0,0,0,1
15719,7.0,2007,3.0,419.0,3523.0,5912.0,1,0.06,6.099566138746374,6.4607807271916755,47.55820785897907,0.06,6.186688601383021,6.564681017176054,46.14738646101114,0.06,6.2206457729199345,6.6001962971225066,47.53813196229649,0,0,0,0,0,1
15720,14.0,2006,7.0,64.0,511.0,894.0,4,0.08,6.33,6.87,29.5,0.78,6.33,6.87,29.5,0.11,4.4,6.87,29.5,1,0,0,0,0,1
15721,5.0,2011,11.0,379.0,3262.0,5560.0,1,0.02,6.107652813930537,6.467882595817321,45.77475613360922,0.02,6.194403554438579,6.56657391616556,44.85269484678293,0.02,6.2266573916165795,6.606709451575302,45.76973100798108,0,0,0,0,0,1
15722,4.0,2007,6.0,567.0,3524.0,5913.0,1,0.02,6.099566138746374,6.4607807271916755,47.55820785897907,0.02,6.186688601383021,6.564681017176054,46.14738646101114,0.02,6.2206457729199345,6.6001962971225066,47.53813196229649,0,0,0,0,0,1
15723,15.0,2001,12.0,19.0,511.0,755.0,3,0.05,3.2,3.5,35.0,1.06,2.0,7.9,35.0,1.06,2.0,7.9,35.0,1,0,0,0,0,1
15724,17.0,2010,11.0,157.0,3525.0,5914.0,1,0.02,6.036517973148549,6.446041576440007,42.41893830703013,0.02,6.13182763100909,6.5621524469467225,36.190578670492584,0.02,6.158211346903418,6.59756604590732,41.083213773314206,0,0,0,1,0,1
15725,13.0,2002,9.0,3.0,561.0,5915.0,5,2.07,6.0,6.0,1.0,0.22,6.0,6.0,1.0,0.22,6.0,6.0,1.0,0,0,0,0,0,1
15726,23.0,2015,9.0,292.0,3526.0,5916.0,1,0.02,6.023708006279429,6.380546310832016,44.238808539944905,0.02,6.098238618524324,6.497463108320238,40.88240358126722,0.02,6.122084772370479,6.520916797488228,43.51325757575758,0,0,0,0,0,1
15727,15.0,2007,7.0,2.0,49.0,52.0,11,0.1,7.4,7.23,160.5,0.67,8.2,7.55,68.0,6.11,8.8,8.35,682.0,1,0,0,1,0,1
15728,1.0,2007,8.0,95.0,3527.0,732.0,1,0.02,6.099566138746374,6.4607807271916755,47.55820785897907,0.02,6.186688601383021,6.564681017176054,46.14738646101114,0.12,6.2206457729199345,6.6001962971225066,47.53813196229649,1,0,0,0,1,1
15729,7.0,2005,6.0,26.0,98.0,107.0,1,0.04,6.8,8.1,50.56199677938808,0.25,6.8,8.1,37.569243156199676,0.63,6.2,8.1,43.750402576489535,1,0,0,0,1,1
15730,1.0,2011,2.0,224.0,2115.0,5917.0,6,0.02,4.3,4.3,3.0,0.06,4.3,4.3,3.0,0.06,4.3,4.3,3.0,0,0,0,0,0,1
15731,15.0,2004,3.0,36.0,130.0,215.0,9,0.05,7.7,8.3,14.0,0.08,5.6,8.3,14.0,0.1,8.2,7.65,14.0,1,0,0,0,0,1
15732,17.0,2009,4.0,254.0,901.0,5918.0,1,0.04,7.0,7.95,3.0,0.2,7.0,7.95,3.0,0.2,7.0,7.95,3.0,1,0,0,0,0,1
15733,15.0,2005,9.0,22.0,123.0,152.0,1,1.16,6.7,6.7,23.0,1.16,6.7,6.7,23.0,1.16,6.7,6.7,23.0,0,0,0,0,0,1
15735,15.0,2010,9.0,13.0,1099.0,1768.0,1,0.13,7.0,7.0,1.0,0.36,5.13,5.52,40.0,0.36,5.13,5.52,40.0,0,0,0,0,0,1
15736,4.0,2008,1.0,168.0,1633.0,2709.0,1,0.08,7.3,6.3,50.52577025484975,0.08,7.3,6.3,48.40728413845569,0.18,7.3,6.3,49.56694560669456,0,0,0,0,0,1
15737,13.0,1998,9.0,571.0,3529.0,5920.0,1,0.0,0.0,0.0,0.0,0.0,0.0,0.0,0.0,0.0,0.0,0.0,0.0,0,0,0,0,0,1
15738,9.0,2002,1.0,15.0,396.0,4581.0,5,0.01,4.0,8.0,1.0,0.01,4.0,8.0,1.0,0.05,4.5,8.0,1.0,0,0,0,0,0,1
15739,23.0,2015,11.0,572.0,3530.0,5921.0,1,0.0,0.0,0.0,0.0,0.0,0.0,0.0,0.0,0.0,0.0,0.0,0.0,0,0,0,0,0,1
15740,14.0,2003,7.0,24.0,315.0,4605.0,2,0.06,7.0,7.3,4.0,0.04,7.0,7.3,4.0,0.05,3.0,5.0,2.0,0,0,0,0,0,1
15741,15.0,2006,8.0,6.0,506.0,2210.0,12,0.1,6.1,5.38,14.0,0.03,6.95,6.6,8.0,0.03,5.63,6.83,2.0,0,0,0,0,0,1
15742,5.0,2015,1.0,8.0,2910.0,651.0,1,0.05,5.9,5.1,5.0,0.05,5.9,5.1,5.0,0.4,5.9,5.1,5.0,1,0,0,1,0,1
15743,15.0,2008,2.0,29.0,70.0,520.0,7,0.62,5.25,5.78,3.5,0.62,5.25,5.78,3.5,0.62,5.25,5.78,3.5,0,0,0,0,0,1
15744,7.0,2006,9.0,59.0,3531.0,5922.0,1,0.03,6.057909446618223,6.454225824482941,48.764652014652015,0.03,6.140609278926769,6.574768026830625,40.60225885225885,0.03,6.179580771380661,6.604046953605371,45.93101343101343,0,0,0,0,0,1
15745,9.0,2002,1.0,6.0,3532.0,5923.0,10,0.06,6.5,7.3,47.153113889207475,0.06,6.5,7.3,45.36168138547998,0.06,6.5,7.3,46.27904576212868,0,0,0,0,0,1
15746,19.0,2002,3.0,6.0,19.0,5924.0,11,0.04,6.9,8.0,4.5,0.04,7.7,8.0,4.5,0.04,7.7,8.0,4.5,0,0,1,0,0,1
15747,18.0,2016,12.0,3.0,328.0,1024.0,2,0.2,8.93,7.67,69.5,0.2,8.93,7.67,69.5,0.2,8.93,7.67,69.5,1,0,0,1,0,1
15748,4.0,2009,1.0,8.0,3533.0,5925.0,1,0.04,7.0,7.3,78.0,0.04,7.0,7.3,78.0,0.04,7.0,7.3,78.0,0,0,0,0,0,1
15749,4.0,2009,11.0,58.0,2746.0,4823.0,1,0.07,6.06531266560678,6.414785373608896,47.58155002891845,0.07,6.151277159512439,6.537713301536816,45.36119144013881,0.07,6.18789083200847,6.572859035506092,49.094852515905146,0,0,0,0,0,1
15750,5.0,2016,7.0,5.0,9.0,5836.0,5,0.03,4.0,4.5,8.0,0.73,6.77,3.45,549.5,0.73,6.77,3.45,549.5,1,0,1,1,0,1
15751,4.0,2007,6.0,15.0,1385.0,5926.0,4,0.03,6.8,5.8,4.0,0.25,6.0,6.7,20.0,0.25,6.0,6.7,20.0,0,0,0,0,0,1
15752,7.0,2007,11.0,486.0,2877.0,5011.0,1,0.0,0.0,0.0,0.0,0.0,0.0,0.0,0.0,0.02,0.0,0.0,0.0,0,0,0,0,0,1
15753,4.0,2006,4.0,26.0,3534.0,3493.0,1,0.02,6.1,6.1,9.0,0.02,6.1,6.1,9.0,0.11,6.1,6.1,9.0,0,0,0,0,0,1
15754,7.0,2006,9.0,301.0,437.0,2343.0,1,0.17,4.0,7.4,7.0,0.12,4.0,5.0,7.0,0.12,4.0,5.0,7.0,0,0,0,0,0,1
15755,5.0,2015,1.0,345.0,1950.0,2509.0,1,0.08,5.3,5.3,3.0,0.08,5.3,5.3,3.0,0.08,5.3,5.3,3.0,0,0,0,0,0,1
15756,17.0,2012,9.0,59.0,3535.0,5927.0,1,0.03,6.072961653015631,6.425969843633651,50.50295255548768,0.03,6.152457185405805,6.543201787043918,48.179596823457544,0.03,6.196662323157107,6.5816586001488995,49.25208715129302,0,0,0,0,0,1
15757,1.0,2010,3.0,162.0,619.0,1308.0,9,0.04,5.55,3.0,1.0,0.04,5.55,3.0,1.0,0.04,5.55,5.9,8.0,0,0,0,1,0,1
15758,7.0,2009,11.0,573.0,2962.0,5143.0,1,0.0,0.0,0.0,0.0,0.0,0.0,0.0,0.0,0.03,0.0,0.0,0.0,0,0,0,0,0,1
15759,15.0,2010,12.0,501.0,3190.0,5928.0,2,0.03,7.7,6.55,2.0,0.03,7.7,6.55,2.0,0.03,7.7,6.55,2.0,0,0,0,0,0,1
15760,4.0,2006,5.0,371.0,3536.0,5929.0,10,0.09,7.8,7.5,20.0,0.09,7.8,7.5,20.0,0.09,7.8,7.5,20.0,0,0,0,0,0,1
15761,19.0,2004,9.0,9.0,758.0,5930.0,3,0.08,4.1,6.2,1.0,0.24,5.6,6.2,2.0,0.24,5.6,6.2,2.0,0,0,0,0,0,1
15762,23.0,2013,1.0,49.0,2370.0,1336.0,1,0.03,6.016843832020995,6.3843011811023525,43.64141414141414,0.03,6.091391076115479,6.49972440944881,40.217532467532465,0.04,6.117578740157478,6.52308070866142,43.198232323232325,0,0,0,0,0,1
15763,17.0,2006,7.0,350.0,3537.0,5931.0,11,0.0,0.0,0.0,0.0,0.0,0.0,0.0,0.0,0.0,0.0,0.0,0.0,0,0,0,0,0,1
15764,15.0,2010,12.0,8.0,46.0,5932.0,3,0.47,7.0,7.68,178.0,0.46,7.35,6.95,52.0,0.46,7.35,6.95,52.0,0,0,1,0,0,1
15765,15.0,2005,9.0,29.0,228.0,1640.0,10,0.09,5.0,7.6,4.0,0.84,5.65,5.8,4.0,0.84,5.65,5.8,4.0,0,0,0,0,0,1
15766,5.0,2010,1.0,466.0,2699.0,616.0,1,0.05,4.0,4.0,42.41893830703013,0.05,4.0,4.0,36.190578670492584,0.05,4.0,4.0,41.083213773314206,0,0,0,0,0,1
15767,15.0,2008,12.0,243.0,3538.0,2949.0,1,0.27,5.55,5.55,0.0,0.27,5.55,5.55,0.0,0.27,5.55,5.55,0.0,0,0,0,0,0,1
15768,17.0,2012,9.0,574.0,3539.0,5933.0,1,0.0,0.0,0.0,0.0,0.0,0.0,0.0,0.0,0.0,0.0,0.0,0.0,0,0,0,0,0,1
15769,7.0,2007,9.0,228.0,3540.0,5934.0,1,0.02,6.099566138746374,6.4607807271916755,47.55820785897907,0.02,6.186688601383021,6.564681017176054,46.14738646101114,0.02,6.2206457729199345,6.6001962971225066,47.53813196229649,0,0,0,0,0,1
15770,15.0,2008,11.0,436.0,3541.0,5935.0,1,0.0,0.0,0.0,0.0,0.0,0.0,0.0,0.0,0.0,0.0,0.0,0.0,0,0,0,0,0,1
15771,20.0,2014,5.0,9.0,2009.0,4.0,4,0.05,8.0,7.7,14.0,0.05,8.0,7.7,14.0,0.05,8.0,7.7,14.0,1,0,0,0,1,1
15772,14.0,2004,6.0,2.0,3542.0,5936.0,1,0.11,6.5,8.8,47.43754583231484,0.11,6.5,8.8,46.20019555120997,0.11,6.5,8.8,48.87949156685407,0,0,0,0,0,1
15773,4.0,2008,6.0,9.0,3543.0,5937.0,1,0.04,6.076557377049176,6.4289414021625335,50.52577025484975,0.04,6.1574189047785115,6.543221137077076,48.40728413845569,0.04,6.202197418904775,6.585209277990916,49.56694560669456,0,0,0,0,0,1
15774,15.0,2011,7.0,575.0,875.0,5938.0,10,0.0,0.0,0.0,0.0,0.11,0.0,7.5,0.0,0.11,0.0,7.5,0.0,0,0,0,0,0,1
15775,10.0,2014,11.0,13.0,2264.0,5939.0,12,0.02,6.1,9.0,1.0,0.08,6.1,9.0,1.0,0.08,6.1,9.0,1.0,0,0,0,1,0,1
15776,4.0,2011,6.0,33.0,3544.0,5940.0,1,0.11,6.15,7.8,63.0,0.11,6.15,7.8,63.0,0.11,6.15,7.8,63.0,0,0,0,0,0,1
15777,4.0,2005,8.0,272.0,161.0,5941.0,11,0.02,5.7,7.9,0.0,0.26,6.45,8.5,0.0,0.26,6.45,8.5,0.0,0,0,0,0,0,1
15778,1.0,2010,8.0,158.0,853.0,5942.0,3,0.02,6.08441887842466,6.453391481164448,46.59712738403579,0.03,6.169430650684952,6.553359375000063,45.16023075111843,0.03,6.204124571917825,6.5905062071918294,46.507829055804095,0,0,0,0,0,1
15779,19.0,2005,2.0,272.0,2604.0,5651.0,3,0.02,6.3,4.5,2.0,0.02,5.9,8.1,8.0,0.02,5.9,8.1,8.0,0,0,0,0,0,1
15780,15.0,2011,12.0,338.0,3545.0,5943.0,4,0.03,7.1,7.15,10.0,0.03,7.1,7.15,10.0,0.02,7.1,7.15,10.0,0,0,0,0,0,1
15781,15.0,2005,7.0,497.0,315.0,812.0,9,0.04,6.3,7.5,32.0,0.13,5.4,7.3,2.0,0.19,6.03,7.38,20.0,1,0,0,0,0,1
15782,15.0,2009,5.0,54.0,3546.0,5944.0,12,0.12,6.108570816186554,6.4735210905350415,45.496519612454144,0.12,6.194410150891657,6.572713477366295,44.671996989935096,0.12,6.223702846364916,6.612706618655714,45.642884018436646,0,0,0,0,0,1
15783,15.0,2007,1.0,8.0,45.0,31.0,10,0.06,7.2,6.87,1.5,0.31,6.66,5.7,4.5,1.35,7.6,7.15,43.0,1,1,1,0,1,1
15784,4.0,2007,9.0,29.0,120.0,5945.0,9,0.2,5.69,6.95,30.0,0.08,5.4,8.5,30.0,0.08,5.4,8.5,30.0,0,0,0,0,0,1
15785,6.0,2014,11.0,59.0,2455.0,4306.0,1,0.03,4.0,5.2,47.3185817805383,0.03,4.0,5.2,45.40683229813665,0.03,6.0,5.2,49.021868530020704,0,0,0,0,0,1
15786,17.0,2010,4.0,26.0,2822.0,4925.0,1,0.02,6.036517973148549,6.446041576440007,42.41893830703013,0.02,6.13182763100909,6.5621524469467225,36.190578670492584,0.02,6.158211346903418,6.59756604590732,41.083213773314206,0,0,0,0,0,1
15787,4.0,2011,9.0,26.0,3547.0,5946.0,1,0.03,6.107652813930537,6.467882595817321,45.77475613360922,0.03,6.194403554438579,6.56657391616556,44.85269484678293,0.03,6.2266573916165795,6.606709451575302,45.76973100798108,0,0,0,0,0,1
15788,7.0,2010,6.0,82.0,2034.0,3509.0,1,0.02,6.036517973148549,6.446041576440007,42.41893830703013,0.02,6.13182763100909,6.5621524469467225,36.190578670492584,0.03,6.158211346903418,6.59756604590732,41.083213773314206,0,0,0,0,0,1
15789,4.0,2010,6.0,1.0,3548.0,5947.0,1,0.11,6.036517973148549,6.446041576440007,42.41893830703013,0.11,6.13182763100909,6.5621524469467225,36.190578670492584,0.11,6.158211346903418,6.59756604590732,41.083213773314206,0,0,0,0,0,1
15790,23.0,2013,11.0,337.0,2777.0,4864.0,1,0.1,7.5,7.25,6.0,0.1,7.5,7.25,6.0,0.04,7.5,7.25,6.0,0,0,0,0,0,1
15791,5.0,2010,11.0,379.0,3549.0,5948.0,1,0.02,8.6,8.6,9.0,0.02,8.6,8.6,9.0,0.02,8.6,8.6,9.0,0,0,0,0,0,1
15792,23.0,2015,9.0,292.0,3059.0,5949.0,4,0.01,6.1109415238251446,6.476698925613104,45.742625899280576,0.01,6.200751250717643,6.578148117772533,45.02117805755395,0.01,6.231272861477922,6.619456245386721,46.4044964028777,0,0,0,0,0,1
15793,5.0,2006,4.0,17.0,215.0,25.0,1,0.29,7.45,7.2,5.0,0.29,7.45,7.2,5.0,1.19,7.45,7.6,66.0,1,1,0,1,0,1
15794,15.0,2009,7.0,178.0,3550.0,5950.0,1,0.46,6.27,7.32,9.0,0.46,6.27,7.32,9.0,0.46,6.27,7.32,9.0,0,0,0,0,0,1
15795,4.0,2010,6.0,576.0,3551.0,5951.0,1,0.02,6.036517973148549,6.446041576440007,42.41893830703013,0.02,6.13182763100909,6.5621524469467225,36.190578670492584,0.02,6.158211346903418,6.59756604590732,41.083213773314206,0,0,0,0,0,1
15796,6.0,2007,1.0,49.0,2370.0,1336.0,1,0.02,6.099566138746374,6.4607807271916755,47.55820785897907,0.02,6.186688601383021,6.564681017176054,46.14738646101114,0.09,6.2206457729199345,6.6001962971225066,47.53813196229649,0,0,0,0,0,1
15797,1.0,2007,3.0,312.0,1389.0,4861.0,12,0.03,0.8,0.8,46.930714968914394,0.09,0.8,0.8,45.4678981348637,0.04,0.8,0.8,46.8644787183166,0,0,0,0,0,1
15798,11.0,2016,7.0,71.0,3552.0,5952.0,7,0.03,4.9,5.4,45.70677901187285,0.03,4.9,5.4,45.89295289161241,0.03,4.9,5.4,47.273688242052856,1,0,0,0,0,1
15799,4.0,2005,7.0,15.0,221.0,5953.0,12,0.2,4.1,6.68,2.0,1.14,7.6,7.4,1.0,1.14,7.6,7.4,1.0,0,0,1,0,0,1
15800,4.0,2011,8.0,533.0,3402.0,5752.0,1,0.03,6.107652813930537,6.467882595817321,45.77475613360922,0.03,6.194403554438579,6.56657391616556,44.85269484678293,0.03,6.2266573916165795,6.606709451575302,45.76973100798108,0,0,0,0,0,1
15801,15.0,2009,4.0,22.0,3553.0,5954.0,2,0.09,3.17,4.28,15.5,0.09,3.17,4.28,15.5,0.09,3.17,4.28,15.5,0,0,0,0,0,1
15802,17.0,2013,6.0,59.0,3058.0,5281.0,1,0.03,6.016843832020995,6.3843011811023525,43.64141414141414,0.03,6.091391076115479,6.49972440944881,40.217532467532465,0.03,6.117578740157478,6.52308070866142,43.198232323232325,0,0,0,0,0,1
15803,23.0,2014,11.0,379.0,3554.0,5955.0,1,0.03,6.0370023640661925,6.4082836879432445,47.3185817805383,0.03,6.127933806146561,6.533567375886503,45.40683229813665,0.03,6.178366430260039,6.570146572104003,49.021868530020704,0,0,0,0,0,1
15804,15.0,2013,9.0,13.0,377.0,4445.0,8,0.04,5.87,6.38,31.0,0.05,7.5,7.4,78.5,0.05,7.5,7.4,78.5,0,0,0,0,0,1
15805,1.0,2012,9.0,5.0,243.0,624.0,1,0.13,6.072961653015631,6.425969843633651,50.50295255548768,0.17,6.152457185405805,6.543201787043918,48.179596823457544,0.17,6.196662323157107,6.5816586001488995,49.25208715129302,0,0,0,0,0,1
15806,15.0,2013,2.0,81.0,3555.0,5956.0,11,0.39,6.0274140857021585,6.399246924055986,47.93929897864438,0.39,6.12477089520576,6.529007212558316,46.61176880222841,0.39,6.1756448875689305,6.568606279168417,48.86049210770659,1,0,0,0,1,1
15807,17.0,2013,11.0,473.0,2449.0,4810.0,1,0.03,6.016843832020995,6.3843011811023525,43.64141414141414,0.01,6.091391076115479,6.49972440944881,40.217532467532465,0.05,6.117578740157478,6.52308070866142,43.198232323232325,0,0,0,0,0,1
15808,23.0,2016,11.0,519.0,2372.0,3554.0,1,0.03,9.3,9.3,3.0,0.05,9.3,9.3,3.0,0.05,9.3,9.3,3.0,0,0,0,0,0,1
15809,10.0,2014,9.0,13.0,947.0,4764.0,1,0.38,7.7,7.9,72.0,0.44,8.0,7.6,67.0,0.05,8.0,8.0,1.0,0,0,0,0,0,1
15810,7.0,2007,11.0,458.0,3556.0,5957.0,1,0.02,6.099566138746374,6.4607807271916755,47.55820785897907,0.02,6.186688601383021,6.564681017176054,46.14738646101114,0.02,6.2206457729199345,6.6001962971225066,47.53813196229649,0,0,0,0,0,1
15811,4.0,2007,12.0,49.0,3557.0,5958.0,1,0.02,6.099566138746374,6.4607807271916755,47.55820785897907,0.02,6.186688601383021,6.564681017176054,46.14738646101114,0.02,6.2206457729199345,6.6001962971225066,47.53813196229649,0,0,0,0,0,1
15812,4.0,1985,9.0,577.0,3558.0,5959.0,1,0.0,0.0,0.0,0.0,0.0,0.0,0.0,0.0,0.0,0.0,0.0,0.0,0,0,0,0,0,1
15813,6.0,2010,9.0,49.0,524.0,320.0,1,0.03,5.0,6.0,4.0,0.04,5.0,6.0,4.0,0.05,5.0,6.0,4.0,0,0,0,0,0,1
15814,15.0,2009,12.0,338.0,3509.0,5960.0,4,0.02,7.85,8.2,102.0,0.02,7.85,8.2,102.0,0.02,7.85,8.2,102.0,0,0,0,0,0,1
15815,14.0,2003,3.0,11.0,662.0,4547.0,3,0.08,6.6,7.1,9.0,0.77,7.4,7.2,9.0,0.06,7.98,7.45,33.0,1,0,0,0,0,1
15816,7.0,2006,11.0,13.0,3559.0,5961.0,1,0.05,7.0,7.9,22.0,0.05,7.0,7.9,22.0,0.05,7.0,7.9,22.0,0,0,0,0,0,1
15817,9.0,2004,7.0,88.0,548.0,555.0,11,0.1,7.8,7.55,20.0,0.06,7.8,1.0,1.0,0.72,6.4,7.05,12.0,1,0,0,1,0,1
15818,7.0,2008,7.0,9.0,3560.0,4660.0,1,0.02,7.9,7.9,11.0,0.02,7.9,7.9,11.0,0.05,7.9,7.9,11.0,1,0,0,0,0,1
15819,15.0,2009,8.0,338.0,3291.0,5943.0,9,0.01,5.85,4.4,1.0,0.01,8.55,8.25,4.0,0.01,8.55,8.25,4.0,0,0,0,0,0,1
15820,10.0,2013,1.0,59.0,548.0,5113.0,7,0.02,3.8,1.6,45.88387999378206,0.03,3.8,1.6,45.936615886833515,0.03,3.8,1.6,47.199984455153114,0,0,0,0,1,1
15821,19.0,2003,9.0,54.0,779.0,5962.0,7,0.12,6.05,6.1,5.0,0.61,6.23,7.63,5.5,0.61,6.23,7.63,5.5,0,0,0,0,0,1
15822,17.0,2010,6.0,385.0,3561.0,5963.0,1,0.06,6.036517973148549,6.446041576440007,42.41893830703013,0.06,6.13182763100909,6.5621524469467225,36.190578670492584,0.06,6.158211346903418,6.59756604590732,41.083213773314206,0,0,0,0,0,1
15823,10.0,2011,6.0,418.0,3562.0,5964.0,1,0.03,6.107652813930537,6.467882595817321,45.77475613360922,0.03,6.194403554438579,6.56657391616556,44.85269484678293,0.03,6.2266573916165795,6.606709451575302,45.76973100798108,0,0,0,0,0,1
15824,15.0,2003,12.0,8.0,1032.0,487.0,1,0.19,6.0,5.7,14.0,0.4,6.0,6.4,5.0,1.55,6.0,7.75,19.0,0,0,0,0,0,1
15825,23.0,2014,11.0,578.0,3563.0,5965.0,1,0.0,0.0,0.0,0.0,0.0,0.0,0.0,0.0,0.0,0.0,0.0,0.0,0,0,0,0,0,1
15826,5.0,2006,7.0,59.0,1090.0,1760.0,1,0.02,7.9,8.1,7.0,0.07,7.9,8.1,7.0,0.17,4.0,7.4,7.0,1,0,0,0,0,1
15827,7.0,2009,11.0,468.0,3564.0,5966.0,1,0.01,6.06531266560678,6.414785373608896,47.58155002891845,0.01,6.151277159512439,6.537713301536816,45.36119144013881,0.01,6.18789083200847,6.572859035506092,49.094852515905146,0,0,0,0,0,1
15828,1.0,2010,3.0,15.0,87.0,5967.0,3,0.08,4.57,3.0,0.5,0.08,4.57,3.0,0.5,0.08,4.57,3.0,0.5,0,0,1,0,0,1
15829,23.0,2016,11.0,379.0,3565.0,5327.0,1,0.01,7.55,7.63,4.0,0.01,7.55,8.0,3.0,0.01,7.55,8.0,3.0,0,0,0,0,0,1
15830,11.0,2016,10.0,468.0,3566.0,5968.0,1,0.01,6.139692021200393,6.5099813780261035,46.00420630552716,0.01,6.228947858472998,6.612544764360438,45.91736771758786,0.01,6.258451511244804,6.6494134078212355,47.09733469612391,0,0,0,0,0,1
15831,20.0,2012,12.0,49.0,524.0,1335.0,1,0.27,7.5,7.1,64.0,0.09,7.5,7.1,64.0,0.04,7.5,7.1,64.0,1,0,0,0,0,1
15832,15.0,2004,1.0,9.0,363.0,498.0,1,0.04,6.0,6.0,6.0,0.03,6.0,8.2,6.0,0.03,6.0,8.2,6.0,0,0,0,0,0,1
15833,4.0,2011,11.0,157.0,3567.0,5969.0,1,0.02,5.0,5.0,1.0,0.02,5.0,5.0,1.0,0.01,5.0,5.0,1.0,0,0,0,0,0,1
15834,19.0,2004,2.0,11.0,337.0,670.0,3,0.09,5.8,7.0,1.0,0.28,5.47,6.93,16.5,0.13,5.85,6.1,4.0,0,0,0,0,0,1
15835,19.0,2004,7.0,68.0,330.0,1240.0,10,0.05,6.0,5.9,84.0,0.16,5.1,5.9,84.0,0.16,5.1,5.9,84.0,0,0,0,0,0,1
15836,4.0,2006,9.0,204.0,1243.0,1982.0,1,0.09,5.6,8.0,48.764652014652015,0.09,5.6,8.0,40.60225885225885,0.21,5.6,8.0,45.93101343101343,0,0,0,1,0,1
15837,17.0,2008,11.0,292.0,2738.0,4808.0,1,0.03,6.076557377049176,6.4289414021625335,50.52577025484975,0.03,6.1574189047785115,6.543221137077076,48.40728413845569,0.05,6.202197418904775,6.585209277990916,49.56694560669456,0,0,0,0,0,1
15838,14.0,2002,3.0,91.0,799.0,4964.0,9,0.08,5.35,6.9,1.0,0.07,5.35,6.9,1.0,0.04,2.55,6.7,1.0,0,0,0,0,0,1
15839,15.0,2007,7.0,5.0,160.0,1496.0,9,0.1,6.0,7.03,43.5,0.1,6.0,7.03,43.5,0.38,6.33,7.03,43.5,0,0,0,1,0,1
15840,1.0,2009,3.0,127.0,1615.0,5970.0,7,0.39,7.3,7.3,3.0,0.05,7.3,7.3,3.0,0.05,7.3,7.3,3.0,0,0,0,0,0,1
15841,15.0,2015,8.0,8.0,108.0,5971.0,5,0.34,6.75,5.35,30.0,1.44,6.0,5.5,34.0,1.44,6.0,5.5,34.0,0,0,0,0,0,1
15842,7.0,2008,11.0,453.0,3568.0,5972.0,1,0.04,6.076557377049176,6.4289414021625335,50.52577025484975,0.04,6.1574189047785115,6.543221137077076,48.40728413845569,0.04,6.202197418904775,6.585209277990916,49.56694560669456,0,0,0,0,0,1
15843,22.0,2007,7.0,579.0,1948.0,5973.0,1,0.0,0.0,0.0,0.0,0.12,6.8,0.0,0.0,0.12,6.8,0.0,0.0,0,0,0,0,0,1
15844,9.0,2006,9.0,29.0,1433.0,5974.0,8,0.09,6.45,7.5,1.0,0.1,2.5,3.5,1.0,0.1,2.5,3.5,1.0,0,0,0,0,0,1
15845,7.0,2007,12.0,15.0,87.0,3045.0,1,0.02,5.0,5.0,47.55820785897907,0.03,5.0,5.0,46.14738646101114,0.14,5.0,5.0,47.53813196229649,0,0,1,0,1,1
15846,17.0,2006,8.0,26.0,3569.0,5975.0,1,0.02,6.057909446618223,6.454225824482941,48.764652014652015,0.02,6.140609278926769,6.574768026830625,40.60225885225885,0.02,6.179580771380661,6.604046953605371,45.93101343101343,0,0,0,0,0,1
15847,7.0,2008,11.0,379.0,3570.0,5976.0,1,0.04,6.076557377049176,6.4289414021625335,50.52577025484975,0.04,6.1574189047785115,6.543221137077076,48.40728413845569,0.04,6.202197418904775,6.585209277990916,49.56694560669456,0,0,0,0,0,1
15848,17.0,2008,6.0,418.0,3571.0,5977.0,1,0.06,6.076557377049176,6.4289414021625335,50.52577025484975,0.06,6.1574189047785115,6.543221137077076,48.40728413845569,0.06,6.202197418904775,6.585209277990916,49.56694560669456,0,0,0,0,0,1
15849,4.0,2006,6.0,140.0,3572.0,5978.0,1,0.67,6.057909446618223,6.454225824482941,48.764652014652015,0.67,6.140609278926769,6.574768026830625,40.60225885225885,0.67,6.179580771380661,6.604046953605371,45.93101343101343,0,0,0,0,0,1
15850,23.0,2015,9.0,379.0,3573.0,5979.0,1,0.03,7.6,7.6,14.0,0.03,7.6,7.6,14.0,0.03,7.6,7.6,14.0,0,0,0,0,0,1
15851,10.0,2014,11.0,239.0,3574.0,5980.0,1,0.03,6.0,6.0,2.0,0.03,6.0,6.0,2.0,0.03,6.0,6.0,2.0,0,0,0,0,0,1
15852,7.0,2005,2.0,272.0,2604.0,5651.0,1,0.03,6.1,4.5,2.0,0.03,6.1,4.5,2.0,0.01,6.35,8.2,7.0,0,0,0,0,0,1
15853,17.0,2010,11.0,292.0,2738.0,4808.0,1,0.02,6.036517973148549,6.446041576440007,42.41893830703013,0.02,6.13182763100909,6.5621524469467225,36.190578670492584,0.02,6.158211346903418,6.59756604590732,41.083213773314206,0,0,0,0,0,1
15854,9.0,2001,4.0,126.0,3575.0,5850.0,6,0.02,6.091654964894684,6.441618605817501,48.04879385964912,0.02,6.177295636910745,6.555751003009077,46.66125274122807,0.02,6.217038615847553,6.594758024072253,47.83114035087719,1,0,0,0,0,1
15855,15.0,2004,12.0,24.0,3576.0,5981.0,9,0.15,6.6,7.65,5.0,0.15,6.6,7.65,5.0,0.15,6.6,7.65,5.0,0,0,0,1,0,1
15856,9.0,2003,2.0,223.0,3577.0,5982.0,1,0.26,6.1012652384897565,6.454888152444128,47.685338686698614,0.26,6.1868883891584945,6.56346904959172,46.47707550835384,0.26,6.225610131376502,6.600911350455717,47.855459137417434,0,0,0,0,0,1
15857,17.0,2008,11.0,580.0,3578.0,5983.0,1,0.0,0.0,0.0,0.0,0.0,0.0,0.0,0.0,0.0,0.0,0.0,0.0,0,0,0,0,0,1
15859,4.0,2009,3.0,35.0,1353.0,5984.0,6,0.09,3.1,5.5,50.939571150097464,0.09,3.1,5.5,48.451559454191035,0.09,3.1,5.5,49.943567251461985,0,0,0,0,0,1
15860,17.0,2011,4.0,254.0,1382.0,1385.0,1,0.12,7.0,6.65,2.0,0.12,7.0,6.65,2.0,0.43,5.7,7.35,22.0,0,0,0,0,0,1
15861,4.0,2010,6.0,288.0,3579.0,5985.0,1,0.06,6.036517973148549,6.446041576440007,42.41893830703013,0.06,6.13182763100909,6.5621524469467225,36.190578670492584,0.06,6.158211346903418,6.59756604590732,41.083213773314206,0,0,0,0,0,1
15862,9.0,2005,2.0,6.0,3580.0,5986.0,1,0.07,7.0,7.0,1.0,0.07,7.0,7.0,1.0,0.07,7.0,7.0,1.0,1,0,0,0,1,1
15863,4.0,2010,4.0,208.0,3581.0,5987.0,1,0.06,6.036517973148549,6.446041576440007,42.41893830703013,0.06,6.13182763100909,6.5621524469467225,36.190578670492584,0.06,6.158211346903418,6.59756604590732,41.083213773314206,1,0,0,0,0,1
15864,17.0,2006,6.0,15.0,87.0,5988.0,11,0.06,6.2,7.1,3.0,0.14,6.2,7.35,3.0,0.14,6.2,7.35,3.0,0,0,1,0,0,1
15865,17.0,2012,4.0,82.0,3582.0,5989.0,1,0.08,6.072961653015631,6.425969843633651,50.50295255548768,0.08,6.152457185405805,6.543201787043918,48.179596823457544,0.08,6.196662323157107,6.5816586001488995,49.25208715129302,0,0,0,0,0,1
15866,15.0,2014,4.0,338.0,97.0,4303.0,3,0.02,7.0,6.8,184.0,0.95,8.1,8.1,184.0,0.95,8.1,8.1,184.0,0,0,0,0,0,1
15867,15.0,2002,12.0,53.0,470.0,5990.0,5,0.2,6.2,6.55,4.0,0.01,5.8,8.0,4.0,0.01,5.8,8.0,4.0,1,0,0,0,0,1
15868,11.0,2015,9.0,26.0,450.0,809.0,1,0.02,8.0,8.0,4.0,0.35,8.0,8.0,4.0,0.16,8.0,8.0,4.0,0,0,0,0,0,1
15869,17.0,2012,9.0,59.0,3058.0,5281.0,1,0.03,6.072961653015631,6.425969843633651,50.50295255548768,0.03,6.152457185405805,6.543201787043918,48.179596823457544,0.03,6.196662323157107,6.5816586001488995,49.25208715129302,0,0,0,0,0,1
15870,4.0,2007,3.0,36.0,1029.0,292.0,10,0.32,6.27,7.03,65.0,0.05,4.75,5.5,6.0,0.02,7.8,7.3,39.0,0,0,0,0,0,1
15871,6.0,2011,10.0,15.0,676.0,5991.0,1,0.03,6.0,6.3,4.0,0.41,8.57,8.08,76.0,0.41,8.57,8.08,76.0,0,0,0,0,0,1
15872,23.0,2011,6.0,4.0,2088.0,742.0,1,0.04,8.0,8.7,305.0,0.04,8.0,8.7,305.0,0.04,8.0,8.7,305.0,0,0,0,0,1,1
15873,17.0,2015,9.0,49.0,524.0,4131.0,1,0.02,6.023708006279429,6.380546310832016,44.238808539944905,0.03,6.098238618524324,6.497463108320238,40.88240358126722,0.03,6.122084772370479,6.520916797488228,43.51325757575758,0,0,0,0,0,1
15874,14.0,2006,3.0,64.0,619.0,4712.0,4,0.05,4.8,8.0,1.0,0.11,3.43,3.17,14.0,0.11,3.43,3.17,14.0,0,0,0,0,0,1
15875,23.0,2015,11.0,292.0,3583.0,5992.0,1,0.02,6.023708006279429,6.380546310832016,44.238808539944905,0.02,6.098238618524324,6.497463108320238,40.88240358126722,0.02,6.122084772370479,6.520916797488228,43.51325757575758,0,0,0,0,0,1
15876,17.0,2009,11.0,4.0,3584.0,5993.0,1,0.03,6.06531266560678,6.414785373608896,47.58155002891845,0.03,6.151277159512439,6.537713301536816,45.36119144013881,0.03,6.18789083200847,6.572859035506092,49.094852515905146,0,0,0,0,0,1
15877,4.0,2008,9.0,204.0,2334.0,4058.0,1,0.04,7.0,7.0,1.0,0.04,7.0,7.0,1.0,0.02,7.0,7.0,1.0,0,0,0,0,0,1
15878,4.0,2007,8.0,6.0,3585.0,5994.0,1,0.03,3.0,3.0,1.0,0.03,3.0,3.0,1.0,0.03,3.0,3.0,1.0,0,0,0,0,0,1
15879,13.0,1999,8.0,189.0,3586.0,5995.0,1,0.0,0.0,0.0,0.0,0.0,0.0,0.0,0.0,0.0,0.0,0.0,0.0,0,0,0,0,0,1
15880,4.0,2008,8.0,49.0,3587.0,4305.0,1,0.03,6.076557377049176,6.4289414021625335,50.52577025484975,0.03,6.1574189047785115,6.543221137077076,48.40728413845569,0.07,6.202197418904775,6.585209277990916,49.56694560669456,0,0,0,0,0,1
15881,4.0,2005,7.0,71.0,617.0,1481.0,9,0.01,5.0,7.8,46.832143282161134,0.09,6.1,7.8,45.37718671902892,0.16,6.1,7.8,46.75086278709985,1,0,0,0,1,1
15882,6.0,2015,9.0,26.0,548.0,4396.0,11,0.06,6.057470145953109,6.403937785640577,49.16500321957501,0.04,6.138727701606951,6.5195002211411035,47.164037347070185,0.04,6.185696594427226,6.56054400707652,48.79145202833226,0,0,0,0,0,1
15883,11.0,2016,9.0,582.0,511.0,755.0,8,0.0,0.0,0.0,0.0,0.23,6.9,7.22,26.0,0.23,6.9,7.22,26.0,1,0,0,0,0,1
15884,17.0,2006,11.0,40.0,2087.0,225.0,7,0.1,5.2,4.2,41.5,0.1,5.2,4.2,41.5,0.01,7.75,8.18,41.5,1,0,0,0,1,1
15885,4.0,2006,6.0,88.0,513.0,3619.0,10,0.07,0.5,1.45,7.0,0.03,0.5,4.2,7.0,0.03,0.5,4.2,7.0,0,0,0,0,0,1
15886,17.0,2013,9.0,59.0,3154.0,5421.0,1,0.02,6.016843832020995,6.3843011811023525,43.64141414141414,0.02,6.091391076115479,6.49972440944881,40.217532467532465,0.03,6.117578740157478,6.52308070866142,43.198232323232325,0,0,0,0,0,1
15887,23.0,2016,11.0,59.0,3058.0,5281.0,1,0.04,6.139692021200393,6.5099813780261035,46.00420630552716,0.04,6.228947858472998,6.612544764360438,45.91736771758786,0.02,6.258451511244804,6.6494134078212355,47.09733469612391,0,0,0,0,0,1
15888,23.0,2014,11.0,458.0,3277.0,5583.0,1,0.01,8.8,8.8,4.0,0.01,8.8,8.8,4.0,0.01,8.8,8.8,4.0,0,0,0,0,0,1
15889,11.0,2016,7.0,134.0,3588.0,5996.0,9,0.03,6.1,6.17,2.5,0.03,6.1,6.17,2.5,0.03,6.1,6.17,2.5,0,0,0,0,0,1
15890,6.0,2013,11.0,26.0,3589.0,5997.0,1,0.02,6.016843832020995,6.3843011811023525,43.64141414141414,0.02,6.091391076115479,6.49972440944881,40.217532467532465,0.02,6.117578740157478,6.52308070866142,43.198232323232325,0,0,0,0,0,1
15891,4.0,2009,6.0,576.0,3551.0,5951.0,1,0.0,0.0,0.0,0.0,0.0,0.0,0.0,0.0,0.0,0.0,0.0,0.0,0,0,0,0,0,1
15892,7.0,2007,6.0,401.0,3590.0,5998.0,1,0.08,6.099566138746374,6.4607807271916755,47.55820785897907,0.08,6.186688601383021,6.564681017176054,46.14738646101114,0.08,6.2206457729199345,6.6001962971225066,47.53813196229649,0,0,0,0,0,1
15893,7.0,2006,9.0,22.0,291.0,382.0,9,0.14,6.6,6.68,74.5,0.14,6.6,6.68,74.5,0.14,6.6,6.68,74.5,1,0,0,0,0,1
15894,7.0,2003,3.0,88.0,516.0,2229.0,11,0.11,7.35,6.75,19.5,0.08,6.7,6.9,19.5,0.02,6.7,6.9,19.5,1,0,0,0,0,1
15895,17.0,2010,11.0,157.0,1594.0,5999.0,1,0.02,6.036517973148549,6.446041576440007,42.41893830703013,0.08,6.13182763100909,6.5621524469467225,36.190578670492584,0.08,6.158211346903418,6.59756604590732,41.083213773314206,0,0,0,0,0,1
15896,23.0,2015,9.0,26.0,3591.0,6000.0,1,0.02,6.023708006279429,6.380546310832016,44.238808539944905,0.02,6.098238618524324,6.497463108320238,40.88240358126722,0.02,6.122084772370479,6.520916797488228,43.51325757575758,0,0,0,0,0,1
15897,14.0,2006,3.0,7.0,88.0,580.0,6,0.06,9.02,8.28,604.5,0.26,9.02,8.28,604.5,0.06,3.6,8.28,604.5,0,0,0,0,0,1
15898,5.0,2010,11.0,379.0,3592.0,6001.0,1,0.02,6.036517973148549,6.446041576440007,42.41893830703013,0.02,6.13182763100909,6.5621524469467225,36.190578670492584,0.02,6.158211346903418,6.59756604590732,41.083213773314206,0,0,0,0,0,1
15899,15.0,2006,4.0,44.0,235.0,290.0,4,0.04,7.95,7.95,7.0,0.04,7.95,7.95,7.0,0.04,7.95,7.95,7.0,1,0,0,0,0,1
15900,4.0,2008,11.0,59.0,3593.0,2873.0,1,0.03,5.3,5.3,50.52577025484975,0.03,5.3,5.3,48.40728413845569,0.04,5.3,5.3,49.56694560669456,0,0,0,0,0,1
15901,4.0,2007,12.0,92.0,1737.0,6002.0,5,0.16,5.7,5.7,3.0,0.16,5.7,5.7,3.0,0.16,5.7,5.7,3.0,0,0,0,0,0,1
15902,7.0,2002,6.0,455.0,500.0,6003.0,11,0.0,0.0,0.0,0.0,0.85,4.7,6.55,5.0,0.85,4.7,6.55,5.0,0,0,0,0,0,1
15903,17.0,2010,11.0,279.0,3594.0,6004.0,1,0.2,7.1,5.8,7.0,0.2,7.1,5.8,7.0,0.2,7.1,5.8,7.0,0,0,0,0,0,1
15904,23.0,2014,8.0,81.0,1839.0,809.0,1,0.02,6.23,6.82,33.5,0.02,6.23,6.82,33.5,0.39,6.23,6.82,33.5,1,0,0,0,0,1
15905,15.0,2008,12.0,207.0,1093.0,6005.0,3,0.01,5.8,6.3,46.75586556753329,0.01,5.8,6.3,44.35351934051997,0.01,5.8,6.3,47.66138237159163,0,0,0,0,0,1
15906,15.0,2007,8.0,583.0,2709.0,4751.0,1,0.0,0.0,0.0,0.0,0.0,0.0,0.0,0.0,0.0,0.0,0.0,0.0,0,0,0,0,0,1
15907,4.0,2012,5.0,536.0,3595.0,6006.0,1,0.0,0.0,0.0,0.0,0.0,0.0,0.0,0.0,0.0,0.0,0.0,0.0,0,0,0,0,0,1
15908,15.0,2011,12.0,338.0,2407.0,4005.0,9,0.02,7.0,7.85,10.0,0.02,7.0,8.8,3.0,0.02,7.0,8.8,3.0,0,0,0,0,0,1
15909,4.0,2008,8.0,9.0,3596.0,6007.0,1,0.02,6.076557377049176,6.4289414021625335,50.52577025484975,0.02,6.1574189047785115,6.543221137077076,48.40728413845569,0.02,6.202197418904775,6.585209277990916,49.56694560669456,0,0,0,1,0,1
15910,6.0,2012,8.0,59.0,2455.0,4306.0,1,0.02,6.0,6.0,0.0,0.02,6.0,6.0,0.0,0.03,6.0,6.0,0.0,0,0,0,0,0,1
15911,15.0,2011,8.0,584.0,3597.0,6008.0,8,0.0,0.0,0.0,0.0,0.0,0.0,0.0,0.0,0.0,0.0,0.0,0.0,0,0,0,0,0,1
15912,23.0,2015,12.0,3.0,1559.0,429.0,3,0.84,8.2,7.8,27.0,0.08,8.2,7.8,27.0,0.37,7.55,5.95,30.0,0,0,0,0,0,1
15913,7.0,2008,3.0,201.0,1040.0,2288.0,11,0.01,6.5,6.8,5.0,0.22,6.5,7.15,7.5,0.01,6.5,6.8,5.0,0,0,0,0,0,1
15914,7.0,2009,11.0,379.0,2877.0,5011.0,1,0.02,6.06531266560678,6.414785373608896,47.58155002891845,0.02,6.151277159512439,6.537713301536816,45.36119144013881,0.02,6.18789083200847,6.572859035506092,49.094852515905146,0,0,0,0,0,1
15915,7.0,2010,11.0,585.0,3598.0,6009.0,1,0.0,0.0,0.0,0.0,0.0,0.0,0.0,0.0,0.0,0.0,0.0,0.0,0,0,0,0,0,1
15916,17.0,2012,11.0,59.0,2569.0,4480.0,1,0.02,6.072961653015631,6.425969843633651,50.50295255548768,0.02,6.152457185405805,6.543201787043918,48.179596823457544,0.02,6.196662323157107,6.5816586001488995,49.25208715129302,0,0,0,0,0,1
15917,17.0,2010,11.0,59.0,3599.0,6010.0,1,0.02,6.036517973148549,6.446041576440007,42.41893830703013,0.02,6.13182763100909,6.5621524469467225,36.190578670492584,0.02,6.158211346903418,6.59756604590732,41.083213773314206,0,0,0,0,0,1
15918,15.0,1995,6.0,24.0,1030.0,1655.0,1,0.0,0.0,0.0,0.0,0.0,0.0,0.0,0.0,0.0,0.0,0.0,0.0,1,0,0,1,0,1
15919,7.0,2007,11.0,292.0,3600.0,6011.0,1,0.09,5.9,6.75,1.0,0.09,5.9,6.75,1.0,0.09,5.9,6.75,1.0,0,0,0,0,0,1
15920,19.0,2004,3.0,155.0,3601.0,6012.0,1,0.04,7.0,6.8,29.0,0.04,7.0,6.8,29.0,0.04,7.0,6.8,29.0,0,0,0,0,0,1
15921,17.0,2015,9.0,330.0,3427.0,5787.0,1,0.02,6.023708006279429,6.380546310832016,44.238808539944905,0.02,6.098238618524324,6.497463108320238,40.88240358126722,0.02,6.122084772370479,6.520916797488228,43.51325757575758,0,0,0,0,0,1
15922,6.0,2015,11.0,232.0,676.0,4794.0,8,0.02,7.15,7.15,15.0,0.07,7.15,7.15,15.0,0.03,6.05,6.05,1.0,1,0,0,0,0,1
15923,15.0,2008,9.0,131.0,670.0,372.0,2,0.75,5.58,6.35,117.0,0.75,5.58,6.35,117.0,0.75,5.58,6.35,117.0,1,0,0,0,0,1
15924,23.0,2016,9.0,134.0,819.0,6013.0,1,0.02,6.5,6.3,2.0,0.08,6.5,6.3,2.0,0.08,6.5,6.3,2.0,0,0,0,0,0,1
15925,10.0,2016,9.0,26.0,774.0,1178.0,1,0.02,6.139692021200393,6.5099813780261035,46.00420630552716,0.02,6.228947858472998,6.612544764360438,45.91736771758786,0.62,6.258451511244804,6.6494134078212355,47.09733469612391,0,0,0,0,0,1
15926,4.0,2007,6.0,8.0,3602.0,6014.0,1,0.29,4.0,6.1,10.0,0.29,4.0,6.1,10.0,0.29,4.0,6.1,10.0,0,0,0,0,0,1
15927,4.0,2006,5.0,12.0,3603.0,6015.0,1,0.06,4.0,6.0,6.0,0.06,4.0,6.0,6.0,0.06,4.0,6.0,6.0,0,0,0,0,0,1
15928,4.0,2008,8.0,129.0,2935.0,6016.0,1,0.05,4.15,2.5,0.0,0.04,4.15,2.5,0.0,0.04,4.15,2.5,0.0,0,0,0,0,0,1
15929,17.0,2010,11.0,157.0,3567.0,5969.0,1,0.02,6.036517973148549,6.446041576440007,42.41893830703013,0.02,6.13182763100909,6.5621524469467225,36.190578670492584,0.02,6.158211346903418,6.59756604590732,41.083213773314206,0,0,0,0,0,1
15930,9.0,2003,9.0,5.0,91.0,6017.0,9,0.11,6.8,7.3,0.0,0.05,3.0,5.8,1.0,0.05,3.0,5.8,1.0,0,0,0,1,0,1
15931,5.0,2014,1.0,361.0,1648.0,3383.0,4,0.0,0.0,0.0,0.0,0.03,0.0,0.0,0.0,0.03,0.0,0.0,0.0,0,0,0,0,0,1
15932,17.0,2011,4.0,418.0,743.0,6018.0,1,0.02,6.0,6.7,7.0,0.04,6.0,6.7,7.0,0.04,6.0,6.7,7.0,0,0,0,0,0,1
15933,17.0,2009,10.0,330.0,2583.0,1545.0,1,0.03,6.06531266560678,6.414785373608896,47.58155002891845,0.03,6.151277159512439,6.537713301536816,45.36119144013881,0.06,6.18789083200847,6.572859035506092,49.094852515905146,0,0,0,0,0,1
15934,1.0,2008,2.0,1.0,1.0,26.0,2,0.01,5.9,6.35,66.0,5.0,5.9,6.35,66.0,0.56,7.0,7.2,5.0,1,1,1,1,1,1
15935,17.0,2006,5.0,15.0,24.0,778.0,1,0.02,5.4,7.7,48.764652014652015,0.05,5.4,7.7,40.60225885225885,0.25,8.1,8.3,45.93101343101343,1,0,0,0,0,1
15936,17.0,2012,10.0,232.0,676.0,1240.0,2,0.03,7.57,7.05,10.5,0.13,7.57,7.05,10.5,0.13,7.57,7.05,10.5,0,0,0,0,0,1
15937,7.0,2009,11.0,292.0,3604.0,6019.0,1,0.1,5.0,5.0,47.58155002891845,0.1,5.0,5.0,45.36119144013881,0.1,5.0,5.0,49.094852515905146,0,0,0,0,0,1
15938,15.0,2009,1.0,9.0,363.0,498.0,1,0.03,4.5,4.5,2.0,0.49,8.5,8.5,6.0,0.49,8.5,8.5,6.0,1,0,0,0,0,1
15939,1.0,2012,11.0,360.0,1227.0,5215.0,2,0.03,5.0,6.0,1.0,0.03,5.0,6.0,1.0,0.03,5.0,6.0,1.0,0,0,0,0,0,1
15940,7.0,2006,9.0,13.0,3605.0,6020.0,1,0.04,8.3,8.3,50.0,0.04,8.3,8.3,50.0,0.04,8.3,8.3,50.0,0,0,0,1,0,1
15941,10.0,2016,10.0,26.0,1166.0,1207.0,1,0.02,7.35,7.58,26.5,0.02,7.35,7.58,26.5,0.17,7.35,7.58,26.5,0,0,0,0,0,1
15942,15.0,1994,10.0,31.0,192.0,216.0,4,0.11,6.140630064263764,6.5057383347304105,45.71246263508853,0.11,6.229491478066501,6.61134464934343,45.900743465930866,0.11,6.259243503771996,6.649124056999178,47.28217214685368,1,1,0,1,0,1
15943,15.0,1994,10.0,31.0,192.0,216.0,1,0.25,6.060073064770927,6.419377962085287,50.71839204668252,0.25,6.1445201421800935,6.542274881516566,48.91938621136806,0.25,6.189670221169031,6.580169826224309,49.949751458828615,1,1,0,1,0,1
15944,4.0,2009,6.0,298.0,3606.0,6021.0,9,0.03,6.0,6.8,6.0,0.03,6.0,6.8,6.0,0.03,6.0,6.8,6.0,0,0,0,0,0,1
15945,4.0,2008,6.0,15.0,87.0,6022.0,3,0.09,6.6,6.6,1.0,0.03,9.0,9.0,1.0,0.03,9.0,9.0,1.0,0,0,1,0,0,1
15946,4.0,2011,4.0,54.0,3607.0,6023.0,1,0.02,6.107652813930537,6.467882595817321,45.77475613360922,0.02,6.194403554438579,6.56657391616556,44.85269484678293,0.02,6.2266573916165795,6.606709451575302,45.76973100798108,0,0,0,0,0,1
15947,15.0,2005,7.0,3.0,1772.0,2969.0,10,0.06,4.4,7.6,7.0,0.15,7.25,7.6,7.0,0.02,3.55,7.5,0.0,1,0,0,0,0,1
15948,17.0,2010,11.0,292.0,2763.0,4845.0,1,0.02,6.036517973148549,6.446041576440007,42.41893830703013,0.02,6.13182763100909,6.5621524469467225,36.190578670492584,0.04,6.158211346903418,6.59756604590732,41.083213773314206,0,0,0,0,0,1
15949,17.0,2009,11.0,468.0,3564.0,5966.0,1,0.05,6.06531266560678,6.414785373608896,47.58155002891845,0.05,6.151277159512439,6.537713301536816,45.36119144013881,0.02,6.18789083200847,6.572859035506092,49.094852515905146,0,0,0,0,0,1
15950,17.0,2010,11.0,468.0,3608.0,6024.0,1,0.03,5.0,5.0,42.41893830703013,0.03,5.0,5.0,36.190578670492584,0.03,5.0,5.0,41.083213773314206,0,0,0,0,0,1
15951,23.0,2014,4.0,492.0,1691.0,6025.0,1,0.0,0.0,0.0,0.0,0.02,0.0,0.0,0.0,0.02,0.0,0.0,0.0,0,0,0,0,0,1
15952,15.0,2007,4.0,11.0,97.0,6026.0,10,0.06,8.03,8.25,146.5,0.06,7.67,8.1,179.0,0.06,7.67,8.1,179.0,0,0,0,1,0,1
15953,4.0,2008,4.0,234.0,3609.0,6027.0,1,0.07,7.0,8.5,4.0,0.07,7.0,8.5,4.0,0.07,7.0,8.5,4.0,0,0,0,0,0,1
15954,15.0,2006,7.0,6.0,225.0,867.0,9,0.08,6.08844106463878,6.436188846641364,48.248510874082285,0.08,6.174657794676814,6.5518174904943445,46.851849286604796,0.08,6.212911280101399,6.590329531052,48.092395068569054,1,0,0,0,0,1
15955,5.0,2006,7.0,6.0,480.0,6028.0,1,0.03,5.0,6.0,1.0,1.14,7.0,6.4,45.0,1.14,7.0,6.4,45.0,1,0,0,0,0,1
15956,17.0,2007,1.0,8.0,45.0,4609.0,3,0.05,6.57,7.6,5.5,0.15,7.87,6.97,23.5,0.05,6.57,7.6,5.5,0,0,1,0,0,1
15957,15.0,2005,12.0,382.0,1964.0,5271.0,7,0.0,0.0,0.0,0.0,0.0,0.0,0.0,0.0,0.0,0.0,0.0,0.0,0,0,0,0,0,1
15958,6.0,2012,12.0,217.0,1556.0,1160.0,1,0.04,6.072961653015631,6.425969843633651,50.50295255548768,0.04,6.152457185405805,6.543201787043918,48.179596823457544,0.07,6.196662323157107,6.5816586001488995,49.25208715129302,0,0,0,0,0,1
15959,15.0,2010,8.0,565.0,3610.0,6029.0,7,0.0,0.0,0.0,0.0,0.0,0.0,0.0,0.0,0.0,0.0,0.0,0.0,0,0,0,0,0,1
15960,4.0,2008,6.0,423.0,3611.0,6030.0,1,0.07,6.076557377049176,6.4289414021625335,50.52577025484975,0.07,6.1574189047785115,6.543221137077076,48.40728413845569,0.07,6.202197418904775,6.585209277990916,49.56694560669456,0,0,0,0,0,1
15961,15.0,2002,7.0,11.0,381.0,1010.0,9,0.05,5.6,8.8,3.0,0.74,8.15,8.1,3.0,0.58,8.01,7.75,65.0,1,0,0,1,1,1
15962,4.0,2006,12.0,49.0,3612.0,6031.0,1,0.02,6.057909446618223,6.454225824482941,48.764652014652015,0.02,6.140609278926769,6.574768026830625,40.60225885225885,0.02,6.179580771380661,6.604046953605371,45.93101343101343,0,0,0,0,0,1
15963,11.0,2016,9.0,26.0,3613.0,6032.0,1,0.01,6.139692021200393,6.5099813780261035,46.00420630552716,0.01,6.228947858472998,6.612544764360438,45.91736771758786,0.01,6.258451511244804,6.6494134078212355,47.09733469612391,1,0,0,0,0,1
15964,23.0,2016,9.0,107.0,646.0,6033.0,1,0.07,7.2,7.2,5.0,0.15,3.0,3.0,1.0,0.15,3.0,3.0,1.0,0,0,0,0,0,1
15965,17.0,2010,11.0,292.0,2763.0,4845.0,1,0.02,6.036517973148549,6.446041576440007,42.41893830703013,0.02,6.13182763100909,6.5621524469467225,36.190578670492584,0.01,6.158211346903418,6.59756604590732,41.083213773314206,0,0,0,0,0,1
15966,4.0,2007,1.0,88.0,3614.0,6034.0,1,0.06,3.4,2.5,2.0,0.06,3.4,2.5,2.0,0.06,3.4,2.5,2.0,0,0,0,0,0,1
15967,17.0,2006,9.0,15.0,24.0,3548.0,1,0.02,4.7,6.55,1.0,0.03,4.7,6.55,1.0,0.11,4.3,6.55,1.0,0,0,0,0,0,1
15968,4.0,2007,6.0,59.0,3615.0,6035.0,1,0.02,6.099566138746374,6.4607807271916755,47.55820785897907,0.02,6.186688601383021,6.564681017176054,46.14738646101114,0.02,6.2206457729199345,6.6001962971225066,47.53813196229649,0,0,0,0,0,1
15969,15.0,2009,4.0,17.0,57.0,1072.0,11,0.19,7.1,7.3,5.0,0.79,6.57,7.0,191.5,0.79,6.57,7.0,191.5,0,0,1,0,0,1
15970,9.0,2004,1.0,170.0,1341.0,5758.0,4,0.24,5.7,6.6,4.0,0.26,5.7,6.6,4.0,0.26,5.7,6.6,4.0,0,0,0,0,0,1
15971,17.0,2010,11.0,157.0,3616.0,6036.0,1,0.02,8.0,8.0,1.0,0.02,8.0,8.0,1.0,0.02,8.0,8.0,1.0,0,0,0,0,0,1
15972,23.0,2016,11.0,292.0,3059.0,6037.0,1,0.02,7.8,6.6,46.00420630552716,0.02,7.8,6.6,45.91736771758786,0.02,7.8,6.6,47.09733469612391,0,0,0,0,0,1
15973,7.0,2008,11.0,228.0,3617.0,6038.0,1,0.02,6.076557377049176,6.4289414021625335,50.52577025484975,0.02,6.1574189047785115,6.543221137077076,48.40728413845569,0.02,6.202197418904775,6.585209277990916,49.56694560669456,0,0,0,0,0,1
15974,4.0,2008,8.0,382.0,2101.0,6039.0,1,0.01,7.0,7.6,0.0,0.03,4.0,10.0,1.0,0.03,4.0,10.0,1.0,0,0,0,0,0,1
15975,17.0,2009,11.0,520.0,3618.0,6040.0,1,0.0,0.0,0.0,0.0,0.0,0.0,0.0,0.0,0.0,0.0,0.0,0.0,0,0,0,0,0,1
15976,17.0,2014,11.0,292.0,3619.0,6041.0,1,0.02,6.0370023640661925,6.4082836879432445,47.3185817805383,0.02,6.127933806146561,6.533567375886503,45.40683229813665,0.02,6.178366430260039,6.570146572104003,49.021868530020704,1,0,0,1,0,1
15977,7.0,2008,2.0,9.0,55.0,1554.0,1,0.02,6.95,6.7,7.0,2.77,6.95,6.2,44.0,0.43,5.0,7.5,55.0,0,0,1,0,0,1
15978,7.0,2006,7.0,49.0,360.0,2045.0,4,0.19,5.75,7.3,7.5,0.17,4.77,6.73,3.5,0.21,4.0,4.2,5.0,0,0,0,0,0,1
15979,4.0,2006,9.0,26.0,3620.0,6042.0,1,0.02,6.057909446618223,6.454225824482941,48.764652014652015,0.02,6.140609278926769,6.574768026830625,40.60225885225885,0.02,6.179580771380661,6.604046953605371,45.93101343101343,0,0,0,0,0,1
15980,6.0,2016,6.0,337.0,2372.0,3554.0,1,0.05,9.3,9.3,3.0,0.04,9.3,9.3,3.0,0.04,9.3,9.3,3.0,0,0,0,0,0,1
15981,18.0,2015,1.0,345.0,1950.0,2509.0,1,0.05,5.3,5.3,3.0,0.05,5.3,5.3,3.0,0.05,5.3,5.3,3.0,0,0,0,0,0,1
15982,7.0,2008,6.0,6.0,3621.0,3489.0,10,0.05,3.5,7.8,4.0,0.05,3.5,7.8,4.0,0.11,3.5,2.25,4.0,0,0,0,0,0,1
15983,7.0,2006,11.0,4.0,2406.0,4197.0,1,0.02,6.057909446618223,6.454225824482941,48.764652014652015,0.02,6.140609278926769,6.574768026830625,40.60225885225885,0.07,6.179580771380661,6.604046953605371,45.93101343101343,0,0,0,0,1,1
15984,15.0,2002,12.0,2.0,822.0,6043.0,12,0.07,5.6,6.0,1.0,0.02,8.65,8.4,7.0,0.02,8.65,8.4,7.0,0,0,0,0,0,1
15985,19.0,2004,5.0,9.0,55.0,6044.0,7,0.06,4.63,7.65,2.0,0.09,7.0,6.8,29.0,0.09,7.0,6.8,29.0,0,0,1,0,1,1
15986,7.0,2006,4.0,586.0,3482.0,3579.0,1,0.0,0.0,0.0,0.0,0.0,0.0,0.0,0.0,0.07,0.0,8.0,1.0,1,0,0,0,0,1
15987,11.0,2015,4.0,459.0,3622.0,6045.0,1,0.03,7.5,7.0,3.0,0.03,7.5,7.0,3.0,0.03,7.5,7.0,3.0,0,0,0,0,0,1
15988,5.0,2011,11.0,381.0,1284.0,6046.0,1,0.06,7.7,7.3,18.0,0.05,7.7,8.05,38.0,0.05,7.7,8.05,38.0,0,0,0,0,0,1
15989,15.0,2007,6.0,276.0,1547.0,84.0,11,0.02,6.9,6.0,0.5,0.05,7.9,4.8,0.5,2.26,8.1,7.93,116.5,1,0,0,0,0,1
15990,15.0,2008,12.0,441.0,3623.0,6047.0,1,0.04,6.75,6.15,2.0,0.04,6.75,6.15,2.0,0.04,6.75,6.15,2.0,0,0,0,0,0,1
15991,15.0,2006,6.0,6.0,1797.0,534.0,12,0.08,3.4,4.6,4.0,0.08,3.4,4.6,4.0,0.08,3.4,4.6,4.0,1,0,1,0,1,1
15992,11.0,2016,6.0,26.0,3624.0,6048.0,1,0.01,6.139692021200393,6.5099813780261035,46.00420630552716,0.01,6.228947858472998,6.612544764360438,45.91736771758786,0.01,6.258451511244804,6.6494134078212355,47.09733469612391,1,0,0,0,0,1
15993,17.0,2012,9.0,517.0,3512.0,5900.0,1,0.01,6.0,6.0,1.0,0.01,6.0,6.0,1.0,0.01,6.0,6.0,1.0,0,0,0,0,0,1
15994,15.0,2011,11.0,198.0,3625.0,6049.0,1,0.04,6.107652813930537,6.467882595817321,45.77475613360922,0.04,6.194403554438579,6.56657391616556,44.85269484678293,0.04,6.2266573916165795,6.606709451575302,45.76973100798108,0,0,0,0,0,1
15995,15.0,2016,12.0,127.0,2060.0,6050.0,11,0.01,7.0,7.1,2.0,0.07,6.3,7.1,2.0,0.07,6.3,7.1,2.0,0,0,0,0,0,1
15996,7.0,2006,11.0,490.0,3626.0,6051.0,1,0.04,6.057909446618223,6.454225824482941,48.764652014652015,0.04,6.140609278926769,6.574768026830625,40.60225885225885,0.04,6.179580771380661,6.604046953605371,45.93101343101343,1,0,0,0,0,1
15997,5.0,2008,2.0,2.0,151.0,140.0,12,0.48,4.75,4.95,3.0,0.13,7.6,7.47,26.0,0.1,6.8,6.1,3.0,1,0,0,0,0,1
15998,7.0,2008,10.0,155.0,1139.0,6052.0,1,0.02,7.0,7.0,50.52577025484975,0.01,5.3,5.3,48.40728413845569,0.01,5.3,5.3,49.56694560669456,1,0,0,0,0,1
15999,7.0,2008,1.0,49.0,2370.0,1336.0,1,0.03,6.076557377049176,6.4289414021625335,50.52577025484975,0.03,6.1574189047785115,6.543221137077076,48.40728413845569,0.02,6.202197418904775,6.585209277990916,49.56694560669456,0,0,0,0,0,1
16000,7.0,2011,11.0,458.0,2938.0,5110.0,1,0.02,6.107652813930537,6.467882595817321,45.77475613360922,0.02,6.194403554438579,6.56657391616556,44.85269484678293,0.02,6.2266573916165795,6.606709451575302,45.76973100798108,0,0,0,0,0,1
16001,17.0,2009,1.0,60.0,1407.0,2316.0,6,0.05,4.15,4.17,3.0,0.07,4.15,4.17,3.0,0.24,3.8,5.4,0.0,0,0,0,0,0,1
16002,7.0,2005,3.0,201.0,1040.0,6053.0,3,0.0,0.0,0.0,0.0,0.14,7.7,7.3,23.0,0.14,7.7,7.3,23.0,0,0,0,0,0,1
16003,7.0,2002,6.0,587.0,3627.0,6054.0,1,0.0,0.0,0.0,0.0,0.0,0.0,0.0,0.0,0.0,0.0,0.0,0.0,0,0,0,0,0,1
16004,15.0,2011,8.0,333.0,3628.0,6055.0,1,0.07,4.0,4.0,1.0,0.07,4.0,4.0,1.0,0.07,4.0,4.0,1.0,0,0,0,0,0,1
16005,5.0,2013,1.0,59.0,562.0,5113.0,7,0.02,3.8,3.8,45.88387999378206,0.03,3.8,3.8,45.936615886833515,0.03,3.8,3.8,47.199984455153114,0,0,0,0,1,1
16006,5.0,2006,12.0,58.0,744.0,939.0,1,0.07,6.057909446618223,6.454225824482941,48.764652014652015,0.07,6.140609278926769,6.574768026830625,40.60225885225885,0.18,6.179580771380661,6.604046953605371,45.93101343101343,1,0,0,0,0,1
16007,10.0,2015,9.0,26.0,3629.0,6056.0,1,0.02,6.5,6.5,2.0,0.02,6.5,6.5,2.0,0.02,6.5,6.5,2.0,0,0,0,0,0,1
16008,14.0,2003,9.0,54.0,1150.0,6057.0,7,0.02,6.2,8.0,1.0,0.02,6.2,8.0,1.0,0.02,6.2,8.0,1.0,0,0,0,0,0,1
16009,7.0,2010,6.0,401.0,3630.0,6058.0,1,0.05,6.036517973148549,6.446041576440007,42.41893830703013,0.05,6.13182763100909,6.5621524469467225,36.190578670492584,0.05,6.158211346903418,6.59756604590732,41.083213773314206,0,0,0,0,0,1
16010,15.0,2001,8.0,549.0,3291.0,1059.0,11,0.02,7.0,7.0,5.0,0.02,7.0,7.0,5.0,0.02,7.0,7.0,5.0,1,0,0,0,0,1
16011,9.0,2003,10.0,40.0,170.0,216.0,8,0.04,7.6,8.7,31.0,0.15,8.9,8.7,31.0,0.96,7.55,7.4,31.0,1,1,0,1,0,1
16012,14.0,2005,11.0,5.0,1723.0,2868.0,1,0.08,5.941533923303834,6.313171091445431,50.56199677938808,0.08,6.055781710914458,6.470575221238942,37.569243156199676,0.08,6.052935103244841,6.466165191740415,43.750402576489535,0,0,0,0,0,1
16013,15.0,2009,12.0,338.0,3014.0,5226.0,7,0.02,8.8,8.8,3.0,0.02,8.8,8.8,3.0,0.02,8.8,8.8,3.0,0,0,0,0,0,1
16014,9.0,2005,6.0,3.0,1651.0,2493.0,3,0.21,6.22,8.47,1.0,0.18,7.75,7.5,1.0,0.18,7.75,7.5,1.0,0,0,0,0,0,1
16015,10.0,2015,8.0,430.0,3631.0,6059.0,1,0.04,6.023708006279429,6.380546310832016,44.238808539944905,0.04,6.098238618524324,6.497463108320238,40.88240358126722,0.04,6.122084772370479,6.520916797488228,43.51325757575758,0,0,0,0,0,1
16016,15.0,1992,12.0,588.0,3632.0,6060.0,1,0.0,0.0,0.0,0.0,0.0,0.0,0.0,0.0,0.0,0.0,0.0,0.0,0,0,0,0,0,1
16017,4.0,2009,5.0,589.0,3633.0,6061.0,1,0.0,0.0,0.0,0.0,0.0,0.0,0.0,0.0,0.0,0.0,0.0,0.0,1,0,0,0,0,1
16018,23.0,2015,9.0,379.0,3043.0,5258.0,1,0.02,6.023708006279429,6.380546310832016,44.238808539944905,0.02,6.098238618524324,6.497463108320238,40.88240358126722,0.03,6.122084772370479,6.520916797488228,43.51325757575758,0,0,0,0,0,1
16019,4.0,2008,1.0,158.0,1655.0,6062.0,4,0.07,2.3,3.0,39.83984375,0.01,6.1,7.5,33.34765625,0.01,6.1,7.5,45.02734375,0,0,0,0,0,1
16020,4.0,2009,4.0,26.0,3634.0,6063.0,1,0.03,6.06531266560678,6.414785373608896,47.58155002891845,0.03,6.151277159512439,6.537713301536816,45.36119144013881,0.03,6.18789083200847,6.572859035506092,49.094852515905146,0,0,0,1,0,1
16021,4.0,2008,5.0,240.0,3635.0,6064.0,1,0.04,3.7,3.7,50.52577025484975,0.04,3.7,3.7,48.40728413845569,0.04,3.7,3.7,49.56694560669456,0,0,0,0,0,1
16022,14.0,2002,5.0,196.0,1325.0,5261.0,9,0.01,6.95,8.12,6.5,0.27,6.95,8.12,6.5,0.27,6.95,8.12,6.5,0,0,0,0,0,1
16023,15.0,2007,1.0,9.0,169.0,760.0,3,0.05,7.88,7.6,69.5,0.05,7.88,7.6,69.5,0.05,7.88,7.6,69.5,1,0,0,0,1,1
16024,6.0,2012,1.0,590.0,3636.0,6065.0,4,0.0,0.0,0.0,0.0,0.0,0.0,0.0,0.0,0.0,0.0,0.0,0.0,0,0,0,0,0,1
16025,17.0,2010,11.0,535.0,3637.0,6066.0,1,0.01,6.036517973148549,6.446041576440007,42.41893830703013,0.01,6.13182763100909,6.5621524469467225,36.190578670492584,0.01,6.158211346903418,6.59756604590732,41.083213773314206,0,0,0,0,0,1
16026,17.0,2011,11.0,330.0,1826.0,3075.0,1,0.14,6.107652813930537,6.467882595817321,45.77475613360922,0.14,6.194403554438579,6.56657391616556,44.85269484678293,0.14,6.2266573916165795,6.606709451575302,45.76973100798108,0,0,0,0,0,1
16027,6.0,2013,4.0,266.0,1217.0,4166.0,1,0.04,6.53,8.1,41.0,0.22,6.53,8.03,17.0,0.07,6.53,7.7,3.0,0,0,0,0,0,1
16028,9.0,2002,3.0,88.0,680.0,6067.0,4,0.02,6.104033049574369,6.469693540310532,47.012735693020176,0.22,6.188936404606934,6.565098647972017,45.41283493218657,0.22,6.221374061091654,6.605953930896394,46.28564340059543,0,0,0,0,0,1
16029,17.0,2011,11.0,517.0,3638.0,6068.0,1,0.02,6.107652813930537,6.467882595817321,45.77475613360922,0.02,6.194403554438579,6.56657391616556,44.85269484678293,0.02,6.2266573916165795,6.606709451575302,45.76973100798108,0,0,0,0,0,1
16030,1.0,2008,1.0,204.0,3639.0,6069.0,1,0.02,6.076557377049176,6.4289414021625335,50.52577025484975,0.02,6.1574189047785115,6.543221137077076,48.40728413845569,0.02,6.202197418904775,6.585209277990916,49.56694560669456,0,0,0,0,0,1
16031,7.0,2009,11.0,292.0,3640.0,6070.0,1,0.04,5.0,5.0,47.58155002891845,0.04,5.0,5.0,45.36119144013881,0.04,5.0,5.0,49.094852515905146,0,0,0,0,0,1
16032,4.0,2010,11.0,257.0,3641.0,6071.0,1,0.0,0.0,0.0,0.0,0.0,0.0,0.0,0.0,0.0,0.0,0.0,0.0,0,0,0,0,0,1
16033,4.0,2010,3.0,224.0,1475.0,4840.0,10,0.04,1.0,1.0,1.0,0.05,1.0,8.6,1.0,0.05,1.0,8.6,1.0,0,0,0,0,0,1
16034,14.0,2003,3.0,521.0,3642.0,6072.0,9,0.03,6.095079060852895,6.448267848586539,47.787334469647305,0.03,6.181462625778645,6.558562529947344,46.592762554084175,0.03,6.219862242453294,6.595311451844795,47.85302215812246,0,0,0,0,0,1
16035,5.0,2009,3.0,201.0,1328.0,5012.0,6,0.02,7.05,7.22,11.0,0.02,7.05,7.22,11.0,0.04,6.8,5.53,16.0,0,0,0,0,0,1
16036,15.0,2002,9.0,3.0,12.0,11.0,10,0.08,7.45,7.05,1.0,3.42,7.0,7.25,42.0,3.42,7.0,7.25,42.0,1,1,0,0,0,1
16037,4.0,2008,11.0,59.0,3643.0,6073.0,1,0.02,6.076557377049176,6.4289414021625335,50.52577025484975,0.02,6.1574189047785115,6.543221137077076,48.40728413845569,0.02,6.202197418904775,6.585209277990916,49.56694560669456,0,0,0,0,0,1
16038,11.0,2016,9.0,13.0,51.0,67.0,1,0.02,5.5,7.1,180.0,0.03,9.0,8.7,624.0,0.02,3.0,8.7,624.0,1,1,1,0,0,1
16039,17.0,2012,9.0,292.0,3644.0,6074.0,1,0.02,5.0,5.0,1.0,0.02,5.0,5.0,1.0,0.02,5.0,5.0,1.0,0,0,0,0,0,1
16040,1.0,2009,3.0,170.0,1040.0,5684.0,9,0.04,2.5,6.0,1.5,0.02,7.05,7.22,11.0,0.02,7.05,7.22,11.0,0,0,0,0,0,1
16041,5.0,2013,9.0,26.0,448.0,427.0,11,0.03,6.65,6.7,54.0,0.43,6.65,7.45,54.0,0.05,6.65,3.8,54.0,0,0,0,0,0,1
16042,23.0,2014,11.0,458.0,3645.0,6075.0,1,0.02,6.0370023640661925,6.4082836879432445,47.3185817805383,0.02,6.127933806146561,6.533567375886503,45.40683229813665,0.02,6.178366430260039,6.570146572104003,49.021868530020704,0,0,0,0,0,1
16043,5.0,2009,6.0,15.0,87.0,3923.0,12,0.08,6.8,5.8,4.0,0.08,6.8,5.8,4.0,0.03,6.8,5.8,4.0,0,0,1,0,0,1
16044,14.0,2005,9.0,29.0,204.0,4939.0,11,0.15,5.2,4.0,3.0,0.15,5.88,7.2,5.0,0.15,5.88,7.2,5.0,0,0,0,0,0,1
16045,4.0,2011,6.0,26.0,190.0,486.0,1,0.02,7.0,7.3,171.0,0.19,7.0,7.3,171.0,0.54,7.0,7.3,171.0,0,0,0,0,0,1
16046,17.0,2010,11.0,486.0,3646.0,6076.0,1,0.02,6.036517973148549,6.446041576440007,42.41893830703013,0.02,6.13182763100909,6.5621524469467225,36.190578670492584,0.02,6.158211346903418,6.59756604590732,41.083213773314206,0,0,0,0,0,1
16047,20.0,2015,9.0,26.0,548.0,4396.0,11,0.04,6.057470145953109,6.403937785640577,49.16500321957501,0.04,6.138727701606951,6.5195002211411035,47.164037347070185,0.04,6.185696594427226,6.56054400707652,48.79145202833226,0,0,0,0,0,1
16048,8.0,1993,3.0,120.0,3647.0,6077.0,1,0.0,0.0,0.0,0.0,0.0,0.0,0.0,0.0,0.0,0.0,0.0,0.0,0,0,0,0,0,1
16049,6.0,2015,9.0,450.0,2034.0,3509.0,1,0.03,6.023708006279429,6.380546310832016,44.238808539944905,0.02,6.098238618524324,6.497463108320238,40.88240358126722,0.01,6.122084772370479,6.520916797488228,43.51325757575758,0,0,0,0,0,1
16050,23.0,2014,11.0,292.0,3648.0,6078.0,1,0.02,6.0370023640661925,6.4082836879432445,47.3185817805383,0.02,6.127933806146561,6.533567375886503,45.40683229813665,0.02,6.178366430260039,6.570146572104003,49.021868530020704,0,0,0,0,0,1
16051,7.0,2007,6.0,58.0,2116.0,3665.0,1,0.04,6.099566138746374,6.4607807271916755,47.55820785897907,0.04,6.186688601383021,6.564681017176054,46.14738646101114,0.1,6.2206457729199345,6.6001962971225066,47.53813196229649,0,0,0,0,0,1
16052,15.0,2015,9.0,485.0,3649.0,6079.0,10,0.04,5.5,7.0,1.0,0.04,5.5,7.0,1.0,0.04,5.5,7.0,1.0,0,0,0,0,0,1
16053,5.0,2013,7.0,381.0,1284.0,4607.0,1,0.01,7.7,8.5,2.0,0.01,7.7,8.5,2.0,0.05,7.7,8.05,38.0,0,0,0,0,0,1
16054,7.0,2010,11.0,59.0,3040.0,5255.0,1,0.02,6.036517973148549,6.446041576440007,42.41893830703013,0.02,6.13182763100909,6.5621524469467225,36.190578670492584,0.03,6.158211346903418,6.59756604590732,41.083213773314206,0,0,0,0,0,1
16055,17.0,2013,11.0,450.0,3650.0,6080.0,1,0.0,0.0,0.0,0.0,0.0,0.0,0.0,0.0,0.0,0.0,0.0,0.0,0,0,0,0,0,1
16056,6.0,2008,1.0,49.0,2370.0,1336.0,1,0.02,6.076557377049176,6.4289414021625335,50.52577025484975,0.02,6.1574189047785115,6.543221137077076,48.40728413845569,0.02,6.202197418904775,6.585209277990916,49.56694560669456,0,0,0,0,0,1
16057,18.0,2014,11.0,379.0,1931.0,6081.0,1,0.02,7.0,7.0,1.0,0.02,7.0,7.0,1.0,0.02,7.0,7.0,1.0,0,0,0,0,0,1
16058,15.0,2009,5.0,26.0,3651.0,2570.0,1,0.02,7.0,5.3,4.0,0.02,7.0,5.3,4.0,0.09,7.0,5.3,4.0,0,0,0,0,0,1
16059,17.0,2010,11.0,337.0,1768.0,2958.0,1,0.03,6.5,6.5,2.0,0.03,6.5,6.5,2.0,0.08,6.5,6.5,2.0,0,0,0,0,0,1
16060,4.0,2010,6.0,75.0,1013.0,3341.0,10,0.19,6.057083503054985,6.415594704684301,49.885309852875615,0.19,6.142910386965374,6.540040733197534,48.07779759251003,0.12,6.1904786150712745,6.577492871690405,49.565425769059296,0,0,0,0,0,1
16061,15.0,2004,1.0,9.0,3508.0,498.0,11,0.29,7.5,7.5,1.0,0.29,7.5,7.5,1.0,0.02,7.0,5.0,1.0,1,0,0,0,0,1
16062,23.0,2015,11.0,450.0,3652.0,6082.0,1,0.03,6.023708006279429,6.380546310832016,44.238808539944905,0.03,6.098238618524324,6.497463108320238,40.88240358126722,0.03,6.122084772370479,6.520916797488228,43.51325757575758,0,0,0,0,0,1
16063,23.0,2013,9.0,49.0,301.0,628.0,1,0.02,7.7,7.55,89.5,0.32,7.7,7.55,89.5,0.25,5.93,6.07,24.5,1,0,0,1,0,1
16064,1.0,2012,3.0,86.0,3653.0,6083.0,1,0.1,7.0,7.0,50.50295255548768,0.1,7.0,7.0,48.179596823457544,0.1,7.0,7.0,49.25208715129302,0,0,0,0,1,1
16065,15.0,2007,12.0,207.0,3654.0,6084.0,4,0.0,0.0,0.0,0.0,0.0,0.0,0.0,0.0,0.0,0.0,0.0,0.0,0,0,0,0,0,1
16066,10.0,2011,9.0,1.0,3655.0,6085.0,1,0.06,6.107652813930537,6.467882595817321,45.77475613360922,0.06,6.194403554438579,6.56657391616556,44.85269484678293,0.06,6.2266573916165795,6.606709451575302,45.76973100798108,0,0,1,1,0,1
16067,5.0,2013,9.0,26.0,2180.0,3790.0,11,0.02,7.6,7.6,2.0,0.04,5.5,5.5,2.0,0.04,5.5,5.5,2.0,0,0,0,1,0,1
16068,4.0,2009,11.0,232.0,3378.0,3451.0,1,0.14,6.5,6.5,47.58155002891845,0.14,6.5,6.5,45.36119144013881,0.03,6.5,6.5,49.094852515905146,0,0,0,0,0,1
16069,9.0,2002,8.0,49.0,538.0,770.0,11,0.09,6.7,8.2,7.0,0.46,7.15,7.0,7.0,0.03,7.15,7.0,7.0,1,0,0,0,0,1
16070,6.0,2012,1.0,8.0,68.0,77.0,8,0.32,8.0,7.8,4.5,0.32,8.0,7.8,4.5,0.32,8.0,7.8,4.5,1,1,1,1,1,1
16071,15.0,2011,11.0,260.0,3656.0,6086.0,1,0.03,6.107652813930537,6.467882595817321,45.77475613360922,0.03,6.194403554438579,6.56657391616556,44.85269484678293,0.03,6.2266573916165795,6.606709451575302,45.76973100798108,0,0,0,0,0,1
16072,17.0,2011,11.0,82.0,3324.0,3509.0,1,0.03,6.107652813930537,6.467882595817321,45.77475613360922,0.02,6.194403554438579,6.56657391616556,44.85269484678293,0.02,6.2266573916165795,6.606709451575302,45.76973100798108,0,0,0,0,0,1
16073,4.0,2008,11.0,26.0,3657.0,6087.0,1,0.02,6.076557377049176,6.4289414021625335,50.52577025484975,0.02,6.1574189047785115,6.543221137077076,48.40728413845569,0.02,6.202197418904775,6.585209277990916,49.56694560669456,0,0,0,0,0,1
16074,17.0,2014,6.0,49.0,3277.0,5583.0,1,0.04,6.0370023640661925,6.4082836879432445,47.3185817805383,0.04,6.127933806146561,6.533567375886503,45.40683229813665,0.02,6.178366430260039,6.570146572104003,49.021868530020704,0,0,0,0,0,1
16075,7.0,2006,11.0,516.0,3658.0,6088.0,1,0.02,6.057909446618223,6.454225824482941,48.764652014652015,0.02,6.140609278926769,6.574768026830625,40.60225885225885,0.02,6.179580771380661,6.604046953605371,45.93101343101343,0,0,0,1,0,1
16076,23.0,2016,9.0,292.0,3059.0,6089.0,7,0.01,7.8,7.1,45.70677901187285,0.03,7.8,7.1,45.89295289161241,0.03,7.8,7.1,47.273688242052856,0,0,0,0,0,1
16077,4.0,2008,6.0,388.0,3659.0,6090.0,1,0.05,6.076557377049176,6.4289414021625335,50.52577025484975,0.05,6.1574189047785115,6.543221137077076,48.40728413845569,0.05,6.202197418904775,6.585209277990916,49.56694560669456,0,0,0,0,0,1
16078,13.0,1999,7.0,168.0,219.0,6091.0,1,0.1,7.0,7.0,2.0,2.4,7.0,7.0,2.0,2.4,7.0,7.0,2.0,0,0,0,0,0,1
16079,11.0,2016,9.0,13.0,3660.0,4042.0,1,0.02,7.0,7.0,1.0,0.02,7.0,7.0,1.0,0.08,7.0,7.0,1.0,0,0,0,0,0,1
16080,4.0,2009,4.0,330.0,3661.0,6092.0,1,0.02,6.06531266560678,6.414785373608896,47.58155002891845,0.02,6.151277159512439,6.537713301536816,45.36119144013881,0.02,6.18789083200847,6.572859035506092,49.094852515905146,0,0,0,0,0,1
16081,14.0,2002,1.0,15.0,87.0,4581.0,9,0.26,8.4,7.98,58.0,0.18,5.85,7.9,58.0,0.05,4.5,8.0,1.0,0,0,1,0,0,1
16082,23.0,2015,9.0,292.0,2906.0,5055.0,1,0.02,6.0,6.0,1.0,0.02,6.0,6.0,1.0,0.04,6.0,6.0,1.0,0,0,0,0,0,1
16083,15.0,2010,10.0,152.0,676.0,1240.0,4,0.11,7.6,7.35,84.0,0.03,7.53,7.98,20.5,0.36,8.2,8.18,76.5,1,0,0,0,0,1
16084,14.0,2003,3.0,11.0,3506.0,6093.0,3,0.04,3.85,5.8,46.11504800747727,0.04,3.85,5.8,45.224657999830065,0.04,3.85,5.8,46.5193304443878,0,0,0,0,0,1
16085,6.0,2009,1.0,42.0,2108.0,3641.0,1,0.04,5.5,6.5,1.0,0.1,5.5,6.5,1.0,0.1,5.5,6.5,1.0,0,0,0,0,0,1
16086,15.0,2002,9.0,8.0,1663.0,135.0,11,0.08,7.8,6.9,14.0,0.17,7.8,6.9,14.0,0.69,7.35,7.25,34.0,0,0,0,0,0,1
16087,4.0,2010,8.0,95.0,61.0,4327.0,1,0.02,5.75,4.95,1.0,1.75,5.75,4.95,1.0,0.03,6.0,4.95,1.0,0,0,0,0,0,1
16088,15.0,2012,5.0,562.0,321.0,6094.0,9,0.0,0.0,0.0,0.0,0.06,4.0,10.0,1.0,0.06,4.0,10.0,1.0,1,0,0,0,1,1
16089,23.0,2015,9.0,54.0,3662.0,6095.0,1,0.27,5.95,6.9,1.0,0.27,5.95,6.9,1.0,0.27,5.95,6.9,1.0,0,0,0,0,0,1
16090,4.0,2008,9.0,140.0,3663.0,6096.0,1,0.07,6.076557377049176,6.4289414021625335,50.52577025484975,0.07,6.1574189047785115,6.543221137077076,48.40728413845569,0.07,6.202197418904775,6.585209277990916,49.56694560669456,0,0,0,0,0,1
16091,9.0,2006,3.0,211.0,3664.0,747.0,1,0.08,6.3,6.2,48.764652014652015,0.08,6.3,6.2,40.60225885225885,0.1,6.3,6.2,45.93101343101343,0,0,0,0,0,1
16092,4.0,2010,8.0,95.0,3665.0,6097.0,1,0.01,6.036517973148549,6.446041576440007,42.41893830703013,0.01,6.13182763100909,6.5621524469467225,36.190578670492584,0.01,6.158211346903418,6.59756604590732,41.083213773314206,0,0,0,0,0,1
16093,17.0,2013,11.0,26.0,3589.0,5997.0,1,0.02,6.016843832020995,6.3843011811023525,43.64141414141414,0.02,6.091391076115479,6.49972440944881,40.217532467532465,0.02,6.117578740157478,6.52308070866142,43.198232323232325,0,0,0,0,0,1
16094,1.0,2007,9.0,26.0,3666.0,336.0,1,0.03,8.47,8.5,243.0,0.03,8.47,8.5,243.0,1.0,8.47,8.5,243.0,1,0,0,0,0,1
16095,7.0,2006,11.0,535.0,3667.0,6098.0,1,0.0,0.0,0.0,0.0,0.0,0.0,0.0,0.0,0.0,0.0,0.0,0.0,0,0,0,0,0,1
16096,5.0,2011,4.0,122.0,3668.0,6099.0,1,0.05,6.107652813930537,6.467882595817321,45.77475613360922,0.05,6.194403554438579,6.56657391616556,44.85269484678293,0.05,6.2266573916165795,6.606709451575302,45.76973100798108,0,0,0,0,0,1
16097,7.0,2006,11.0,29.0,390.0,508.0,10,0.08,5.4,8.5,48.40748280219009,0.21,5.4,8.5,47.08746314755019,0.21,5.4,8.5,48.39758528709813,0,0,0,0,0,1
16098,17.0,2013,11.0,591.0,3669.0,6100.0,1,0.0,0.0,0.0,0.0,0.0,0.0,0.0,0.0,0.0,0.0,0.0,0.0,0,0,0,0,0,1
16099,17.0,2008,11.0,69.0,3670.0,6101.0,1,0.02,5.0,5.0,50.52577025484975,0.02,5.0,5.0,48.40728413845569,0.02,5.0,5.0,49.56694560669456,0,0,0,0,0,1
16100,7.0,2010,10.0,234.0,3671.0,6102.0,1,0.02,3.0,3.0,1.0,0.02,3.0,3.0,1.0,0.02,3.0,3.0,1.0,1,0,0,0,0,1
16101,4.0,2010,9.0,224.0,1738.0,3599.0,3,0.11,4.7,7.88,42.5,0.16,3.3,7.88,42.5,0.1,8.13,7.88,42.5,0,0,0,0,0,1
16102,14.0,2004,2.0,397.0,109.0,5742.0,6,0.02,4.53,5.92,4.0,0.05,5.7,5.92,0.0,0.05,5.7,5.92,0.0,0,0,0,0,0,1
16103,15.0,2009,7.0,397.0,2155.0,3740.0,8,0.05,4.47,7.05,1.5,0.09,2.0,7.05,0.0,0.09,2.0,7.05,0.0,0,0,0,0,0,1
16104,23.0,2014,2.0,134.0,819.0,6103.0,1,0.04,6.7,8.0,1.0,0.07,6.7,7.3,9.0,0.07,6.7,7.3,9.0,0,0,0,0,0,1
16105,15.0,2004,1.0,8.0,3672.0,454.0,9,0.14,8.8,8.08,4.0,0.14,8.8,8.08,4.0,1.44,8.1,8.08,4.0,0,0,0,1,1,1
16106,15.0,2000,4.0,22.0,1515.0,544.0,9,0.27,4.35,6.0,1.0,0.27,4.35,6.0,1.0,0.27,4.35,6.0,1.0,1,0,0,0,0,1
16107,4.0,2008,11.0,13.0,3673.0,6104.0,1,0.05,7.0,7.0,4.0,0.05,7.0,7.0,4.0,0.05,7.0,7.0,4.0,0,0,0,0,0,1
16108,17.0,2012,11.0,82.0,3674.0,6105.0,1,0.02,6.0,5.9,9.0,0.02,6.0,5.9,9.0,0.02,6.0,5.9,9.0,0,0,0,0,0,1
16109,4.0,2009,5.0,88.0,2559.0,6106.0,4,0.04,8.7,8.7,45.814278346084414,0.04,8.7,8.7,44.8149230636981,0.04,8.7,8.7,46.29712885756039,0,0,0,0,0,1
16110,10.0,2011,9.0,139.0,748.0,2464.0,12,0.11,6.2,7.4,22.0,0.12,6.7,7.15,22.0,0.22,7.6,8.5,22.0,0,0,0,0,0,1
16111,14.0,2005,11.0,15.0,226.0,3367.0,9,0.03,6.6,8.2,127.5,0.28,7.37,7.13,127.5,0.12,6.8,5.3,1.0,0,0,0,0,0,1
16112,23.0,2014,11.0,26.0,3675.0,6107.0,1,0.02,6.0370023640661925,6.4082836879432445,47.3185817805383,0.02,6.127933806146561,6.533567375886503,45.40683229813665,0.02,6.178366430260039,6.570146572104003,49.021868530020704,0,0,0,0,0,1
16113,17.0,2009,8.0,92.0,1737.0,6108.0,5,0.08,5.6,5.6,45.416876320821174,0.08,5.6,5.6,44.29963771762101,0.08,5.6,5.6,45.280718526718324,0,0,0,0,0,1
16114,15.0,2011,5.0,54.0,3676.0,6109.0,2,0.01,4.0,4.0,2.0,0.01,4.0,4.0,2.0,0.01,4.0,4.0,2.0,0,0,0,0,0,1
16115,4.0,2009,12.0,347.0,3677.0,5670.0,1,0.0,0.0,0.0,0.0,0.0,0.0,0.0,0.0,0.0,0.0,0.0,0.0,0,0,0,0,0,1
16116,4.0,2009,12.0,59.0,3678.0,6110.0,1,0.03,6.06531266560678,6.414785373608896,47.58155002891845,0.03,6.151277159512439,6.537713301536816,45.36119144013881,0.03,6.18789083200847,6.572859035506092,49.094852515905146,0,0,0,0,0,1
16117,1.0,2012,6.0,127.0,1245.0,959.0,2,0.18,6.138056818181817,6.502425000000032,46.02221482652467,0.18,6.220569696969708,6.597999242424284,45.39450037440719,0.08,6.252096969696982,6.638678787878795,46.868749479990015,0,0,0,0,0,1
16118,11.0,2016,9.0,134.0,3679.0,6111.0,3,0.01,6.0,7.0,3.0,0.01,6.0,7.0,3.0,0.01,6.0,7.0,3.0,0,0,0,0,0,1
16119,4.0,2008,9.0,355.0,3680.0,6112.0,1,0.01,6.076557377049176,6.4289414021625335,50.52577025484975,0.01,6.1574189047785115,6.543221137077076,48.40728413845569,0.01,6.202197418904775,6.585209277990916,49.56694560669456,0,0,0,0,0,1
16120,15.0,2007,8.0,8.0,971.0,6113.0,1,0.21,6.7,7.1,47.55820785897907,0.4,7.6,8.6,46.14738646101114,0.4,7.6,8.6,47.53813196229649,0,0,0,0,0,1
16121,6.0,2013,2.0,319.0,1756.0,2933.0,1,0.0,0.0,0.0,0.0,0.04,0.0,0.0,0.0,0.04,0.0,0.0,0.0,0,0,0,0,1,1
16122,6.0,2006,1.0,9.0,3681.0,6114.0,1,0.02,4.0,5.0,1.0,0.02,4.0,5.0,1.0,0.02,4.0,5.0,1.0,0,0,1,0,1,1
16123,7.0,2007,10.0,95.0,3434.0,5796.0,1,0.05,4.3,4.4,1.0,0.05,4.3,4.4,1.0,0.02,4.3,4.4,1.0,0,0,0,0,0,1
16124,6.0,2011,7.0,4.0,75.0,104.0,7,0.49,7.35,7.5,88.0,2.48,7.85,6.4,68.0,2.48,7.85,6.4,68.0,1,0,0,0,0,1
16125,17.0,2013,6.0,292.0,3682.0,6115.0,1,0.02,6.016843832020995,6.3843011811023525,43.64141414141414,0.02,6.091391076115479,6.49972440944881,40.217532467532465,0.02,6.117578740157478,6.52308070866142,43.198232323232325,0,0,0,0,0,1
16126,17.0,2013,11.0,291.0,3683.0,6116.0,1,0.02,6.016843832020995,6.3843011811023525,43.64141414141414,0.02,6.091391076115479,6.49972440944881,40.217532467532465,0.02,6.117578740157478,6.52308070866142,43.198232323232325,0,0,0,0,0,1
16127,7.0,2007,10.0,234.0,3684.0,6117.0,1,0.05,3.0,3.0,1.0,0.05,3.0,3.0,1.0,0.05,3.0,3.0,1.0,1,0,0,0,0,1
16128,17.0,2009,11.0,232.0,3378.0,3451.0,1,0.06,6.1,8.3,47.58155002891845,0.06,6.1,8.3,45.36119144013881,0.02,4.7,8.3,49.094852515905146,0,0,0,0,0,1
16129,15.0,2009,12.0,8.0,3685.0,6118.0,3,0.09,7.6,7.5,23.0,0.09,7.6,7.5,23.0,0.09,7.6,7.5,23.0,0,0,1,0,0,1
16130,15.0,2007,5.0,198.0,1268.0,2064.0,1,0.0,0.0,0.0,0.0,0.0,0.0,0.0,0.0,0.0,0.0,0.0,0.0,0,0,0,0,0,1
16131,6.0,2009,6.0,4.0,2088.0,742.0,1,0.03,6.06531266560678,6.414785373608896,47.58155002891845,0.03,6.151277159512439,6.537713301536816,45.36119144013881,0.1,6.18789083200847,6.572859035506092,49.094852515905146,0,0,0,0,0,1
16132,15.0,2013,3.0,9.0,169.0,62.0,11,0.49,6.13,6.42,47.0,0.48,7.33,7.65,103.0,0.49,6.13,6.42,47.0,0,1,0,0,0,1
16133,1.0,2010,6.0,158.0,2867.0,4441.0,6,0.06,2.5,6.0,1.5,0.04,2.5,6.0,1.5,0.04,2.5,6.0,1.5,0,0,0,0,0,1
16134,15.0,2015,12.0,592.0,127.0,5252.0,2,0.64,3.43,4.25,86.5,0.64,3.43,4.25,86.5,0.02,8.65,8.4,7.0,1,0,0,0,0,1
16135,7.0,2007,7.0,155.0,204.0,2965.0,3,0.05,6.9,7.45,71.0,0.15,6.65,7.7,71.0,0.15,6.65,7.7,71.0,1,0,0,0,0,1
16136,13.0,1999,10.0,168.0,3686.0,6119.0,1,0.05,5.9864729458917845,6.425400801603205,44.05604395604396,0.05,6.120961923847696,6.589959919839676,34.17912087912088,0.05,6.162114228456913,6.618947895791575,38.04120879120879,0,0,0,0,0,1
16137,4.0,2009,2.0,54.0,284.0,6120.0,8,0.1,6.1,7.1,46.48216786984161,0.11,6.1,7.1,45.03658010990195,0.11,6.1,7.1,45.97128542182954,0,0,0,0,0,1
16138,15.0,1999,9.0,135.0,1661.0,488.0,1,0.36,5.7,5.7,9.0,0.1,1.0,1.0,1.0,0.36,5.7,5.7,9.0,0,1,0,0,0,1
16139,9.0,2002,10.0,15.0,54.0,4677.0,3,0.02,6.8,8.0,47.00641389488024,2.07,8.1,8.5,45.229821773186515,0.05,6.0,6.3,46.14320581223748,0,0,0,0,0,1
16140,7.0,2007,12.0,59.0,3687.0,6121.0,1,0.02,6.099566138746374,6.4607807271916755,47.55820785897907,0.02,6.186688601383021,6.564681017176054,46.14738646101114,0.02,6.2206457729199345,6.6001962971225066,47.53813196229649,0,0,0,0,0,1
16141,9.0,2002,11.0,383.0,628.0,917.0,1,0.0,0.0,0.0,0.0,0.83,0.0,0.0,0.0,0.18,0.0,0.0,0.0,0,0,0,0,0,1
16142,23.0,2015,9.0,54.0,3688.0,6122.0,1,0.02,6.023708006279429,6.380546310832016,44.238808539944905,0.02,6.098238618524324,6.497463108320238,40.88240358126722,0.02,6.122084772370479,6.520916797488228,43.51325757575758,0,0,0,0,0,1
16143,5.0,2014,11.0,239.0,3574.0,5980.0,1,0.02,6.5,6.5,2.0,0.02,6.5,6.5,2.0,0.02,6.5,6.5,2.0,0,0,0,0,0,1
16144,4.0,2012,9.0,292.0,2356.0,4095.0,1,0.02,6.072961653015631,6.425969843633651,50.50295255548768,0.02,6.152457185405805,6.543201787043918,48.179596823457544,0.04,6.196662323157107,6.5816586001488995,49.25208715129302,0,0,0,0,0,1
16145,23.0,2016,11.0,134.0,2730.0,4791.0,1,0.02,8.0,8.0,1.0,0.02,8.0,8.0,1.0,0.05,8.0,8.0,1.0,0,0,0,0,0,1
16146,23.0,2014,11.0,291.0,3689.0,6123.0,1,0.04,5.0,5.0,47.3185817805383,0.04,5.0,5.0,45.40683229813665,0.04,5.0,5.0,49.021868530020704,0,0,0,0,0,1
16147,5.0,2013,7.0,362.0,1978.0,6124.0,9,0.12,6.3,8.15,1.0,0.12,6.3,8.15,1.0,0.12,6.3,8.15,1.0,0,0,0,0,0,1
16148,4.0,2008,6.0,6.0,3066.0,3600.0,1,0.03,5.0,5.0,1.0,0.03,5.0,5.0,1.0,0.03,5.0,5.0,1.0,0,0,0,0,0,1
16149,4.0,2008,11.0,26.0,3690.0,6125.0,1,0.02,6.076557377049176,6.4289414021625335,50.52577025484975,0.02,6.1574189047785115,6.543221137077076,48.40728413845569,0.02,6.202197418904775,6.585209277990916,49.56694560669456,0,0,0,0,0,1
16151,9.0,2003,3.0,88.0,831.0,749.0,9,0.22,6.3,5.9,47.787334469647305,0.05,4.4,5.9,46.592762554084175,0.05,4.4,5.9,47.85302215812246,0,0,0,0,0,1
16152,1.0,2009,5.0,75.0,3692.0,6127.0,9,0.41,6.3,6.3,48.85785172212493,0.41,6.3,6.3,47.55465557501459,0.41,6.3,6.3,48.898423817863396,0,0,0,0,0,1
16153,7.0,2007,11.0,458.0,2754.0,4834.0,1,0.02,6.099566138746374,6.4607807271916755,47.55820785897907,0.02,6.186688601383021,6.564681017176054,46.14738646101114,0.02,6.2206457729199345,6.6001962971225066,47.53813196229649,0,0,0,0,0,1
16154,4.0,2009,6.0,52.0,3693.0,6128.0,1,0.05,6.06531266560678,6.414785373608896,47.58155002891845,0.05,6.151277159512439,6.537713301536816,45.36119144013881,0.05,6.18789083200847,6.572859035506092,49.094852515905146,0,0,0,0,0,1
16155,7.0,2007,11.0,228.0,3694.0,6129.0,1,0.02,6.099566138746374,6.4607807271916755,47.55820785897907,0.02,6.186688601383021,6.564681017176054,46.14738646101114,0.02,6.2206457729199345,6.6001962971225066,47.53813196229649,0,0,0,0,0,1
16156,17.0,2012,9.0,257.0,3235.0,5527.0,1,0.02,7.0,7.0,1.0,0.02,7.0,7.0,1.0,0.02,7.0,7.0,1.0,0,0,0,0,0,1
16157,6.0,2014,9.0,26.0,2077.0,6130.0,1,0.02,8.0,6.0,1.0,0.02,8.0,7.1,208.0,0.02,8.0,7.1,208.0,0,0,0,0,0,1
16158,17.0,2014,9.0,107.0,3454.0,5828.0,1,0.12,5.0,5.0,1.0,0.12,5.0,5.0,1.0,0.02,5.0,5.0,1.0,0,0,0,0,0,1
16159,4.0,2006,4.0,69.0,1237.0,2027.0,1,0.22,9.0,8.7,3.0,0.17,9.0,8.7,3.0,0.26,9.0,9.3,4.0,0,0,0,0,0,1
16160,1.0,2008,1.0,26.0,3695.0,1593.0,1,0.01,2.0,2.0,1.0,0.01,2.0,2.0,1.0,0.01,2.0,2.0,1.0,0,0,0,0,0,1
16161,9.0,2004,3.0,170.0,1341.0,6131.0,6,0.24,5.7,6.6,4.0,0.26,5.7,6.6,4.0,0.26,5.7,6.6,4.0,0,0,0,0,0,1
16162,11.0,2016,9.0,49.0,253.0,320.0,1,0.02,7.0,5.4,8.0,0.03,7.0,5.4,8.0,0.02,6.75,7.57,2.0,1,0,0,1,1,1
16163,15.0,2007,9.0,5.0,229.0,1451.0,10,0.1,5.75,6.85,2.0,0.17,6.05,6.75,2.0,0.17,6.05,6.75,2.0,0,0,0,1,0,1
16164,18.0,2016,9.0,594.0,1376.0,6132.0,7,0.0,0.0,0.0,0.0,0.25,0.0,0.0,0.0,0.25,0.0,0.0,0.0,0,0,0,0,0,1
16165,23.0,2013,11.0,379.0,3696.0,6133.0,1,0.02,6.016843832020995,6.3843011811023525,43.64141414141414,0.02,6.091391076115479,6.49972440944881,40.217532467532465,0.02,6.117578740157478,6.52308070866142,43.198232323232325,0,0,0,0,0,1
16166,23.0,2016,4.0,492.0,3697.0,6134.0,1,0.01,5.0,5.0,1.0,0.01,5.0,5.0,1.0,0.01,5.0,5.0,1.0,0,0,0,0,0,1
16167,7.0,2007,11.0,569.0,3698.0,6135.0,1,0.02,6.099566138746374,6.4607807271916755,47.55820785897907,0.02,6.186688601383021,6.564681017176054,46.14738646101114,0.02,6.2206457729199345,6.6001962971225066,47.53813196229649,0,0,0,0,0,1
16168,13.0,1996,1.0,161.0,1003.0,6136.0,1,0.19,6.0,5.4,20.0,0.11,6.0,5.4,20.0,0.11,6.0,5.4,20.0,0,0,0,0,0,1
16169,1.0,2007,9.0,13.0,1321.0,1130.0,1,0.06,8.0,8.0,4.0,0.06,8.0,8.0,4.0,0.26,8.0,8.0,4.0,1,0,0,0,0,1
16170,4.0,2008,5.0,88.0,3699.0,6137.0,4,0.02,4.35,2.0,3.0,0.02,4.35,2.0,3.0,0.02,4.35,2.0,3.0,0,0,0,0,0,1
16171,4.0,2006,9.0,59.0,1255.0,4448.0,6,0.42,4.8,4.75,1.0,0.11,4.8,6.3,1.0,0.06,7.1,5.6,1.0,0,0,0,0,0,1
16172,17.0,2010,4.0,157.0,3700.0,6138.0,1,0.01,5.0,5.0,1.0,0.01,5.0,5.0,1.0,0.01,5.0,5.0,1.0,0,0,0,0,0,1
16173,7.0,2008,11.0,228.0,3701.0,6139.0,1,0.02,6.076557377049176,6.4289414021625335,50.52577025484975,0.02,6.1574189047785115,6.543221137077076,48.40728413845569,0.02,6.202197418904775,6.585209277990916,49.56694560669456,0,0,0,0,0,1
16174,15.0,2006,4.0,5.0,212.0,257.0,10,0.13,5.2,7.38,27.5,0.82,7.03,7.38,27.5,0.39,6.93,7.17,17.0,0,0,0,0,1,1
16175,18.0,2015,11.0,434.0,1397.0,2299.0,9,0.06,6.1,6.7,8.0,0.24,7.2,7.8,55.0,0.24,7.2,7.8,55.0,0,0,0,0,0,1
16176,23.0,2016,11.0,54.0,3702.0,6140.0,1,0.03,6.139692021200393,6.5099813780261035,46.00420630552716,0.03,6.228947858472998,6.612544764360438,45.91736771758786,0.03,6.258451511244804,6.6494134078212355,47.09733469612391,0,0,0,0,0,1
16177,6.0,2016,11.0,179.0,2939.0,71.0,1,0.02,7.83,6.6,26.0,0.02,7.83,6.6,26.0,0.13,7.83,5.33,193.0,0,0,0,0,0,1
16178,17.0,2010,11.0,292.0,3703.0,6141.0,1,0.01,6.036517973148549,6.446041576440007,42.41893830703013,0.01,6.13182763100909,6.5621524469467225,36.190578670492584,0.01,6.158211346903418,6.59756604590732,41.083213773314206,0,0,0,0,0,1
16179,9.0,2001,2.0,106.0,577.0,5651.0,12,0.05,5.7,7.7,3.0,0.02,7.13,7.23,14.0,0.02,7.13,7.23,14.0,0,0,0,0,0,1
16180,13.0,1999,12.0,595.0,3704.0,6142.0,1,0.0,0.0,0.0,0.0,0.0,0.0,0.0,0.0,0.0,0.0,0.0,0.0,0,0,0,0,0,1
16181,10.0,2013,4.0,232.0,3705.0,6143.0,1,0.01,8.0,7.88,18.0,0.01,8.0,7.88,18.0,0.01,8.0,7.88,18.0,0,0,0,0,0,1
16182,23.0,2017,4.0,9.0,1048.0,834.0,1,0.03,5.6,6.6,1.0,0.03,5.6,6.6,1.0,0.03,5.6,6.6,1.0,1,0,0,0,0,1
16183,15.0,2007,7.0,24.0,1327.0,1299.0,11,0.09,5.3,6.4,8.0,0.09,5.3,6.4,8.0,0.55,7.4,7.4,111.5,0,0,0,1,0,1
16184,6.0,2006,6.0,49.0,3706.0,6144.0,1,0.02,6.057909446618223,6.454225824482941,48.764652014652015,0.02,6.140609278926769,6.574768026830625,40.60225885225885,0.02,6.179580771380661,6.604046953605371,45.93101343101343,0,0,0,0,1,1
16185,15.0,2016,3.0,26.0,1328.0,1686.0,6,0.04,5.83,6.65,12.5,0.03,7.0,7.25,1.0,0.06,7.25,8.05,1.5,0,0,0,1,0,1
16186,15.0,2008,3.0,91.0,1059.0,1708.0,6,0.07,4.0,7.1,40.0,0.26,7.2,7.1,40.0,0.11,7.0,7.83,45.5,0,0,0,0,0,1
16187,17.0,2006,10.0,58.0,2839.0,4952.0,1,0.03,6.0,6.2,29.0,0.03,6.0,6.2,29.0,0.04,6.0,6.2,29.0,0,0,0,0,0,1
16188,4.0,2009,8.0,15.0,3022.0,5234.0,1,0.03,6.06531266560678,6.414785373608896,47.58155002891845,0.03,6.151277159512439,6.537713301536816,45.36119144013881,0.03,6.18789083200847,6.572859035506092,49.094852515905146,0,0,0,0,0,1
16189,19.0,2003,9.0,73.0,3707.0,6057.0,7,0.26,4.35,5.7,2.0,0.26,4.35,5.7,2.0,0.26,4.35,5.7,2.0,0,0,0,0,0,1
16190,6.0,2014,2.0,13.0,3708.0,6145.0,1,0.27,6.0370023640661925,6.4082836879432445,47.3185817805383,0.27,6.127933806146561,6.533567375886503,45.40683229813665,0.27,6.178366430260039,6.570146572104003,49.021868530020704,1,0,0,0,1,1
16191,4.0,2007,6.0,204.0,3709.0,6146.0,1,0.05,6.099566138746374,6.4607807271916755,47.55820785897907,0.05,6.186688601383021,6.564681017176054,46.14738646101114,0.05,6.2206457729199345,6.6001962971225066,47.53813196229649,0,0,0,0,0,1
16192,20.0,2016,11.0,127.0,2060.0,3559.0,5,0.06,4.2,4.2,6.0,0.11,8.1,7.68,6.0,0.06,5.0,7.68,0.0,0,0,0,0,0,1
16193,1.0,2007,6.0,9.0,476.0,686.0,1,0.02,7.0,7.0,1.0,0.02,7.0,7.0,1.0,1.15,7.0,7.0,1.0,0,0,0,0,0,1
16194,17.0,2007,2.0,13.0,51.0,453.0,1,0.03,6.7,7.8,4.0,0.1,6.7,7.8,4.0,0.05,7.0,7.9,22.0,0,0,1,0,0,1
16195,5.0,2010,11.0,82.0,3710.0,6147.0,1,0.02,6.036517973148549,6.446041576440007,42.41893830703013,0.02,6.13182763100909,6.5621524469467225,36.190578670492584,0.02,6.158211346903418,6.59756604590732,41.083213773314206,0,0,0,0,0,1
16196,15.0,2008,7.0,22.0,355.0,477.0,2,0.07,4.0,4.43,2.0,0.19,4.9,3.75,10.5,0.19,4.9,3.75,10.5,0,0,0,0,0,1
16197,6.0,2009,4.0,134.0,3711.0,6148.0,1,0.03,7.0,7.3,16.0,0.03,7.0,7.3,16.0,0.03,7.0,7.3,16.0,0,0,0,0,0,1
16198,15.0,2009,1.0,22.0,1151.0,789.0,1,0.08,7.5,7.48,206.0,0.11,7.5,7.7,11.0,0.03,6.0,8.2,6.0,0,0,0,0,0,1
16199,4.0,2008,9.0,59.0,3593.0,2873.0,1,0.02,4.7,3.8,50.52577025484975,0.02,4.7,3.8,48.40728413845569,0.16,4.7,3.8,49.56694560669456,0,0,0,0,0,1
16200,11.0,2016,9.0,596.0,49.0,6149.0,3,0.0,0.0,0.0,0.0,6.24,8.55,7.95,264.0,6.24,8.55,7.95,264.0,0,0,0,0,0,1
16201,7.0,2008,6.0,597.0,3085.0,5319.0,1,0.0,0.0,0.0,0.0,0.0,0.0,0.0,0.0,0.03,0.0,0.0,0.0,0,0,0,0,0,1
16202,17.0,2010,11.0,292.0,3144.0,5413.0,1,0.01,6.036517973148549,6.446041576440007,42.41893830703013,0.01,6.13182763100909,6.5621524469467225,36.190578670492584,0.01,6.158211346903418,6.59756604590732,41.083213773314206,0,0,0,0,0,1
16203,5.0,2009,7.0,524.0,2164.0,6150.0,1,0.0,0.0,0.0,0.0,0.09,7.3,7.7,0.0,0.09,7.3,7.7,0.0,0,0,0,0,0,1
16204,17.0,2010,12.0,580.0,3712.0,6151.0,1,0.02,3.0,3.0,1.0,0.02,3.0,3.0,1.0,0.02,3.0,3.0,1.0,0,0,0,0,0,1
16205,7.0,2007,11.0,468.0,3713.0,6152.0,1,0.01,6.099566138746374,6.4607807271916755,47.55820785897907,0.01,6.186688601383021,6.564681017176054,46.14738646101114,0.01,6.2206457729199345,6.6001962971225066,47.53813196229649,0,0,0,0,0,1
16206,23.0,2015,11.0,547.0,3714.0,6153.0,1,0.02,6.023708006279429,6.380546310832016,44.238808539944905,0.02,6.098238618524324,6.497463108320238,40.88240358126722,0.02,6.122084772370479,6.520916797488228,43.51325757575758,0,0,0,0,0,1
16207,17.0,2011,6.0,337.0,2547.0,4446.0,1,0.11,6.107652813930537,6.467882595817321,45.77475613360922,0.11,6.194403554438579,6.56657391616556,44.85269484678293,0.03,6.2266573916165795,6.606709451575302,45.76973100798108,0,0,0,0,0,1
16208,23.0,2012,9.0,67.0,3715.0,6154.0,1,0.07,6.0,6.0,1.0,0.07,6.0,6.0,1.0,0.07,6.0,6.0,1.0,0,0,0,0,0,1
16209,4.0,2007,9.0,1.0,3716.0,6155.0,1,0.03,6.099566138746374,6.4607807271916755,47.55820785897907,0.03,6.186688601383021,6.564681017176054,46.14738646101114,0.03,6.2206457729199345,6.6001962971225066,47.53813196229649,0,0,0,0,0,1
16210,9.0,2002,3.0,173.0,1102.0,479.0,11,0.48,4.0,5.3,3.0,0.48,4.0,5.3,3.0,1.56,6.97,6.45,25.5,0,0,0,0,1,1
16211,4.0,2009,5.0,42.0,3717.0,6156.0,7,0.02,5.5,5.5,2.0,0.02,5.5,5.5,2.0,0.02,5.5,5.5,2.0,0,0,0,0,0,1
16212,23.0,2014,11.0,379.0,2820.0,4923.0,1,0.02,6.0370023640661925,6.4082836879432445,47.3185817805383,0.02,6.127933806146561,6.533567375886503,45.40683229813665,0.02,6.178366430260039,6.570146572104003,49.021868530020704,0,0,0,0,0,1
16213,15.0,2007,12.0,22.0,1151.0,1870.0,2,0.26,6.6,7.08,15.5,0.26,6.6,7.08,15.5,0.26,6.6,7.08,15.5,0,0,0,0,0,1
16214,15.0,2015,9.0,81.0,450.0,6157.0,1,0.27,8.0,8.0,4.0,0.19,8.0,8.0,4.0,0.19,8.0,8.0,4.0,1,0,0,0,0,1
16215,7.0,2006,6.0,49.0,3718.0,6158.0,1,0.01,6.057909446618223,6.454225824482941,48.764652014652015,0.01,6.140609278926769,6.574768026830625,40.60225885225885,0.01,6.179580771380661,6.604046953605371,45.93101343101343,0,0,0,0,0,1
16216,18.0,2016,3.0,12.0,2647.0,4644.0,12,0.02,7.87,7.6,110.5,0.05,7.6,7.53,22.5,0.05,7.6,7.53,22.5,0,0,0,1,0,1
16217,7.0,2007,11.0,82.0,3719.0,6159.0,1,0.11,6.099566138746374,6.4607807271916755,47.55820785897907,0.11,6.186688601383021,6.564681017176054,46.14738646101114,0.11,6.2206457729199345,6.6001962971225066,47.53813196229649,0,0,0,0,0,1
16218,4.0,2006,5.0,12.0,61.0,6160.0,11,0.02,4.95,7.6,21.0,0.03,3.9,7.6,21.0,0.03,3.9,7.6,21.0,0,0,0,0,0,1
16219,7.0,2009,6.0,49.0,3720.0,6161.0,1,0.02,6.06531266560678,6.414785373608896,47.58155002891845,0.02,6.151277159512439,6.537713301536816,45.36119144013881,0.02,6.18789083200847,6.572859035506092,49.094852515905146,0,0,0,0,0,1
16220,7.0,2006,10.0,155.0,2218.0,6162.0,1,0.02,4.9,5.8,6.0,0.02,4.9,5.8,6.0,0.02,4.9,5.8,6.0,1,0,0,0,0,1
16221,9.0,2003,7.0,452.0,2990.0,5185.0,6,0.05,7.05,7.0,5.0,0.03,7.05,7.0,5.0,0.03,7.05,7.0,5.0,0,0,0,0,0,1
16222,17.0,2006,11.0,122.0,206.0,5869.0,1,0.36,10.0,10.0,1.0,0.16,10.0,10.0,1.0,0.02,10.0,10.0,1.0,0,0,0,0,0,1
16223,15.0,2009,7.0,24.0,721.0,1492.0,4,0.32,4.6,6.4,5.0,0.29,7.4,7.85,41.5,0.29,7.4,7.85,41.5,0,0,0,0,0,1
16224,1.0,2010,6.0,241.0,2263.0,6163.0,12,0.08,8.2,8.2,49.93467259622757,0.08,8.2,8.2,48.478224198742524,0.08,8.2,8.2,49.94947094003987,0,0,0,0,0,1
16225,5.0,2012,9.0,468.0,3713.0,6164.0,1,0.03,6.072961653015631,6.425969843633651,50.50295255548768,0.01,6.152457185405805,6.543201787043918,48.179596823457544,0.01,6.196662323157107,6.5816586001488995,49.25208715129302,0,0,0,0,0,1
16226,15.0,2015,12.0,54.0,3721.0,6165.0,4,0.01,6.1109415238251446,6.476698925613104,45.742625899280576,0.01,6.200751250717643,6.578148117772533,45.02117805755395,0.01,6.231272861477922,6.619456245386721,46.4044964028777,0,0,0,0,0,1
16227,15.0,2007,7.0,24.0,1001.0,1599.0,11,0.04,4.0,4.1,2.0,0.41,5.67,7.1,55.5,0.41,5.67,7.1,55.5,0,0,0,0,0,1
16228,7.0,2010,11.0,473.0,3722.0,6166.0,1,0.02,6.036517973148549,6.446041576440007,42.41893830703013,0.02,6.13182763100909,6.5621524469467225,36.190578670492584,0.02,6.158211346903418,6.59756604590732,41.083213773314206,0,0,0,0,0,1
16229,15.0,2012,12.0,598.0,3723.0,6167.0,1,0.0,0.0,0.0,0.0,0.0,0.0,0.0,0.0,0.0,0.0,0.0,0.0,0,0,0,0,0,1
16230,23.0,2016,11.0,458.0,3724.0,6168.0,1,0.01,8.0,8.0,1.0,0.01,8.0,8.0,1.0,0.01,8.0,8.0,1.0,0,0,0,0,0,1
16231,17.0,2010,11.0,599.0,3725.0,6169.0,1,0.0,0.0,0.0,0.0,0.0,0.0,0.0,0.0,0.0,0.0,0.0,0.0,0,0,0,0,0,1
16232,19.0,2007,1.0,6.0,62.0,2075.0,6,0.45,7.8,6.8,48.0,1.25,7.8,7.2,48.0,1.25,7.8,7.2,48.0,0,0,1,0,0,1
16233,4.0,2009,8.0,9.0,256.0,3828.0,1,0.02,4.0,5.0,2.0,0.41,4.0,5.62,3.5,0.41,4.0,5.62,3.5,0,0,0,0,0,1
16234,17.0,2011,11.0,292.0,3726.0,6170.0,1,0.02,6.107652813930537,6.467882595817321,45.77475613360922,0.02,6.194403554438579,6.56657391616556,44.85269484678293,0.02,6.2266573916165795,6.606709451575302,45.76973100798108,0,0,0,0,0,1
16235,17.0,2005,9.0,71.0,3727.0,4361.0,1,0.48,5.0,5.0,2.0,0.48,5.0,5.0,2.0,0.06,5.0,5.0,2.0,0,0,0,0,0,1
16236,20.0,2015,9.0,127.0,2199.0,5749.0,7,0.02,6.2,6.45,3.0,0.05,7.0,7.0,1.5,0.05,7.0,7.0,1.5,0,0,0,0,0,1
16237,7.0,2006,6.0,49.0,3728.0,6171.0,1,0.01,6.057909446618223,6.454225824482941,48.764652014652015,0.01,6.140609278926769,6.574768026830625,40.60225885225885,0.01,6.179580771380661,6.604046953605371,45.93101343101343,0,0,0,0,0,1
16238,6.0,2015,10.0,600.0,1537.0,4918.0,2,0.01,7.0,7.15,3.0,0.06,7.0,7.15,3.0,0.06,7.0,7.15,3.0,0,0,0,0,0,1
16239,17.0,2010,12.0,580.0,3729.0,6172.0,1,0.02,3.0,3.0,1.0,0.02,3.0,3.0,1.0,0.02,3.0,3.0,1.0,0,0,0,0,0,1
16240,17.0,2012,9.0,555.0,2962.0,5143.0,1,0.02,6.072961653015631,6.425969843633651,50.50295255548768,0.02,6.152457185405805,6.543201787043918,48.179596823457544,0.02,6.196662323157107,6.5816586001488995,49.25208715129302,0,0,0,0,0,1
16241,4.0,2013,9.0,125.0,3730.0,6173.0,1,0.02,6.3,6.3,3.0,0.02,6.3,6.3,3.0,0.02,6.3,6.3,3.0,0,0,0,0,0,1
16242,23.0,2014,5.0,6.0,19.0,4.0,6,0.45,7.9,6.02,587.0,0.29,7.87,7.78,170.0,0.04,8.0,7.7,14.0,1,1,1,0,1,1
16243,23.0,2015,9.0,291.0,2092.0,4703.0,1,0.03,8.0,8.0,1.0,0.1,6.0,6.0,2.0,0.05,6.0,6.0,2.0,0,0,0,0,0,1
16244,9.0,2002,3.0,6.0,735.0,935.0,12,0.08,6.3,7.15,2.0,0.66,6.4,7.05,12.0,0.69,6.4,6.5,13.0,0,0,0,0,0,1
16245,9.0,2004,6.0,11.0,1086.0,2065.0,10,0.02,6.5,6.35,3.0,0.2,6.5,6.35,3.0,0.29,6.9,8.3,3.0,0,0,0,0,0,1
16246,17.0,2007,3.0,9.0,1949.0,2450.0,3,0.05,7.92,7.15,66.5,0.05,7.92,7.15,66.5,0.22,5.5,6.7,7.0,0,0,0,1,1,1
16247,19.0,2003,3.0,54.0,210.0,3637.0,8,0.02,5.0,5.0,46.19905533063428,0.04,7.6,7.6,45.39591767881242,0.04,7.6,7.6,46.679740215924426,0,0,0,0,0,1
16248,19.0,2003,7.0,78.0,997.0,894.0,3,0.36,6.65,8.2,46.11504800747727,0.36,6.65,8.2,45.224657999830065,0.13,3.9,5.0,46.5193304443878,1,0,0,0,0,1
16249,19.0,2003,3.0,114.0,610.0,6174.0,7,0.2,5.7,7.8,10.0,0.87,6.62,7.65,10.0,0.87,6.62,7.65,10.0,0,0,0,0,0,1
16250,1.0,2008,6.0,26.0,3731.0,6175.0,1,0.01,6.076557377049176,6.4289414021625335,50.52577025484975,0.01,6.1574189047785115,6.543221137077076,48.40728413845569,0.01,6.202197418904775,6.585209277990916,49.56694560669456,0,0,0,0,0,1
16251,23.0,2015,12.0,139.0,3732.0,6176.0,9,0.01,7.1,7.25,4.0,0.01,7.1,7.25,4.0,0.01,7.1,7.25,4.0,0,0,0,0,0,1
16252,17.0,2009,9.0,236.0,3733.0,6177.0,1,0.05,2.85,5.9,1.0,0.05,2.85,5.9,1.0,0.05,2.85,5.9,1.0,0,0,0,0,0,1
16253,17.0,2009,12.0,134.0,3734.0,6178.0,1,0.02,6.06531266560678,6.414785373608896,47.58155002891845,0.02,6.151277159512439,6.537713301536816,45.36119144013881,0.02,6.18789083200847,6.572859035506092,49.094852515905146,0,0,0,0,0,1
16254,4.0,2009,11.0,157.0,3735.0,6179.0,1,0.01,6.06531266560678,6.414785373608896,47.58155002891845,0.01,6.151277159512439,6.537713301536816,45.36119144013881,0.01,6.18789083200847,6.572859035506092,49.094852515905146,0,0,0,0,0,1
16255,4.0,2012,11.0,292.0,3736.0,6180.0,1,0.01,6.072961653015631,6.425969843633651,50.50295255548768,0.01,6.152457185405805,6.543201787043918,48.179596823457544,0.01,6.196662323157107,6.5816586001488995,49.25208715129302,0,0,0,0,0,1
16256,17.0,2013,11.0,517.0,3218.0,5501.0,1,0.01,6.016843832020995,6.3843011811023525,43.64141414141414,0.01,6.091391076115479,6.49972440944881,40.217532467532465,0.02,6.117578740157478,6.52308070866142,43.198232323232325,0,0,0,0,0,1
16257,10.0,2014,11.0,92.0,3737.0,6181.0,1,0.01,6.3,6.3,25.0,0.01,6.3,6.3,25.0,0.01,6.3,6.3,25.0,0,0,0,0,0,1
16258,17.0,2007,4.0,71.0,24.0,4515.0,2,0.02,5.0,6.0,1.0,0.17,3.95,4.7,2.0,0.06,5.5,4.0,1.0,0,0,0,0,0,1
16259,23.0,2016,9.0,292.0,3738.0,6182.0,1,0.02,6.139692021200393,6.5099813780261035,46.00420630552716,0.02,6.228947858472998,6.612544764360438,45.91736771758786,0.02,6.258451511244804,6.6494134078212355,47.09733469612391,0,0,0,0,0,1
16260,9.0,2006,5.0,248.0,938.0,6183.0,5,0.26,4.9,6.25,1.0,0.05,6.0,4.35,2.0,0.05,6.0,4.35,2.0,0,0,0,0,0,1
16261,4.0,2007,6.0,6.0,134.0,1698.0,1,0.02,5.7,5.7,3.0,0.73,5.7,5.7,3.0,0.38,5.7,5.7,3.0,0,0,0,0,0,1
16262,23.0,2014,11.0,292.0,3739.0,6184.0,1,0.01,6.0370023640661925,6.4082836879432445,47.3185817805383,0.01,6.127933806146561,6.533567375886503,45.40683229813665,0.01,6.178366430260039,6.570146572104003,49.021868530020704,0,0,0,0,0,1
16263,15.0,2016,3.0,270.0,2301.0,3997.0,1,0.08,6.139692021200393,6.5099813780261035,46.00420630552716,0.08,6.228947858472998,6.612544764360438,45.91736771758786,0.08,6.258451511244804,6.6494134078212355,47.09733469612391,0,0,0,0,0,1
16264,23.0,2015,9.0,26.0,450.0,809.0,1,0.02,6.5,6.5,2.0,0.02,6.5,6.5,2.0,0.02,6.5,6.5,2.0,0,0,0,0,0,1
16265,14.0,2002,3.0,2.0,37.0,1260.0,1,0.19,7.0,7.0,4.0,0.04,7.0,7.0,4.0,0.04,7.0,7.0,4.0,0,0,0,0,1,1
16266,20.0,2015,4.0,17.0,556.0,65.0,1,0.49,8.0,7.2,83.0,0.49,8.0,7.2,83.0,0.49,8.0,7.2,83.0,1,1,0,0,0,1
16267,15.0,2012,7.0,26.0,1001.0,4187.0,7,0.07,4.53,5.95,22.0,0.07,4.53,5.95,22.0,0.07,4.53,5.95,22.0,0,0,0,1,0,1
16268,4.0,2010,8.0,241.0,3740.0,6185.0,1,0.13,5.1,6.43,15.0,0.13,5.1,6.43,15.0,0.13,5.1,6.43,15.0,0,0,0,0,0,1
16269,4.0,2009,4.0,26.0,51.0,73.0,1,0.01,5.1,7.85,180.0,0.25,5.1,7.85,180.0,5.5,7.05,7.95,34.0,0,0,1,0,0,1
16270,7.0,2004,10.0,58.0,2839.0,4952.0,1,0.5,6.0,7.5,4.0,0.5,6.0,7.5,4.0,0.04,6.0,7.5,4.0,0,0,0,0,0,1
16271,4.0,2007,4.0,92.0,1737.0,6186.0,1,0.03,5.0,5.0,1.0,0.16,5.7,5.7,3.0,0.16,5.7,5.7,3.0,0,0,0,0,0,1
16272,17.0,2010,12.0,4.0,285.0,6187.0,3,0.41,5.9,9.5,2.0,0.05,5.9,9.5,2.0,0.05,5.9,9.5,2.0,0,0,0,0,0,1
16273,11.0,2015,11.0,379.0,1399.0,4603.0,10,0.01,6.0,7.4,7.0,0.24,6.0,7.05,6.0,0.24,6.0,7.05,6.0,0,0,0,0,0,1
16274,7.0,2006,7.0,5.0,1374.0,1318.0,9,0.04,3.8,7.4,1.0,0.06,3.8,7.4,1.0,0.04,3.9,7.7,1.0,0,0,0,0,0,1
16275,9.0,2005,5.0,88.0,195.0,4035.0,9,0.1,5.4,6.5,10.0,0.26,5.4,6.5,10.0,0.26,5.4,6.5,10.0,0,0,0,0,0,1
16276,4.0,2008,6.0,449.0,3741.0,6188.0,1,0.06,6.076557377049176,6.4289414021625335,50.52577025484975,0.06,6.1574189047785115,6.543221137077076,48.40728413845569,0.06,6.202197418904775,6.585209277990916,49.56694560669456,0,0,0,0,0,1
16277,17.0,2009,11.0,486.0,2007.0,1545.0,1,0.02,7.0,7.0,1.0,0.11,7.0,7.0,1.0,0.03,7.0,7.0,1.0,0,0,0,0,0,1
16278,1.0,2009,11.0,17.0,3035.0,1273.0,1,0.03,5.8,6.4,4.0,0.03,5.8,6.4,4.0,0.09,5.8,6.4,4.0,0,0,0,0,0,1
16279,15.0,2002,7.0,8.0,177.0,487.0,2,0.42,8.8,6.0,8.0,1.34,8.4,8.2,8.0,0.27,7.5,7.15,8.0,0,0,0,0,0,1
16280,19.0,2003,3.0,521.0,3642.0,6072.0,9,0.03,4.5,4.9,1.0,0.01,4.5,4.9,1.0,0.01,4.5,4.9,1.0,0,0,0,0,0,1
16281,7.0,2008,11.0,157.0,3742.0,6189.0,1,0.06,6.076557377049176,6.4289414021625335,50.52577025484975,0.06,6.1574189047785115,6.543221137077076,48.40728413845569,0.06,6.202197418904775,6.585209277990916,49.56694560669456,0,0,0,0,0,1
16282,4.0,2007,8.0,355.0,3743.0,6190.0,1,0.04,6.0,7.4,33.0,0.04,6.0,7.4,33.0,0.04,6.0,7.4,33.0,0,0,0,0,0,1
16283,7.0,2009,11.0,82.0,3744.0,6191.0,1,0.02,6.06531266560678,6.414785373608896,47.58155002891845,0.02,6.151277159512439,6.537713301536816,45.36119144013881,0.02,6.18789083200847,6.572859035506092,49.094852515905146,0,0,0,0,0,1
16284,15.0,2016,8.0,601.0,1861.0,3140.0,2,0.0,0.0,0.0,0.0,0.05,7.17,7.12,20.0,0.14,6.67,8.22,82.5,0,0,0,0,0,1
16285,7.0,2006,6.0,174.0,1617.0,2979.0,7,0.28,7.5,8.0,1.0,0.28,7.5,8.0,1.0,0.28,7.5,8.0,1.0,1,0,0,0,0,1
16286,14.0,2003,9.0,73.0,779.0,5962.0,8,0.21,5.7,8.5,46.19905533063428,0.16,7.4,8.5,45.39591767881242,0.16,7.4,8.5,46.679740215924426,0,0,0,0,0,1
16287,7.0,2007,6.0,168.0,2126.0,3684.0,1,0.05,6.0,6.7,0.0,0.05,6.0,6.7,0.0,0.1,6.0,6.7,0.0,1,0,0,0,0,1
16288,15.0,2011,6.0,11.0,2094.0,6192.0,11,0.06,6.5,6.5,41.036795626576954,0.1,6.5,6.5,35.344407064760304,0.1,6.5,6.5,39.97560975609756,0,0,0,0,0,1
16289,17.0,2013,11.0,602.0,3745.0,6193.0,1,0.0,0.0,0.0,0.0,0.0,0.0,0.0,0.0,0.0,0.0,0.0,0.0,0,0,0,0,0,1
16290,17.0,2009,9.0,132.0,161.0,2130.0,1,0.04,6.0,7.5,8.0,3.0,7.43,8.48,388.5,0.09,7.43,8.48,388.5,0,0,0,0,0,1
16291,17.0,2005,1.0,9.0,2108.0,3641.0,1,0.04,5.941533923303834,6.313171091445431,50.56199677938808,0.04,6.055781710914458,6.470575221238942,37.569243156199676,0.04,6.052935103244841,6.466165191740415,43.750402576489535,0,0,0,0,0,1
16292,15.0,2007,3.0,29.0,760.0,1148.0,9,0.04,7.85,8.0,22.0,0.26,6.37,6.08,20.5,0.26,6.37,6.08,20.5,0,0,0,0,0,1
16293,6.0,2008,1.0,49.0,1398.0,2300.0,1,0.01,6.076557377049176,6.4289414021625335,50.52577025484975,0.01,6.1574189047785115,6.543221137077076,48.40728413845569,0.02,6.202197418904775,6.585209277990916,49.56694560669456,1,0,0,0,0,1
16294,15.0,2007,3.0,5.0,548.0,1121.0,5,0.14,3.5,4.9,4.0,0.2,3.9,5.78,7.0,0.16,3.5,6.82,3.0,0,0,0,0,0,1
16295,15.0,2002,4.0,120.0,712.0,6194.0,8,0.28,4.93,6.77,6.5,0.04,8.37,9.15,81.0,0.04,8.37,9.15,81.0,0,0,0,0,0,1
16296,17.0,2009,9.0,22.0,155.0,6195.0,1,0.26,7.0,7.0,170.0,0.41,5.0,4.5,2.0,0.41,5.0,4.5,2.0,0,0,0,1,0,1
16297,20.0,2015,5.0,1.0,1.0,4371.0,3,0.22,6.45,7.4,7.0,1.55,5.8,6.3,33.0,1.55,5.8,6.3,33.0,1,1,1,1,0,1
16298,17.0,2010,11.0,59.0,3746.0,6196.0,1,0.02,6.036517973148549,6.446041576440007,42.41893830703013,0.02,6.13182763100909,6.5621524469467225,36.190578670492584,0.02,6.158211346903418,6.59756604590732,41.083213773314206,0,0,0,0,0,1
16299,14.0,2006,1.0,3.0,373.0,1568.0,9,0.03,7.98,7.55,80.0,0.17,6.6,7.55,80.0,0.1,7.5,7.78,3.5,1,0,0,0,1,1
16300,17.0,2013,11.0,292.0,2738.0,4808.0,1,0.02,6.016843832020995,6.3843011811023525,43.64141414141414,0.02,6.091391076115479,6.49972440944881,40.217532467532465,0.02,6.117578740157478,6.52308070866142,43.198232323232325,0,0,0,0,0,1
16301,15.0,2015,12.0,81.0,894.0,6197.0,9,0.07,7.7,7.75,118.5,0.28,7.7,7.75,118.5,0.28,7.7,7.75,118.5,0,0,0,1,0,1
16302,14.0,2004,3.0,397.0,109.0,4620.0,6,0.02,4.53,5.92,4.0,0.02,4.53,5.92,4.0,0.02,4.53,5.92,4.0,0,0,0,0,0,1
16303,15.0,2015,9.0,7.0,2094.0,47.0,9,0.15,7.5,7.55,37.0,0.03,7.5,7.5,8.0,3.17,7.9,8.12,296.0,1,0,0,0,0,1
16304,15.0,2010,12.0,207.0,1093.0,1763.0,10,0.2,6.15,6.1,2.0,0.22,7.17,7.4,19.5,0.22,7.17,7.4,19.5,0,0,0,0,0,1
16305,1.0,2010,11.0,375.0,1957.0,6198.0,10,0.03,4.45,4.45,0.0,0.12,4.45,4.45,0.0,0.12,4.45,4.45,0.0,0,0,0,0,0,1
16307,7.0,2009,11.0,292.0,2763.0,4845.0,1,0.01,6.06531266560678,6.414785373608896,47.58155002891845,0.01,6.151277159512439,6.537713301536816,45.36119144013881,0.04,6.18789083200847,6.572859035506092,49.094852515905146,0,0,0,0,0,1
16308,17.0,2012,11.0,517.0,3456.0,5830.0,1,0.03,6.072961653015631,6.425969843633651,50.50295255548768,0.03,6.152457185405805,6.543201787043918,48.179596823457544,0.02,6.196662323157107,6.5816586001488995,49.25208715129302,0,0,0,0,0,1
16309,15.0,2009,11.0,207.0,3031.0,6200.0,1,0.02,6.3,7.5,47.58155002891845,0.02,6.3,7.5,45.36119144013881,0.02,6.3,7.5,49.094852515905146,0,0,0,0,0,1
16310,17.0,2010,11.0,292.0,3748.0,6201.0,1,0.01,6.036517973148549,6.446041576440007,42.41893830703013,0.01,6.13182763100909,6.5621524469467225,36.190578670492584,0.01,6.158211346903418,6.59756604590732,41.083213773314206,0,0,0,0,0,1
16311,14.0,2003,9.0,6.0,365.0,3234.0,12,0.05,5.1,8.1,45.86576885837514,0.18,5.9,8.6,45.062538508934075,0.18,5.9,8.6,46.35604260188364,0,0,0,0,0,1
16312,13.0,1996,12.0,254.0,901.0,6202.0,1,0.0,0.0,0.0,0.0,0.0,0.0,0.0,0.0,0.0,0.0,0.0,0.0,0,0,0,0,0,1
16313,5.0,2009,4.0,279.0,1430.0,6203.0,1,0.2,7.1,5.8,7.0,0.2,7.1,5.8,7.0,0.2,7.1,5.8,7.0,0,0,0,0,0,1
16314,15.0,2004,3.0,36.0,130.0,215.0,9,0.05,6.9,7.0,10.0,0.05,6.9,7.0,10.0,0.05,6.9,7.0,10.0,1,0,0,0,0,1
16315,14.0,2002,5.0,168.0,605.0,4793.0,12,0.01,5.0,7.0,0.0,0.18,3.5,7.0,0.0,0.18,3.5,7.0,0.0,0,0,0,0,0,1
16316,4.0,2007,6.0,158.0,1655.0,1273.0,10,0.05,5.05,8.3,1.0,0.05,5.05,8.3,1.0,0.27,6.7,8.6,1.0,0,0,0,0,0,1
16317,4.0,2007,5.0,350.0,1334.0,2796.0,4,0.02,5.7,5.9,3.0,0.27,5.55,5.9,0.0,0.02,6.0,7.0,1.0,1,0,0,0,0,1
16318,15.0,1997,3.0,24.0,1010.0,6204.0,10,0.02,8.5,8.5,2.0,0.41,6.0,6.0,1.0,0.41,6.0,6.0,1.0,1,0,0,0,0,1
16319,10.0,2014,9.0,291.0,3749.0,6205.0,1,0.02,6.0370023640661925,6.4082836879432445,47.3185817805383,0.02,6.127933806146561,6.533567375886503,45.40683229813665,0.02,6.178366430260039,6.570146572104003,49.021868530020704,0,0,0,0,0,1
16320,4.0,2007,4.0,12.0,516.0,6206.0,6,0.25,6.33,6.72,17.0,1.06,4.9,7.75,5.0,1.06,4.9,7.75,5.0,0,0,0,0,0,1
16321,17.0,2010,12.0,486.0,3750.0,6207.0,1,0.02,5.5,5.5,2.0,0.02,5.5,5.5,2.0,0.02,5.5,5.5,2.0,0,0,0,0,0,1
16322,17.0,2006,8.0,71.0,971.0,6208.0,1,0.02,6.3,6.8,1.0,0.15,5.3,7.35,17.0,0.15,5.3,7.35,17.0,0,0,0,0,0,1
16323,15.0,2008,6.0,8.0,31.0,6209.0,10,0.02,7.85,7.1,83.0,0.36,5.4,6.6,3.0,0.36,5.4,6.6,3.0,0,0,0,0,0,1
16324,5.0,2010,1.0,364.0,910.0,3467.0,10,0.07,2.0,7.3,0.0,0.29,2.0,7.3,0.0,0.11,5.15,3.75,2.0,0,0,0,0,0,1
16325,15.0,2016,9.0,6.0,1170.0,1906.0,3,0.32,7.7,6.83,45.5,0.32,7.7,6.83,45.5,0.32,7.7,6.83,45.5,1,0,0,1,0,1
16326,19.0,2002,11.0,73.0,3751.0,6210.0,11,0.13,2.65,5.8,1.0,0.13,2.65,5.8,1.0,0.13,2.65,5.8,1.0,0,0,0,0,0,1
16327,23.0,2013,11.0,291.0,3683.0,6116.0,1,0.03,5.0,5.0,43.64141414141414,0.03,5.0,5.0,40.217532467532465,0.03,5.0,5.0,43.198232323232325,0,0,0,0,0,1
16328,5.0,2009,1.0,42.0,2108.0,3641.0,1,0.03,5.5,5.0,0.5,0.01,5.5,5.0,0.5,0.01,5.5,5.0,0.5,0,0,0,0,0,1
16329,5.0,2007,1.0,9.0,2108.0,3641.0,1,0.02,5.0,6.0,1.0,0.01,5.0,6.0,1.0,0.01,5.0,6.0,1.0,0,0,0,0,1,1
16330,5.0,2015,1.0,345.0,1682.0,4546.0,11,0.05,3.5,1.25,2.0,0.06,4.5,3.1,3.0,0.06,4.5,3.1,3.0,0,0,0,0,0,1
16331,7.0,2010,11.0,292.0,2763.0,4845.0,1,0.01,6.036517973148549,6.446041576440007,42.41893830703013,0.01,6.13182763100909,6.5621524469467225,36.190578670492584,0.01,6.158211346903418,6.59756604590732,41.083213773314206,0,0,0,0,0,1
16332,15.0,2008,11.0,11.0,662.0,1409.0,6,0.04,3.7,7.8,86.0,0.02,7.13,7.75,86.0,0.18,4.8,5.22,62.5,1,0,0,0,0,1
16333,15.0,2008,11.0,11.0,662.0,1409.0,6,0.02,5.43,5.15,130.5,0.49,5.43,5.15,130.5,0.06,5.07,4.93,42.5,1,0,0,0,0,1
16334,4.0,2007,6.0,15.0,3752.0,6211.0,1,0.02,6.099566138746374,6.4607807271916755,47.55820785897907,0.02,6.186688601383021,6.564681017176054,46.14738646101114,0.02,6.2206457729199345,6.6001962971225066,47.53813196229649,0,0,0,0,0,1
16335,5.0,2006,1.0,36.0,3753.0,6212.0,1,0.04,6.45,7.25,9.0,0.04,6.45,7.25,9.0,0.04,6.45,7.25,9.0,0,0,0,0,0,1
16336,4.0,2007,9.0,355.0,1121.0,6213.0,1,0.09,4.0,4.0,1.0,0.03,4.0,4.0,1.0,0.03,4.0,4.0,1.0,0,0,0,0,0,1
16337,17.0,2009,11.0,458.0,3253.0,6214.0,1,0.04,6.06531266560678,6.414785373608896,47.58155002891845,0.01,6.151277159512439,6.537713301536816,45.36119144013881,0.01,6.18789083200847,6.572859035506092,49.094852515905146,0,0,0,0,0,1
16338,9.0,2007,6.0,6.0,886.0,571.0,1,0.02,8.0,8.0,47.55820785897907,0.02,8.0,8.0,46.14738646101114,0.47,8.0,8.0,47.53813196229649,1,0,0,0,0,1
16339,15.0,2016,4.0,81.0,3754.0,4678.0,6,0.03,6.4,4.85,1.0,0.03,6.4,4.85,1.0,0.03,6.4,4.85,1.0,0,0,0,1,0,1
16340,15.0,2009,1.0,15.0,87.0,102.0,10,0.51,7.3,7.3,46.0,0.51,7.3,7.3,46.0,0.8,6.97,6.22,60.5,0,1,1,1,0,1
16341,17.0,2008,11.0,379.0,2877.0,5011.0,1,0.02,6.076557377049176,6.4289414021625335,50.52577025484975,0.02,6.1574189047785115,6.543221137077076,48.40728413845569,0.02,6.202197418904775,6.585209277990916,49.56694560669456,0,0,0,0,0,1
16342,17.0,2009,9.0,236.0,1456.0,347.0,1,0.03,5.0,7.0,1.0,0.23,5.0,5.8,1.0,0.05,2.85,5.9,1.0,1,0,0,0,0,1
16343,23.0,2012,11.0,4.0,3755.0,2394.0,5,0.31,6.0,6.8,6.0,0.31,6.0,6.8,6.0,0.31,6.0,6.8,6.0,0,0,0,0,0,1
16344,7.0,2007,11.0,59.0,2569.0,4480.0,1,0.01,6.099566138746374,6.4607807271916755,47.55820785897907,0.01,6.186688601383021,6.564681017176054,46.14738646101114,0.01,6.2206457729199345,6.6001962971225066,47.53813196229649,0,0,0,0,0,1
16345,4.0,2007,9.0,35.0,1753.0,6215.0,8,0.45,7.9,6.7,7.0,0.11,6.75,6.3,7.0,0.11,6.75,6.3,7.0,0,0,0,0,0,1
16346,15.0,2014,9.0,5.0,852.0,158.0,1,0.03,4.9,4.9,11.0,0.03,4.9,4.9,11.0,0.06,4.9,4.9,11.0,0,0,0,1,0,1
16347,17.0,2012,10.0,26.0,3756.0,2359.0,1,0.02,4.0,5.7,18.0,0.02,4.0,5.7,18.0,0.04,4.0,5.7,18.0,0,0,0,0,0,1
16348,15.0,2007,3.0,9.0,752.0,678.0,11,0.79,6.45,7.35,36.0,0.64,7.25,6.95,40.0,0.45,7.35,7.05,40.0,1,0,0,0,0,1
16349,4.0,2008,11.0,241.0,3757.0,6216.0,1,0.04,5.25,7.25,2.0,0.04,5.25,7.25,2.0,0.04,5.25,7.25,2.0,0,0,0,0,0,1
16350,6.0,2014,10.0,26.0,3758.0,6217.0,1,0.01,6.0370023640661925,6.4082836879432445,47.3185817805383,0.01,6.127933806146561,6.533567375886503,45.40683229813665,0.01,6.178366430260039,6.570146572104003,49.021868530020704,0,0,0,0,0,1
16351,10.0,2013,9.0,5.0,94.0,110.0,1,0.08,7.6,4.8,3.0,0.14,7.6,4.8,3.0,0.21,6.0,7.53,3.0,0,0,0,0,0,1
16352,5.0,2009,11.0,458.0,3759.0,6218.0,1,0.02,6.06531266560678,6.414785373608896,47.58155002891845,0.02,6.151277159512439,6.537713301536816,45.36119144013881,0.02,6.18789083200847,6.572859035506092,49.094852515905146,0,0,0,0,0,1
16353,5.0,2006,9.0,8.0,31.0,731.0,1,0.18,7.0,6.5,14.0,0.47,4.0,6.1,10.0,0.44,4.0,6.1,10.0,0,0,0,0,0,1
16354,4.0,2011,6.0,195.0,2456.0,6219.0,9,0.27,6.067762359063304,6.406916738941901,49.94059640265068,0.07,6.146775079502746,6.521676785198052,48.186573051435786,0.07,6.193820468343437,6.562677074298944,49.52627011675607,0,0,0,0,0,1
16355,7.0,2007,10.0,155.0,1139.0,6220.0,3,0.05,7.2,8.2,35.0,0.19,7.25,8.2,35.0,0.19,7.25,8.2,35.0,1,0,0,0,0,1
16356,6.0,2015,11.0,379.0,1576.0,4603.0,1,0.02,9.5,9.15,18.5,0.06,9.5,9.15,18.5,0.06,9.5,9.15,18.5,0,0,0,0,0,1
16357,1.0,2009,5.0,240.0,3760.0,6221.0,1,0.08,4.0,4.0,47.58155002891845,0.08,4.0,4.0,45.36119144013881,0.08,4.0,4.0,49.094852515905146,0,0,0,0,0,1
16358,4.0,2009,1.0,15.0,3761.0,6222.0,1,0.03,6.0,6.0,1.0,0.03,6.0,6.0,1.0,0.03,6.0,6.0,1.0,0,0,0,0,1,1
16359,7.0,2007,11.0,337.0,3762.0,6223.0,1,0.14,6.099566138746374,6.4607807271916755,47.55820785897907,0.14,6.186688601383021,6.564681017176054,46.14738646101114,0.14,6.2206457729199345,6.6001962971225066,47.53813196229649,0,0,0,0,0,1
16360,15.0,2006,1.0,15.0,87.0,102.0,1,0.01,6.7,6.7,3.0,0.02,9.0,9.0,1.0,0.21,9.0,9.0,1.0,0,0,1,0,0,1
16361,4.0,2009,11.0,59.0,3763.0,6224.0,1,0.02,6.06531266560678,6.414785373608896,47.58155002891845,0.02,6.151277159512439,6.537713301536816,45.36119144013881,0.02,6.18789083200847,6.572859035506092,49.094852515905146,0,0,0,0,0,1
16362,6.0,2006,8.0,604.0,3764.0,6225.0,1,0.0,0.0,0.0,0.0,0.0,0.0,0.0,0.0,0.0,0.0,0.0,0.0,0,0,0,0,0,1
16363,10.0,2014,11.0,508.0,1545.0,5620.0,1,0.03,5.0,5.0,1.0,0.12,5.0,5.0,1.0,0.02,5.0,5.0,1.0,0,0,0,0,0,1
16364,4.0,2011,5.0,54.0,3765.0,6226.0,1,0.02,6.107652813930537,6.467882595817321,45.77475613360922,0.02,6.194403554438579,6.56657391616556,44.85269484678293,0.02,6.2266573916165795,6.606709451575302,45.76973100798108,0,0,0,0,0,1
16365,17.0,2012,11.0,379.0,3766.0,6227.0,1,0.02,6.072961653015631,6.425969843633651,50.50295255548768,0.02,6.152457185405805,6.543201787043918,48.179596823457544,0.02,6.196662323157107,6.5816586001488995,49.25208715129302,0,0,0,0,0,1
16366,14.0,2002,1.0,15.0,87.0,243.0,4,0.02,6.8,6.3,47.012735693020176,0.05,6.0,6.3,45.41283493218657,0.02,6.8,8.0,46.28564340059543,0,0,1,0,0,1
16367,19.0,2005,4.0,54.0,284.0,386.0,1,0.32,7.2,8.6,36.5,0.04,6.9,7.4,36.5,0.71,8.77,8.3,36.5,0,0,0,0,0,1
16368,1.0,2011,3.0,130.0,1140.0,3734.0,9,0.76,6.05,1.0,1.0,0.14,6.05,1.0,1.0,0.09,6.05,6.6,2.0,0,0,0,0,0,1
16369,18.0,2016,8.0,103.0,3767.0,6228.0,4,0.01,7.0,7.8,13.0,0.01,7.0,7.8,13.0,0.01,7.0,7.8,13.0,0,0,0,0,0,1
16370,23.0,2014,11.0,453.0,3768.0,6229.0,1,0.02,6.0370023640661925,6.4082836879432445,47.3185817805383,0.02,6.127933806146561,6.533567375886503,45.40683229813665,0.02,6.178366430260039,6.570146572104003,49.021868530020704,0,0,0,0,0,1
16371,23.0,2016,11.0,330.0,3123.0,5382.0,1,0.02,6.139692021200393,6.5099813780261035,46.00420630552716,0.02,6.228947858472998,6.612544764360438,45.91736771758786,0.03,6.258451511244804,6.6494134078212355,47.09733469612391,0,0,0,0,0,1
16372,17.0,2009,11.0,486.0,2583.0,1545.0,1,0.04,6.06531266560678,6.414785373608896,47.58155002891845,0.04,6.151277159512439,6.537713301536816,45.36119144013881,0.01,6.18789083200847,6.572859035506092,49.094852515905146,0,0,0,0,0,1
16373,15.0,2007,7.0,36.0,491.0,1929.0,10,0.2,6.17,6.75,49.0,0.32,6.27,7.03,65.0,0.32,6.27,7.03,65.0,0,0,0,0,0,1
16374,17.0,2010,11.0,94.0,2109.0,6230.0,1,0.02,5.8,7.1,42.41893830703013,0.1,5.8,7.1,36.190578670492584,0.1,5.8,7.1,41.083213773314206,0,0,0,0,0,1
16375,23.0,2013,11.0,232.0,3769.0,6231.0,1,0.03,6.016843832020995,6.3843011811023525,43.64141414141414,0.03,6.091391076115479,6.49972440944881,40.217532467532465,0.03,6.117578740157478,6.52308070866142,43.198232323232325,0,0,0,0,0,1
16376,15.0,1997,12.0,98.0,511.0,755.0,12,0.55,6.104738441089912,6.471140225956584,46.26497334587645,0.45,6.192053545998311,6.564760277224008,45.07572906867357,0.45,6.222420013291576,6.6045419158834635,46.041392285983065,1,0,0,0,0,1
16377,1.0,2010,1.0,15.0,1527.0,6232.0,7,2.09,8.47,8.38,247.0,0.03,8.47,8.38,247.0,0.03,8.47,8.38,247.0,0,0,0,0,0,1
16378,23.0,2017,9.0,292.0,3032.0,5247.0,1,0.01,6.1408025939613715,6.505570741231473,45.68745218056618,0.01,6.2296799386374735,6.610784464123878,45.88462127008416,0.03,6.259562094693526,6.648850847221269,47.27915072685539,0,0,0,0,0,1
16379,5.0,2005,9.0,49.0,1927.0,320.0,1,0.5,7.15,8.0,37.0,0.5,7.15,8.0,37.0,0.51,6.23,6.98,14.5,0,0,0,0,0,1
16380,5.0,2011,7.0,379.0,2674.0,6233.0,1,0.02,7.7,7.7,11.0,0.05,7.7,7.7,11.0,0.05,7.7,7.7,11.0,0,0,0,0,0,1
16381,7.0,2007,1.0,49.0,1398.0,2300.0,1,0.02,7.1,8.2,47.55820785897907,0.02,7.1,8.2,46.14738646101114,0.1,7.1,8.2,47.53813196229649,1,0,0,0,0,1
16382,17.0,2005,3.0,36.0,566.0,215.0,1,0.02,7.27,7.0,22.0,0.02,7.27,7.0,22.0,0.02,7.27,7.0,22.0,1,0,0,0,0,1
16383,17.0,2014,11.0,517.0,3253.0,6234.0,1,0.01,6.0370023640661925,6.4082836879432445,47.3185817805383,0.02,6.127933806146561,6.533567375886503,45.40683229813665,0.02,6.178366430260039,6.570146572104003,49.021868530020704,0,0,0,0,0,1
16384,15.0,2008,9.0,5.0,1547.0,999.0,11,0.1,4.5,6.4,76.5,0.01,7.97,7.65,76.5,0.01,7.97,7.65,76.5,0,0,0,0,0,1
16385,9.0,2004,1.0,211.0,3770.0,6235.0,3,0.02,7.6,7.85,8.5,0.02,7.6,7.85,8.5,0.02,7.6,7.85,8.5,0,0,0,0,0,1
16386,7.0,2008,11.0,228.0,61.0,6236.0,1,0.01,5.0,7.3,19.0,0.06,5.55,7.3,19.0,0.06,5.55,7.3,19.0,0,0,0,0,0,1
16387,15.0,2003,9.0,22.0,433.0,773.0,1,0.53,6.67,8.35,51.0,0.53,6.67,8.35,51.0,0.05,7.1,8.3,51.0,1,0,0,0,0,1
16388,18.0,2016,9.0,6.0,1975.0,106.0,2,0.14,7.47,6.7,69.0,0.08,7.47,5.6,4.0,0.07,6.47,6.95,36.0,1,1,0,1,0,1
16389,15.0,2009,4.0,461.0,3771.0,6237.0,11,0.0,0.0,0.0,0.0,0.0,0.0,0.0,0.0,0.0,0.0,0.0,0.0,0,0,0,0,0,1
16390,6.0,2011,9.0,134.0,950.0,1482.0,2,0.04,7.0,7.3,17.0,0.14,5.6,6.2,7.0,0.46,3.25,6.35,28.0,1,0,0,0,0,1
16391,6.0,2014,11.0,553.0,2702.0,4736.0,1,0.02,6.0370023640661925,6.4082836879432445,47.3185817805383,0.02,6.127933806146561,6.533567375886503,45.40683229813665,0.05,6.178366430260039,6.570146572104003,49.021868530020704,0,0,0,0,0,1
16392,18.0,2015,9.0,361.0,1648.0,5181.0,9,0.02,6.6,6.6,50.44444444444444,0.02,6.6,6.6,48.38212927756654,0.02,6.6,6.6,49.40853400929446,0,0,0,0,0,1
16393,10.0,2014,9.0,26.0,2146.0,5754.0,11,0.02,6.032845701209544,6.392883295194503,49.06956599392749,0.06,6.116621444916636,6.505696305982348,47.025629576710124,0.06,6.161266753841114,6.547830990519772,48.061618146097516,0,0,0,0,0,1
16394,7.0,2008,11.0,458.0,3253.0,6214.0,1,0.04,6.076557377049176,6.4289414021625335,50.52577025484975,0.04,6.1574189047785115,6.543221137077076,48.40728413845569,0.04,6.202197418904775,6.585209277990916,49.56694560669456,0,0,0,0,0,1
16395,7.0,2007,10.0,13.0,3772.0,6238.0,1,0.01,6.099566138746374,6.4607807271916755,47.55820785897907,0.01,6.186688601383021,6.564681017176054,46.14738646101114,0.01,6.2206457729199345,6.6001962971225066,47.53813196229649,0,0,0,0,0,1
16396,20.0,2015,6.0,1.0,205.0,6239.0,6,4.57,8.3,8.48,210.5,0.38,7.25,7.25,104.0,0.38,7.25,7.25,104.0,0,0,0,0,0,1
16397,4.0,2008,6.0,605.0,3773.0,6240.0,1,0.0,0.0,0.0,0.0,0.0,0.0,0.0,0.0,0.0,0.0,0.0,0.0,0,0,0,0,0,1
16398,1.0,2008,9.0,228.0,2334.0,4058.0,1,0.01,6.076557377049176,6.4289414021625335,50.52577025484975,0.01,6.1574189047785115,6.543221137077076,48.40728413845569,0.02,6.202197418904775,6.585209277990916,49.56694560669456,0,0,0,0,0,1
16399,15.0,2015,1.0,6.0,332.0,4144.0,9,0.04,4.8,4.8,50.44444444444444,0.04,4.8,4.8,48.38212927756654,0.04,4.8,4.8,49.40853400929446,0,0,0,0,0,1
16400,10.0,2015,9.0,54.0,1717.0,6241.0,1,0.01,6.023708006279429,6.380546310832016,44.238808539944905,0.16,6.098238618524324,6.497463108320238,40.88240358126722,0.16,6.122084772370479,6.520916797488228,43.51325757575758,1,0,0,0,0,1
16401,9.0,2001,1.0,6.0,336.0,1464.0,1,0.05,4.25,4.25,0.0,0.46,4.25,4.25,0.0,0.46,4.25,4.25,0.0,0,0,0,0,0,1
16402,10.0,2011,1.0,183.0,977.0,6242.0,12,0.02,3.1,3.1,1.0,0.28,3.1,3.1,1.0,0.28,3.1,3.1,1.0,0,0,0,0,0,1
16403,4.0,2008,11.0,59.0,3774.0,6243.0,1,0.01,6.076557377049176,6.4289414021625335,50.52577025484975,0.01,6.1574189047785115,6.543221137077076,48.40728413845569,0.01,6.202197418904775,6.585209277990916,49.56694560669456,0,0,0,0,0,1
16404,19.0,2002,5.0,196.0,1692.0,5261.0,9,0.03,5.7,6.0,1.0,0.1,3.9,3.2,1.0,0.1,3.9,3.2,1.0,0,0,0,0,0,1
16405,1.0,2008,8.0,69.0,3775.0,918.0,1,0.02,6.0,6.0,2.0,0.02,6.0,6.0,2.0,0.02,6.0,6.0,2.0,0,0,0,0,0,1
16406,7.0,2007,4.0,159.0,3776.0,6244.0,1,0.1,6.099566138746374,6.4607807271916755,47.55820785897907,0.1,6.186688601383021,6.564681017176054,46.14738646101114,0.1,6.2206457729199345,6.6001962971225066,47.53813196229649,0,0,0,0,0,1
16407,17.0,2009,11.0,379.0,2877.0,5011.0,1,0.02,6.06531266560678,6.414785373608896,47.58155002891845,0.02,6.151277159512439,6.537713301536816,45.36119144013881,0.04,6.18789083200847,6.572859035506092,49.094852515905146,0,0,0,0,0,1
16408,10.0,2013,4.0,257.0,3021.0,5233.0,1,0.03,4.0,4.0,1.0,0.03,4.0,4.0,1.0,0.03,4.0,4.0,1.0,0,0,0,0,0,1
16409,7.0,2009,11.0,379.0,2449.0,4291.0,1,0.02,6.0,6.0,1.0,0.02,6.0,6.0,1.0,0.02,6.0,6.0,1.0,0,0,0,0,0,1
16410,23.0,2014,6.0,292.0,2711.0,4754.0,1,0.01,6.0370023640661925,6.4082836879432445,47.3185817805383,0.01,6.127933806146561,6.533567375886503,45.40683229813665,0.05,6.178366430260039,6.570146572104003,49.021868530020704,0,0,0,0,0,1
16411,5.0,2015,3.0,270.0,1040.0,2810.0,6,0.07,7.0,7.0,0.5,0.02,5.75,6.75,1.0,0.02,5.75,6.75,1.0,0,0,0,0,1,1
16412,10.0,2016,9.0,606.0,1113.0,6245.0,10,0.0,0.0,0.0,0.0,0.02,4.4,4.45,6.0,0.02,4.4,4.45,6.0,0,0,0,0,0,1
16413,1.0,2008,11.0,1.0,1038.0,6246.0,1,0.08,6.0,6.6,53.0,0.39,7.0,7.6,15.0,0.39,7.0,7.6,15.0,0,0,0,0,0,1
16414,15.0,2016,12.0,103.0,644.0,730.0,1,0.19,6.0,8.0,4.0,0.79,6.0,7.5,147.0,0.76,7.7,6.03,345.5,1,0,0,0,0,1
16415,19.0,2003,7.0,95.0,61.0,6247.0,4,0.05,7.6,7.55,1.0,0.07,7.4,7.5,1.0,0.07,7.4,7.5,1.0,0,0,0,0,0,1
16416,5.0,2011,7.0,381.0,1284.0,4607.0,1,0.02,7.7,7.4,10.0,0.02,7.7,7.4,10.0,0.05,7.7,8.05,38.0,0,0,0,0,0,1
16417,23.0,2015,9.0,292.0,3777.0,6248.0,1,0.02,6.023708006279429,6.380546310832016,44.238808539944905,0.02,6.098238618524324,6.497463108320238,40.88240358126722,0.02,6.122084772370479,6.520916797488228,43.51325757575758,1,0,0,1,0,1
16418,4.0,2010,12.0,49.0,3778.0,6249.0,1,0.03,6.036517973148549,6.446041576440007,42.41893830703013,0.03,6.13182763100909,6.5621524469467225,36.190578670492584,0.03,6.158211346903418,6.59756604590732,41.083213773314206,0,0,0,0,0,1
16419,15.0,2009,11.0,272.0,3412.0,3812.0,11,0.07,7.77,7.67,151.0,0.07,7.77,7.67,151.0,0.02,7.77,7.67,151.0,0,0,0,0,0,1
16420,6.0,2012,8.0,379.0,3565.0,5327.0,1,0.02,7.0,7.0,1.0,0.02,7.0,7.0,1.0,0.02,7.0,7.0,1.0,0,0,0,0,0,1
16421,4.0,2011,4.0,453.0,3779.0,6250.0,1,0.05,6.107652813930537,6.467882595817321,45.77475613360922,0.05,6.194403554438579,6.56657391616556,44.85269484678293,0.05,6.2266573916165795,6.606709451575302,45.76973100798108,0,0,0,0,0,1
16422,5.0,2012,10.0,26.0,161.0,188.0,10,0.19,8.0,7.4,45.0,0.62,5.43,5.15,211.5,0.62,5.43,5.15,211.5,0,0,0,1,0,1
16423,15.0,2007,12.0,36.0,3780.0,6251.0,6,0.02,8.2,7.7,27.0,0.02,8.2,7.7,27.0,0.02,8.2,7.7,27.0,0,0,0,0,0,1
16424,4.0,2008,6.0,298.0,1652.0,6252.0,10,0.05,6.102638001824813,6.459495894160645,47.32791802049488,0.06,6.191270529197094,6.566937728102246,45.973319170207446,0.06,6.229014598540156,6.60431341240881,47.42195701074731,0,0,0,0,0,1
16425,17.0,2012,9.0,330.0,3781.0,6253.0,1,0.01,6.072961653015631,6.425969843633651,50.50295255548768,0.01,6.152457185405805,6.543201787043918,48.179596823457544,0.01,6.196662323157107,6.5816586001488995,49.25208715129302,0,0,0,0,0,1
16426,1.0,2007,11.0,129.0,3782.0,6254.0,1,0.0,0.0,0.0,0.0,0.0,0.0,0.0,0.0,0.0,0.0,0.0,0.0,0,0,0,0,0,1
16427,17.0,2010,6.0,560.0,3783.0,6255.0,1,0.02,6.036517973148549,6.446041576440007,42.41893830703013,0.02,6.13182763100909,6.5621524469467225,36.190578670492584,0.02,6.158211346903418,6.59756604590732,41.083213773314206,0,0,0,0,0,1
16428,1.0,2008,5.0,126.0,532.0,778.0,7,0.02,4.0,8.0,9.0,1.03,4.0,8.0,9.0,0.06,5.75,6.65,5.0,1,0,0,0,0,1
16429,7.0,2006,3.0,36.0,799.0,3104.0,6,0.03,8.1,7.3,8.0,0.02,8.1,7.3,8.0,0.14,6.47,6.53,8.0,1,0,0,0,0,1
16430,17.0,2008,3.0,201.0,1040.0,2288.0,3,0.1,6.0,4.0,1.0,0.04,6.0,7.0,1.0,0.04,6.0,7.0,1.0,0,0,0,0,0,1
16431,15.0,2008,1.0,241.0,441.0,2162.0,7,0.18,4.0,6.8,46.12766046942038,0.18,4.0,6.8,45.3263228737276,0.18,4.0,6.8,46.65588457979305,0,0,0,0,0,1
16432,7.0,2008,6.0,385.0,3784.0,6256.0,1,0.04,6.076557377049176,6.4289414021625335,50.52577025484975,0.04,6.1574189047785115,6.543221137077076,48.40728413845569,0.04,6.202197418904775,6.585209277990916,49.56694560669456,0,0,0,0,0,1
16433,10.0,2015,9.0,54.0,19.0,1218.0,10,0.98,8.3,8.2,19.0,0.07,4.0,8.2,19.0,0.1,4.0,8.2,19.0,0,0,1,0,0,1
16434,10.0,2014,5.0,543.0,513.0,6257.0,4,0.15,6.139387208236375,6.506554544813523,45.86207430340557,0.15,6.227536139905513,6.6104597701149785,45.8437306501548,0.15,6.257381002750159,6.647391580283496,47.09342105263158,0,0,0,0,0,1
16435,17.0,2012,9.0,442.0,3785.0,6258.0,1,0.03,6.072961653015631,6.425969843633651,50.50295255548768,0.03,6.152457185405805,6.543201787043918,48.179596823457544,0.03,6.196662323157107,6.5816586001488995,49.25208715129302,0,0,0,0,0,1
16436,17.0,2011,12.0,580.0,323.0,701.0,1,0.01,6.0,8.0,2.0,0.72,6.0,8.0,2.0,0.08,6.0,8.0,2.0,0,0,0,0,0,1
16437,9.0,2005,5.0,88.0,3786.0,3261.0,1,0.04,6.0,6.25,1.0,0.04,6.0,6.25,1.0,0.13,6.8,6.25,1.0,0,0,0,0,0,1
16438,9.0,2006,2.0,105.0,1512.0,6259.0,1,0.03,6.057909446618223,6.454225824482941,48.764652014652015,0.21,6.140609278926769,6.574768026830625,40.60225885225885,0.21,6.179580771380661,6.604046953605371,45.93101343101343,0,0,0,0,0,1
16439,23.0,2015,9.0,572.0,3787.0,6260.0,1,0.02,6.023708006279429,6.380546310832016,44.238808539944905,0.02,6.098238618524324,6.497463108320238,40.88240358126722,0.02,6.122084772370479,6.520916797488228,43.51325757575758,0,0,0,0,0,1
16440,17.0,2014,11.0,517.0,3788.0,6261.0,1,0.01,6.0370023640661925,6.4082836879432445,47.3185817805383,0.01,6.127933806146561,6.533567375886503,45.40683229813665,0.01,6.178366430260039,6.570146572104003,49.021868530020704,0,0,0,0,0,1
16441,15.0,2010,7.0,5.0,89.0,624.0,1,0.1,6.0,6.4,8.0,0.58,6.0,6.4,8.0,0.51,6.0,6.4,8.0,0,0,0,0,0,1
16442,7.0,2008,11.0,134.0,3789.0,5883.0,1,0.02,6.076557377049176,6.4289414021625335,50.52577025484975,0.02,6.1574189047785115,6.543221137077076,48.40728413845569,0.02,6.202197418904775,6.585209277990916,49.56694560669456,0,0,0,0,0,1
16443,17.0,2011,11.0,607.0,3790.0,6262.0,1,0.0,0.0,0.0,0.0,0.0,0.0,0.0,0.0,0.0,0.0,0.0,0.0,0,0,0,0,0,1
16444,7.0,2006,11.0,468.0,3791.0,6263.0,1,0.0,0.0,0.0,0.0,0.0,0.0,0.0,0.0,0.0,0.0,0.0,0.0,1,0,0,0,1,1
16445,18.0,2014,6.0,6.0,3483.0,5862.0,1,0.04,6.87,6.95,37.5,0.04,6.87,6.95,37.5,0.04,6.87,6.95,37.5,0,0,0,0,0,1
16446,13.0,1999,10.0,255.0,380.0,1642.0,1,0.06,7.0,7.0,1.0,0.06,7.0,7.0,1.0,0.08,8.0,8.0,21.0,1,0,0,0,0,1
16447,17.0,2013,11.0,517.0,3792.0,6264.0,1,0.01,6.016843832020995,6.3843011811023525,43.64141414141414,0.01,6.091391076115479,6.49972440944881,40.217532467532465,0.01,6.117578740157478,6.52308070866142,43.198232323232325,0,0,0,0,0,1
16448,15.0,2008,4.0,36.0,1570.0,2618.0,1,0.19,4.0,6.0,11.0,0.19,4.0,6.0,11.0,0.19,4.0,6.0,11.0,0,0,0,0,0,1
16449,15.0,2009,9.0,129.0,2908.0,5059.0,7,0.06,5.7,7.5,61.18867924528302,0.06,5.7,7.5,37.9685534591195,0.06,5.7,7.5,51.5188679245283,0,0,0,0,0,1
16450,7.0,2007,12.0,608.0,3793.0,6265.0,1,0.0,0.0,0.0,0.0,0.0,0.0,0.0,0.0,0.0,0.0,0.0,0.0,0,0,0,0,0,1
16451,15.0,2009,8.0,22.0,1106.0,1841.0,1,0.01,3.75,6.35,5.0,0.2,3.75,6.35,5.0,0.05,6.7,6.6,5.0,0,0,0,0,0,1
16452,10.0,2012,5.0,298.0,1652.0,6266.0,2,0.02,6.138056818181817,6.502425000000032,46.02221482652467,0.02,6.220569696969708,6.597999242424284,45.39450037440719,0.02,6.252096969696982,6.638678787878795,46.868749479990015,0,0,0,0,0,1
16453,15.0,2006,6.0,81.0,2429.0,419.0,11,0.02,7.15,7.15,8.0,0.07,7.15,7.15,8.0,0.07,7.15,7.15,8.0,0,0,0,0,0,1
16454,4.0,2008,8.0,6.0,2751.0,3683.0,1,0.03,6.0,6.6,176.0,0.03,6.0,6.6,176.0,0.04,6.0,6.6,176.0,0,0,0,0,0,1
16455,4.0,2008,4.0,342.0,1558.0,3628.0,1,0.03,8.0,7.5,3.5,0.13,6.0,7.05,4.0,0.03,8.0,7.5,3.5,0,0,0,0,0,1
16456,23.0,2012,6.0,486.0,2099.0,3624.0,12,0.02,7.7,6.6,45.69551700314731,0.1,7.7,6.6,45.865049512550854,0.1,7.7,6.6,47.21037076840408,0,0,0,0,0,1
16457,1.0,2007,9.0,15.0,94.0,110.0,1,0.02,6.55,5.3,19.0,0.61,6.55,5.3,19.0,0.06,4.27,6.33,3.5,0,0,0,0,0,1
16458,13.0,2000,5.0,92.0,3794.0,6267.0,1,1.15,6.080184531886015,6.4249240162822545,49.17336199229173,1.15,6.164715061058349,6.539900949796512,47.802772013044766,1.15,6.208497964721839,6.582871099050231,49.20360213459828,0,0,0,0,0,1
16459,17.0,2014,6.0,228.0,3454.0,5828.0,1,0.21,7.35,7.35,9.0,0.21,7.35,7.35,9.0,0.02,7.35,7.35,9.0,0,0,0,0,0,1
16460,17.0,2006,4.0,69.0,1246.0,2027.0,1,0.21,9.0,9.0,1.0,0.3,9.0,9.0,1.0,0.17,9.0,8.7,3.0,0,0,0,0,0,1
16461,6.0,2012,11.0,379.0,3766.0,6227.0,1,0.01,6.072961653015631,6.425969843633651,50.50295255548768,0.01,6.152457185405805,6.543201787043918,48.179596823457544,0.01,6.196662323157107,6.5816586001488995,49.25208715129302,0,0,0,0,0,1
16462,9.0,2003,3.0,168.0,3795.0,6268.0,1,0.05,5.4,5.5,47.685338686698614,0.05,5.4,5.5,46.47707550835384,0.05,5.4,5.5,47.855459137417434,0,0,0,0,0,1
16463,4.0,2006,6.0,26.0,3796.0,6269.0,1,0.02,6.057909446618223,6.454225824482941,48.764652014652015,0.02,6.140609278926769,6.574768026830625,40.60225885225885,0.02,6.179580771380661,6.604046953605371,45.93101343101343,0,0,0,0,0,1
16464,7.0,2008,11.0,94.0,3797.0,6270.0,1,1.12,8.6,7.5,3.0,1.12,8.6,7.5,3.0,1.12,8.6,7.5,3.0,0,0,0,0,0,1
16465,4.0,2008,4.0,9.0,3798.0,6271.0,1,0.02,6.076557377049176,6.4289414021625335,50.52577025484975,0.02,6.1574189047785115,6.543221137077076,48.40728413845569,0.02,6.202197418904775,6.585209277990916,49.56694560669456,0,0,0,0,0,1
16466,17.0,2013,11.0,82.0,3799.0,6272.0,1,0.03,6.016843832020995,6.3843011811023525,43.64141414141414,0.03,6.091391076115479,6.49972440944881,40.217532467532465,0.03,6.117578740157478,6.52308070866142,43.198232323232325,1,0,0,0,0,1
16467,4.0,2008,11.0,59.0,3800.0,6273.0,1,0.01,6.076557377049176,6.4289414021625335,50.52577025484975,0.01,6.1574189047785115,6.543221137077076,48.40728413845569,0.01,6.202197418904775,6.585209277990916,49.56694560669456,0,0,0,0,0,1
16468,10.0,2015,11.0,49.0,2152.0,3735.0,1,0.02,6.9,6.9,11.0,0.02,6.9,6.9,11.0,0.09,6.9,6.9,11.0,0,0,0,0,0,1
16469,4.0,2009,9.0,26.0,3801.0,6274.0,1,0.01,6.0,5.0,2.0,0.01,6.0,5.0,2.0,0.01,6.0,5.0,2.0,0,0,0,0,0,1
16470,18.0,2016,3.0,478.0,2766.0,4850.0,1,0.04,5.75,6.6,22.0,0.04,5.75,6.6,22.0,0.04,5.75,6.6,22.0,0,0,0,0,0,1
16471,18.0,2016,9.0,17.0,1125.0,204.0,1,0.04,8.0,7.7,50.0,0.34,7.0,7.4,31.0,0.18,6.9,7.55,11.0,1,0,0,1,0,1
16472,15.0,2011,12.0,54.0,1654.0,6275.0,6,0.15,7.77,8.1,291.0,0.18,6.1,6.7,6.0,0.18,6.1,6.7,6.0,0,0,0,0,0,1
16473,5.0,2011,9.0,15.0,86.0,61.0,1,0.03,6.0,5.8,24.0,0.06,9.0,8.05,234.0,2.09,8.47,8.38,247.0,1,1,0,0,0,1
16474,17.0,2012,11.0,38.0,190.0,4796.0,1,0.05,6.0,8.5,2.0,0.04,6.0,7.0,3.0,0.04,6.0,7.0,3.0,0,0,0,0,0,1
16475,10.0,2013,9.0,26.0,3802.0,6276.0,1,0.02,5.0,5.0,43.64141414141414,0.02,5.0,5.0,40.217532467532465,0.02,5.0,5.0,43.198232323232325,0,0,0,0,0,1
16476,15.0,2011,6.0,207.0,1529.0,4972.0,10,0.02,7.2,4.85,1.0,0.04,7.2,4.85,1.0,0.04,7.2,4.85,1.0,0,0,0,0,0,1
16477,15.0,2012,9.0,5.0,89.0,624.0,8,0.44,6.95,7.5,8.0,0.44,6.95,7.5,8.0,0.44,6.95,7.5,8.0,0,0,0,0,0,1
16478,4.0,2007,11.0,310.0,586.0,4691.0,2,0.17,2.37,6.0,1.0,0.05,2.37,3.4,0.5,0.05,2.37,3.4,0.5,0,0,0,0,0,1
16479,15.0,2009,12.0,8.0,31.0,667.0,8,0.14,3.0,6.0,1.0,0.14,3.0,6.0,1.0,1.17,7.8,6.55,344.0,1,0,0,1,0,1
16480,15.0,2009,11.0,241.0,3803.0,6277.0,4,0.05,6.05,6.38,15.5,0.05,6.05,6.38,15.5,0.05,6.05,6.38,15.5,0,0,0,0,0,1
16481,6.0,2008,10.0,12.0,676.0,3864.0,12,0.05,5.0,8.0,15.5,0.08,7.5,8.0,15.5,0.08,7.5,8.0,15.5,0,0,0,0,0,1
16482,10.0,2015,6.0,1.0,3804.0,6278.0,1,0.11,8.0,8.3,14.0,0.11,8.0,8.3,14.0,0.11,8.0,8.3,14.0,0,1,0,0,0,1
16483,15.0,2011,3.0,348.0,450.0,809.0,1,0.07,3.5,4.0,1.0,0.07,3.5,4.0,1.0,0.13,3.5,7.08,49.0,0,0,0,0,0,1
16484,4.0,2007,1.0,6.0,1786.0,214.0,1,0.01,6.099566138746374,6.4607807271916755,47.55820785897907,0.01,6.186688601383021,6.564681017176054,46.14738646101114,0.18,6.2206457729199345,6.6001962971225066,47.53813196229649,0,0,1,0,0,1
16485,15.0,2011,5.0,54.0,3805.0,6279.0,1,0.01,6.107652813930537,6.467882595817321,45.77475613360922,0.01,6.194403554438579,6.56657391616556,44.85269484678293,0.01,6.2266573916165795,6.606709451575302,45.76973100798108,0,0,0,0,0,1
16486,17.0,2012,9.0,517.0,3098.0,5341.0,1,0.01,6.072961653015631,6.425969843633651,50.50295255548768,0.01,6.152457185405805,6.543201787043918,48.179596823457544,0.03,6.196662323157107,6.5816586001488995,49.25208715129302,0,0,0,0,0,1
16487,15.0,2006,5.0,215.0,474.0,1834.0,3,0.0,0.0,0.0,0.0,0.83,0.0,0.0,0.0,0.03,0.0,0.0,0.0,0,0,0,0,0,1
16488,23.0,2015,9.0,292.0,2356.0,4095.0,1,0.01,6.023708006279429,6.380546310832016,44.238808539944905,0.01,6.098238618524324,6.497463108320238,40.88240358126722,0.02,6.122084772370479,6.520916797488228,43.51325757575758,0,0,0,0,0,1
16489,9.0,2001,9.0,223.0,2609.0,349.0,12,0.19,2.0,2.0,1.0,0.19,2.0,2.0,1.0,1.97,2.0,2.0,1.0,0,0,0,0,0,1
16490,11.0,2016,9.0,26.0,3806.0,6280.0,1,0.01,6.139692021200393,6.5099813780261035,46.00420630552716,0.01,6.228947858472998,6.612544764360438,45.91736771758786,0.01,6.258451511244804,6.6494134078212355,47.09733469612391,1,0,0,0,0,1
16491,7.0,2009,11.0,157.0,3807.0,6281.0,1,0.07,5.0,5.0,2.0,0.07,5.0,5.0,2.0,0.07,5.0,5.0,2.0,0,0,0,0,0,1
16492,1.0,2007,10.0,228.0,3808.0,6282.0,1,0.02,6.099566138746374,6.4607807271916755,47.55820785897907,0.02,6.186688601383021,6.564681017176054,46.14738646101114,0.02,6.2206457729199345,6.6001962971225066,47.53813196229649,0,0,0,0,0,1
16493,5.0,2014,4.0,609.0,1572.0,2620.0,5,0.19,5.27,6.15,48.5,0.19,5.27,6.15,48.5,0.19,5.27,6.15,48.5,0,0,0,0,0,1
16494,13.0,1995,11.0,8.0,3809.0,6283.0,1,0.05,6.0,6.0,1.0,0.05,6.0,6.0,1.0,0.05,6.0,6.0,1.0,0,0,0,0,0,1
16495,15.0,2016,12.0,127.0,1964.0,5271.0,1,0.07,6.3,7.1,2.0,0.03,5.85,5.8,2.0,0.01,7.0,7.6,0.0,0,0,0,0,0,1
16496,9.0,2002,4.0,58.0,643.0,939.0,8,0.26,8.0,8.0,3.0,0.62,8.5,8.5,2.0,0.65,6.0,6.0,2.0,1,0,0,0,0,1
16497,23.0,2014,11.0,600.0,3810.0,6284.0,1,0.0,0.0,0.0,0.0,0.0,0.0,0.0,0.0,0.0,0.0,0.0,0.0,0,0,0,0,0,1
16498,15.0,2007,1.0,15.0,87.0,102.0,10,0.29,8.3,8.0,111.0,0.29,8.3,8.0,111.0,1.59,7.25,6.22,111.0,0,1,1,0,0,1
16499,7.0,2008,11.0,82.0,3811.0,6285.0,1,0.02,6.076557377049176,6.4289414021625335,50.52577025484975,0.02,6.1574189047785115,6.543221137077076,48.40728413845569,0.02,6.202197418904775,6.585209277990916,49.56694560669456,0,0,0,0,0,1
16500,23.0,2014,11.0,379.0,3812.0,6286.0,1,0.01,5.8,5.8,4.0,0.01,5.8,5.8,4.0,0.01,5.8,5.8,4.0,0,0,0,0,0,1
16501,7.0,2008,11.0,379.0,3813.0,6287.0,1,0.02,6.076557377049176,6.4289414021625335,50.52577025484975,0.02,6.1574189047785115,6.543221137077076,48.40728413845569,0.02,6.202197418904775,6.585209277990916,49.56694560669456,0,0,0,0,0,1
16502,18.0,2016,2.0,42.0,1113.0,4821.0,6,0.05,4.6,4.05,6.0,0.05,4.6,4.05,6.0,0.05,4.6,4.05,6.0,0,0,0,1,0,1
16503,9.0,2002,10.0,40.0,170.0,216.0,2,2.49,7.8,7.63,43.5,0.23,6.0,6.25,5.0,0.21,2.8,2.8,5.0,1,1,0,1,0,1
16504,4.0,2007,9.0,211.0,782.0,6288.0,9,0.01,3.4,5.2,1.0,0.05,3.4,5.2,1.0,0.05,3.4,5.2,1.0,0,0,0,0,0,1
16505,23.0,2015,2.0,610.0,3814.0,6289.0,12,0.0,0.0,0.0,0.0,0.0,0.0,0.0,0.0,0.0,0.0,0.0,0.0,0,0,0,0,0,1
16506,15.0,2012,12.0,153.0,1032.0,6290.0,1,0.0,0.0,0.0,0.0,0.09,0.0,7.3,5.0,0.09,0.0,7.3,5.0,0,0,0,0,0,1
16507,10.0,2014,9.0,26.0,3815.0,6291.0,1,0.01,5.0,5.0,10.0,0.01,5.0,5.0,10.0,0.01,5.0,5.0,10.0,0,0,0,0,0,1
16508,17.0,2006,5.0,4.0,1139.0,1850.0,1,0.02,6.8,5.0,2.0,0.33,6.8,7.67,15.5,0.03,6.9,6.6,15.5,1,0,0,0,0,1
16509,18.0,2016,7.0,13.0,51.0,67.0,1,0.01,7.0,6.8,77.0,0.02,5.5,7.1,180.0,0.02,5.5,7.1,180.0,1,1,1,1,0,1
16510,11.0,2016,8.0,611.0,450.0,809.0,1,0.0,0.0,0.0,0.0,0.01,0.0,8.0,4.0,0.02,0.0,6.5,2.0,0,0,0,0,0,1
16511,17.0,2013,11.0,458.0,3277.0,5583.0,1,0.04,6.016843832020995,6.3843011811023525,43.64141414141414,0.04,6.091391076115479,6.49972440944881,40.217532467532465,0.02,6.117578740157478,6.52308070866142,43.198232323232325,0,0,0,0,0,1
16512,7.0,2008,11.0,157.0,3816.0,6292.0,1,0.03,5.0,5.0,1.0,0.03,5.0,5.0,1.0,0.03,5.0,5.0,1.0,0,0,0,0,0,1
16513,1.0,2007,3.0,312.0,1389.0,6293.0,12,0.02,1.5,2.75,2.0,0.02,1.5,2.75,2.0,0.02,1.5,2.75,2.0,0,0,0,0,0,1
16514,1.0,2008,3.0,204.0,3817.0,6294.0,1,0.02,6.076557377049176,6.4289414021625335,50.52577025484975,0.02,6.1574189047785115,6.543221137077076,48.40728413845569,0.02,6.202197418904775,6.585209277990916,49.56694560669456,0,0,0,1,0,1
16515,17.0,2008,11.0,49.0,2762.0,4529.0,1,0.01,6.076557377049176,6.4289414021625335,50.52577025484975,0.01,6.1574189047785115,6.543221137077076,48.40728413845569,0.06,6.202197418904775,6.585209277990916,49.56694560669456,0,0,0,0,0,1
16516,18.0,2016,1.0,415.0,2760.0,4843.0,4,0.04,6.137223942951802,6.506289706835733,45.95170342265433,0.04,6.22597637398257,6.609634805157419,45.71942929412695,0.04,6.254589065763882,6.646463300439392,46.92964983005296,0,0,0,0,0,1
16517,15.0,2009,7.0,36.0,2185.0,3800.0,5,0.07,3.8,4.05,17.0,0.09,3.8,3.37,11.0,0.09,3.8,3.37,11.0,0,0,0,0,0,1
16518,10.0,2011,1.0,183.0,977.0,6242.0,12,0.02,6.3,6.3,46.46252257676099,0.26,6.3,6.3,43.983293196869354,0.01,6.3,6.3,47.610174593618304,0,0,0,0,0,1
16519,12.0,2000,1.0,53.0,470.0,1377.0,6,0.04,6.55,7.0,1.0,1.17,6.55,6.63,8.5,0.24,6.55,6.63,8.5,0,0,0,0,0,1
16520,7.0,2008,11.0,157.0,3818.0,6295.0,1,0.01,6.076557377049176,6.4289414021625335,50.52577025484975,0.01,6.1574189047785115,6.543221137077076,48.40728413845569,0.01,6.202197418904775,6.585209277990916,49.56694560669456,0,0,0,0,0,1
16521,1.0,2011,1.0,54.0,3819.0,6296.0,1,0.01,6.107652813930537,6.467882595817321,45.77475613360922,0.01,6.194403554438579,6.56657391616556,44.85269484678293,0.01,6.2266573916165795,6.606709451575302,45.76973100798108,0,0,0,0,0,1
16522,9.0,2001,9.0,106.0,3464.0,6297.0,12,0.92,6.15,3.65,15.5,0.92,6.15,3.65,15.5,0.92,6.15,3.65,15.5,0,0,0,0,0,1
16523,12.0,1999,9.0,19.0,350.0,6298.0,1,0.02,5.0,5.0,44.05604395604396,1.59,5.0,5.0,34.17912087912088,1.59,5.0,5.0,38.04120879120879,0,0,0,0,0,1
16524,19.0,2003,5.0,6.0,61.0,6299.0,2,0.15,5.9,5.3,1.0,0.05,7.6,7.55,1.0,0.05,7.6,7.55,1.0,0,0,0,0,0,1
16525,15.0,2011,7.0,158.0,3820.0,6300.0,1,0.05,6.107652813930537,6.467882595817321,45.77475613360922,0.05,6.194403554438579,6.56657391616556,44.85269484678293,0.05,6.2266573916165795,6.606709451575302,45.76973100798108,0,0,0,0,0,1
16526,4.0,2009,11.0,42.0,3821.0,4248.0,5,0.04,6.8,6.92,16.5,0.04,6.8,6.92,16.5,0.04,6.8,6.92,16.5,1,0,0,0,0,1
16527,4.0,2009,1.0,69.0,2484.0,1938.0,1,0.09,5.0,5.0,4.0,0.09,5.0,5.0,4.0,0.06,5.0,5.0,4.0,0,0,0,0,0,1
16528,4.0,2008,5.0,35.0,3192.0,2994.0,1,0.04,4.0,4.0,50.52577025484975,0.04,4.0,4.0,48.40728413845569,0.15,4.0,4.0,49.56694560669456,0,0,0,0,0,1
16529,23.0,2016,9.0,519.0,3822.0,6301.0,1,0.02,6.139692021200393,6.5099813780261035,46.00420630552716,0.02,6.228947858472998,6.612544764360438,45.91736771758786,0.02,6.258451511244804,6.6494134078212355,47.09733469612391,0,0,0,0,0,1
16530,17.0,2007,4.0,266.0,3823.0,1972.0,1,0.0,0.0,0.0,0.0,0.0,0.0,0.0,0.0,0.09,6.8,6.95,4.0,0,0,0,0,0,1
16531,15.0,2004,11.0,6.0,3824.0,225.0,9,0.08,4.9,7.0,20.0,0.08,4.9,7.0,20.0,0.06,6.75,7.6,20.0,1,0,0,0,1,1
16532,4.0,2008,8.0,158.0,2693.0,6302.0,4,0.05,4.9,4.9,39.83984375,0.05,4.9,4.9,33.34765625,0.05,4.9,4.9,45.02734375,0,0,0,0,0,1
16533,9.0,2002,2.0,196.0,3825.0,3562.0,1,0.03,2.0,4.0,1.0,0.03,2.0,4.0,1.0,0.11,2.0,4.0,1.0,0,0,0,0,0,1
16534,19.0,2003,7.0,53.0,560.0,1401.0,2,0.13,6.5,8.2,1.0,0.08,7.6,8.3,1.0,0.06,5.9,6.2,1.0,0,0,0,0,0,1
16535,7.0,2008,3.0,5.0,266.0,3293.0,1,0.07,3.0,2.0,1.0,0.1,2.0,2.0,1.0,0.1,2.0,2.0,1.0,0,0,0,0,0,1
16536,4.0,2010,5.0,533.0,1367.0,3645.0,1,0.0,0.0,0.0,0.0,0.08,5.9,5.6,0.0,0.08,5.9,5.6,0.0,0,0,0,0,0,1
16537,9.0,2003,2.0,177.0,94.0,5867.0,11,0.46,7.15,7.0,7.0,0.9,6.8,6.2,14.0,0.9,6.8,6.2,14.0,0,0,0,0,0,1
